#!ascii label  , from subject sub-v1s21x0050416_ses-1 vox2ras=TkReg
452
74224  -27.755  -12.146  -19.989 0.0000000000
70240  -24.292  -17.012  -15.312 0.0000000000
70255  -30.177  -16.848  -17.278 0.0000000000
65971  -26.142  -21.336  -14.272 0.0000000000
86403  -26.230  0.551  -20.593 0.0000000000
83866  -25.718  -2.316  -22.180 0.0000000000
79071  -23.470  -8.331  -18.606 0.0000000000
62201  -23.014  -24.434  -11.303 0.0000000000
66949  -25.928  -19.423  -15.442 0.0000000000
65945  -23.032  -20.178  -13.054 0.0000000000
150199  -27.390  -0.399  -20.697 0.0000000000
82889  -27.964  -4.771  -16.808 0.0000000000
74182  -24.097  -12.113  -17.154 0.0000000000
77131  -22.242  -10.214  -16.799 0.0000000000
76180  -25.154  -9.584  -19.633 0.0000000000
79128  -26.269  -7.811  -21.738 0.0000000000
78138  -29.234  -9.516  -21.656 0.0000000000
75207  -30.506  -11.850  -19.308 0.0000000000
154617  -23.397  -14.934  -15.579 0.0000000000
72170  -26.120  -14.599  -17.436 0.0000000000
72185  -30.158  -15.186  -18.782 0.0000000000
69273  -27.983  -17.796  -17.329 0.0000000000
66952  -27.970  -19.533  -15.624 0.0000000000
66914  -28.733  -19.938  -12.933 0.0000000000
81008  -22.445  -5.632  -17.342 0.0000000000
81046  -26.924  -6.960  -19.617 0.0000000000
82057  -28.066  -4.322  -21.594 0.0000000000
64122  -21.774  -22.138  -11.727 0.0000000000
64136  -25.059  -22.831  -12.553 0.0000000000
66921  -23.467  -19.622  -13.638 0.0000000000
66900  -22.024  -19.601  -11.669 0.0000000000
83805  -25.906  -3.025  -17.520 0.0000000000
144158  -23.284  -3.416  -16.875 0.0000000000
74213  -25.585  -12.118  -18.537 0.0000000000
75192  -24.916  -11.264  -18.377 0.0000000000
75204  -26.248  -11.116  -19.878 0.0000000000
76205  -27.387  -9.674  -21.794 0.0000000000
75218  -28.701  -11.279  -20.729 0.0000000000
76183  -29.789  -10.449  -20.755 0.0000000000
74233  -29.653  -12.008  -20.024 0.0000000000
71176  -24.283  -16.197  -15.573 0.0000000000
71191  -24.758  -15.155  -16.244 0.0000000000
133863  -25.181  -15.966  -16.167 0.0000000000
143420  -26.800  -16.283  -17.310 0.0000000000
69260  -25.761  -17.411  -16.191 0.0000000000
147365  -26.162  -20.613  -14.739 0.0000000000
66950  -27.093  -19.524  -15.823 0.0000000000
152103  -27.227  -20.411  -15.020 0.0000000000
66923  -28.500  -19.522  -14.121 0.0000000000
65956  -27.529  -21.025  -13.579 0.0000000000
85506  -24.652  -0.164  -19.590 0.0000000000
86393  -24.197  1.107  -19.372 0.0000000000
87238  -24.635  1.598  -19.808 0.0000000000
88094  -25.763  3.076  -20.496 0.0000000000
141340  -27.326  0.999  -20.715 0.0000000000
84687  -26.622  -1.645  -21.416 0.0000000000
78076  -22.526  -9.299  -17.412 0.0000000000
79037  -21.392  -7.805  -16.573 0.0000000000
80032  -22.142  -6.815  -17.250 0.0000000000
81030  -24.017  -5.794  -18.473 0.0000000000
80051  -24.708  -7.221  -19.294 0.0000000000
79097  -28.523  -7.546  -21.334 0.0000000000
80094  -27.220  -6.128  -21.693 0.0000000000
81056  -28.900  -5.861  -21.087 0.0000000000
71212  -30.441  -16.094  -18.213 0.0000000000
72186  -31.394  -14.747  -18.200 0.0000000000
63163  -22.056  -24.424  -11.064 0.0000000000
63175  -22.370  -23.756  -11.533 0.0000000000
64134  -23.373  -22.455  -12.568 0.0000000000
63176  -24.279  -23.530  -11.998 0.0000000000
68049  -23.960  -18.214  -14.628 0.0000000000
68061  -24.824  -18.242  -15.148 0.0000000000
66935  -24.010  -19.169  -14.224 0.0000000000
66922  -24.386  -20.126  -14.042 0.0000000000
65954  -24.666  -20.983  -13.809 0.0000000000
85497  -25.487  -0.680  -19.265 0.0000000000
85517  -27.193  0.090  -20.590 0.0000000000
84659  -27.873  -1.512  -18.683 0.0000000000
83842  -28.564  -1.932  -19.054 0.0000000000
82929  -28.328  -3.995  -20.418 0.0000000000
73173  -23.118  -12.928  -16.243 0.0000000000
74201  -23.560  -11.333  -17.124 0.0000000000
76166  -23.739  -10.085  -17.980 0.0000000000
150829  -23.939  -8.959  -18.864 0.0000000000
79095  -25.009  -7.847  -20.678 0.0000000000
78117  -25.541  -8.432  -20.826 0.0000000000
78136  -27.903  -8.810  -22.246 0.0000000000
132040  -29.447  -8.271  -20.054 0.0000000000
78105  -30.085  -8.618  -19.368 0.0000000000
62186  -24.037  -24.587  -9.871 0.0000000000
63156  -24.637  -23.894  -10.226 0.0000000000
72157  -23.675  -13.744  -16.265 0.0000000000
73192  -25.422  -13.789  -17.294 0.0000000000
73208  -26.702  -13.460  -18.353 0.0000000000
73221  -29.055  -13.693  -19.552 0.0000000000
72182  -27.663  -15.027  -18.210 0.0000000000
70271  -28.896  -16.400  -18.217 0.0000000000
147285  -29.295  -17.333  -17.566 0.0000000000
138330  -26.768  -18.374  -16.437 0.0000000000
148072  -27.897  -18.730  -16.680 0.0000000000
69264  -29.108  -17.817  -16.645 0.0000000000
68051  -28.904  -18.250  -15.103 0.0000000000
68038  -29.105  -18.871  -13.631 0.0000000000
135704  -27.491  0.133  -21.223 0.0000000000
82006  -23.424  -4.299  -17.412 0.0000000000
146062  -27.903  -6.919  -18.699 0.0000000000
132339  -25.957  -4.430  -20.889 0.0000000000
81067  -24.956  -6.829  -21.100 0.0000000000
82065  -25.769  -4.879  -21.400 0.0000000000
138774  -26.612  -3.524  -22.240 0.0000000000
73223  -30.443  -13.292  -19.077 0.0000000000
74204  -31.724  -12.937  -18.101 0.0000000000
65932  -21.866  -20.389  -11.658 0.0000000000
65026  -22.360  -21.029  -12.108 0.0000000000
65027  -24.087  -22.116  -13.103 0.0000000000
64137  -25.488  -22.409  -13.221 0.0000000000
149631  -25.109  -23.180  -11.540 0.0000000000
64124  -25.837  -22.414  -11.785 0.0000000000
151590  -26.740  -21.843  -13.048 0.0000000000
82874  -21.694  -3.260  -16.277 0.0000000000
74223  -27.112  -12.409  -19.409 0.0000000000
74222  -26.283  -11.910  -19.321 0.0000000000
75205  -27.033  -11.635  -19.929 0.0000000000
75217  -27.825  -11.426  -20.451 0.0000000000
74231  -28.359  -11.845  -20.280 0.0000000000
75219  -29.528  -11.139  -20.662 0.0000000000
138352  -28.479  -12.478  -19.984 0.0000000000
70222  -23.227  -16.403  -15.037 0.0000000000
70241  -25.163  -16.808  -15.828 0.0000000000
70253  -25.875  -16.812  -16.528 0.0000000000
65972  -26.789  -20.703  -14.817 0.0000000000
65051  -26.825  -21.267  -14.172 0.0000000000
65973  -27.441  -20.590  -14.490 0.0000000000
86394  -24.813  0.616  -20.143 0.0000000000
87244  -25.326  1.453  -20.501 0.0000000000
88097  -25.739  2.219  -20.817 0.0000000000
87245  -26.512  2.000  -21.143 0.0000000000
150242  -26.381  1.269  -20.829 0.0000000000
83878  -25.960  -1.795  -22.660 0.0000000000
84701  -26.198  -0.849  -22.791 0.0000000000
84702  -26.825  -1.653  -23.195 0.0000000000
83867  -27.219  -2.185  -22.881 0.0000000000
151777  -22.941  -8.235  -18.071 0.0000000000
78090  -22.562  -8.618  -17.616 0.0000000000
79054  -22.322  -7.913  -17.479 0.0000000000
80049  -23.190  -7.480  -18.208 0.0000000000
80050  -23.953  -6.816  -18.758 0.0000000000
79072  -24.143  -7.796  -19.090 0.0000000000
80074  -29.151  -6.731  -20.686 0.0000000000
80073  -28.393  -6.700  -21.390 0.0000000000
70265  -30.391  -16.547  -17.818 0.0000000000
71205  -31.341  -15.361  -17.942 0.0000000000
71194  -30.768  -15.928  -17.509 0.0000000000
62193  -23.488  -24.721  -10.767 0.0000000000
62192  -22.593  -24.974  -10.757 0.0000000000
63186  -23.336  -23.793  -11.844 0.0000000000
63164  -23.851  -24.213  -11.364 0.0000000000
68048  -23.217  -18.426  -14.086 0.0000000000
140346  -23.043  -18.903  -13.746 0.0000000000
65953  -23.903  -20.425  -13.594 0.0000000000
65035  -23.936  -21.193  -13.359 0.0000000000
84658  -26.296  -1.316  -18.657 0.0000000000
84667  -27.302  -0.784  -19.319 0.0000000000
83806  -27.505  -3.544  -17.419 0.0000000000
83818  -28.239  -2.575  -18.083 0.0000000000
82905  -29.163  -3.686  -17.298 0.0000000000
82930  -29.266  -3.149  -18.909 0.0000000000
152978  -28.622  -4.834  -16.985 0.0000000000
152162  -24.167  -11.626  -17.416 0.0000000000
76168  -25.010  -10.492  -18.951 0.0000000000
138074  -24.303  -10.569  -18.192 0.0000000000
76167  -24.372  -9.874  -18.741 0.0000000000
77145  -23.835  -9.505  -18.485 0.0000000000
77158  -24.471  -9.158  -19.228 0.0000000000
77171  -25.194  -8.660  -19.987 0.0000000000
77172  -25.530  -8.980  -20.435 0.0000000000
76206  -28.304  -10.031  -21.889 0.0000000000
77187  -27.676  -9.261  -22.162 0.0000000000
77188  -28.607  -9.395  -22.035 0.0000000000
78119  -28.654  -8.331  -21.505 0.0000000000
78120  -29.166  -8.883  -21.176 0.0000000000
78104  -29.581  -9.355  -20.477 0.0000000000
75206  -29.992  -11.025  -19.965 0.0000000000
137283  -30.111  -10.417  -19.764 0.0000000000
75193  -31.231  -11.620  -18.709 0.0000000000
62174  -23.674  -25.203  -9.189 0.0000000000
62175  -24.426  -24.649  -8.831 0.0000000000
72144  -23.476  -14.457  -15.807 0.0000000000
72159  -25.240  -14.609  -16.785 0.0000000000
73193  -26.123  -13.691  -17.786 0.0000000000
72181  -26.850  -14.289  -17.976 0.0000000000
73209  -27.537  -14.016  -18.530 0.0000000000
72171  -26.906  -15.050  -17.718 0.0000000000
70261  -27.530  -16.940  -17.428 0.0000000000
70262  -28.217  -16.659  -17.858 0.0000000000
128849  -28.327  -17.327  -17.577 0.0000000000
70263  -28.919  -17.146  -17.789 0.0000000000
69274  -28.711  -17.713  -17.359 0.0000000000
68050  -24.973  -19.083  -14.936 0.0000000000
68062  -25.547  -18.598  -15.556 0.0000000000
66951  -27.593  -19.593  -15.740 0.0000000000
66959  -27.744  -19.142  -16.252 0.0000000000
151076  -27.956  -19.238  -16.084 0.0000000000
68075  -28.547  -18.348  -16.497 0.0000000000
68065  -28.767  -18.187  -15.946 0.0000000000
69251  -29.151  -17.610  -15.570 0.0000000000
68064  -28.386  -18.898  -15.751 0.0000000000
65957  -28.247  -20.257  -13.684 0.0000000000
66924  -28.776  -19.569  -13.396 0.0000000000
66915  -29.286  -19.280  -12.756 0.0000000000
85518  -27.191  -0.181  -21.424 0.0000000000
75176  -22.522  -10.833  -16.624 0.0000000000
81988  -20.152  -4.840  -15.685 0.0000000000
80994  -21.163  -4.990  -16.334 0.0000000000
82005  -22.590  -4.677  -17.270 0.0000000000
152760  -26.933  -7.374  -18.861 0.0000000000
81032  -27.068  -7.093  -17.978 0.0000000000
82916  -27.853  -5.978  -19.874 0.0000000000
82045  -25.698  -5.432  -20.719 0.0000000000
79111  -25.822  -8.233  -21.602 0.0000000000
80081  -24.825  -7.508  -21.106 0.0000000000
79127  -25.713  -7.841  -21.708 0.0000000000
81083  -27.535  -5.069  -21.669 0.0000000000
81082  -26.735  -5.532  -21.677 0.0000000000
82067  -26.852  -4.536  -21.793 0.0000000000
132937  -25.980  -3.967  -21.712 0.0000000000
82068  -27.319  -3.976  -21.984 0.0000000000
82943  -27.960  -3.359  -21.713 0.0000000000
72193  -29.530  -14.368  -19.253 0.0000000000
73222  -29.736  -13.545  -19.447 0.0000000000
72194  -30.278  -14.214  -18.977 0.0000000000
131652  -31.599  -13.886  -18.174 0.0000000000
64121  -21.107  -22.230  -11.287 0.0000000000
65015  -21.056  -21.475  -11.298 0.0000000000
65016  -21.759  -21.247  -11.729 0.0000000000
64133  -22.504  -21.888  -12.195 0.0000000000
64135  -24.244  -22.856  -12.689 0.0000000000
64145  -24.917  -22.489  -13.263 0.0000000000
63166  -25.171  -23.344  -10.602 0.0000000000
65028  -26.466  -21.870  -12.382 0.0000000000
66920  -22.429  -18.978  -13.129 0.0000000000
66913  -22.386  -19.356  -12.337 0.0000000000
65944  -22.514  -20.288  -12.208 0.0000000000
135601  -24.589  -2.691  -17.439 0.0000000000
82886  -24.010  -2.950  -16.886 0.0000000000
82887  -25.184  -3.443  -17.266 0.0000000000
82007  -24.409  -3.948  -17.208 0.0000000000
74203  -25.358  -12.614  -17.892 0.0000000000
74202  -24.770  -11.954  -17.742 0.0000000000
75203  -25.569  -11.269  -19.170 0.0000000000
76181  -25.642  -10.473  -19.770 0.0000000000
76194  -26.678  -9.823  -21.047 0.0000000000
75216  -27.075  -10.786  -20.586 0.0000000000
76195  -28.091  -10.773  -21.133 0.0000000000
75223  -29.045  -10.579  -21.313 0.0000000000
77174  -29.648  -9.919  -21.282 0.0000000000
76196  -29.674  -10.362  -21.121 0.0000000000
74234  -29.881  -11.422  -19.979 0.0000000000
152260  -30.082  -12.104  -19.662 0.0000000000
70239  -23.444  -15.498  -15.444 0.0000000000
72145  -23.974  -14.989  -15.805 0.0000000000
71175  -24.356  -15.543  -15.813 0.0000000000
71192  -25.425  -15.400  -16.642 0.0000000000
71201  -25.844  -15.254  -17.072 0.0000000000
71202  -26.494  -15.526  -17.372 0.0000000000
71193  -26.015  -16.040  -16.924 0.0000000000
70254  -26.654  -16.895  -17.018 0.0000000000
69272  -27.265  -17.521  -17.068 0.0000000000
66937  -25.652  -19.984  -14.909 0.0000000000
66938  -26.507  -20.052  -15.287 0.0000000000
65981  -27.143  -20.123  -15.352 0.0000000000
66939  -27.627  -19.994  -15.135 0.0000000000
66940  -28.221  -19.540  -15.005 0.0000000000
65974  -28.024  -20.035  -14.516 0.0000000000
85496  -23.844  -0.329  -19.074 0.0000000000
88093  -25.179  2.333  -20.086 0.0000000000
88099  -28.107  2.309  -21.153 0.0000000000
84688  -26.402  -0.552  -21.859 0.0000000000
85525  -26.503  -0.162  -22.706 0.0000000000
153238  -26.134  -0.750  -22.407 0.0000000000
79036  -20.217  -7.879  -15.940 0.0000000000
80017  -20.860  -6.922  -16.396 0.0000000000
81007  -21.484  -5.909  -16.707 0.0000000000
80033  -23.220  -6.294  -17.923 0.0000000000
132150  -26.054  -7.324  -18.959 0.0000000000
79113  -27.110  -7.755  -21.792 0.0000000000
139397  -26.684  -6.995  -21.700 0.0000000000
80082  -27.573  -6.832  -21.677 0.0000000000
138329  -28.076  -5.922  -21.577 0.0000000000
81069  -28.536  -5.048  -21.361 0.0000000000
147529  -30.815  -14.761  -18.559 0.0000000000
71213  -30.987  -15.463  -18.246 0.0000000000
63162  -21.439  -23.649  -11.080 0.0000000000
63174  -21.663  -22.942  -11.480 0.0000000000
64123  -22.631  -22.969  -12.082 0.0000000000
146015  -23.589  -23.222  -12.332 0.0000000000
69234  -23.525  -17.311  -14.789 0.0000000000
69248  -24.376  -17.686  -15.088 0.0000000000
69249  -25.178  -17.673  -15.584 0.0000000000
66936  -24.873  -19.828  -14.523 0.0000000000
65970  -25.348  -20.667  -14.351 0.0000000000
65955  -25.382  -21.474  -13.967 0.0000000000
84656  -23.725  -1.135  -18.753 0.0000000000
146189  -24.304  -0.710  -19.129 0.0000000000
85507  -26.078  -0.114  -20.038 0.0000000000
85508  -27.612  -0.582  -20.004 0.0000000000
84668  -28.106  -1.228  -19.185 0.0000000000
83817  -26.807  -2.340  -18.119 0.0000000000
83829  -28.528  -1.991  -18.646 0.0000000000
84675  -27.871  -1.169  -20.136 0.0000000000
83841  -28.418  -2.386  -20.402 0.0000000000
83840  -26.536  -2.787  -21.247 0.0000000000
83854  -25.706  -2.500  -21.805 0.0000000000
75177  -23.089  -10.935  -16.949 0.0000000000
75191  -24.215  -11.197  -17.704 0.0000000000
75190  -23.619  -10.669  -17.510 0.0000000000
76154  -23.185  -10.332  -17.349 0.0000000000
77143  -23.105  -9.530  -17.833 0.0000000000
78092  -23.504  -8.943  -18.539 0.0000000000
78103  -24.094  -8.458  -19.056 0.0000000000
79084  -24.806  -8.076  -19.747 0.0000000000
78116  -25.181  -8.165  -20.406 0.0000000000
78118  -26.118  -8.425  -21.484 0.0000000000
77186  -26.781  -9.082  -21.748 0.0000000000
78135  -27.015  -8.632  -21.952 0.0000000000
131886  -27.290  -8.358  -21.971 0.0000000000
79114  -28.006  -8.231  -22.006 0.0000000000
79098  -28.981  -7.858  -20.668 0.0000000000
79085  -29.682  -7.173  -20.040 0.0000000000
79086  -30.141  -7.585  -19.352 0.0000000000
77159  -29.801  -10.041  -20.542 0.0000000000
70242  -29.631  -16.994  -16.232 0.0000000000
62194  -24.129  -24.354  -10.785 0.0000000000
73174  -23.934  -12.916  -16.737 0.0000000000
72158  -24.281  -14.456  -16.280 0.0000000000
73175  -24.586  -13.737  -16.767 0.0000000000
73191  -24.786  -12.940  -17.392 0.0000000000
73207  -25.970  -12.940  -18.163 0.0000000000
74214  -26.476  -12.677  -18.778 0.0000000000
73219  -27.340  -13.166  -18.913 0.0000000000
145738  -28.604  -13.117  -19.647 0.0000000000
73210  -28.275  -13.674  -19.184 0.0000000000
72183  -28.363  -14.594  -18.802 0.0000000000
72184  -29.183  -15.043  -19.037 0.0000000000
71203  -27.389  -15.900  -17.711 0.0000000000
71210  -28.612  -15.509  -18.567 0.0000000000
71211  -29.548  -15.893  -18.523 0.0000000000
70264  -29.695  -16.777  -17.963 0.0000000000
69276  -29.789  -17.142  -17.513 0.0000000000
69250  -26.016  -18.116  -16.121 0.0000000000
69262  -27.492  -18.224  -16.835 0.0000000000
68063  -26.459  -18.938  -15.942 0.0000000000
68073  -27.337  -18.866  -16.351 0.0000000000
68081  -28.228  -18.292  -17.027 0.0000000000
69263  -28.674  -18.115  -16.977 0.0000000000
69275  -29.247  -17.612  -17.234 0.0000000000
69235  -29.316  -17.641  -14.536 0.0000000000
68037  -28.699  -18.889  -14.627 0.0000000000
133162  -29.121  -18.304  -14.254 0.0000000000
86404  -27.194  0.531  -20.717 0.0000000000
86414  -26.560  -0.655  -22.770 0.0000000000
81990  -21.906  -4.127  -16.728 0.0000000000
81991  -22.688  -3.932  -17.012 0.0000000000
82008  -25.736  -4.621  -17.370 0.0000000000
81010  -24.347  -5.164  -17.930 0.0000000000
81011  -26.004  -5.767  -17.710 0.0000000000
81012  -27.110  -5.590  -17.176 0.0000000000
82917  -29.222  -4.983  -18.274 0.0000000000
82942  -26.033  -3.409  -21.284 0.0000000000
80063  -24.859  -7.723  -19.774 0.0000000000
80072  -24.816  -7.390  -20.445 0.0000000000
81055  -24.983  -6.387  -20.623 0.0000000000
80093  -26.089  -7.136  -21.676 0.0000000000
81080  -25.658  -6.107  -21.485 0.0000000000
81068  -25.351  -5.793  -20.772 0.0000000000
82056  -26.192  -4.263  -20.931 0.0000000000
82954  -25.977  -3.415  -22.173 0.0000000000
149935  -26.210  -2.788  -22.524 0.0000000000
82956  -27.261  -3.015  -22.493 0.0000000000
74225  -29.238  -12.804  -19.844 0.0000000000
74226  -29.921  -12.728  -19.605 0.0000000000
74227  -30.316  -12.538  -19.345 0.0000000000
73211  -31.015  -14.044  -18.605 0.0000000000
73212  -31.159  -13.238  -18.602 0.0000000000
74215  -31.167  -12.424  -18.650 0.0000000000
139060  -23.113  -21.330  -12.701 0.0000000000
65036  -24.820  -21.872  -13.609 0.0000000000
65037  -25.647  -22.040  -13.719 0.0000000000
63165  -24.536  -23.835  -11.166 0.0000000000
148098  -25.793  -22.436  -12.747 0.0000000000
65038  -26.195  -22.129  -13.343 0.0000000000
146934  -26.327  -21.751  -13.868 0.0000000000
65039  -26.819  -21.644  -13.526 0.0000000000
68074  -28.159  -18.692  -16.567 0.0000000000
69261  -26.537  -17.635  -16.652 0.0000000000
69265  -29.681  -17.402  -17.126 0.0000000000
70270  -28.130  -15.911  -18.158 0.0000000000
71204  -30.955  -16.020  -18.036 0.0000000000
72192  -28.898  -14.325  -19.292 0.0000000000
73220  -27.920  -12.846  -19.534 0.0000000000
73224  -30.683  -12.670  -18.956 0.0000000000
74232  -29.052  -11.924  -20.274 0.0000000000
76138  -22.107  -10.589  -16.440 0.0000000000
76153  -22.633  -10.514  -16.844 0.0000000000
76170  -31.424  -10.822  -18.601 0.0000000000
76182  -26.257  -10.391  -20.337 0.0000000000
76193  -25.855  -9.702  -20.398 0.0000000000
76197  -29.738  -10.797  -20.596 0.0000000000
77132  -22.843  -10.130  -17.276 0.0000000000
77144  -23.366  -9.823  -17.850 0.0000000000
77173  -26.099  -8.960  -20.987 0.0000000000
77189  -29.283  -9.918  -21.673 0.0000000000
78091  -23.067  -8.862  -18.077 0.0000000000
78093  -24.666  -8.518  -19.533 0.0000000000
78137  -28.658  -8.913  -21.993 0.0000000000
79096  -25.378  -8.219  -21.115 0.0000000000
79110  -25.074  -8.082  -21.291 0.0000000000
79112  -26.524  -8.197  -21.788 0.0000000000
79126  -25.130  -7.568  -21.494 0.0000000000
81009  -23.331  -5.226  -17.797 0.0000000000
81031  -25.170  -6.501  -18.587 0.0000000000
81045  -25.580  -6.975  -19.620 0.0000000000
81054  -24.793  -6.973  -20.796 0.0000000000
81079  -25.137  -6.691  -21.313 0.0000000000
81081  -26.313  -6.222  -21.649 0.0000000000
82026  -28.015  -5.922  -17.278 0.0000000000
82027  -29.569  -2.953  -17.416 0.0000000000
82066  -26.203  -4.740  -21.632 0.0000000000
82888  -26.548  -4.167  -17.282 0.0000000000
82918  -29.751  -3.293  -17.707 0.0000000000
82953  -25.781  -3.095  -21.821 0.0000000000
82955  -26.737  -2.510  -22.745 0.0000000000
82966  -25.872  -2.598  -22.426 0.0000000000
82967  -26.298  -2.064  -22.839 0.0000000000
83819  -29.430  -2.661  -17.905 0.0000000000
83879  -26.420  -1.055  -23.400 0.0000000000
84700  -25.845  -1.523  -22.232 0.0000000000
85535  -26.608  -0.026  -23.432 0.0000000000
87246  -27.673  1.619  -20.886 0.0000000000
131423  -27.922  -7.401  -21.701 0.0000000000
136790  -27.499  -10.258  -21.346 0.0000000000
136868  -23.524  -9.340  -18.326 0.0000000000
146072  -25.565  -7.096  -21.593 0.0000000000
147746  -25.539  -13.198  -17.706 0.0000000000
150255  -25.001  -7.256  -19.692 0.0000000000
151833  -25.092  -4.859  -17.480 0.0000000000
151965  -26.681  -6.277  -21.680 0.0000000000
152907  -21.937  -5.051  -16.908 0.0000000000
153533  -29.476  -9.570  -21.353 0.0000000000
153612  -27.382  -1.064  -20.994 0.0000000000
154110  -26.508  -19.534  -15.637 0.0000000000
154633  -25.407  -8.066  -21.649 0.0000000000
