#!ascii label  , from subject sub-v1s21x0050416_ses-1 vox2ras=TkReg
1710
32422  13.436  -52.907  64.514 0.0000000000
63498  41.988  -21.829  36.694 0.0000000000
48085  25.606  -35.932  53.740 0.0000000000
50129  35.195  -33.925  59.098 0.0000000000
42654  20.787  -41.625  55.426 0.0000000000
37998  19.205  -47.098  65.953 0.0000000000
69568  52.329  -15.214  30.502 0.0000000000
67444  49.869  -17.937  40.091 0.0000000000
54348  35.926  -29.316  47.353 0.0000000000
74704  57.007  -10.309  22.569 0.0000000000
47977  23.377  -36.480  60.596 0.0000000000
34384  16.565  -50.635  65.497 0.0000000000
67497  51.784  -17.227  35.508 0.0000000000
66498  47.198  -18.192  33.623 0.0000000000
59391  43.233  -25.169  41.273 0.0000000000
63429  46.685  -21.857  43.386 0.0000000000
57421  39.753  -27.359  40.598 0.0000000000
49171  31.783  -35.582  49.936 0.0000000000
48037  30.762  -36.535  56.493 0.0000000000
43569  22.462  -40.582  62.417 0.0000000000
151425  22.694  -44.353  67.865 0.0000000000
39935  20.908  -44.595  61.528 0.0000000000
38055  16.969  -46.945  60.173 0.0000000000
46910  21.919  -37.014  53.618 0.0000000000
71473  57.176  -13.775  31.556 0.0000000000
69488  56.634  -16.223  37.258 0.0000000000
147423  45.551  -19.117  38.040 0.0000000000
55335  40.905  -29.390  47.919 0.0000000000
52261  37.188  -32.883  53.053 0.0000000000
71520  55.178  -13.669  26.202 0.0000000000
73568  58.953  -11.656  26.816 0.0000000000
76735  61.275  -9.071  23.890 0.0000000000
47895  22.016  -36.959  65.154 0.0000000000
32420  15.135  -52.541  64.865 0.0000000000
32391  17.010  -53.123  67.529 0.0000000000
31419  15.475  -53.522  67.666 0.0000000000
67566  47.407  -17.357  31.485 0.0000000000
58417  44.323  -26.373  44.844 0.0000000000
59344  46.275  -24.934  45.244 0.0000000000
35266  8.803  -49.710  68.403 0.0000000000
58505  39.334  -26.884  37.442 0.0000000000
48137  26.195  -36.363  50.011 0.0000000000
129780  28.091  -37.012  51.045 0.0000000000
129181  28.114  -36.555  54.808 0.0000000000
42599  22.391  -41.083  59.007 0.0000000000
131454  22.787  -42.999  62.102 0.0000000000
41706  21.189  -42.808  58.335 0.0000000000
44692  21.742  -39.640  54.280 0.0000000000
129538  22.441  -38.920  57.685 0.0000000000
38957  20.977  -45.643  66.349 0.0000000000
70532  54.855  -14.689  30.751 0.0000000000
146485  57.025  -14.736  34.569 0.0000000000
69528  54.515  -15.574  33.410 0.0000000000
136097  51.427  -18.215  38.173 0.0000000000
67459  53.739  -17.656  38.857 0.0000000000
65483  41.335  -20.607  34.821 0.0000000000
131913  43.454  -19.514  35.702 0.0000000000
64449  43.474  -20.743  37.686 0.0000000000
146284  34.808  -27.737  44.842 0.0000000000
146399  37.697  -28.620  44.260 0.0000000000
56272  37.246  -28.682  47.434 0.0000000000
50171  33.829  -34.911  54.718 0.0000000000
50204  34.076  -34.285  51.358 0.0000000000
51191  36.124  -33.817  56.126 0.0000000000
70563  51.312  -14.693  28.353 0.0000000000
147795  52.873  -13.521  26.169 0.0000000000
70561  53.792  -14.414  28.526 0.0000000000
71498  55.599  -14.099  28.061 0.0000000000
77728  60.354  -7.439  21.943 0.0000000000
75734  59.102  -9.344  22.386 0.0000000000
155397  60.292  -10.147  25.631 0.0000000000
73585  58.030  -11.661  23.230 0.0000000000
48042  24.585  -35.945  56.591 0.0000000000
136816  27.011  -36.441  57.884 0.0000000000
47944  25.925  -36.353  62.183 0.0000000000
36215  17.677  -48.688  65.478 0.0000000000
36190  18.590  -48.622  69.187 0.0000000000
34368  17.933  -50.541  68.523 0.0000000000
69571  49.982  -15.749  30.114 0.0000000000
68562  51.958  -16.099  33.061 0.0000000000
68554  49.913  -16.566  32.487 0.0000000000
67511  49.570  -17.542  34.483 0.0000000000
66433  48.758  -18.482  37.441 0.0000000000
60377  43.482  -24.371  38.518 0.0000000000
62450  44.594  -22.384  39.871 0.0000000000
61329  44.780  -23.577  42.137 0.0000000000
52380  34.241  -31.645  45.695 0.0000000000
51156  38.082  -33.526  59.808 0.0000000000
33402  11.021  -52.296  65.010 0.0000000000
32387  13.104  -52.703  68.001 0.0000000000
33384  10.818  -51.103  68.304 0.0000000000
61411  40.050  -23.696  35.825 0.0000000000
59456  41.419  -25.599  37.401 0.0000000000
134957  41.501  -26.334  40.795 0.0000000000
57372  43.081  -27.158  44.994 0.0000000000
140623  29.071  -36.635  47.987 0.0000000000
152772  31.133  -36.383  52.933 0.0000000000
49091  33.086  -35.424  57.921 0.0000000000
129187  30.279  -36.692  60.273 0.0000000000
49061  32.614  -35.551  61.808 0.0000000000
44606  21.922  -39.753  65.486 0.0000000000
41605  22.542  -41.993  67.574 0.0000000000
42514  22.515  -42.038  65.286 0.0000000000
39901  22.537  -44.347  64.721 0.0000000000
38977  20.165  -45.839  64.203 0.0000000000
39980  19.145  -44.588  58.470 0.0000000000
133161  18.733  -45.589  60.844 0.0000000000
38030  18.068  -47.033  62.981 0.0000000000
36237  16.944  -48.875  63.227 0.0000000000
35296  15.834  -50.958  63.099 0.0000000000
33434  14.104  -51.961  62.458 0.0000000000
49191  24.106  -35.527  49.898 0.0000000000
49176  22.190  -35.849  50.062 0.0000000000
49136  22.928  -35.818  52.853 0.0000000000
48029  22.807  -36.460  57.424 0.0000000000
145295  22.006  -37.469  61.270 0.0000000000
66442  58.461  -17.902  36.334 0.0000000000
68515  54.108  -16.814  36.134 0.0000000000
66501  44.524  -18.990  33.562 0.0000000000
66451  45.927  -18.749  36.340 0.0000000000
66402  47.835  -18.532  39.772 0.0000000000
64400  45.444  -20.356  40.306 0.0000000000
140389  46.976  -18.903  41.355 0.0000000000
56410  37.237  -28.537  40.063 0.0000000000
56322  40.227  -28.485  44.640 0.0000000000
56267  43.196  -28.322  47.833 0.0000000000
51284  34.352  -33.102  48.444 0.0000000000
53347  36.508  -31.048  49.637 0.0000000000
51188  39.042  -33.657  56.910 0.0000000000
53277  39.531  -31.279  52.964 0.0000000000
152678  38.581  -30.655  50.827 0.0000000000
55299  40.441  -29.945  50.977 0.0000000000
56226  44.021  -29.266  51.856 0.0000000000
147910  56.161  -12.428  23.982 0.0000000000
71518  57.161  -13.439  25.949 0.0000000000
72484  57.981  -13.188  28.409 0.0000000000
147198  22.427  -36.875  66.702 0.0000000000
32421  14.296  -52.890  64.646 0.0000000000
32402  14.979  -53.215  66.111 0.0000000000
31432  14.308  -53.351  65.946 0.0000000000
58392  44.823  -26.878  46.397 0.0000000000
59333  46.003  -26.109  46.318 0.0000000000
35268  7.526  -48.768  67.696 0.0000000000
48113  25.851  -36.158  51.832 0.0000000000
48083  27.410  -36.479  52.997 0.0000000000
48069  26.638  -36.306  54.341 0.0000000000
43637  21.820  -41.086  56.857 0.0000000000
42600  22.114  -41.831  58.559 0.0000000000
41727  21.177  -41.878  57.025 0.0000000000
134288  21.658  -40.027  52.847 0.0000000000
43648  21.649  -40.462  55.355 0.0000000000
43636  22.144  -40.298  56.650 0.0000000000
37997  19.837  -46.671  66.418 0.0000000000
37060  19.526  -47.141  67.947 0.0000000000
70543  53.199  -14.919  30.333 0.0000000000
69555  54.058  -15.243  31.906 0.0000000000
69556  53.483  -15.332  31.759 0.0000000000
66401  50.230  -18.415  39.185 0.0000000000
67442  51.587  -17.848  39.764 0.0000000000
64463  41.232  -21.195  35.569 0.0000000000
64470  42.067  -20.222  35.897 0.0000000000
64450  42.859  -20.916  37.129 0.0000000000
55360  34.613  -28.797  45.713 0.0000000000
56311  34.799  -28.172  45.982 0.0000000000
56291  36.200  -28.433  46.632 0.0000000000
55339  36.502  -28.941  47.618 0.0000000000
50149  34.691  -34.409  57.568 0.0000000000
50179  34.965  -34.087  55.045 0.0000000000
50148  35.486  -34.017  57.336 0.0000000000
70553  51.635  -14.890  29.205 0.0000000000
70575  52.576  -14.393  27.803 0.0000000000
70544  52.512  -14.825  29.513 0.0000000000
70542  54.131  -14.718  30.137 0.0000000000
134870  58.469  -9.208  21.897 0.0000000000
74721  58.205  -10.086  22.351 0.0000000000
74703  58.507  -10.843  22.977 0.0000000000
73599  57.672  -11.015  22.580 0.0000000000
129302  23.690  -36.381  58.551 0.0000000000
47990  25.274  -36.415  59.785 0.0000000000
47961  24.626  -36.400  61.475 0.0000000000
35279  17.271  -49.393  65.836 0.0000000000
35271  17.541  -49.389  67.495 0.0000000000
148929  17.083  -50.240  67.073 0.0000000000
31417  17.337  -53.607  68.308 0.0000000000
32384  18.652  -52.918  68.706 0.0000000000
68587  49.211  -16.042  30.164 0.0000000000
68586  50.018  -16.049  30.931 0.0000000000
130622  49.145  -16.403  31.089 0.0000000000
67532  47.093  -18.024  32.840 0.0000000000
67530  48.605  -17.551  33.459 0.0000000000
67513  47.962  -17.965  34.000 0.0000000000
67489  49.173  -18.087  35.937 0.0000000000
66466  47.460  -18.388  35.459 0.0000000000
136100  43.261  -24.909  39.892 0.0000000000
149255  44.199  -23.673  40.383 0.0000000000
60313  44.498  -24.312  42.487 0.0000000000
69590  50.006  -15.102  28.809 0.0000000000
33390  11.312  -52.168  66.834 0.0000000000
34374  10.039  -50.978  67.124 0.0000000000
61424  39.291  -23.735  35.306 0.0000000000
60407  40.481  -24.457  36.223 0.0000000000
59469  40.037  -25.434  36.332 0.0000000000
57434  39.295  -27.440  38.842 0.0000000000
58480  40.557  -26.732  39.378 0.0000000000
145164  40.751  -26.809  40.984 0.0000000000
58433  42.599  -26.637  43.492 0.0000000000
57393  41.112  -27.150  42.896 0.0000000000
129768  27.477  -36.612  48.099 0.0000000000
48081  29.718  -36.688  53.772 0.0000000000
129179  29.833  -36.712  52.858 0.0000000000
48050  30.965  -36.519  55.602 0.0000000000
132055  32.151  -35.936  55.929 0.0000000000
48019  31.785  -36.167  57.118 0.0000000000
47974  27.489  -36.469  60.937 0.0000000000
48005  28.484  -36.538  58.588 0.0000000000
150781  29.178  -36.546  62.401 0.0000000000
47922  31.791  -35.754  62.867 0.0000000000
50120  33.625  -34.753  61.262 0.0000000000
146212  21.974  -39.858  63.964 0.0000000000
42515  22.245  -41.177  65.580 0.0000000000
42532  22.450  -41.257  63.879 0.0000000000
40813  22.320  -43.749  61.890 0.0000000000
40783  22.734  -43.773  63.384 0.0000000000
131806  21.599  -44.677  62.793 0.0000000000
38976  20.966  -45.308  64.207 0.0000000000
39922  20.781  -44.993  62.859 0.0000000000
139791  19.586  -43.746  56.757 0.0000000000
38063  17.312  -46.397  59.614 0.0000000000
39020  18.313  -45.428  59.423 0.0000000000
38054  17.599  -46.451  60.506 0.0000000000
38038  18.420  -46.510  62.407 0.0000000000
37131  17.461  -47.280  61.835 0.0000000000
37116  17.280  -48.173  62.922 0.0000000000
37124  17.077  -47.905  62.192 0.0000000000
33433  14.981  -51.605  62.757 0.0000000000
49211  24.316  -35.312  49.075 0.0000000000
131600  22.962  -34.954  48.995 0.0000000000
46918  21.595  -37.643  51.932 0.0000000000
144379  21.963  -36.277  52.088 0.0000000000
48114  22.363  -35.924  51.770 0.0000000000
147525  22.592  -35.970  53.198 0.0000000000
49125  22.803  -35.901  54.815 0.0000000000
48071  22.342  -36.242  55.111 0.0000000000
44661  22.526  -39.666  59.836 0.0000000000
45766  22.411  -38.035  59.829 0.0000000000
44642  22.075  -39.099  61.922 0.0000000000
45732  21.825  -38.521  63.370 0.0000000000
154747  22.800  -43.425  67.702 0.0000000000
33375  13.043  -51.881  69.532 0.0000000000
32378  14.567  -52.814  69.921 0.0000000000
155319  58.225  -13.468  32.910 0.0000000000
69505  56.862  -15.423  35.574 0.0000000000
69503  58.668  -15.625  35.866 0.0000000000
69486  58.088  -16.311  37.101 0.0000000000
155067  57.254  -17.508  38.390 0.0000000000
68541  51.896  -16.688  34.490 0.0000000000
129365  53.306  -16.376  34.434 0.0000000000
68517  52.629  -17.206  36.038 0.0000000000
68482  54.999  -17.000  40.222 0.0000000000
65461  44.616  -19.156  36.927 0.0000000000
66452  45.167  -18.850  36.216 0.0000000000
66437  45.506  -18.848  36.963 0.0000000000
66435  46.848  -18.717  37.470 0.0000000000
66404  46.332  -18.821  39.198 0.0000000000
62418  45.194  -22.433  41.322 0.0000000000
150862  45.242  -21.133  40.318 0.0000000000
63448  46.266  -20.925  41.683 0.0000000000
56412  35.746  -28.716  40.472 0.0000000000
131090  39.564  -28.985  45.900 0.0000000000
132448  38.730  -28.682  44.055 0.0000000000
56305  40.444  -28.732  45.548 0.0000000000
56286  42.117  -28.400  46.735 0.0000000000
56253  41.805  -29.125  48.114 0.0000000000
49209  30.507  -36.177  47.747 0.0000000000
49207  31.844  -35.226  48.231 0.0000000000
51240  35.493  -33.425  52.624 0.0000000000
50228  34.070  -33.885  49.857 0.0000000000
51261  34.977  -32.898  51.038 0.0000000000
52326  35.276  -32.215  49.435 0.0000000000
52308  36.249  -32.164  50.796 0.0000000000
51167  38.992  -33.414  58.787 0.0000000000
54274  40.321  -30.416  54.220 0.0000000000
54295  39.053  -31.167  51.968 0.0000000000
55278  39.865  -30.534  52.500 0.0000000000
55300  39.335  -29.972  51.032 0.0000000000
153207  40.960  -29.870  52.899 0.0000000000
71522  53.620  -13.683  26.438 0.0000000000
72510  55.022  -12.816  24.841 0.0000000000
72509  56.108  -12.968  24.743 0.0000000000
71519  56.268  -13.711  26.361 0.0000000000
71483  56.412  -14.006  30.041 0.0000000000
71490  57.234  -13.636  28.818 0.0000000000
71482  57.150  -13.678  29.708 0.0000000000
72466  58.401  -12.931  30.438 0.0000000000
76753  61.048  -8.471  23.381 0.0000000000
73574  59.544  -10.752  25.593 0.0000000000
74655  60.245  -11.085  26.999 0.0000000000
73560  59.268  -11.775  27.725 0.0000000000
47947  22.571  -36.705  62.538 0.0000000000
49042  23.535  -36.258  63.697 0.0000000000
49023  23.060  -36.287  65.072 0.0000000000
34390  16.125  -51.241  64.938 0.0000000000
33394  16.577  -51.646  66.225 0.0000000000
150002  16.076  -52.211  65.954 0.0000000000
32392  16.085  -53.340  67.141 0.0000000000
31411  17.162  -54.167  69.091 0.0000000000
67567  46.516  -17.721  31.366 0.0000000000
66512  46.000  -18.250  31.935 0.0000000000
59364  43.746  -25.774  43.310 0.0000000000
59362  45.117  -24.966  44.017 0.0000000000
59353  45.486  -25.372  44.785 0.0000000000
136180  46.786  -25.635  46.842 0.0000000000
34375  9.233  -50.322  67.470 0.0000000000
134240  8.285  -49.530  67.245 0.0000000000
36192  7.870  -48.936  69.703 0.0000000000
59484  38.615  -25.383  35.681 0.0000000000
149502  38.504  -27.652  38.309 0.0000000000
146141  27.578  -36.851  49.485 0.0000000000
48111  27.424  -36.825  51.202 0.0000000000
129177  28.272  -36.611  53.166 0.0000000000
130374  29.340  -36.671  55.909 0.0000000000
143319  22.628  -40.675  60.747 0.0000000000
42540  22.746  -41.603  62.292 0.0000000000
42565  22.672  -41.647  60.749 0.0000000000
41683  22.206  -42.840  60.069 0.0000000000
128680  21.056  -43.678  59.725 0.0000000000
36255  16.371  -48.372  60.207 0.0000000000
36260  16.002  -48.221  59.405 0.0000000000
141568  21.614  -39.011  51.926 0.0000000000
45787  21.778  -38.808  53.989 0.0000000000
46895  22.081  -37.771  55.512 0.0000000000
44685  22.141  -39.291  55.635 0.0000000000
44676  22.421  -39.692  57.921 0.0000000000
38956  21.715  -45.186  66.640 0.0000000000
70531  55.605  -14.549  31.247 0.0000000000
71445  56.871  -14.039  32.471 0.0000000000
70517  55.272  -14.929  32.492 0.0000000000
69527  55.336  -15.404  33.707 0.0000000000
69507  55.500  -16.062  35.470 0.0000000000
67486  51.376  -17.817  36.760 0.0000000000
67485  52.652  -17.525  36.905 0.0000000000
144437  52.144  -17.982  38.162 0.0000000000
67425  53.201  -17.351  40.640 0.0000000000
65491  43.086  -19.483  33.856 0.0000000000
65482  42.463  -19.860  35.377 0.0000000000
65471  43.761  -19.574  36.541 0.0000000000
65443  44.408  -19.968  38.452 0.0000000000
63437  47.068  -21.132  43.453 0.0000000000
136421  35.034  -28.011  43.223 0.0000000000
56365  36.192  -28.502  42.820 0.0000000000
56346  36.448  -28.169  44.365 0.0000000000
56308  37.544  -28.503  45.925 0.0000000000
55337  39.093  -29.115  47.671 0.0000000000
49143  33.147  -35.231  52.927 0.0000000000
49169  33.115  -34.983  50.667 0.0000000000
50188  33.823  -34.746  53.220 0.0000000000
51218  35.017  -34.018  54.022 0.0000000000
51216  36.574  -33.547  54.537 0.0000000000
71511  50.474  -13.959  26.999 0.0000000000
71524  51.407  -13.237  25.954 0.0000000000
71509  52.196  -14.163  27.090 0.0000000000
138709  53.074  -14.020  27.051 0.0000000000
151932  53.798  -13.965  26.996 0.0000000000
71508  55.504  -13.972  27.069 0.0000000000
70560  54.667  -14.279  28.327 0.0000000000
128571  55.008  -14.460  29.840 0.0000000000
76783  58.868  -7.813  21.518 0.0000000000
77716  60.410  -8.088  22.471 0.0000000000
76737  60.600  -8.812  23.952 0.0000000000
75693  60.978  -9.302  24.598 0.0000000000
75699  60.230  -9.442  24.417 0.0000000000
74685  59.243  -10.798  24.608 0.0000000000
72515  58.303  -12.372  25.102 0.0000000000
48056  24.967  -35.894  55.873 0.0000000000
48040  26.341  -36.284  56.108 0.0000000000
48025  26.168  -36.363  57.706 0.0000000000
47989  26.604  -36.498  59.987 0.0000000000
47927  27.270  -36.138  63.330 0.0000000000
37090  18.619  -47.550  65.494 0.0000000000
37061  18.932  -47.673  68.031 0.0000000000
36201  17.950  -48.631  67.625 0.0000000000
35265  18.176  -49.670  69.046 0.0000000000
131363  17.864  -51.435  68.124 0.0000000000
33380  18.947  -52.002  68.873 0.0000000000
69569  51.493  -15.476  30.684 0.0000000000
69557  52.224  -15.611  31.868 0.0000000000
69559  50.869  -15.834  31.228 0.0000000000
68563  50.782  -16.239  32.489 0.0000000000
128721  51.020  -16.782  33.971 0.0000000000
68564  48.959  -16.734  32.027 0.0000000000
67529  49.348  -17.321  33.710 0.0000000000
67510  50.415  -17.340  34.658 0.0000000000
67488  50.015  -17.925  36.197 0.0000000000
66432  49.717  -18.423  37.694 0.0000000000
66416  49.755  -18.524  38.536 0.0000000000
61397  42.317  -23.433  37.140 0.0000000000
63490  43.108  -22.099  37.828 0.0000000000
61382  43.872  -23.727  38.862 0.0000000000
140585  44.631  -23.305  41.117 0.0000000000
62383  45.769  -22.662  42.871 0.0000000000
60304  45.413  -24.160  43.675 0.0000000000
61311  46.618  -23.236  44.447 0.0000000000
138046  47.082  -22.737  44.740 0.0000000000
54349  35.050  -30.422  46.731 0.0000000000
51157  37.201  -33.649  59.794 0.0000000000
70578  49.718  -14.025  27.235 0.0000000000
70564  50.505  -14.749  28.192 0.0000000000
70554  50.824  -14.960  29.033 0.0000000000
151805  56.866  -7.974  22.896 0.0000000000
75719  56.907  -9.394  22.760 0.0000000000
32413  11.858  -52.764  65.158 0.0000000000
133574  13.110  -53.286  65.811 0.0000000000
32396  12.101  -52.698  66.641 0.0000000000
33389  11.955  -52.383  67.376 0.0000000000
139350  12.382  -51.355  69.984 0.0000000000
128299  10.044  -50.670  68.176 0.0000000000
63513  40.573  -21.640  34.992 0.0000000000
137567  39.855  -22.252  34.886 0.0000000000
62480  40.935  -22.719  36.028 0.0000000000
132459  41.916  -24.048  36.942 0.0000000000
60379  42.129  -25.133  37.797 0.0000000000
59421  42.552  -25.427  39.632 0.0000000000
58504  40.114  -26.575  37.567 0.0000000000
59422  41.755  -25.809  39.342 0.0000000000
59392  42.765  -25.654  41.548 0.0000000000
58445  43.074  -26.151  43.028 0.0000000000
58418  43.576  -26.632  44.540 0.0000000000
57363  44.052  -27.132  46.076 0.0000000000
48134  30.476  -36.320  49.401 0.0000000000
131187  28.279  -36.980  49.593 0.0000000000
48109  30.206  -36.624  51.258 0.0000000000
49145  31.593  -35.948  51.648 0.0000000000
49121  32.661  -35.578  54.442 0.0000000000
135850  33.429  -35.235  57.006 0.0000000000
50138  34.441  -34.540  58.565 0.0000000000
136850  27.737  -36.512  56.352 0.0000000000
136818  29.027  -36.612  57.736 0.0000000000
146944  30.600  -36.597  58.699 0.0000000000
47940  30.629  -36.432  62.529 0.0000000000
138187  31.441  -36.414  61.076 0.0000000000
47986  31.752  -36.293  59.558 0.0000000000
49084  32.509  -35.807  59.196 0.0000000000
135670  33.738  -34.824  60.207 0.0000000000
51149  35.011  -33.707  60.665 0.0000000000
44591  22.027  -39.783  67.295 0.0000000000
43524  22.117  -40.501  66.837 0.0000000000
41612  22.443  -41.866  66.683 0.0000000000
137275  22.625  -43.249  66.124 0.0000000000
41644  22.899  -42.884  63.872 0.0000000000
40763  22.746  -43.651  65.262 0.0000000000
136395  22.537  -44.082  66.061 0.0000000000
38966  21.550  -45.264  65.727 0.0000000000
38967  20.841  -45.669  65.462 0.0000000000
38019  19.598  -46.435  64.633 0.0000000000
40868  20.115  -43.259  57.133 0.0000000000
40847  20.340  -43.878  59.041 0.0000000000
39950  20.345  -44.289  59.906 0.0000000000
131530  18.598  -44.938  58.101 0.0000000000
39967  18.927  -45.011  59.740 0.0000000000
39936  20.011  -45.026  61.388 0.0000000000
38985  19.211  -45.963  62.771 0.0000000000
38028  19.407  -46.250  63.760 0.0000000000
38011  19.062  -46.941  65.076 0.0000000000
37106  17.910  -47.841  64.207 0.0000000000
36226  17.607  -48.558  64.571 0.0000000000
35287  16.729  -49.731  64.406 0.0000000000
35310  16.533  -49.177  61.669 0.0000000000
141360  16.376  -50.207  63.034 0.0000000000
34397  16.384  -50.360  63.804 0.0000000000
33419  15.334  -51.746  63.585 0.0000000000
33407  14.794  -52.340  64.092 0.0000000000
32433  13.961  -52.599  63.890 0.0000000000
32423  12.515  -52.668  64.310 0.0000000000
33408  11.197  -51.927  64.203 0.0000000000
153815  25.050  -35.696  48.890 0.0000000000
49190  25.217  -35.873  50.216 0.0000000000
49159  24.938  -35.715  52.194 0.0000000000
49175  22.673  -35.676  50.438 0.0000000000
49148  23.351  -35.677  52.314 0.0000000000
144367  24.106  -35.511  53.284 0.0000000000
133354  23.763  -35.718  55.145 0.0000000000
49093  23.206  -35.989  57.061 0.0000000000
47993  22.968  -36.578  59.124 0.0000000000
46876  22.482  -37.070  57.671 0.0000000000
47994  22.610  -36.900  59.341 0.0000000000
151332  22.233  -36.925  60.852 0.0000000000
46817  21.902  -37.581  62.842 0.0000000000
45710  21.797  -38.271  65.294 0.0000000000
31421  14.015  -53.397  67.086 0.0000000000
149514  15.775  -53.687  69.699 0.0000000000
71433  58.301  -14.047  34.059 0.0000000000
155056  53.067  -15.692  32.746 0.0000000000
68539  54.180  -16.233  34.648 0.0000000000
68514  55.091  -16.541  36.188 0.0000000000
68497  54.217  -17.403  38.027 0.0000000000
130005  55.340  -16.905  38.435 0.0000000000
68495  56.950  -16.840  38.727 0.0000000000
66533  44.575  -18.630  31.635 0.0000000000
129325  45.873  -18.636  33.485 0.0000000000
66483  43.895  -19.190  34.189 0.0000000000
66481  45.503  -18.803  34.687 0.0000000000
130628  46.724  -18.561  35.268 0.0000000000
66449  47.644  -18.423  36.296 0.0000000000
66418  48.111  -18.646  38.137 0.0000000000
153795  48.545  -18.365  39.752 0.0000000000
63489  43.601  -21.471  38.225 0.0000000000
149088  44.409  -20.442  38.932 0.0000000000
64415  45.190  -19.856  39.783 0.0000000000
132620  46.946  -20.420  42.220 0.0000000000
65404  46.622  -19.546  41.312 0.0000000000
65424  46.188  -18.907  40.077 0.0000000000
66389  47.545  -18.327  40.632 0.0000000000
67430  48.259  -18.031  40.518 0.0000000000
57436  37.565  -28.279  39.377 0.0000000000
142528  38.662  -27.899  40.483 0.0000000000
131617  37.842  -28.662  43.083 0.0000000000
56362  39.144  -28.319  42.866 0.0000000000
57395  39.589  -27.859  42.305 0.0000000000
57374  41.585  -27.655  44.435 0.0000000000
57355  42.736  -27.877  46.238 0.0000000000
57345  44.501  -27.490  47.675 0.0000000000
50229  33.463  -34.343  49.395 0.0000000000
131771  34.236  -32.441  46.901 0.0000000000
53377  35.124  -31.182  47.371 0.0000000000
54336  36.109  -29.872  48.068 0.0000000000
51169  37.589  -33.897  58.299 0.0000000000
51189  38.030  -33.849  56.700 0.0000000000
51215  38.402  -33.245  54.466 0.0000000000
52239  39.830  -32.574  54.793 0.0000000000
52260  38.199  -32.652  53.141 0.0000000000
53294  38.480  -31.547  51.832 0.0000000000
54316  37.982  -30.853  50.439 0.0000000000
55313  37.179  -29.626  49.158 0.0000000000
55311  38.050  -29.793  49.658 0.0000000000
55310  39.566  -29.611  49.443 0.0000000000
55309  40.632  -29.753  49.404 0.0000000000
55275  42.533  -29.884  52.639 0.0000000000
55297  42.488  -29.817  50.567 0.0000000000
55307  42.408  -29.605  49.699 0.0000000000
56240  43.673  -28.663  49.458 0.0000000000
74705  56.460  -10.893  22.945 0.0000000000
73587  56.519  -11.518  23.100 0.0000000000
72526  56.696  -12.190  23.439 0.0000000000
72516  57.676  -12.687  24.578 0.0000000000
72506  58.364  -12.487  26.111 0.0000000000
71507  56.390  -13.871  27.413 0.0000000000
72492  57.914  -13.193  27.424 0.0000000000
72491  58.616  -12.533  28.042 0.0000000000
73545  59.529  -12.362  29.072 0.0000000000
136766  22.095  -39.022  67.666 0.0000000000
45680  22.228  -38.287  68.006 0.0000000000
32411  13.759  -53.296  65.358 0.0000000000
57352  45.063  -27.060  47.191 0.0000000000
58384  45.753  -26.655  47.576 0.0000000000
48100  25.769  -35.998  52.788 0.0000000000
48084  26.532  -36.265  53.466 0.0000000000
154497  26.207  -36.164  54.016 0.0000000000
42634  21.238  -41.358  56.216 0.0000000000
131056  21.287  -40.994  55.614 0.0000000000
141835  21.724  -40.712  56.098 0.0000000000
37983  19.928  -46.692  67.427 0.0000000000
37984  19.274  -47.247  67.000 0.0000000000
69567  52.874  -15.305  31.280 0.0000000000
67443  50.734  -17.930  39.900 0.0000000000
67428  50.400  -17.286  40.858 0.0000000000
63506  41.614  -21.473  36.207 0.0000000000
63505  42.232  -21.193  36.635 0.0000000000
55351  34.972  -28.732  46.385 0.0000000000
55350  35.642  -28.811  46.743 0.0000000000
56274  36.098  -28.735  46.982 0.0000000000
55340  36.165  -28.971  47.285 0.0000000000
50137  35.310  -34.061  58.190 0.0000000000
69576  51.834  -15.187  29.948 0.0000000000
75735  57.573  -9.332  22.102 0.0000000000
74722  57.417  -10.399  22.426 0.0000000000
73600  56.970  -11.013  22.587 0.0000000000
129368  23.836  -36.481  59.929 0.0000000000
47976  24.241  -36.446  60.698 0.0000000000
47962  23.733  -36.433  61.366 0.0000000000
35280  16.785  -49.879  65.276 0.0000000000
35275  16.882  -50.084  66.140 0.0000000000
149644  48.323  -16.200  29.897 0.0000000000
68588  48.601  -16.411  30.518 0.0000000000
67531  47.851  -17.820  33.154 0.0000000000
67501  48.104  -18.085  34.858 0.0000000000
66479  47.190  -18.356  34.554 0.0000000000
60345  43.483  -24.796  40.720 0.0000000000
60327  43.731  -24.681  41.457 0.0000000000
60314  43.995  -24.668  42.088 0.0000000000
33396  9.738  -51.234  66.149 0.0000000000
61425  38.541  -23.386  34.842 0.0000000000
144201  38.553  -24.082  35.108 0.0000000000
60408  39.690  -24.522  35.831 0.0000000000
60422  38.955  -24.628  35.439 0.0000000000
58481  39.864  -27.131  39.611 0.0000000000
58448  40.908  -26.974  42.027 0.0000000000
57406  40.112  -27.391  41.663 0.0000000000
132683  30.122  -36.669  55.607 0.0000000000
130905  30.532  -36.622  54.971 0.0000000000
48036  31.550  -36.274  56.280 0.0000000000
152396  31.297  -36.394  56.804 0.0000000000
47942  28.357  -36.479  62.451 0.0000000000
47958  28.759  -36.567  61.684 0.0000000000
47925  28.861  -36.416  63.121 0.0000000000
144924  22.162  -39.882  62.832 0.0000000000
43549  22.107  -40.501  64.288 0.0000000000
43558  22.229  -40.407  63.395 0.0000000000
39934  21.674  -44.139  61.427 0.0000000000
40797  22.266  -44.170  62.681 0.0000000000
150109  21.075  -44.743  62.283 0.0000000000
38046  17.890  -46.528  61.513 0.0000000000
38047  17.205  -47.030  61.037 0.0000000000
37132  16.944  -47.734  61.448 0.0000000000
46911  21.674  -37.385  52.782 0.0000000000
139372  21.676  -36.887  51.634 0.0000000000
146552  21.734  -36.885  52.303 0.0000000000
48087  22.064  -36.383  52.927 0.0000000000
48086  22.426  -36.142  53.997 0.0000000000
147978  22.061  -36.727  54.374 0.0000000000
43582  22.447  -40.009  61.524 0.0000000000
44651  22.299  -39.001  61.099 0.0000000000
43570  22.236  -39.757  62.278 0.0000000000
143472  21.955  -39.495  63.390 0.0000000000
32369  13.415  -52.440  70.783 0.0000000000
148327  13.649  -52.886  70.972 0.0000000000
71457  57.770  -13.538  32.426 0.0000000000
69495  57.075  -15.761  36.455 0.0000000000
69494  58.074  -15.860  36.647 0.0000000000
69487  57.579  -16.214  37.240 0.0000000000
68504  57.776  -16.726  37.650 0.0000000000
68526  52.727  -16.735  35.125 0.0000000000
65460  45.235  -19.166  37.628 0.0000000000
66436  45.959  -18.856  37.686 0.0000000000
66420  45.810  -18.945  38.509 0.0000000000
62401  46.158  -22.073  42.768 0.0000000000
63449  45.668  -21.697  41.497 0.0000000000
63439  46.032  -21.662  42.166 0.0000000000
138855  39.779  -29.257  47.130 0.0000000000
56288  40.122  -29.089  46.438 0.0000000000
56270  40.584  -29.208  47.139 0.0000000000
56269  41.493  -28.922  47.301 0.0000000000
49189  31.491  -35.560  48.737 0.0000000000
49208  31.251  -35.642  47.989 0.0000000000
150760  31.806  -35.464  49.285 0.0000000000
51239  36.268  -33.066  52.913 0.0000000000
51250  35.209  -33.198  51.808 0.0000000000
52279  36.020  -32.905  52.077 0.0000000000
52309  35.551  -32.501  50.683 0.0000000000
52278  36.899  -32.614  52.258 0.0000000000
55248  40.668  -30.161  54.959 0.0000000000
54285  40.009  -30.531  53.257 0.0000000000
153077  40.362  -30.041  53.947 0.0000000000
55268  40.258  -29.978  53.419 0.0000000000
55259  40.899  -29.713  54.496 0.0000000000
150068  54.209  -13.442  25.902 0.0000000000
71531  53.294  -13.170  25.616 0.0000000000
71530  54.788  -13.252  25.481 0.0000000000
150125  55.668  -13.389  25.527 0.0000000000
128518  57.089  -13.755  30.556 0.0000000000
71472  57.820  -13.328  30.958 0.0000000000
152063  61.262  -8.795  23.334 0.0000000000
139035  61.268  -8.551  22.751 0.0000000000
75733  61.529  -9.285  23.092 0.0000000000
75717  61.704  -9.930  23.529 0.0000000000
73567  59.575  -11.021  26.520 0.0000000000
74665  60.123  -10.877  26.928 0.0000000000
135841  59.656  -11.248  27.192 0.0000000000
73559  59.957  -11.395  27.540 0.0000000000
47910  22.095  -37.059  64.316 0.0000000000
136794  22.523  -36.775  64.013 0.0000000000
47909  22.511  -36.690  64.722 0.0000000000
33401  15.850  -52.045  65.207 0.0000000000
33400  16.336  -51.420  65.661 0.0000000000
31426  15.229  -53.421  66.850 0.0000000000
32401  15.777  -53.033  66.327 0.0000000000
31418  16.442  -53.629  68.149 0.0000000000
66531  45.728  -17.956  31.189 0.0000000000
66532  45.288  -18.413  31.585 0.0000000000
58431  44.080  -26.098  44.047 0.0000000000
59354  44.772  -25.722  44.398 0.0000000000
58416  45.065  -26.093  45.181 0.0000000000
36193  7.170  -48.632  68.986 0.0000000000
36184  7.341  -48.759  69.917 0.0000000000
140673  26.453  -36.451  49.307 0.0000000000
48126  26.808  -36.661  50.612 0.0000000000
48098  27.333  -36.644  52.039 0.0000000000
129180  28.148  -36.558  54.048 0.0000000000
48067  28.806  -36.647  54.593 0.0000000000
48052  28.709  -36.633  55.354 0.0000000000
42580  22.536  -41.144  59.912 0.0000000000
42581  22.366  -41.742  59.340 0.0000000000
41705  21.761  -42.467  58.581 0.0000000000
41694  22.076  -42.456  59.268 0.0000000000
134754  21.696  -43.158  59.503 0.0000000000
40831  21.797  -43.457  60.268 0.0000000000
40846  21.024  -43.278  58.945 0.0000000000
144697  21.665  -39.564  53.534 0.0000000000
140983  21.624  -39.110  52.846 0.0000000000
45782  22.094  -38.605  55.401 0.0000000000
42615  22.266  -40.555  57.568 0.0000000000
139604  22.375  -39.696  57.181 0.0000000000
43616  22.441  -40.229  58.556 0.0000000000
43605  22.501  -40.363  59.433 0.0000000000
38947  21.207  -45.668  67.515 0.0000000000
149340  55.592  -14.652  31.955 0.0000000000
70518  54.814  -14.909  31.724 0.0000000000
140953  54.432  -15.319  32.568 0.0000000000
69538  55.069  -15.252  33.048 0.0000000000
69520  55.624  -15.627  34.589 0.0000000000
69521  54.727  -15.801  34.179 0.0000000000
67477  50.937  -18.126  37.366 0.0000000000
67476  51.882  -17.862  37.357 0.0000000000
67426  52.095  -17.261  40.644 0.0000000000
65493  41.113  -20.340  34.188 0.0000000000
139264  41.735  -19.942  34.149 0.0000000000
131036  41.771  -20.151  34.775 0.0000000000
64461  42.522  -20.473  36.501 0.0000000000
65472  42.880  -19.900  36.232 0.0000000000
64460  43.287  -20.095  37.080 0.0000000000
150909  44.007  -19.686  37.245 0.0000000000
65444  43.871  -20.038  37.829 0.0000000000
56366  34.405  -28.128  42.558 0.0000000000
56347  34.808  -27.792  44.139 0.0000000000
132045  35.800  -28.078  43.749 0.0000000000
56327  35.494  -27.809  44.596 0.0000000000
56290  36.951  -28.454  46.682 0.0000000000
56271  38.169  -28.836  47.537 0.0000000000
56289  37.910  -28.704  46.692 0.0000000000
49132  33.431  -35.083  53.605 0.0000000000
49156  33.150  -35.149  52.003 0.0000000000
50181  33.874  -34.794  53.964 0.0000000000
50169  35.293  -34.037  55.968 0.0000000000
51203  35.874  -33.777  55.275 0.0000000000
51217  35.700  -33.757  54.404 0.0000000000
51202  36.809  -33.655  55.518 0.0000000000
138154  50.964  -14.401  27.569 0.0000000000
71510  51.375  -13.957  26.806 0.0000000000
70576  51.771  -14.428  27.666 0.0000000000
130536  52.960  -14.527  28.625 0.0000000000
70574  53.283  -14.351  27.921 0.0000000000
70573  54.003  -14.188  27.610 0.0000000000
70551  54.380  -14.457  29.213 0.0000000000
70541  55.688  -14.391  30.379 0.0000000000
76769  59.301  -8.513  21.894 0.0000000000
76755  60.094  -8.637  22.955 0.0000000000
75718  59.719  -9.314  23.451 0.0000000000
73579  58.704  -11.323  23.820 0.0000000000
73575  58.788  -11.579  24.793 0.0000000000
72524  58.267  -12.169  24.070 0.0000000000
48041  25.530  -36.086  56.446 0.0000000000
48026  25.244  -36.148  57.349 0.0000000000
47975  25.181  -36.435  60.729 0.0000000000
129183  25.990  -36.453  60.310 0.0000000000
132113  26.022  -36.443  61.199 0.0000000000
47959  26.879  -36.427  61.710 0.0000000000
133290  26.683  -36.259  62.694 0.0000000000
37075  18.110  -48.099  65.966 0.0000000000
37062  18.223  -48.147  66.859 0.0000000000
36207  17.693  -48.828  66.559 0.0000000000
139689  17.592  -49.895  68.127 0.0000000000
34359  18.678  -50.376  69.160 0.0000000000
33373  18.835  -50.942  69.135 0.0000000000
34380  16.933  -51.320  66.841 0.0000000000
33388  17.479  -52.138  67.477 0.0000000000
69570  50.655  -15.639  30.407 0.0000000000
68575  49.704  -16.377  31.677 0.0000000000
128996  50.405  -16.177  31.791 0.0000000000
68553  50.479  -16.614  33.201 0.0000000000
68589  47.455  -16.885  30.691 0.0000000000
68576  48.270  -16.795  31.162 0.0000000000
67565  48.162  -17.169  31.939 0.0000000000
67512  48.756  -17.722  34.279 0.0000000000
67528  50.108  -17.082  33.874 0.0000000000
67498  50.765  -17.577  35.580 0.0000000000
67499  49.816  -17.743  35.319 0.0000000000
66448  48.510  -18.325  36.559 0.0000000000
66447  49.397  -18.241  36.802 0.0000000000
61396  42.892  -23.557  37.716 0.0000000000
61383  43.472  -23.687  38.243 0.0000000000
61338  45.082  -22.947  41.877 0.0000000000
61328  45.329  -23.110  42.566 0.0000000000
60305  44.771  -24.617  43.252 0.0000000000
60297  45.783  -24.528  44.430 0.0000000000
60296  46.470  -24.042  44.774 0.0000000000
61310  47.103  -23.468  45.173 0.0000000000
133774  47.677  -22.566  45.332 0.0000000000
53402  34.321  -30.888  45.090 0.0000000000
53389  34.705  -30.699  45.919 0.0000000000
70577  50.274  -14.386  27.576 0.0000000000
134360  49.624  -14.696  27.965 0.0000000000
69579  49.573  -15.517  29.456 0.0000000000
69578  50.362  -15.386  29.591 0.0000000000
69577  51.147  -15.282  29.821 0.0000000000
136534  56.817  -8.507  23.676 0.0000000000
32404  12.380  -52.981  65.859 0.0000000000
154264  11.331  -52.554  65.497 0.0000000000
33391  10.749  -51.482  67.421 0.0000000000
141563  11.562  -51.772  68.038 0.0000000000
138465  12.295  -51.753  68.930 0.0000000000
33376  11.508  -51.107  69.316 0.0000000000
34370  9.435  -50.177  68.483 0.0000000000
64473  40.337  -21.100  34.462 0.0000000000
63514  39.756  -21.507  34.505 0.0000000000
62494  39.199  -22.817  34.898 0.0000000000
63515  39.091  -21.972  34.562 0.0000000000
62493  39.850  -22.986  35.417 0.0000000000
62492  40.442  -22.409  35.458 0.0000000000
62481  40.375  -23.069  35.807 0.0000000000
61409  41.552  -23.256  36.580 0.0000000000
61410  40.767  -23.566  36.166 0.0000000000
60395  41.010  -25.171  36.709 0.0000000000
60394  41.780  -24.822  37.073 0.0000000000
59438  42.360  -25.346  38.699 0.0000000000
59439  41.629  -25.751  38.342 0.0000000000
59471  38.282  -26.139  36.029 0.0000000000
59470  39.169  -25.951  36.146 0.0000000000
58467  41.159  -26.411  39.997 0.0000000000
58479  41.115  -26.281  38.960 0.0000000000
59408  41.947  -25.882  40.267 0.0000000000
59393  42.134  -26.032  41.118 0.0000000000
59378  42.873  -25.880  42.318 0.0000000000
58457  42.229  -26.210  41.934 0.0000000000
58419  42.831  -26.873  44.256 0.0000000000
58405  43.808  -26.885  45.311 0.0000000000
57364  43.297  -27.392  45.760 0.0000000000
48150  29.881  -36.501  48.307 0.0000000000
139732  29.942  -36.582  49.098 0.0000000000
48125  27.677  -36.953  50.318 0.0000000000
48124  28.667  -37.035  50.516 0.0000000000
130191  30.614  -36.529  52.713 0.0000000000
128864  30.019  -36.690  52.056 0.0000000000
128475  30.770  -36.389  51.876 0.0000000000
48122  30.424  -36.469  50.497 0.0000000000
148435  31.340  -36.208  52.456 0.0000000000
48094  32.461  -35.665  53.191 0.0000000000
48095  31.663  -36.106  53.167 0.0000000000
135321  32.600  -35.681  57.094 0.0000000000
49101  32.943  -35.481  56.092 0.0000000000
50150  33.919  -34.913  57.727 0.0000000000
50139  33.668  -35.059  58.450 0.0000000000
154272  26.762  -36.418  57.222 0.0000000000
137506  26.944  -36.435  56.566 0.0000000000
48024  27.475  -36.473  57.126 0.0000000000
129186  29.448  -36.654  59.931 0.0000000000
152118  29.322  -36.605  58.583 0.0000000000
48004  29.997  -36.621  58.117 0.0000000000
146408  29.954  -36.643  59.191 0.0000000000
49062  32.027  -35.810  62.143 0.0000000000
47955  31.310  -36.354  62.012 0.0000000000
47954  31.962  -36.032  61.407 0.0000000000
47971  31.197  -36.569  60.332 0.0000000000
47970  31.902  -36.201  60.553 0.0000000000
49075  32.495  -35.836  60.067 0.0000000000
138841  34.353  -34.244  60.867 0.0000000000
142387  21.979  -39.752  66.357 0.0000000000
43533  22.064  -40.467  65.959 0.0000000000
146685  22.356  -41.719  65.992 0.0000000000
41620  22.508  -42.402  66.083 0.0000000000
147641  22.691  -42.847  65.496 0.0000000000
133164  22.823  -42.358  62.344 0.0000000000
137827  22.823  -42.039  62.817 0.0000000000
41659  22.890  -42.827  62.935 0.0000000000
39908  22.561  -44.320  64.005 0.0000000000
40772  22.830  -43.674  64.328 0.0000000000
154035  22.461  -44.367  65.408 0.0000000000
39902  22.121  -44.746  65.939 0.0000000000
137102  22.052  -44.860  65.147 0.0000000000
147882  20.711  -45.651  64.774 0.0000000000
38968  20.239  -46.080  65.075 0.0000000000
40869  19.684  -43.882  57.496 0.0000000000
40848  19.714  -44.127  58.341 0.0000000000
39966  19.539  -44.513  59.220 0.0000000000
39048  17.946  -45.357  57.736 0.0000000000
39009  18.507  -45.506  60.197 0.0000000000
39008  19.099  -45.207  60.469 0.0000000000
136489  19.637  -44.996  60.778 0.0000000000
38999  19.306  -45.408  61.173 0.0000000000
38992  19.642  -45.532  61.960 0.0000000000
39000  18.720  -45.884  61.649 0.0000000000
38029  18.721  -46.640  63.317 0.0000000000
38020  18.895  -46.783  64.219 0.0000000000
38021  18.295  -47.223  63.795 0.0000000000
37105  18.487  -47.413  64.639 0.0000000000
36236  17.481  -48.398  63.724 0.0000000000
36227  17.026  -49.023  64.089 0.0000000000
35295  16.696  -49.623  63.524 0.0000000000
36249  16.639  -48.435  61.061 0.0000000000
35304  15.975  -50.362  62.251 0.0000000000
152540  16.302  -49.796  61.945 0.0000000000
34398  16.022  -51.148  64.070 0.0000000000
33420  14.460  -52.191  63.271 0.0000000000
33421  13.476  -52.309  63.143 0.0000000000
32435  12.742  -52.388  63.560 0.0000000000
138169  11.932  -52.169  63.635 0.0000000000
146924  11.667  -52.438  64.438 0.0000000000
146192  24.903  -35.684  49.481 0.0000000000
49172  25.072  -35.789  51.241 0.0000000000
49173  24.342  -35.599  50.730 0.0000000000
49193  22.570  -35.489  49.484 0.0000000000
49149  22.819  -35.825  52.179 0.0000000000
49161  22.927  -35.654  51.447 0.0000000000
49147  24.079  -35.508  52.619 0.0000000000
49135  23.479  -35.646  53.118 0.0000000000
49123  24.121  -35.661  54.540 0.0000000000
49124  23.359  -35.761  54.610 0.0000000000
49113  22.747  -35.968  55.768 0.0000000000
49104  23.163  -35.877  56.258 0.0000000000
49094  22.826  -36.112  56.732 0.0000000000
48010  23.143  -36.410  58.403 0.0000000000
48028  23.037  -36.256  57.610 0.0000000000
45778  22.303  -38.383  56.259 0.0000000000
137674  22.345  -37.362  56.885 0.0000000000
45774  22.400  -38.101  57.278 0.0000000000
45761  22.183  -37.926  60.699 0.0000000000
46865  22.476  -37.337  59.473 0.0000000000
46851  22.363  -37.310  60.131 0.0000000000
47979  22.411  -36.938  60.159 0.0000000000
47964  22.023  -37.021  61.406 0.0000000000
47948  22.050  -36.998  62.232 0.0000000000
46827  21.927  -37.528  61.951 0.0000000000
142900  21.840  -39.164  64.116 0.0000000000
45718  21.784  -38.353  64.378 0.0000000000
142449  21.799  -39.050  64.964 0.0000000000
142450  21.865  -39.008  65.842 0.0000000000
133256  22.404  -41.421  67.990 0.0000000000
37047  18.936  -48.000  69.232 0.0000000000
36183  19.034  -48.505  69.848 0.0000000000
32394  13.373  -53.141  67.189 0.0000000000
32393  13.964  -53.148  67.958 0.0000000000
32377  15.077  -53.218  70.334 0.0000000000
31404  15.087  -53.297  69.291 0.0000000000
141292  15.563  -53.827  70.527 0.0000000000
31403  16.438  -54.136  70.009 0.0000000000
31393  16.023  -54.356  70.493 0.0000000000
70503  56.598  -14.411  33.242 0.0000000000
71444  57.641  -13.826  33.255 0.0000000000
70502  57.246  -14.357  33.994 0.0000000000
69493  58.948  -16.290  35.942 0.0000000000
69540  52.401  -15.797  32.624 0.0000000000
68525  53.696  -16.593  35.248 0.0000000000
68524  54.587  -16.449  35.396 0.0000000000
67474  53.372  -17.697  38.117 0.0000000000
67484  53.402  -17.497  37.385 0.0000000000
128378  55.649  -17.030  39.516 0.0000000000
68496  56.382  -16.864  39.070 0.0000000000
129314  56.259  -16.521  38.118 0.0000000000
68480  56.847  -17.223  39.319 0.0000000000
67437  57.063  -17.546  38.966 0.0000000000
66514  44.338  -18.965  32.511 0.0000000000
66500  45.200  -18.844  33.036 0.0000000000
65481  43.225  -19.462  34.810 0.0000000000
66469  44.088  -19.184  35.109 0.0000000000
66468  44.940  -18.930  35.354 0.0000000000
66467  45.899  -18.725  35.527 0.0000000000
132583  46.286  -18.611  34.693 0.0000000000
66450  46.730  -18.602  36.079 0.0000000000
131327  47.367  -18.734  38.898 0.0000000000
132719  47.344  -18.713  37.990 0.0000000000
149175  48.374  -18.650  39.024 0.0000000000
63478  43.918  -22.075  38.819 0.0000000000
63477  44.472  -21.837  39.420 0.0000000000
64416  44.824  -20.781  39.628 0.0000000000
65426  44.843  -19.880  39.143 0.0000000000
65394  47.218  -19.572  41.927 0.0000000000
65411  46.337  -19.177  40.786 0.0000000000
66390  46.851  -18.680  40.725 0.0000000000
56432  36.475  -28.608  39.650 0.0000000000
153953  37.078  -28.476  39.471 0.0000000000
138968  37.938  -28.229  39.989 0.0000000000
56385  37.823  -28.403  40.739 0.0000000000
134533  36.881  -28.522  43.445 0.0000000000
56364  37.218  -28.634  42.500 0.0000000000
56323  39.413  -28.637  44.330 0.0000000000
56344  39.302  -28.458  43.587 0.0000000000
56343  40.038  -28.231  43.857 0.0000000000
57386  39.837  -27.997  43.098 0.0000000000
57385  40.582  -27.682  43.387 0.0000000000
56321  41.063  -28.246  44.897 0.0000000000
56285  42.974  -28.144  47.017 0.0000000000
57346  43.728  -27.789  47.346 0.0000000000
57337  43.940  -27.948  48.161 0.0000000000
50205  33.669  -34.611  50.993 0.0000000000
50215  32.950  -34.826  49.864 0.0000000000
50214  33.586  -34.477  50.242 0.0000000000
51276  33.968  -33.765  48.933 0.0000000000
51285  33.707  -33.580  48.066 0.0000000000
51295  33.523  -33.417  47.371 0.0000000000
51294  34.128  -32.917  47.563 0.0000000000
53348  35.869  -31.509  49.351 0.0000000000
53361  35.039  -31.786  48.063 0.0000000000
52341  35.525  -31.621  48.727 0.0000000000
53360  35.651  -30.873  48.066 0.0000000000
54325  36.208  -30.642  48.843 0.0000000000
144088  37.602  -33.815  59.156 0.0000000000
51178  39.110  -33.573  57.940 0.0000000000
51179  38.322  -33.869  57.560 0.0000000000
153099  38.482  -33.698  56.312 0.0000000000
51201  37.875  -33.667  55.828 0.0000000000
51200  38.989  -33.512  55.859 0.0000000000
53266  40.218  -31.139  54.440 0.0000000000
52227  39.978  -32.154  55.685 0.0000000000
52258  39.912  -31.752  53.933 0.0000000000
52240  39.243  -32.768  54.157 0.0000000000
52259  39.131  -32.264  53.358 0.0000000000
52292  37.561  -32.051  51.592 0.0000000000
54306  39.023  -30.826  51.556 0.0000000000
54307  38.614  -30.746  51.025 0.0000000000
55302  38.216  -30.627  50.364 0.0000000000
54323  37.606  -30.425  49.822 0.0000000000
55312  37.813  -30.183  49.719 0.0000000000
55325  37.402  -29.334  49.081 0.0000000000
55301  38.367  -30.496  50.455 0.0000000000
132361  38.795  -29.817  50.269 0.0000000000
129602  39.948  -29.819  50.229 0.0000000000
148413  41.032  -29.893  50.142 0.0000000000
144974  42.157  -29.755  53.480 0.0000000000
55266  42.612  -29.226  54.309 0.0000000000
55284  43.275  -29.723  52.189 0.0000000000
55296  43.291  -29.647  51.177 0.0000000000
55306  43.275  -29.296  50.127 0.0000000000
56241  42.931  -29.069  49.189 0.0000000000
75720  56.573  -10.143  23.261 0.0000000000
72512  51.408  -12.450  25.343 0.0000000000
71532  52.266  -13.009  25.485 0.0000000000
72527  55.887  -11.916  23.577 0.0000000000
73588  55.714  -11.226  23.468 0.0000000000
71529  56.502  -13.402  25.539 0.0000000000
72508  57.074  -13.155  25.070 0.0000000000
72507  57.770  -12.983  25.526 0.0000000000
72500  57.836  -13.140  26.460 0.0000000000
71496  57.210  -13.625  27.858 0.0000000000
72483  58.780  -12.572  28.942 0.0000000000
72465  59.233  -12.668  30.739 0.0000000000
78715  60.518  -6.166  21.096 0.0000000000
77743  60.537  -6.905  21.520 0.0000000000
146139  60.857  -9.674  24.994 0.0000000000
46770  22.100  -37.475  66.604 0.0000000000
32409  15.444  -52.725  65.614 0.0000000000
32410  14.661  -53.082  65.394 0.0000000000
31427  14.470  -53.414  66.610 0.0000000000
58404  44.561  -26.635  45.630 0.0000000000
58403  45.330  -26.396  45.951 0.0000000000
58391  45.557  -26.573  46.738 0.0000000000
48127  25.976  -36.277  50.897 0.0000000000
48112  26.662  -36.536  51.493 0.0000000000
48099  26.596  -36.378  52.428 0.0000000000
48053  27.326  -36.453  54.869 0.0000000000
148012  22.282  -41.075  58.258 0.0000000000
42616  21.930  -41.477  57.684 0.0000000000
41716  21.557  -42.216  57.931 0.0000000000
43667  21.592  -40.211  53.685 0.0000000000
44686  21.888  -39.822  55.083 0.0000000000
43647  22.035  -40.040  55.863 0.0000000000
37996  20.484  -46.203  66.898 0.0000000000
37982  20.559  -46.263  67.982 0.0000000000
37970  20.029  -46.769  68.522 0.0000000000
37959  20.188  -46.983  69.628 0.0000000000
70533  53.903  -14.984  31.147 0.0000000000
69539  53.613  -15.473  32.361 0.0000000000
67462  51.088  -18.298  39.017 0.0000000000
67461  51.915  -18.037  38.890 0.0000000000
67427  51.209  -17.316  40.678 0.0000000000
64471  41.506  -20.704  35.418 0.0000000000
140467  41.770  -20.322  35.299 0.0000000000
64462  41.824  -20.799  36.074 0.0000000000
56328  34.380  -28.230  45.174 0.0000000000
57377  34.612  -27.897  45.401 0.0000000000
57367  35.540  -27.872  45.909 0.0000000000
57356  35.806  -28.159  46.321 0.0000000000
56273  36.591  -28.703  47.219 0.0000000000
56255  36.833  -28.830  47.873 0.0000000000
50170  34.462  -34.529  55.947 0.0000000000
152913  34.302  -34.620  55.134 0.0000000000
50158  34.922  -34.246  56.728 0.0000000000
50157  35.594  -33.962  56.627 0.0000000000
51181  36.281  -33.861  56.954 0.0000000000
70562  52.133  -14.630  28.527 0.0000000000
70552  53.486  -14.631  29.404 0.0000000000
74702  58.910  -9.997  22.932 0.0000000000
48009  24.532  -36.279  58.198 0.0000000000
47991  24.385  -36.420  59.228 0.0000000000
47960  25.375  -36.403  61.563 0.0000000000
149057  17.275  -49.593  66.642 0.0000000000
32385  17.808  -52.973  68.164 0.0000000000
67547  47.662  -17.636  32.350 0.0000000000
67500  48.949  -17.893  35.102 0.0000000000
66465  48.312  -18.219  35.698 0.0000000000
60360  43.723  -24.397  39.263 0.0000000000
61349  43.788  -24.258  40.147 0.0000000000
60344  43.992  -24.117  40.930 0.0000000000
60290  46.904  -24.282  45.447 0.0000000000
33403  10.225  -51.699  65.489 0.0000000000
33395  10.928  -52.273  65.888 0.0000000000
128717  10.462  -51.687  66.493 0.0000000000
58492  39.684  -26.980  38.151 0.0000000000
131343  40.057  -26.968  38.806 0.0000000000
58468  40.397  -26.848  40.144 0.0000000000
58458  41.529  -26.505  41.550 0.0000000000
58446  42.388  -26.416  42.721 0.0000000000
58447  41.665  -26.674  42.399 0.0000000000
58434  41.861  -26.874  43.206 0.0000000000
57383  42.116  -27.157  43.956 0.0000000000
135208  28.230  -36.678  48.059 0.0000000000
129178  29.097  -36.727  53.022 0.0000000000
48096  29.276  -36.814  52.186 0.0000000000
48080  30.329  -36.627  53.379 0.0000000000
149277  30.944  -36.482  53.387 0.0000000000
48064  31.890  -36.018  54.634 0.0000000000
48049  31.676  -36.186  55.429 0.0000000000
49102  32.199  -35.917  56.514 0.0000000000
49092  32.239  -35.882  57.865 0.0000000000
47988  27.411  -36.517  60.052 0.0000000000
130387  28.019  -36.493  59.375 0.0000000000
152941  27.900  -36.498  60.510 0.0000000000
129185  28.528  -36.566  60.125 0.0000000000
129188  29.329  -36.622  60.817 0.0000000000
49051  32.530  -35.318  62.753 0.0000000000
49060  33.012  -35.294  61.279 0.0000000000
44615  21.915  -39.791  64.653 0.0000000000
43540  22.046  -40.486  65.117 0.0000000000
42523  22.336  -41.242  64.750 0.0000000000
42522  22.689  -42.050  64.341 0.0000000000
40796  22.668  -43.536  62.594 0.0000000000
39913  22.147  -44.535  63.420 0.0000000000
39909  21.918  -44.861  64.265 0.0000000000
39914  21.309  -44.962  63.511 0.0000000000
38983  20.522  -45.421  63.495 0.0000000000
39995  19.133  -44.462  57.735 0.0000000000
137038  17.461  -45.772  58.217 0.0000000000
39035  17.652  -45.834  59.098 0.0000000000
39021  17.885  -45.861  59.962 0.0000000000
39010  18.164  -45.903  60.798 0.0000000000
38039  17.874  -46.942  62.271 0.0000000000
143132  17.787  -47.701  63.369 0.0000000000
37115  17.643  -47.534  62.576 0.0000000000
144717  16.868  -48.661  62.407 0.0000000000
34409  15.348  -51.070  62.308 0.0000000000
34410  14.627  -51.474  61.966 0.0000000000
130620  23.562  -35.147  49.245 0.0000000000
146779  21.680  -36.784  50.957 0.0000000000
48115  21.888  -36.207  51.338 0.0000000000
49162  22.243  -35.867  50.960 0.0000000000
48101  22.447  -35.989  52.505 0.0000000000
131015  22.986  -35.798  53.781 0.0000000000
48057  22.446  -36.278  56.070 0.0000000000
44669  22.490  -39.052  58.564 0.0000000000
45770  22.445  -38.028  59.013 0.0000000000
45760  22.427  -38.896  60.254 0.0000000000
45753  21.988  -38.217  61.556 0.0000000000
45746  21.884  -38.347  62.390 0.0000000000
44633  21.957  -39.190  62.692 0.0000000000
149589  13.533  -52.503  68.866 0.0000000000
32379  13.835  -52.268  69.999 0.0000000000
32368  14.198  -52.851  70.687 0.0000000000
70490  56.525  -15.217  34.854 0.0000000000
70472  57.407  -14.948  35.186 0.0000000000
69504  57.817  -15.386  35.864 0.0000000000
68513  58.490  -16.185  36.613 0.0000000000
148452  58.687  -16.650  36.436 0.0000000000
67472  58.174  -17.624  37.095 0.0000000000
66429  57.778  -17.943  37.650 0.0000000000
68552  51.849  -16.392  33.679 0.0000000000
151948  52.262  -16.404  33.985 0.0000000000
68540  52.587  -16.467  34.298 0.0000000000
143572  53.292  -16.889  35.813 0.0000000000
68468  54.351  -16.813  41.047 0.0000000000
67439  54.706  -17.259  39.116 0.0000000000
66502  43.723  -19.186  33.252 0.0000000000
66453  44.307  -19.103  36.013 0.0000000000
132187  46.334  -18.722  36.889 0.0000000000
66419  46.593  -18.795  38.291 0.0000000000
62432  44.844  -22.445  40.541 0.0000000000
63461  44.873  -21.716  40.084 0.0000000000
63460  45.272  -21.754  40.758 0.0000000000
64384  45.676  -21.001  40.904 0.0000000000
66383  47.715  -18.648  42.036 0.0000000000
138437  37.028  -28.652  40.956 0.0000000000
56307  38.611  -28.874  45.743 0.0000000000
56324  38.662  -28.795  44.763 0.0000000000
56306  39.499  -28.830  45.140 0.0000000000
56304  41.310  -28.401  45.565 0.0000000000
56287  41.170  -28.763  46.359 0.0000000000
56268  42.376  -28.618  47.556 0.0000000000
51241  34.763  -33.764  52.304 0.0000000000
50213  34.108  -34.083  50.714 0.0000000000
51251  34.528  -33.658  51.406 0.0000000000
51262  34.539  -33.353  50.468 0.0000000000
51275  34.596  -33.078  49.441 0.0000000000
52342  34.871  -32.401  48.704 0.0000000000
52310  35.070  -32.625  50.233 0.0000000000
53333  35.844  -31.921  50.084 0.0000000000
53332  36.711  -31.420  50.319 0.0000000000
51168  38.314  -33.739  59.014 0.0000000000
51154  39.515  -32.679  59.419 0.0000000000
51177  39.582  -32.855  58.552 0.0000000000
51187  39.645  -33.003  57.596 0.0000000000
53276  39.971  -30.868  53.451 0.0000000000
53293  39.085  -31.258  52.237 0.0000000000
54286  39.670  -30.820  52.610 0.0000000000
54294  39.672  -30.924  52.505 0.0000000000
55279  39.360  -30.831  51.820 0.0000000000
148241  38.627  -30.475  50.827 0.0000000000
55288  39.341  -30.482  51.599 0.0000000000
55287  40.166  -30.084  51.804 0.0000000000
55286  40.976  -30.004  51.761 0.0000000000
72518  55.369  -12.304  24.124 0.0000000000
129716  55.919  -14.083  28.810 0.0000000000
71497  56.471  -13.898  28.346 0.0000000000
71491  56.486  -13.922  29.196 0.0000000000
72476  58.046  -13.143  29.495 0.0000000000
154290  57.687  -13.397  30.229 0.0000000000
77715  60.838  -8.088  22.742 0.0000000000
77727  60.666  -7.779  22.076 0.0000000000
137284  61.019  -8.101  22.736 0.0000000000
75749  61.549  -9.448  22.147 0.0000000000
74676  60.251  -10.547  26.212 0.0000000000
73557  60.569  -11.796  27.067 0.0000000000
146300  23.122  -36.464  61.951 0.0000000000
47928  23.348  -36.376  62.847 0.0000000000
49043  23.018  -36.404  64.252 0.0000000000
47881  22.733  -36.394  66.351 0.0000000000
138422  16.721  -50.849  66.238 0.0000000000
32400  16.620  -52.454  66.690 0.0000000000
153431  46.867  -17.270  30.915 0.0000000000
67548  46.858  -17.883  32.079 0.0000000000
154696  46.474  -18.254  32.554 0.0000000000
66499  46.513  -18.388  33.194 0.0000000000
59377  43.436  -25.241  42.016 0.0000000000
59376  44.082  -25.098  42.761 0.0000000000
59363  44.449  -25.384  43.617 0.0000000000
59345  45.794  -25.747  45.574 0.0000000000
59332  46.498  -25.505  46.090 0.0000000000
143264  9.379  -50.706  66.574 0.0000000000
34376  8.724  -50.232  66.337 0.0000000000
35267  8.054  -49.090  68.585 0.0000000000
128277  8.481  -49.373  69.295 0.0000000000
35259  8.522  -49.414  70.216 0.0000000000
57466  38.600  -27.273  37.524 0.0000000000
131637  39.183  -27.541  39.782 0.0000000000
48136  26.959  -36.702  49.770 0.0000000000
152310  27.919  -36.656  52.439 0.0000000000
48097  28.553  -36.771  52.321 0.0000000000
48082  28.917  -36.684  53.843 0.0000000000
48051  29.407  -36.688  55.090 0.0000000000
48038  29.923  -36.620  56.547 0.0000000000
42552  22.677  -41.124  61.553 0.0000000000
130430  22.762  -42.221  61.579 0.0000000000
41693  22.480  -42.085  60.001 0.0000000000
41682  22.558  -42.528  60.734 0.0000000000
40812  22.561  -43.087  61.329 0.0000000000
131987  22.014  -43.628  61.044 0.0000000000
40832  21.153  -44.054  60.667 0.0000000000
38076  16.875  -46.326  58.645 0.0000000000
38064  16.691  -46.915  59.319 0.0000000000
37138  16.784  -47.664  60.616 0.0000000000
135044  16.546  -47.627  59.762 0.0000000000
45801  21.583  -38.332  52.371 0.0000000000
45793  21.677  -38.093  53.330 0.0000000000
45792  21.892  -37.718  54.178 0.0000000000
46903  21.975  -37.216  54.920 0.0000000000
45786  21.946  -38.251  54.805 0.0000000000
149858  22.405  -38.967  56.945 0.0000000000
142011  22.298  -39.499  56.399 0.0000000000
138612  22.509  -39.653  59.164 0.0000000000
43595  22.559  -40.334  60.112 0.0000000000
70540  56.389  -14.184  30.920 0.0000000000
70530  56.270  -14.315  31.781 0.0000000000
70516  56.030  -14.516  32.532 0.0000000000
70504  55.739  -14.869  33.170 0.0000000000
70491  56.273  -14.944  34.011 0.0000000000
147290  56.132  -15.637  35.241 0.0000000000
69506  56.289  -15.799  35.804 0.0000000000
149952  51.335  -17.636  36.148 0.0000000000
67496  51.949  -17.569  36.437 0.0000000000
67475  52.710  -17.777  37.756 0.0000000000
67460  52.802  -17.894  38.692 0.0000000000
67441  52.488  -17.808  39.669 0.0000000000
67440  53.264  -17.765  39.540 0.0000000000
65506  42.188  -19.680  33.490 0.0000000000
65492  42.406  -19.752  34.449 0.0000000000
137310  44.571  -19.616  37.750 0.0000000000
65442  45.136  -19.440  38.400 0.0000000000
63428  47.152  -21.505  44.076 0.0000000000
56388  35.083  -28.610  41.453 0.0000000000
147437  35.575  -28.540  42.184 0.0000000000
56326  36.000  -27.865  45.202 0.0000000000
130957  36.785  -28.213  45.004 0.0000000000
154967  38.010  -28.672  45.155 0.0000000000
55349  39.038  -29.011  46.726 0.0000000000
55336  39.975  -29.433  47.808 0.0000000000
49157  32.563  -35.444  51.292 0.0000000000
49170  32.440  -35.302  50.335 0.0000000000
50196  33.734  -34.724  52.441 0.0000000000
50195  34.325  -34.302  52.785 0.0000000000
50180  34.408  -34.480  54.414 0.0000000000
50187  34.405  -34.378  53.592 0.0000000000
51231  34.950  -33.907  53.142 0.0000000000
51230  35.729  -33.595  53.538 0.0000000000
51229  36.554  -33.321  53.673 0.0000000000
71523  52.187  -13.695  26.378 0.0000000000
71521  54.481  -13.899  26.837 0.0000000000
71499  54.880  -14.116  27.585 0.0000000000
70550  55.235  -14.263  28.964 0.0000000000
71484  55.798  -14.216  29.530 0.0000000000
77744  59.521  -6.966  21.690 0.0000000000
76782  59.834  -7.647  21.976 0.0000000000
76754  60.831  -8.422  23.379 0.0000000000
76736  60.994  -8.730  24.096 0.0000000000
75698  60.846  -9.215  24.567 0.0000000000
75694  60.593  -9.730  25.108 0.0000000000
74684  59.307  -10.258  23.829 0.0000000000
130934  59.859  -10.040  24.994 0.0000000000
142127  58.864  -11.615  25.856 0.0000000000
49122  25.072  -35.821  54.506 0.0000000000
48070  25.930  -36.089  54.504 0.0000000000
132133  25.761  -36.105  55.771 0.0000000000
143350  26.183  -36.278  56.899 0.0000000000
136198  25.524  -36.332  58.177 0.0000000000
130385  26.076  -36.441  59.512 0.0000000000
130386  26.854  -36.485  59.401 0.0000000000
47943  27.511  -36.380  62.522 0.0000000000
47946  24.101  -36.331  62.268 0.0000000000
49054  24.709  -36.187  62.829 0.0000000000
49053  25.383  -36.145  62.892 0.0000000000
49040  25.705  -35.933  63.581 0.0000000000
49052  26.036  -36.129  62.965 0.0000000000
37074  18.689  -47.641  66.373 0.0000000000
144964  18.694  -47.743  67.138 0.0000000000
129814  18.406  -48.088  67.590 0.0000000000
36200  18.421  -48.341  68.395 0.0000000000
36191  17.945  -49.069  68.633 0.0000000000
35264  18.622  -49.100  69.533 0.0000000000
35258  18.844  -49.608  69.655 0.0000000000
34373  17.445  -50.894  67.640 0.0000000000
33381  18.183  -52.180  68.355 0.0000000000
33374  18.493  -51.278  68.709 0.0000000000
140954  52.080  -15.444  31.199 0.0000000000
69558  51.543  -15.695  31.560 0.0000000000
69541  51.592  -15.948  32.380 0.0000000000
68574  51.038  -15.959  31.904 0.0000000000
128859  51.265  -16.314  33.131 0.0000000000
68527  51.173  -17.117  34.831 0.0000000000
138668  48.019  -16.573  30.391 0.0000000000
67546  48.432  -17.356  32.642 0.0000000000
67545  49.176  -17.028  32.944 0.0000000000
149751  49.809  -16.905  33.244 0.0000000000
67487  50.772  -17.875  36.507 0.0000000000
67478  50.193  -18.136  37.024 0.0000000000
151880  50.348  -18.314  37.578 0.0000000000
66431  50.513  -18.407  38.226 0.0000000000
62469  42.096  -22.541  36.931 0.0000000000
63497  42.596  -21.812  37.182 0.0000000000
62468  42.727  -22.738  37.451 0.0000000000
62459  43.749  -22.956  38.564 0.0000000000
62451  44.201  -22.833  39.302 0.0000000000
61368  44.071  -23.658  39.663 0.0000000000
61367  44.454  -23.058  40.122 0.0000000000
62402  45.583  -22.364  42.167 0.0000000000
60312  45.057  -23.825  42.938 0.0000000000
60303  46.030  -23.703  44.097 0.0000000000
61319  45.705  -23.278  43.361 0.0000000000
61318  46.286  -23.050  43.858 0.0000000000
62382  46.237  -22.570  43.380 0.0000000000
62364  46.743  -22.416  44.095 0.0000000000
62363  47.338  -22.013  44.682 0.0000000000
54371  34.550  -29.854  45.359 0.0000000000
129255  34.887  -29.575  46.180 0.0000000000
54360  35.334  -29.394  46.795 0.0000000000
51148  35.861  -33.498  60.634 0.0000000000
51158  36.132  -33.744  59.659 0.0000000000
51146  37.740  -33.035  60.633 0.0000000000
32412  12.833  -53.099  65.136 0.0000000000
32403  12.878  -53.097  66.515 0.0000000000
32395  12.617  -52.745  67.297 0.0000000000
33383  12.363  -52.321  68.060 0.0000000000
33382  12.852  -52.242  68.674 0.0000000000
146242  10.412  -51.055  67.739 0.0000000000
34360  11.688  -50.991  70.469 0.0000000000
33366  12.213  -51.493  70.832 0.0000000000
64480  40.844  -20.808  34.426 0.0000000000
64472  40.994  -21.042  34.903 0.0000000000
63507  41.046  -21.892  35.752 0.0000000000
62479  41.519  -22.259  36.374 0.0000000000
60393  42.503  -24.338  37.459 0.0000000000
60406  41.285  -24.250  36.572 0.0000000000
60378  42.818  -24.762  38.205 0.0000000000
60361  43.086  -24.921  39.002 0.0000000000
59483  39.314  -25.216  35.851 0.0000000000
59457  40.617  -25.993  37.045 0.0000000000
146604  40.285  -26.725  38.215 0.0000000000
58491  40.887  -26.285  37.978 0.0000000000
59407  42.777  -25.442  40.630 0.0000000000
151519  43.437  -25.628  42.677 0.0000000000
58432  43.332  -26.384  43.767 0.0000000000
148001  29.758  -36.460  47.592 0.0000000000
48149  30.667  -36.120  48.679 0.0000000000
48133  31.135  -35.877  49.464 0.0000000000
48152  27.884  -36.814  48.829 0.0000000000
48151  28.665  -36.828  48.810 0.0000000000
152751  29.110  -36.994  50.999 0.0000000000
48123  29.596  -36.847  50.593 0.0000000000
136815  29.226  -36.888  49.600 0.0000000000
48135  30.053  -36.623  49.848 0.0000000000
141130  30.632  -36.278  49.903 0.0000000000
49158  31.742  -35.742  50.762 0.0000000000
49144  32.305  -35.690  52.376 0.0000000000
49120  33.341  -35.201  54.235 0.0000000000
49109  32.394  -35.729  55.268 0.0000000000
49108  33.177  -35.315  55.041 0.0000000000
149236  33.760  -34.979  55.537 0.0000000000
130986  34.200  -34.734  56.879 0.0000000000
48054  26.388  -36.257  55.222 0.0000000000
131377  27.116  -36.446  55.773 0.0000000000
130373  27.931  -36.543  55.552 0.0000000000
136817  27.977  -36.501  57.835 0.0000000000
48023  28.347  -36.534  56.989 0.0000000000
48039  28.555  -36.607  56.153 0.0000000000
48022  29.171  -36.619  56.769 0.0000000000
151733  29.716  -36.597  57.293 0.0000000000
48021  30.397  -36.567  57.293 0.0000000000
47941  29.934  -36.536  62.459 0.0000000000
129189  30.122  -36.670  61.127 0.0000000000
47972  30.824  -36.620  61.101 0.0000000000
47987  30.862  -36.630  59.460 0.0000000000
136250  30.834  -36.561  58.010 0.0000000000
132491  31.530  -36.311  57.938 0.0000000000
49083  33.136  -35.414  58.822 0.0000000000
49067  33.087  -35.315  60.554 0.0000000000
49074  33.119  -35.375  59.668 0.0000000000
50130  33.773  -34.934  59.239 0.0000000000
147136  34.549  -34.307  59.771 0.0000000000
51159  35.277  -33.789  59.924 0.0000000000
42497  22.304  -41.251  67.204 0.0000000000
42507  22.234  -41.156  66.368 0.0000000000
41611  22.670  -42.756  67.005 0.0000000000
40756  22.636  -43.745  66.922 0.0000000000
43557  22.611  -41.322  63.042 0.0000000000
42531  22.793  -42.061  63.480 0.0000000000
41632  22.826  -42.866  64.765 0.0000000000
39895  22.282  -44.553  66.836 0.0000000000
38975  21.355  -45.284  64.929 0.0000000000
38958  20.363  -46.168  65.927 0.0000000000
38010  19.733  -46.585  65.495 0.0000000000
42635  20.732  -41.969  56.199 0.0000000000
146465  20.775  -42.663  57.544 0.0000000000
40858  20.424  -43.435  58.106 0.0000000000
130799  20.298  -44.660  60.719 0.0000000000
39996  18.423  -44.885  57.111 0.0000000000
39034  18.132  -45.383  58.594 0.0000000000
39981  18.752  -44.939  58.940 0.0000000000
39951  19.619  -44.770  60.135 0.0000000000
39923  20.405  -45.061  62.131 0.0000000000
38991  20.070  -45.487  62.770 0.0000000000
38984  19.862  -45.800  63.408 0.0000000000
37091  18.007  -47.971  65.071 0.0000000000
36216  17.163  -49.200  64.947 0.0000000000
36244  16.810  -48.363  61.776 0.0000000000
35303  16.598  -49.562  62.569 0.0000000000
34389  16.448  -50.483  64.677 0.0000000000
33406  15.604  -51.894  64.425 0.0000000000
32434  13.234  -52.578  63.880 0.0000000000
49210  25.559  -35.990  48.349 0.0000000000
131317  25.686  -36.081  49.266 0.0000000000
49192  23.128  -35.433  49.791 0.0000000000
49174  23.436  -35.541  50.683 0.0000000000
49160  23.950  -35.547  51.620 0.0000000000
49146  24.865  -35.594  53.075 0.0000000000
49134  24.571  -35.664  53.830 0.0000000000
49110  24.534  -35.771  55.208 0.0000000000
49111  23.944  -35.752  55.889 0.0000000000
49112  23.223  -35.806  55.425 0.0000000000
49103  23.726  -35.926  56.619 0.0000000000
49085  23.455  -36.229  57.830 0.0000000000
47992  23.396  -36.467  59.162 0.0000000000
132833  23.090  -36.514  59.845 0.0000000000
146556  22.101  -36.812  55.577 0.0000000000
46886  22.208  -37.106  56.203 0.0000000000
48043  22.507  -36.589  56.852 0.0000000000
46864  22.523  -37.243  58.678 0.0000000000
48011  22.857  -36.640  58.323 0.0000000000
144541  22.741  -36.737  59.789 0.0000000000
47978  22.674  -36.689  60.547 0.0000000000
47963  22.428  -36.771  61.507 0.0000000000
47930  22.182  -36.995  63.308 0.0000000000
46804  21.901  -37.635  63.821 0.0000000000
46790  21.862  -37.536  64.765 0.0000000000
45701  21.885  -38.234  66.199 0.0000000000
37046  19.531  -47.384  68.931 0.0000000000
31428  13.697  -53.383  66.341 0.0000000000
31420  14.652  -53.470  67.382 0.0000000000
31413  14.852  -53.433  68.271 0.0000000000
31412  15.698  -53.624  68.610 0.0000000000
154231  16.401  -53.885  69.072 0.0000000000
31402  17.134  -54.687  70.035 0.0000000000
140952  52.934  -15.534  32.110 0.0000000000
69529  53.694  -15.653  33.093 0.0000000000
68551  52.764  -16.095  33.523 0.0000000000
69522  53.854  -15.947  33.881 0.0000000000
153628  54.912  -16.033  34.853 0.0000000000
69496  55.991  -16.083  36.396 0.0000000000
68516  53.357  -17.193  36.536 0.0000000000
128414  54.089  -17.112  37.050 0.0000000000
68507  54.885  -16.959  37.510 0.0000000000
152464  54.739  -16.824  36.788 0.0000000000
68506  55.573  -16.527  37.136 0.0000000000
68505  57.145  -16.659  37.940 0.0000000000
68479  57.238  -17.141  38.470 0.0000000000
66513  45.227  -18.716  32.192 0.0000000000
148660  45.880  -18.544  32.726 0.0000000000
66480  46.496  -18.481  33.950 0.0000000000
66482  44.709  -18.982  34.474 0.0000000000
138329  45.287  -18.844  33.894 0.0000000000
155295  45.883  -18.669  34.144 0.0000000000
155214  47.067  -18.581  36.786 0.0000000000
66434  47.759  -18.524  37.230 0.0000000000
66417  49.007  -18.579  38.334 0.0000000000
153119  49.270  -18.442  39.307 0.0000000000
67445  49.024  -17.900  40.314 0.0000000000
63496  43.146  -21.406  37.597 0.0000000000
63488  44.117  -21.153  38.961 0.0000000000
64433  43.936  -20.588  38.384 0.0000000000
65425  45.536  -19.241  39.364 0.0000000000
63438  46.677  -21.272  42.637 0.0000000000
155455  47.512  -19.878  42.627 0.0000000000
64369  46.653  -20.145  41.589 0.0000000000
64383  46.044  -20.028  40.982 0.0000000000
65412  45.743  -19.516  40.228 0.0000000000
66403  46.941  -18.654  39.918 0.0000000000
134144  47.568  -18.313  41.384 0.0000000000
67429  49.599  -17.315  41.105 0.0000000000
57450  37.722  -27.978  38.618 0.0000000000
57435  38.407  -27.870  39.338 0.0000000000
57407  39.232  -27.823  41.447 0.0000000000
138671  36.120  -28.723  41.213 0.0000000000
56387  36.639  -28.653  41.869 0.0000000000
56386  37.576  -28.558  41.603 0.0000000000
56345  38.565  -28.600  43.410 0.0000000000
148016  38.526  -28.499  42.734 0.0000000000
57408  38.399  -28.272  41.439 0.0000000000
57396  38.853  -28.237  42.163 0.0000000000
57394  40.364  -27.505  42.568 0.0000000000
57384  41.348  -27.393  43.681 0.0000000000
57373  42.340  -27.398  44.709 0.0000000000
56303  41.951  -28.152  45.925 0.0000000000
57365  42.537  -27.628  45.468 0.0000000000
57354  43.518  -27.614  46.540 0.0000000000
57353  44.302  -27.354  46.854 0.0000000000
49188  32.340  -35.182  49.532 0.0000000000
50230  32.773  -34.732  49.032 0.0000000000
50236  33.260  -34.216  48.506 0.0000000000
52365  34.009  -32.363  46.236 0.0000000000
133844  34.601  -32.498  48.040 0.0000000000
52353  34.644  -32.113  47.415 0.0000000000
129949  34.623  -31.606  46.597 0.0000000000
53376  35.611  -30.150  47.382 0.0000000000
131860  36.792  -33.866  58.919 0.0000000000
51170  36.362  -33.928  57.952 0.0000000000
51180  37.246  -33.879  57.297 0.0000000000
149969  38.504  -33.793  58.309 0.0000000000
51190  37.029  -33.772  56.400 0.0000000000
130098  37.556  -33.466  54.915 0.0000000000
51228  37.541  -33.202  53.928 0.0000000000
51199  39.756  -32.937  56.484 0.0000000000
151145  40.143  -31.383  56.239 0.0000000000
153325  40.000  -31.943  56.587 0.0000000000
51213  39.653  -33.044  55.515 0.0000000000
51214  39.174  -33.251  54.958 0.0000000000
52241  38.505  -32.897  53.787 0.0000000000
52277  37.902  -32.350  52.352 0.0000000000
53315  37.096  -31.727  50.930 0.0000000000
53313  38.792  -31.070  51.555 0.0000000000
53314  38.053  -31.266  51.060 0.0000000000
54317  37.212  -30.716  49.982 0.0000000000
54324  36.912  -30.198  49.367 0.0000000000
54335  36.635  -29.611  48.676 0.0000000000
55327  36.417  -29.212  47.923 0.0000000000
55326  36.845  -29.080  48.458 0.0000000000
55324  38.095  -29.170  48.873 0.0000000000
130262  38.646  -29.485  49.435 0.0000000000
55338  38.372  -28.968  48.236 0.0000000000
55323  39.141  -29.320  48.597 0.0000000000
55322  40.264  -29.579  48.618 0.0000000000
55321  41.245  -29.568  48.704 0.0000000000
55267  41.074  -29.730  53.647 0.0000000000
55276  41.453  -29.924  52.672 0.0000000000
55274  43.214  -29.497  53.253 0.0000000000
55285  42.260  -29.959  51.668 0.0000000000
55298  41.536  -29.958  50.842 0.0000000000
132413  41.849  -29.885  50.113 0.0000000000
55308  41.581  -29.738  49.465 0.0000000000
55320  42.135  -29.399  48.892 0.0000000000
56252  42.654  -28.849  48.362 0.0000000000
56251  43.437  -28.511  48.647 0.0000000000
56250  44.162  -28.125  48.968 0.0000000000
73586  57.188  -11.687  22.919 0.0000000000
72525  57.517  -12.290  23.647 0.0000000000
72517  56.903  -12.698  24.205 0.0000000000
71506  57.172  -13.591  26.883 0.0000000000
72499  58.468  -12.517  27.085 0.0000000000
73553  59.242  -12.087  28.497 0.0000000000
72475  59.028  -12.573  29.826 0.0000000000
72474  59.621  -12.685  29.835 0.0000000000
32376  19.274  -52.627  68.857 0.0000000000
32386  14.349  -52.870  69.044 0.0000000000
32405  11.590  -52.683  65.979 0.0000000000
33357  11.979  -51.686  70.992 0.0000000000
33365  12.999  -51.818  70.482 0.0000000000
39921  21.704  -44.401  62.087 0.0000000000
42653  21.142  -40.942  54.910 0.0000000000
43656  21.569  -40.332  54.534 0.0000000000
44650  22.500  -39.779  60.604 0.0000000000
44691  21.942  -39.098  54.862 0.0000000000
45765  22.492  -38.887  59.437 0.0000000000
46838  22.151  -37.143  60.759 0.0000000000
47875  22.421  -37.126  67.421 0.0000000000
47894  22.558  -36.599  65.506 0.0000000000
47929  22.818  -36.555  63.443 0.0000000000
47945  25.033  -36.306  62.209 0.0000000000
47956  30.434  -36.603  61.814 0.0000000000
47957  29.642  -36.626  61.703 0.0000000000
47973  28.326  -36.522  60.964 0.0000000000
48002  31.963  -36.083  58.624 0.0000000000
48003  31.266  -36.466  58.714 0.0000000000
48006  27.414  -36.469  58.756 0.0000000000
48007  26.339  -36.423  58.651 0.0000000000
48008  25.357  -36.370  58.926 0.0000000000
48020  31.109  -36.474  57.282 0.0000000000
48027  24.103  -36.117  57.276 0.0000000000
48055  25.471  -35.975  55.187 0.0000000000
48065  31.163  -36.441  54.801 0.0000000000
48066  29.376  -36.679  54.406 0.0000000000
48068  27.365  -36.453  53.956 0.0000000000
48078  32.164  -35.851  53.846 0.0000000000
48079  31.383  -36.287  53.996 0.0000000000
48108  30.963  -36.220  51.065 0.0000000000
48110  29.479  -36.857  51.426 0.0000000000
48121  31.116  -36.018  50.276 0.0000000000
48153  27.075  -36.635  48.892 0.0000000000
49055  24.120  -36.176  63.181 0.0000000000
49068  32.530  -35.756  60.930 0.0000000000
49133  32.902  -35.448  53.696 0.0000000000
50121  33.193  -35.010  61.961 0.0000000000
50159  33.760  -34.989  56.295 0.0000000000
52276  38.839  -31.864  52.568 0.0000000000
52293  36.597  -32.405  51.490 0.0000000000
52294  35.743  -32.698  51.316 0.0000000000
53243  40.321  -31.336  57.014 0.0000000000
53331  37.477  -31.131  50.466 0.0000000000
55269  40.095  -30.345  53.165 0.0000000000
55277  40.361  -30.039  52.530 0.0000000000
55289  38.852  -30.689  51.222 0.0000000000
56254  37.447  -28.867  48.315 0.0000000000
56292  35.623  -28.453  46.542 0.0000000000
56293  35.233  -28.360  46.388 0.0000000000
56309  36.511  -28.130  45.908 0.0000000000
56310  35.181  -28.014  46.362 0.0000000000
56325  37.328  -28.435  45.236 0.0000000000
56363  38.104  -28.528  42.233 0.0000000000
56411  36.551  -28.677  40.443 0.0000000000
57366  41.801  -27.895  45.172 0.0000000000
57375  40.802  -27.924  44.162 0.0000000000
57376  35.180  -27.728  45.350 0.0000000000
57449  39.095  -27.287  38.040 0.0000000000
58513  39.708  -26.320  36.816 0.0000000000
60326  44.273  -24.104  41.705 0.0000000000
62460  43.246  -22.903  38.021 0.0000000000
66415  57.365  -17.943  38.344 0.0000000000
66430  57.498  -18.404  37.793 0.0000000000
66441  58.832  -17.374  36.157 0.0000000000
67473  57.681  -17.370  37.822 0.0000000000
67483  58.617  -17.271  36.476 0.0000000000
68483  54.116  -17.405  39.928 0.0000000000
68503  58.268  -16.792  37.103 0.0000000000
70488  58.871  -14.555  34.617 0.0000000000
70489  57.876  -14.524  34.666 0.0000000000
74664  60.546  -10.802  26.313 0.0000000000
74675  60.760  -10.146  25.660 0.0000000000
129175  28.007  -36.832  51.737 0.0000000000
129176  28.731  -36.956  51.458 0.0000000000
129182  29.950  -36.702  54.673 0.0000000000
129184  26.724  -36.467  60.693 0.0000000000
130192  30.567  -36.597  54.143 0.0000000000
130388  28.992  -36.602  59.293 0.0000000000
130864  22.458  -38.012  58.157 0.0000000000
132112  22.983  -36.502  61.191 0.0000000000
133552  27.863  -36.490  61.717 0.0000000000
134337  56.398  -17.283  39.688 0.0000000000
135138  35.932  -33.891  58.742 0.0000000000
137334  43.529  -22.307  38.292 0.0000000000
138175  38.389  -33.463  55.192 0.0000000000
138372  34.203  -34.245  52.002 0.0000000000
139154  32.148  -35.156  48.810 0.0000000000
140444  40.611  -26.633  38.661 0.0000000000
142278  43.018  -24.148  38.041 0.0000000000
143087  23.683  -35.650  53.860 0.0000000000
144965  33.695  -34.672  51.689 0.0000000000
145010  32.578  -35.720  58.483 0.0000000000
147947  29.347  -36.711  48.763 0.0000000000
148885  27.797  -36.518  53.540 0.0000000000
150889  21.600  -42.870  58.902 0.0000000000
150920  22.291  -43.144  60.684 0.0000000000
151349  34.936  -27.828  45.919 0.0000000000
152095  36.134  -33.564  54.029 0.0000000000
152649  33.269  -35.003  51.322 0.0000000000
153054  27.732  -36.503  54.422 0.0000000000
153292  40.110  -31.733  54.823 0.0000000000
153579  55.485  -16.725  37.783 0.0000000000
153883  22.468  -37.086  59.791 0.0000000000
154042  27.391  -36.491  59.406 0.0000000000
154748  24.608  -36.437  60.077 0.0000000000
