#!ascii label  , from subject sub-v1s21x0050419_ses-1 vox2ras=TkReg
836
33364  24.265  -40.938  61.857 0.0000000000
36010  34.768  -38.358  66.254 0.0000000000
54255  43.438  -18.666  48.448 0.0000000000
45882  34.937  -28.048  54.743 0.0000000000
40374  36.727  -34.125  60.538 0.0000000000
64189  52.466  -7.526  43.125 0.0000000000
52383  42.160  -20.132  53.012 0.0000000000
49704  38.575  -23.876  50.301 0.0000000000
33368  20.118  -41.509  61.325 0.0000000000
36034  29.017  -39.083  64.106 0.0000000000
36921  31.312  -37.695  61.688 0.0000000000
36944  25.815  -37.851  59.775 0.0000000000
58746  47.996  -13.286  46.038 0.0000000000
32415  27.026  -43.031  65.090 0.0000000000
31580  22.720  -43.042  65.496 0.0000000000
55982  48.191  -17.702  48.232 0.0000000000
30649  17.564  -43.564  65.539 0.0000000000
28911  13.503  -45.743  63.882 0.0000000000
45903  39.626  -27.479  53.469 0.0000000000
43249  34.353  -30.607  58.337 0.0000000000
39585  35.175  -34.608  55.029 0.0000000000
122185  33.467  -37.648  58.135 0.0000000000
50560  42.532  -22.432  54.033 0.0000000000
51479  40.322  -21.636  52.183 0.0000000000
111150  41.140  -23.887  52.427 0.0000000000
53237  43.714  -19.732  54.388 0.0000000000
34298  23.945  -40.992  59.316 0.0000000000
33409  20.955  -41.570  59.127 0.0000000000
33366  22.354  -41.752  61.312 0.0000000000
34259  26.244  -40.022  63.588 0.0000000000
36062  27.823  -38.505  62.370 0.0000000000
35174  25.218  -39.285  61.596 0.0000000000
35194  24.519  -39.547  58.336 0.0000000000
112897  43.937  -17.708  46.228 0.0000000000
55081  44.899  -18.204  50.190 0.0000000000
103489  45.946  -18.448  47.853 0.0000000000
55997  46.542  -16.807  46.099 0.0000000000
30614  21.482  -44.158  67.826 0.0000000000
31582  19.836  -43.070  66.127 0.0000000000
109443  18.930  -44.348  67.832 0.0000000000
27230  13.778  -48.027  68.373 0.0000000000
28894  14.016  -46.270  67.140 0.0000000000
27253  12.140  -47.772  66.035 0.0000000000
27255  10.757  -48.677  64.817 0.0000000000
25387  9.588  -49.458  67.156 0.0000000000
43217  36.434  -30.425  60.781 0.0000000000
41263  34.947  -32.351  59.774 0.0000000000
41281  34.258  -32.121  57.852 0.0000000000
40389  35.484  -33.889  58.172 0.0000000000
37799  30.392  -37.073  59.806 0.0000000000
36938  32.981  -37.717  59.746 0.0000000000
107323  30.738  -36.293  57.981 0.0000000000
37862  31.860  -36.186  56.670 0.0000000000
102360  36.888  -27.337  53.885 0.0000000000
46780  37.816  -26.875  51.341 0.0000000000
104716  34.873  -27.427  51.716 0.0000000000
65083  55.608  -6.587  40.561 0.0000000000
105561  53.251  -7.110  41.214 0.0000000000
54227  42.606  -18.916  50.364 0.0000000000
53280  39.885  -19.970  50.324 0.0000000000
54208  43.331  -18.286  52.730 0.0000000000
119444  32.142  -38.935  64.868 0.0000000000
114639  33.091  -38.689  64.036 0.0000000000
36892  30.629  -38.338  63.015 0.0000000000
110204  28.741  -37.423  60.786 0.0000000000
37837  26.941  -36.473  58.610 0.0000000000
57866  50.590  -14.352  47.257 0.0000000000
59627  51.370  -12.075  46.719 0.0000000000
61479  50.938  -10.004  45.468 0.0000000000
62391  50.529  -8.922  43.774 0.0000000000
33326  25.482  -42.024  63.818 0.0000000000
32451  23.682  -42.556  63.233 0.0000000000
31555  25.198  -43.383  65.594 0.0000000000
34249  27.867  -41.220  64.707 0.0000000000
106332  48.191  -15.839  46.389 0.0000000000
115467  21.369  -42.466  63.386 0.0000000000
32455  18.514  -42.476  63.828 0.0000000000
105756  16.107  -43.147  62.608 0.0000000000
29719  16.536  -45.064  67.764 0.0000000000
30651  15.459  -44.498  65.478 0.0000000000
23513  6.757  -52.459  68.037 0.0000000000
46750  41.729  -26.844  53.162 0.0000000000
114636  37.099  -27.812  56.055 0.0000000000
44153  36.381  -29.216  58.663 0.0000000000
44181  35.014  -28.937  56.887 0.0000000000
43276  33.222  -30.783  55.961 0.0000000000
117021  33.842  -32.850  54.951 0.0000000000
39606  32.496  -34.430  52.731 0.0000000000
36059  34.691  -38.517  62.340 0.0000000000
36935  35.603  -38.101  60.039 0.0000000000
38660  36.577  -35.885  58.328 0.0000000000
38681  34.965  -36.342  55.930 0.0000000000
38726  32.932  -35.720  54.897 0.0000000000
46778  39.621  -26.633  51.243 0.0000000000
47770  37.587  -25.886  49.181 0.0000000000
49669  42.493  -23.494  53.772 0.0000000000
50561  41.842  -22.896  53.413 0.0000000000
48698  41.824  -23.988  53.168 0.0000000000
50559  43.297  -22.334  54.701 0.0000000000
34274  23.862  -41.197  61.086 0.0000000000
33386  23.115  -41.451  60.715 0.0000000000
33365  23.365  -41.567  61.741 0.0000000000
34266  24.822  -40.362  62.478 0.0000000000
35167  25.638  -39.125  62.348 0.0000000000
34272  24.797  -40.086  61.635 0.0000000000
34284  24.496  -40.439  59.956 0.0000000000
55111  43.231  -17.933  46.863 0.0000000000
106745  43.927  -18.801  49.050 0.0000000000
54239  45.536  -18.510  49.328 0.0000000000
54254  44.277  -18.684  48.434 0.0000000000
118257  44.719  -17.946  46.499 0.0000000000
27231  12.487  -48.286  67.901 0.0000000000
28076  12.845  -47.428  66.721 0.0000000000
27245  11.539  -48.234  66.623 0.0000000000
120605  11.147  -48.306  65.174 0.0000000000
26333  10.841  -48.572  66.154 0.0000000000
25413  9.758  -49.489  65.741 0.0000000000
41244  35.832  -31.946  61.445 0.0000000000
40375  35.654  -33.199  59.788 0.0000000000
41269  35.070  -32.973  58.959 0.0000000000
39543  35.885  -33.916  59.021 0.0000000000
36018  35.573  -38.320  65.150 0.0000000000
37835  28.957  -36.417  58.452 0.0000000000
112909  30.621  -36.609  58.774 0.0000000000
37834  29.885  -36.304  58.258 0.0000000000
38683  30.004  -35.556  56.593 0.0000000000
45895  35.504  -27.644  54.279 0.0000000000
45906  36.347  -27.197  53.177 0.0000000000
64184  52.543  -7.714  43.885 0.0000000000
65040  53.543  -6.626  44.010 0.0000000000
65065  53.549  -6.638  42.678 0.0000000000
64199  53.828  -6.744  41.903 0.0000000000
103648  53.038  -7.017  42.147 0.0000000000
53269  42.006  -19.051  51.862 0.0000000000
107377  41.146  -19.390  50.497 0.0000000000
53270  41.234  -19.647  51.476 0.0000000000
114589  39.170  -22.944  51.179 0.0000000000
51493  39.209  -21.477  51.228 0.0000000000
50599  38.289  -22.224  50.487 0.0000000000
103653  43.126  -19.872  53.976 0.0000000000
53259  42.862  -18.919  52.944 0.0000000000
54216  43.303  -18.311  51.572 0.0000000000
33389  20.360  -41.547  59.769 0.0000000000
33370  18.325  -41.580  60.986 0.0000000000
36023  30.692  -39.093  64.737 0.0000000000
36032  31.523  -38.820  64.420 0.0000000000
36033  29.935  -38.861  64.086 0.0000000000
36926  26.702  -37.766  61.227 0.0000000000
36907  27.844  -38.083  61.705 0.0000000000
36942  27.030  -37.431  60.608 0.0000000000
37802  27.400  -37.112  60.018 0.0000000000
37803  26.706  -37.237  59.851 0.0000000000
36957  25.622  -37.671  59.011 0.0000000000
43308  32.608  -30.385  53.988 0.0000000000
57867  49.789  -14.290  46.818 0.0000000000
59621  51.193  -13.031  46.986 0.0000000000
59629  49.138  -12.161  46.171 0.0000000000
60530  49.292  -10.375  44.862 0.0000000000
105749  49.417  -9.937  44.429 0.0000000000
62392  50.463  -9.396  44.508 0.0000000000
32429  26.545  -42.198  64.218 0.0000000000
32431  25.289  -42.726  63.998 0.0000000000
31576  26.462  -43.279  65.260 0.0000000000
33322  27.716  -41.975  64.884 0.0000000000
110463  26.765  -41.101  64.133 0.0000000000
56965  49.234  -16.471  47.367 0.0000000000
55989  48.470  -16.703  46.919 0.0000000000
56983  45.809  -15.391  45.134 0.0000000000
31603  22.919  -43.072  64.606 0.0000000000
32452  22.112  -42.704  63.532 0.0000000000
31604  22.055  -42.849  64.861 0.0000000000
113283  18.433  -43.294  65.492 0.0000000000
32435  19.570  -42.455  64.447 0.0000000000
32437  18.022  -42.910  64.376 0.0000000000
110061  17.817  -42.408  63.008 0.0000000000
31606  17.334  -43.204  64.575 0.0000000000
28874  15.975  -46.176  68.631 0.0000000000
28895  13.751  -46.093  65.987 0.0000000000
29744  15.028  -45.094  65.993 0.0000000000
29758  14.143  -45.350  64.510 0.0000000000
30667  14.957  -44.013  63.643 0.0000000000
103136  37.799  -27.712  56.119 0.0000000000
43234  35.127  -30.611  59.744 0.0000000000
44136  36.637  -29.469  59.440 0.0000000000
44154  35.539  -29.474  58.415 0.0000000000
44169  35.319  -29.200  57.645 0.0000000000
44170  34.589  -29.554  57.365 0.0000000000
44183  33.575  -29.959  56.146 0.0000000000
43261  33.933  -30.722  57.592 0.0000000000
40416  34.376  -32.985  56.338 0.0000000000
41302  33.701  -32.415  55.843 0.0000000000
112072  34.669  -33.484  55.231 0.0000000000
40435  33.795  -33.489  53.495 0.0000000000
39594  34.036  -34.433  53.717 0.0000000000
123471  32.565  -38.163  62.989 0.0000000000
36043  33.912  -38.505  62.841 0.0000000000
36919  32.920  -37.859  61.656 0.0000000000
36955  33.131  -37.715  58.887 0.0000000000
36937  33.732  -38.076  59.971 0.0000000000
37810  35.283  -37.815  58.749 0.0000000000
37796  36.297  -37.581  59.391 0.0000000000
37829  35.285  -37.411  57.953 0.0000000000
38674  35.582  -36.812  57.163 0.0000000000
37843  34.672  -37.025  56.762 0.0000000000
104954  30.946  -35.573  55.511 0.0000000000
38702  32.666  -36.109  55.742 0.0000000000
45902  40.675  -27.201  53.090 0.0000000000
46761  40.450  -26.871  52.164 0.0000000000
46762  39.527  -27.081  51.935 0.0000000000
46795  36.528  -26.954  50.049 0.0000000000
46794  37.403  -26.573  50.390 0.0000000000
64202  55.827  -6.898  39.875 0.0000000000
52371  41.976  -20.826  53.342 0.0000000000
52385  40.652  -20.862  52.255 0.0000000000
50568  41.363  -22.246  53.007 0.0000000000
49676  40.499  -23.356  52.056 0.0000000000
49684  40.109  -24.089  51.414 0.0000000000
52360  44.091  -20.558  54.887 0.0000000000
52369  43.347  -20.583  54.434 0.0000000000
107303  22.978  -41.367  59.598 0.0000000000
33387  22.143  -41.525  60.272 0.0000000000
104123  20.853  -41.723  61.387 0.0000000000
35161  27.798  -39.511  63.547 0.0000000000
36049  28.183  -38.993  63.088 0.0000000000
36050  27.294  -38.992  63.072 0.0000000000
36076  25.749  -38.533  61.657 0.0000000000
36083  25.671  -38.263  60.437 0.0000000000
36090  25.348  -38.390  59.423 0.0000000000
114917  24.922  -39.732  59.669 0.0000000000
34297  24.454  -40.237  58.950 0.0000000000
58760  47.078  -12.150  44.808 0.0000000000
31552  27.074  -43.531  66.753 0.0000000000
108738  45.896  -18.150  50.092 0.0000000000
119108  46.239  -18.340  49.412 0.0000000000
55100  46.850  -18.342  47.956 0.0000000000
55108  47.038  -17.637  46.954 0.0000000000
108651  46.166  -18.076  47.116 0.0000000000
55119  45.478  -17.689  46.331 0.0000000000
30631  21.937  -43.668  67.252 0.0000000000
31581  21.783  -42.932  65.794 0.0000000000
30632  21.020  -43.894  67.312 0.0000000000
31560  19.572  -43.647  66.815 0.0000000000
30634  18.712  -43.985  66.955 0.0000000000
28884  14.706  -46.742  67.671 0.0000000000
122249  14.135  -46.854  67.550 0.0000000000
28075  13.311  -46.796  66.376 0.0000000000
28089  13.191  -46.721  65.343 0.0000000000
28105  11.600  -47.640  64.207 0.0000000000
43218  35.715  -30.886  60.525 0.0000000000
42223  34.618  -31.494  59.540 0.0000000000
42258  34.066  -31.273  58.011 0.0000000000
41270  34.527  -32.355  58.583 0.0000000000
40390  34.906  -33.013  57.985 0.0000000000
40399  35.225  -33.994  57.268 0.0000000000
36939  30.856  -37.456  61.088 0.0000000000
36920  32.353  -37.572  61.095 0.0000000000
123295  31.685  -37.223  60.106 0.0000000000
104156  31.912  -36.990  58.799 0.0000000000
37832  32.183  -36.930  58.037 0.0000000000
37844  32.537  -36.801  57.129 0.0000000000
105205  31.587  -36.465  57.613 0.0000000000
38682  30.895  -35.695  56.324 0.0000000000
45905  37.768  -27.309  53.856 0.0000000000
46763  38.513  -27.188  52.096 0.0000000000
46754  37.195  -27.221  53.148 0.0000000000
46766  35.926  -27.036  51.558 0.0000000000
65063  55.060  -6.144  42.251 0.0000000000
64203  54.070  -7.082  40.476 0.0000000000
54242  42.503  -18.875  49.510 0.0000000000
54257  41.476  -18.618  48.213 0.0000000000
54243  41.676  -18.860  49.066 0.0000000000
52396  39.742  -20.860  51.379 0.0000000000
52405  38.478  -20.755  50.036 0.0000000000
54191  44.604  -18.590  54.613 0.0000000000
54201  44.196  -17.989  53.915 0.0000000000
55065  44.383  -17.323  52.334 0.0000000000
54215  43.883  -17.828  51.924 0.0000000000
54226  43.299  -18.590  50.619 0.0000000000
103723  33.280  -38.803  65.820 0.0000000000
36030  33.926  -38.799  64.539 0.0000000000
36031  32.265  -38.676  64.238 0.0000000000
36045  31.644  -38.465  63.619 0.0000000000
107813  30.968  -38.054  62.307 0.0000000000
36061  28.831  -38.423  62.818 0.0000000000
36905  29.359  -37.950  62.244 0.0000000000
122391  30.221  -37.503  61.233 0.0000000000
37800  29.400  -37.204  60.086 0.0000000000
37815  28.688  -36.800  59.290 0.0000000000
37848  27.321  -36.075  57.730 0.0000000000
60520  51.995  -11.481  46.645 0.0000000000
60522  49.216  -11.137  45.559 0.0000000000
118179  51.071  -11.141  46.297 0.0000000000
119039  51.752  -10.246  45.931 0.0000000000
62384  51.625  -9.684  45.461 0.0000000000
63310  51.862  -8.495  44.091 0.0000000000
63314  51.718  -8.076  43.217 0.0000000000
63324  51.453  -8.174  41.883 0.0000000000
33347  24.468  -41.127  62.767 0.0000000000
33333  24.203  -41.934  62.947 0.0000000000
32450  24.639  -42.516  63.559 0.0000000000
31601  24.629  -43.116  64.139 0.0000000000
115456  24.048  -43.360  65.675 0.0000000000
118713  25.396  -43.329  66.386 0.0000000000
30629  23.907  -43.379  66.519 0.0000000000
103472  22.500  -43.963  68.199 0.0000000000
36011  33.924  -38.522  66.481 0.0000000000
36012  32.697  -39.043  66.279 0.0000000000
35141  31.466  -39.530  65.981 0.0000000000
35146  30.258  -39.542  65.436 0.0000000000
114735  29.227  -40.345  65.805 0.0000000000
102389  28.856  -39.696  64.741 0.0000000000
35153  26.805  -40.410  63.980 0.0000000000
34260  25.725  -40.505  63.524 0.0000000000
56955  50.412  -15.571  47.876 0.0000000000
56971  49.593  -15.029  46.839 0.0000000000
57869  47.921  -14.551  46.123 0.0000000000
55996  47.495  -16.585  46.340 0.0000000000
57870  47.217  -15.277  45.879 0.0000000000
58747  47.012  -13.238  45.439 0.0000000000
33349  22.525  -41.994  62.237 0.0000000000
33350  21.503  -41.902  61.953 0.0000000000
33351  20.548  -41.753  62.060 0.0000000000
32434  20.571  -42.479  64.548 0.0000000000
32454  19.442  -42.137  63.367 0.0000000000
33352  19.271  -41.734  62.525 0.0000000000
115715  17.979  -41.957  62.347 0.0000000000
32485  16.699  -42.778  62.074 0.0000000000
30616  18.059  -44.434  67.545 0.0000000000
30635  17.348  -44.021  66.402 0.0000000000
29743  15.765  -44.805  66.312 0.0000000000
31583  16.711  -43.650  65.206 0.0000000000
31608  15.693  -43.683  64.037 0.0000000000
24487  7.968  -51.342  67.211 0.0000000000
117164  42.478  -25.538  53.268 0.0000000000
45891  39.314  -27.520  54.381 0.0000000000
103126  38.105  -27.511  55.368 0.0000000000
45880  37.273  -27.586  55.395 0.0000000000
45881  35.784  -27.806  55.122 0.0000000000
45015  36.741  -28.471  57.295 0.0000000000
45026  35.583  -28.553  56.289 0.0000000000
45037  34.433  -28.583  55.238 0.0000000000
44192  33.991  -29.199  55.698 0.0000000000
104199  33.055  -30.125  55.444 0.0000000000
42285  32.688  -31.389  54.701 0.0000000000
42259  33.645  -31.508  57.390 0.0000000000
41303  33.092  -32.160  54.955 0.0000000000
41315  32.813  -31.943  54.198 0.0000000000
40442  32.997  -33.143  52.596 0.0000000000
40443  32.377  -33.565  52.212 0.0000000000
39521  37.251  -34.547  60.925 0.0000000000
113703  34.852  -38.771  63.839 0.0000000000
36041  35.625  -38.482  63.440 0.0000000000
36072  35.981  -38.245  62.195 0.0000000000
36918  33.921  -38.207  60.954 0.0000000000
36917  35.394  -38.334  60.868 0.0000000000
37785  37.131  -37.578  61.144 0.0000000000
37794  37.581  -36.695  60.549 0.0000000000
38651  37.563  -35.770  60.124 0.0000000000
39542  36.674  -34.798  59.042 0.0000000000
39551  36.043  -34.829  58.286 0.0000000000
39559  35.718  -35.282  56.399 0.0000000000
39573  35.393  -35.297  55.610 0.0000000000
37860  33.706  -36.894  56.528 0.0000000000
106934  33.697  -36.018  55.167 0.0000000000
38725  33.960  -35.563  54.535 0.0000000000
39595  33.312  -34.798  53.467 0.0000000000
47718  41.502  -25.622  52.234 0.0000000000
48722  40.460  -25.034  51.392 0.0000000000
48738  39.137  -24.723  50.377 0.0000000000
46779  38.911  -26.884  51.257 0.0000000000
47750  38.693  -25.574  50.180 0.0000000000
48739  38.427  -24.669  50.025 0.0000000000
104864  51.944  -8.065  41.304 0.0000000000
48696  43.028  -24.237  54.003 0.0000000000
114087  42.499  -24.097  53.608 0.0000000000
49668  43.051  -23.283  54.418 0.0000000000
34273  24.424  -40.612  60.903 0.0000000000
54269  42.891  -18.368  47.709 0.0000000000
122156  42.415  -18.024  47.080 0.0000000000
54268  43.784  -18.411  47.715 0.0000000000
27232  11.695  -48.412  67.473 0.0000000000
27244  12.335  -47.997  67.065 0.0000000000
26325  10.959  -48.698  66.993 0.0000000000
40366  36.739  -33.783  61.277 0.0000000000
41256  36.087  -33.305  60.671 0.0000000000
40382  36.408  -34.013  59.822 0.0000000000
36009  35.542  -38.153  65.948 0.0000000000
105331  34.970  -38.408  65.524 0.0000000000
37847  28.233  -36.074  57.769 0.0000000000
37846  29.106  -35.941  57.661 0.0000000000
38684  29.153  -35.610  56.805 0.0000000000
45907  35.213  -27.495  53.514 0.0000000000
64183  53.149  -7.216  44.453 0.0000000000
64188  52.960  -7.077  43.621 0.0000000000
64195  52.955  -7.031  42.907 0.0000000000
64196  52.482  -7.438  42.454 0.0000000000
53261  41.670  -19.770  52.346 0.0000000000
50598  38.846  -22.248  51.035 0.0000000000
114235  38.683  -23.041  50.700 0.0000000000
49706  37.899  -22.988  50.112 0.0000000000
53250  42.742  -19.613  53.353 0.0000000000
53260  42.364  -19.324  52.622 0.0000000000
33390  19.776  -41.486  60.492 0.0000000000
108858  18.959  -41.573  60.348 0.0000000000
33369  19.209  -41.421  61.295 0.0000000000
35150  29.696  -39.329  64.743 0.0000000000
36943  26.293  -37.679  60.391 0.0000000000
36956  26.138  -37.408  59.501 0.0000000000
41326  32.734  -31.213  53.791 0.0000000000
58745  49.035  -13.283  46.459 0.0000000000
61486  49.182  -9.639  43.354 0.0000000000
32416  27.064  -42.294  64.553 0.0000000000
32417  26.395  -42.833  64.651 0.0000000000
106227  27.513  -42.611  65.145 0.0000000000
55974  48.069  -17.553  49.199 0.0000000000
55973  48.760  -17.324  48.821 0.0000000000
55981  48.744  -17.204  47.792 0.0000000000
55990  48.011  -17.438  47.262 0.0000000000
112598  22.295  -42.902  64.157 0.0000000000
31605  18.006  -43.172  64.940 0.0000000000
28904  13.694  -46.067  64.876 0.0000000000
29745  14.282  -45.485  65.511 0.0000000000
29771  13.943  -45.053  63.583 0.0000000000
43248  34.923  -30.121  58.879 0.0000000000
44137  35.745  -29.769  59.228 0.0000000000
44155  34.832  -29.822  58.074 0.0000000000
122802  34.340  -30.155  57.699 0.0000000000
105294  35.069  -34.067  56.185 0.0000000000
40424  34.937  -34.087  54.466 0.0000000000
39586  34.619  -34.819  54.344 0.0000000000
36902  32.372  -37.887  62.423 0.0000000000
36889  33.092  -38.125  62.569 0.0000000000
102621  32.058  -37.602  61.749 0.0000000000
37811  34.214  -37.877  58.474 0.0000000000
37830  34.415  -37.474  57.586 0.0000000000
46751  39.867  -27.251  52.700 0.0000000000
46752  39.039  -27.369  52.828 0.0000000000
51465  42.237  -21.451  53.747 0.0000000000
51466  41.614  -21.454  53.202 0.0000000000
115235  41.891  -22.097  53.509 0.0000000000
49675  41.214  -23.124  52.735 0.0000000000
52359  44.742  -20.525  55.482 0.0000000000
51464  42.899  -21.441  54.379 0.0000000000
52370  42.608  -20.532  53.812 0.0000000000
33367  21.444  -41.712  60.915 0.0000000000
35162  26.955  -39.663  63.621 0.0000000000
35166  26.336  -39.130  63.033 0.0000000000
122816  25.710  -38.381  61.065 0.0000000000
104185  25.388  -38.828  60.944 0.0000000000
35179  25.239  -39.000  60.104 0.0000000000
35180  24.997  -39.760  60.673 0.0000000000
55073  44.595  -17.675  51.244 0.0000000000
54266  45.217  -18.624  48.354 0.0000000000
55101  46.141  -18.522  48.652 0.0000000000
55094  46.846  -18.232  49.027 0.0000000000
55120  44.663  -17.512  45.764 0.0000000000
31559  21.420  -43.335  66.661 0.0000000000
120140  20.160  -43.952  67.389 0.0000000000
30633  19.426  -44.031  67.404 0.0000000000
28061  14.153  -47.344  67.915 0.0000000000
102576  12.780  -47.223  65.881 0.0000000000
28090  12.323  -47.265  64.942 0.0000000000
103496  10.878  -48.530  65.486 0.0000000000
27263  11.140  -48.201  64.470 0.0000000000
25398  9.491  -49.641  66.311 0.0000000000
25399  8.927  -50.103  66.552 0.0000000000
112157  35.463  -32.489  60.455 0.0000000000
42204  35.591  -31.722  60.879 0.0000000000
42222  35.127  -31.551  60.273 0.0000000000
41264  34.548  -32.156  59.198 0.0000000000
37798  31.033  -37.226  60.331 0.0000000000
37813  31.238  -36.934  59.402 0.0000000000
37833  31.389  -36.668  58.469 0.0000000000
45916  35.713  -27.154  52.483 0.0000000000
64198  54.141  -6.787  41.216 0.0000000000
63328  53.113  -7.756  40.255 0.0000000000
54228  41.816  -19.090  49.959 0.0000000000
53271  40.504  -19.828  50.866 0.0000000000
118209  40.492  -19.577  50.154 0.0000000000
118309  40.134  -21.040  51.859 0.0000000000
51503  38.649  -21.424  50.650 0.0000000000
52417  38.316  -20.409  49.314 0.0000000000
53236  44.442  -19.590  54.904 0.0000000000
53235  44.941  -19.129  55.162 0.0000000000
53248  43.985  -18.839  54.218 0.0000000000
54202  43.707  -18.288  53.559 0.0000000000
54207  43.912  -17.707  53.005 0.0000000000
55058  44.504  -17.347  53.380 0.0000000000
54217  42.660  -18.769  51.265 0.0000000000
105178  43.145  -18.799  49.919 0.0000000000
36021  32.481  -39.096  65.543 0.0000000000
36020  32.956  -38.890  64.895 0.0000000000
36046  30.817  -38.673  63.805 0.0000000000
121344  31.131  -38.462  63.332 0.0000000000
36891  31.364  -38.257  62.926 0.0000000000
36924  28.252  -37.751  61.294 0.0000000000
36906  28.538  -38.066  61.978 0.0000000000
36923  29.058  -37.647  61.539 0.0000000000
106236  29.822  -37.655  61.707 0.0000000000
36941  29.584  -37.442  61.012 0.0000000000
37817  26.995  -36.854  59.426 0.0000000000
37816  27.695  -36.769  59.359 0.0000000000
37836  27.978  -36.452  58.549 0.0000000000
115370  24.837  -39.551  58.996 0.0000000000
36091  24.918  -38.920  58.735 0.0000000000
57858  51.403  -14.425  47.849 0.0000000000
59642  48.034  -11.003  44.554 0.0000000000
61468  50.363  -10.439  45.542 0.0000000000
61467  51.393  -10.664  46.108 0.0000000000
62402  50.573  -8.665  43.072 0.0000000000
33332  24.915  -41.589  63.387 0.0000000000
32418  25.442  -43.119  64.617 0.0000000000
31578  24.460  -43.379  65.009 0.0000000000
31547  26.188  -43.471  66.690 0.0000000000
122979  24.851  -43.233  66.885 0.0000000000
30612  23.232  -43.553  67.581 0.0000000000
103883  33.117  -38.733  66.762 0.0000000000
35145  30.970  -39.378  65.516 0.0000000000
33321  28.267  -41.552  65.336 0.0000000000
34248  28.332  -40.873  65.133 0.0000000000
34247  28.750  -40.272  65.286 0.0000000000
34251  28.157  -40.410  64.553 0.0000000000
34252  27.340  -40.797  64.308 0.0000000000
33325  26.249  -41.643  63.959 0.0000000000
34253  26.234  -40.793  63.861 0.0000000000
33331  25.609  -41.197  63.707 0.0000000000
33346  25.126  -40.740  63.210 0.0000000000
122655  48.741  -16.157  46.809 0.0000000000
56964  49.828  -15.771  47.236 0.0000000000
56972  48.951  -15.469  46.703 0.0000000000
57868  48.916  -14.328  46.518 0.0000000000
57881  46.030  -14.503  45.303 0.0000000000
56973  46.515  -15.803  45.703 0.0000000000
57880  46.812  -14.116  45.612 0.0000000000
33348  23.412  -42.024  62.573 0.0000000000
32480  22.757  -42.496  63.008 0.0000000000
32481  21.851  -42.344  62.809 0.0000000000
32482  20.979  -42.174  62.769 0.0000000000
113816  20.815  -42.931  66.010 0.0000000000
32419  21.150  -42.635  65.126 0.0000000000
32420  20.185  -42.682  65.292 0.0000000000
32483  18.599  -42.040  62.860 0.0000000000
33353  18.566  -41.583  61.966 0.0000000000
32457  16.908  -42.754  62.990 0.0000000000
32484  17.350  -42.303  62.229 0.0000000000
29731  17.080  -44.506  67.208 0.0000000000
28893  15.015  -46.101  67.267 0.0000000000
29757  14.762  -44.878  65.050 0.0000000000
30650  16.190  -44.193  65.761 0.0000000000
30658  15.925  -43.901  64.931 0.0000000000
30659  15.201  -44.258  64.572 0.0000000000
25389  8.167  -50.369  67.654 0.0000000000
24467  7.548  -50.858  67.882 0.0000000000
24468  7.026  -51.377  68.192 0.0000000000
24488  7.401  -51.891  67.577 0.0000000000
46744  41.288  -27.377  53.868 0.0000000000
103672  39.071  -27.494  55.361 0.0000000000
45892  38.380  -27.413  54.571 0.0000000000
45869  36.529  -27.787  55.578 0.0000000000
107482  36.974  -28.666  58.130 0.0000000000
45016  35.886  -28.708  57.076 0.0000000000
45027  34.840  -28.937  55.977 0.0000000000
43262  33.472  -30.748  56.865 0.0000000000
43291  32.737  -30.723  55.160 0.0000000000
42284  33.039  -31.548  55.579 0.0000000000
41292  33.742  -32.359  56.974 0.0000000000
41314  33.478  -32.713  54.183 0.0000000000
41325  33.206  -32.329  53.288 0.0000000000
39605  33.272  -34.026  52.966 0.0000000000
39617  32.001  -34.043  52.072 0.0000000000
36029  34.824  -38.628  64.762 0.0000000000
106794  33.941  -38.701  63.622 0.0000000000
36042  34.703  -38.677  63.142 0.0000000000
36058  35.397  -38.502  62.726 0.0000000000
36073  35.416  -38.402  61.833 0.0000000000
37797  32.300  -37.450  60.346 0.0000000000
103417  32.992  -37.811  60.630 0.0000000000
36952  35.260  -38.056  59.460 0.0000000000
36936  34.706  -38.257  60.185 0.0000000000
36916  36.201  -38.127  61.424 0.0000000000
36934  36.334  -37.928  60.467 0.0000000000
117933  37.030  -37.369  60.169 0.0000000000
121754  36.813  -36.625  58.867 0.0000000000
37795  37.242  -36.672  59.603 0.0000000000
38652  37.155  -35.705  59.225 0.0000000000
38680  35.560  -36.384  56.489 0.0000000000
38679  36.082  -35.855  56.831 0.0000000000
37861  32.905  -36.581  56.354 0.0000000000
118220  33.964  -35.092  53.961 0.0000000000
38742  33.138  -35.307  54.135 0.0000000000
47707  42.001  -26.078  52.819 0.0000000000
47717  41.921  -25.116  52.923 0.0000000000
46777  40.147  -26.575  51.544 0.0000000000
47719  40.825  -26.012  51.659 0.0000000000
47736  40.013  -25.874  51.033 0.0000000000
48723  39.794  -24.827  50.899 0.0000000000
47749  39.437  -25.482  50.571 0.0000000000
46764  37.530  -27.113  52.321 0.0000000000
47751  37.841  -26.019  49.888 0.0000000000
46793  38.378  -26.463  50.593 0.0000000000
47769  37.846  -25.104  49.483 0.0000000000
64207  56.458  -6.741  39.657 0.0000000000
64206  57.030  -6.670  39.027 0.0000000000
107692  51.037  -8.985  41.162 0.0000000000
34285  23.859  -41.082  60.250 0.0000000000
107270  25.549  -39.913  62.949 0.0000000000
120137  25.125  -39.688  62.236 0.0000000000
102660  43.897  -18.577  49.869 0.0000000000
54240  44.651  -18.679  49.212 0.0000000000
55109  45.223  -18.357  47.225 0.0000000000
54267  44.564  -18.506  47.750 0.0000000000
55110  44.251  -18.162  47.045 0.0000000000
30606  21.111  -44.607  68.406 0.0000000000
30615  20.657  -44.343  67.926 0.0000000000
27254  11.346  -48.190  65.791 0.0000000000
26326  10.169  -49.088  66.465 0.0000000000
41257  35.752  -32.451  61.055 0.0000000000
37814  29.796  -36.759  59.143 0.0000000000
116884  30.534  -36.829  59.294 0.0000000000
37845  29.969  -35.867  57.454 0.0000000000
102725  36.038  -27.422  53.777 0.0000000000
124285  35.670  -27.285  53.161 0.0000000000
63309  52.817  -7.955  44.771 0.0000000000
63306  53.316  -8.329  45.575 0.0000000000
65064  54.272  -6.355  42.453 0.0000000000
64204  52.537  -7.665  41.006 0.0000000000
54218  41.925  -19.139  50.914 0.0000000000
50583  39.422  -22.323  51.471 0.0000000000
51492  39.761  -21.618  51.714 0.0000000000
51505  37.743  -22.138  50.049 0.0000000000
53249  43.315  -19.018  53.666 0.0000000000
54209  42.718  -18.689  52.194 0.0000000000
33391  18.327  -41.920  60.251 0.0000000000
36022  31.625  -39.186  65.277 0.0000000000
112208  30.090  -38.538  63.491 0.0000000000
36908  27.129  -38.019  61.868 0.0000000000
36925  27.442  -37.741  61.230 0.0000000000
111546  27.851  -37.428  60.665 0.0000000000
37818  26.435  -36.935  59.101 0.0000000000
37838  26.113  -36.729  58.248 0.0000000000
36967  25.932  -37.157  58.805 0.0000000000
36968  25.478  -37.326  58.044 0.0000000000
44202  32.756  -29.869  54.574 0.0000000000
58739  51.119  -13.813  47.252 0.0000000000
58744  50.186  -13.327  46.872 0.0000000000
59628  50.250  -12.154  46.561 0.0000000000
61480  50.067  -9.815  44.791 0.0000000000
61485  49.495  -9.398  43.052 0.0000000000
32430  25.966  -42.459  64.145 0.0000000000
31577  25.936  -43.312  65.147 0.0000000000
33323  27.234  -41.495  64.420 0.0000000000
33324  26.803  -41.729  64.179 0.0000000000
56008  46.029  -16.241  45.586 0.0000000000
32433  23.067  -42.948  63.764 0.0000000000
103256  21.439  -42.626  64.165 0.0000000000
32421  19.243  -42.931  65.388 0.0000000000
32436  18.624  -42.848  64.760 0.0000000000
32456  17.588  -42.804  63.772 0.0000000000
31622  16.915  -43.075  63.824 0.0000000000
29710  16.645  -45.456  68.479 0.0000000000
28882  15.917  -45.695  67.840 0.0000000000
29734  14.541  -45.647  66.531 0.0000000000
30660  14.583  -44.712  64.103 0.0000000000
45868  38.615  -27.695  56.121 0.0000000000
112436  37.345  -28.040  56.741 0.0000000000
43233  36.062  -30.080  60.023 0.0000000000
45000  36.149  -28.940  57.870 0.0000000000
44182  34.294  -29.408  56.539 0.0000000000
44171  33.954  -30.057  57.085 0.0000000000
41291  34.518  -33.054  57.171 0.0000000000
40425  34.413  -33.443  54.298 0.0000000000
40434  34.579  -34.078  53.973 0.0000000000
36044  33.124  -38.412  63.294 0.0000000000
36060  33.871  -38.265  61.983 0.0000000000
36954  33.652  -37.992  59.230 0.0000000000
36953  34.449  -38.097  59.285 0.0000000000
37809  36.121  -37.105  58.410 0.0000000000
122350  36.034  -36.642  57.796 0.0000000000
38703  31.659  -35.792  55.984 0.0000000000
38727  31.892  -35.683  55.267 0.0000000000
38743  31.943  -35.405  54.306 0.0000000000
46760  41.287  -26.504  52.424 0.0000000000
46781  36.724  -26.816  50.957 0.0000000000
102301  54.946  -7.042  39.990 0.0000000000
52384  41.427  -20.661  52.728 0.0000000000
51478  40.996  -21.538  52.645 0.0000000000
50569  40.699  -22.393  52.440 0.0000000000
50582  40.021  -22.432  51.936 0.0000000000
110265  39.751  -23.182  51.488 0.0000000000
49685  39.349  -23.817  50.885 0.0000000000
51457  43.695  -21.427  54.842 0.0000000000
33408  21.866  -41.504  59.289 0.0000000000
33388  21.181  -41.488  59.919 0.0000000000
103711  20.607  -41.559  60.619 0.0000000000
35151  28.311  -39.707  64.066 0.0000000000
35160  28.420  -39.223  63.653 0.0000000000
36063  26.833  -38.451  62.485 0.0000000000
36064  26.174  -38.559  62.350 0.0000000000
36075  26.407  -38.092  61.867 0.0000000000
36082  26.069  -38.048  61.147 0.0000000000
35185  25.092  -39.131  59.385 0.0000000000
59630  47.976  -12.062  45.549 0.0000000000
31553  26.750  -43.448  65.862 0.0000000000
55080  46.269  -17.559  50.615 0.0000000000
55093  47.535  -18.003  48.626 0.0000000000
55099  47.601  -17.960  47.777 0.0000000000
55118  46.237  -17.460  46.462 0.0000000000
55998  45.860  -16.953  45.861 0.0000000000
55999  45.296  -17.181  45.522 0.0000000000
31558  22.405  -43.216  66.473 0.0000000000
115612  20.459  -43.465  66.758 0.0000000000
31561  18.974  -43.434  66.160 0.0000000000
31562  18.170  -43.787  66.209 0.0000000000
28060  14.963  -47.179  68.189 0.0000000000
109523  13.554  -47.057  67.264 0.0000000000
28912  12.877  -46.512  64.172 0.0000000000
28104  12.123  -47.110  63.764 0.0000000000
28091  11.628  -47.914  65.127 0.0000000000
42203  36.073  -31.207  61.207 0.0000000000
43235  34.517  -30.821  59.146 0.0000000000
42238  34.299  -31.532  58.742 0.0000000000
37786  31.655  -37.410  60.933 0.0000000000
37812  32.238  -37.291  59.420 0.0000000000
112042  32.625  -37.345  58.469 0.0000000000
37831  33.308  -37.289  57.483 0.0000000000
107617  30.857  -35.973  57.157 0.0000000000
45904  38.677  -27.442  53.708 0.0000000000
46753  38.098  -27.277  53.029 0.0000000000
46765  36.603  -27.050  52.442 0.0000000000
119576  36.927  -26.915  51.753 0.0000000000
65074  55.353  -6.333  41.382 0.0000000000
117261  54.602  -6.529  41.665 0.0000000000
65084  54.824  -6.705  40.870 0.0000000000
64209  54.101  -7.625  39.694 0.0000000000
54241  43.241  -18.804  49.228 0.0000000000
54256  42.455  -18.654  48.540 0.0000000000
116727  40.887  -19.185  49.508 0.0000000000
52394  41.025  -20.195  52.142 0.0000000000
52395  40.430  -20.351  51.592 0.0000000000
52403  39.944  -20.281  50.983 0.0000000000
52404  39.239  -20.615  50.664 0.0000000000
52416  39.107  -20.052  49.699 0.0000000000
55072  44.962  -17.076  51.744 0.0000000000
54225  43.994  -18.140  50.870 0.0000000000
36019  34.193  -38.622  65.522 0.0000000000
118267  33.584  -38.820  65.190 0.0000000000
118669  32.412  -38.398  63.545 0.0000000000
36890  32.000  -38.124  63.002 0.0000000000
36903  31.692  -37.902  62.359 0.0000000000
36048  28.775  -38.834  63.462 0.0000000000
36047  29.387  -38.641  63.509 0.0000000000
36893  29.738  -38.285  62.923 0.0000000000
36904  30.179  -37.965  62.335 0.0000000000
36922  30.568  -37.720  61.723 0.0000000000
36940  30.262  -37.330  60.596 0.0000000000
37801  28.287  -37.108  60.059 0.0000000000
36099  25.091  -38.143  58.418 0.0000000000
45047  34.076  -28.300  54.465 0.0000000000
61466  52.312  -10.777  46.491 0.0000000000
60521  50.278  -11.192  46.092 0.0000000000
62374  52.448  -10.069  46.146 0.0000000000
62383  52.441  -9.359  45.660 0.0000000000
63308  51.612  -9.083  44.814 0.0000000000
63307  52.520  -8.655  45.172 0.0000000000
63321  51.875  -7.890  42.558 0.0000000000
114897  23.936  -41.502  62.375 0.0000000000
32432  23.977  -42.988  63.754 0.0000000000
31602  23.795  -43.221  64.354 0.0000000000
31579  23.608  -43.250  65.169 0.0000000000
31554  25.967  -43.484  65.845 0.0000000000
30610  25.426  -43.228  67.101 0.0000000000
31556  24.470  -43.331  65.799 0.0000000000
31557  23.363  -43.237  66.099 0.0000000000
30630  22.904  -43.466  67.009 0.0000000000
30613  22.293  -43.847  67.713 0.0000000000
103176  21.835  -44.291  68.302 0.0000000000
35140  32.089  -39.353  66.150 0.0000000000
35147  29.419  -39.819  65.385 0.0000000000
35152  27.547  -40.145  63.986 0.0000000000
107829  42.003  -18.317  47.637 0.0000000000
57851  50.998  -15.034  48.472 0.0000000000
123126  50.719  -14.924  47.735 0.0000000000
57859  50.178  -15.048  47.240 0.0000000000
32453  20.512  -42.291  63.653 0.0000000000
33334  20.090  -41.929  62.753 0.0000000000
103212  19.734  -41.536  62.031 0.0000000000
118396  19.183  -41.471  61.979 0.0000000000
33354  17.792  -41.887  61.605 0.0000000000
32505  17.274  -42.453  61.501 0.0000000000
106772  17.893  -44.165  66.842 0.0000000000
28883  15.384  -46.438  67.900 0.0000000000
124038  15.517  -45.795  67.401 0.0000000000
29732  15.990  -45.046  67.157 0.0000000000
29733  15.335  -45.414  66.838 0.0000000000
30636  16.516  -44.424  66.494 0.0000000000
118137  16.847  -43.916  65.934 0.0000000000
31607  16.470  -43.413  64.345 0.0000000000
31623  16.206  -43.178  63.481 0.0000000000
31624  15.437  -43.441  63.139 0.0000000000
25388  8.813  -49.910  67.409 0.0000000000
25400  8.424  -50.727  66.853 0.0000000000
47706  43.200  -25.301  53.740 0.0000000000
45890  40.293  -27.587  54.077 0.0000000000
45893  37.484  -27.404  54.630 0.0000000000
45894  36.507  -27.509  54.670 0.0000000000
45014  37.582  -28.206  57.578 0.0000000000
45025  36.453  -28.207  56.419 0.0000000000
45035  35.942  -28.135  55.799 0.0000000000
45036  35.286  -28.362  55.531 0.0000000000
45038  33.599  -28.801  54.941 0.0000000000
44193  33.256  -29.447  55.259 0.0000000000
43292  32.592  -30.705  54.438 0.0000000000
42276  33.351  -31.605  56.517 0.0000000000
104720  33.000  -32.660  52.360 0.0000000000
117612  32.382  -33.053  52.038 0.0000000000
36028  35.512  -38.517  64.262 0.0000000000
123290  35.157  -38.635  63.299 0.0000000000
36901  36.697  -37.866  62.184 0.0000000000
36074  34.679  -38.415  61.462 0.0000000000
121669  34.683  -38.360  60.853 0.0000000000
36915  37.271  -37.263  62.038 0.0000000000
39529  37.586  -35.146  60.670 0.0000000000
39530  37.169  -34.837  59.991 0.0000000000
38673  36.169  -35.782  57.548 0.0000000000
39558  35.837  -34.911  57.395 0.0000000000
38701  33.857  -36.416  55.739 0.0000000000
38700  34.656  -35.666  55.137 0.0000000000
38758  32.324  -35.087  53.396 0.0000000000
48697  42.524  -24.702  53.455 0.0000000000
48710  41.397  -24.677  52.371 0.0000000000
47735  41.042  -25.143  51.847 0.0000000000
48711  40.764  -24.346  51.909 0.0000000000
47737  39.266  -26.240  50.696 0.0000000000
63325  52.075  -7.736  42.160 0.0000000000
64200  52.390  -7.541  41.738 0.0000000000
63329  52.006  -8.326  40.602 0.0000000000
