#!ascii label  , from subject sub-v1s21x0050419_ses-1 vox2ras=TkReg
1254
83784  40.614  17.265  28.517 0.0000000000
85037  41.980  19.177  26.803 0.0000000000
82463  53.060  15.318  34.592 0.0000000000
83087  38.494  16.702  33.645 0.0000000000
83044  43.678  17.177  35.733 0.0000000000
87167  39.692  22.527  23.013 0.0000000000
86433  40.425  21.378  31.619 0.0000000000
89277  43.097  26.275  29.954 0.0000000000
117227  52.912  14.612  41.438 0.0000000000
77963  51.240  9.257  39.761 0.0000000000
83196  42.295  16.471  23.861 0.0000000000
106171  49.031  16.527  29.973 0.0000000000
85017  50.579  19.580  28.487 0.0000000000
116672  50.289  18.608  35.917 0.0000000000
90904  47.577  29.276  33.560 0.0000000000
114871  46.671  23.398  24.122 0.0000000000
81194  47.944  13.956  38.150 0.0000000000
83753  39.856  17.353  31.046 0.0000000000
83695  41.373  17.669  34.541 0.0000000000
103338  42.704  17.360  31.957 0.0000000000
84404  38.684  18.637  25.238 0.0000000000
84374  37.425  18.424  27.997 0.0000000000
88721  38.928  25.278  32.530 0.0000000000
79665  52.532  11.718  44.039 0.0000000000
78816  55.080  9.834  41.933 0.0000000000
76439  54.110  7.475  41.767 0.0000000000
91479  44.550  31.076  29.783 0.0000000000
84400  43.809  18.562  24.495 0.0000000000
84396  47.620  18.379  25.477 0.0000000000
85033  46.646  19.776  26.981 0.0000000000
87034  47.275  23.329  37.075 0.0000000000
86388  48.902  22.001  34.210 0.0000000000
84947  47.145  19.755  36.820 0.0000000000
84286  50.504  19.643  39.872 0.0000000000
87138  42.201  22.804  27.242 0.0000000000
114659  45.249  24.443  27.500 0.0000000000
86505  42.499  21.504  24.366 0.0000000000
85766  41.940  20.406  21.345 0.0000000000
82493  52.060  15.115  30.734 0.0000000000
83063  49.306  16.088  33.854 0.0000000000
81844  50.842  14.746  35.723 0.0000000000
82406  41.807  15.782  37.539 0.0000000000
111023  44.095  14.285  38.329 0.0000000000
102617  44.687  25.826  23.887 0.0000000000
88312  40.537  24.461  25.648 0.0000000000
85697  41.374  20.057  29.621 0.0000000000
85675  45.068  20.426  30.288 0.0000000000
122533  41.583  29.647  37.926 0.0000000000
119534  43.320  27.955  35.419 0.0000000000
88269  40.373  23.934  30.136 0.0000000000
82391  54.408  15.228  38.756 0.0000000000
81145  51.654  13.362  39.724 0.0000000000
79689  51.961  11.567  41.487 0.0000000000
78003  53.961  9.240  38.004 0.0000000000
83171  41.840  16.300  26.249 0.0000000000
114281  44.415  16.704  29.302 0.0000000000
105303  46.153  16.537  26.709 0.0000000000
82512  51.180  16.460  28.219 0.0000000000
104924  52.660  17.755  30.785 0.0000000000
119029  49.780  22.300  30.765 0.0000000000
103670  50.173  20.265  31.416 0.0000000000
83689  52.218  17.462  34.641 0.0000000000
83003  51.698  16.722  39.030 0.0000000000
82379  51.559  15.697  41.802 0.0000000000
91476  42.673  30.213  31.153 0.0000000000
90372  47.454  27.816  30.331 0.0000000000
88755  48.436  25.941  29.720 0.0000000000
88793  47.008  25.591  25.611 0.0000000000
87805  43.679  23.362  21.174 0.0000000000
85091  39.459  19.368  21.812 0.0000000000
83732  46.389  17.429  32.588 0.0000000000
82428  46.224  16.035  36.563 0.0000000000
80491  45.444  12.099  39.133 0.0000000000
79700  49.188  12.162  40.006 0.0000000000
83764  40.599  17.285  30.573 0.0000000000
102413  40.912  17.116  31.975 0.0000000000
83114  41.940  16.662  30.331 0.0000000000
83794  39.652  17.528  27.367 0.0000000000
84380  38.317  18.223  26.756 0.0000000000
83786  39.020  17.923  27.957 0.0000000000
105651  38.856  17.761  29.908 0.0000000000
78799  52.351  10.445  44.215 0.0000000000
77221  53.908  9.648  43.321 0.0000000000
77236  52.442  8.713  43.108 0.0000000000
79719  42.312  11.519  38.417 0.0000000000
85050  42.240  18.942  25.788 0.0000000000
85047  45.652  19.248  25.951 0.0000000000
85035  44.452  19.343  27.141 0.0000000000
86364  45.409  21.362  37.655 0.0000000000
85625  46.527  20.457  36.188 0.0000000000
86490  40.909  20.861  26.694 0.0000000000
105349  42.515  22.090  25.741 0.0000000000
85746  41.306  20.525  25.001 0.0000000000
85754  41.383  20.233  24.051 0.0000000000
82479  53.166  14.876  32.095 0.0000000000
82473  52.164  14.884  33.255 0.0000000000
81851  52.409  14.665  34.660 0.0000000000
107788  37.759  16.384  33.928 0.0000000000
83046  38.920  16.890  34.996 0.0000000000
102677  42.192  17.781  34.939 0.0000000000
83023  41.454  16.872  36.470 0.0000000000
106340  43.097  16.471  36.720 0.0000000000
121643  43.077  14.793  38.154 0.0000000000
82404  44.131  15.373  37.596 0.0000000000
87792  41.808  24.179  23.308 0.0000000000
88310  42.231  25.088  24.662 0.0000000000
87787  40.205  23.431  24.266 0.0000000000
105883  37.704  17.459  32.197 0.0000000000
83719  37.614  17.083  33.012 0.0000000000
85680  40.419  20.804  30.287 0.0000000000
115635  42.384  20.473  30.967 0.0000000000
115497  41.863  21.272  32.305 0.0000000000
87724  39.214  23.007  32.130 0.0000000000
122325  39.886  24.579  31.015 0.0000000000
87116  39.851  22.546  30.405 0.0000000000
103712  40.449  22.223  29.076 0.0000000000
82385  54.350  15.043  40.542 0.0000000000
81143  53.922  14.273  39.979 0.0000000000
81133  52.672  13.950  41.564 0.0000000000
76447  55.893  8.765  40.039 0.0000000000
77960  55.155  9.418  39.720 0.0000000000
77979  56.019  9.042  38.055 0.0000000000
83182  42.423  16.125  25.355 0.0000000000
83154  43.713  16.326  26.526 0.0000000000
83168  44.518  16.265  25.883 0.0000000000
106917  49.142  19.423  26.514 0.0000000000
83802  48.514  17.295  26.649 0.0000000000
85028  51.136  18.380  27.886 0.0000000000
83781  52.295  17.178  28.434 0.0000000000
84364  51.749  19.015  29.324 0.0000000000
86427  46.533  21.808  31.502 0.0000000000
86446  46.992  21.192  30.365 0.0000000000
87096  48.417  23.209  32.401 0.0000000000
84979  49.016  19.519  33.625 0.0000000000
85643  49.684  21.438  32.912 0.0000000000
84978  49.892  18.808  33.611 0.0000000000
84338  51.353  18.451  32.349 0.0000000000
108840  51.285  18.110  34.972 0.0000000000
83658  51.488  17.607  36.437 0.0000000000
84300  50.830  18.163  36.757 0.0000000000
84270  50.177  18.781  40.887 0.0000000000
83646  51.021  18.223  40.360 0.0000000000
90914  44.891  29.404  32.835 0.0000000000
90920  45.101  29.216  30.900 0.0000000000
90343  47.532  28.694  31.965 0.0000000000
89781  42.975  27.091  32.225 0.0000000000
112712  44.422  27.565  34.259 0.0000000000
111429  44.499  26.668  31.283 0.0000000000
111385  46.071  23.953  25.874 0.0000000000
88769  46.249  25.095  28.906 0.0000000000
88289  47.593  24.606  27.278 0.0000000000
88778  49.071  25.600  27.760 0.0000000000
88316  46.899  24.122  24.593 0.0000000000
88324  46.522  23.702  22.641 0.0000000000
87796  46.482  22.760  21.528 0.0000000000
84433  40.954  18.441  22.127 0.0000000000
85772  40.713  19.951  20.903 0.0000000000
83833  40.681  17.428  23.084 0.0000000000
83823  40.687  17.153  23.911 0.0000000000
83109  46.978  17.001  29.766 0.0000000000
83748  45.410  17.525  31.301 0.0000000000
83731  47.134  17.153  31.515 0.0000000000
82425  48.938  15.360  36.168 0.0000000000
82452  47.639  16.168  35.791 0.0000000000
81800  47.031  14.675  37.631 0.0000000000
105671  46.186  14.724  37.819 0.0000000000
81167  46.727  13.409  38.832 0.0000000000
80461  50.509  12.054  40.440 0.0000000000
109021  50.004  12.557  39.808 0.0000000000
78825  49.526  10.464  40.377 0.0000000000
83096  39.439  17.091  32.634 0.0000000000
83718  39.767  16.985  33.678 0.0000000000
102499  40.618  17.088  32.745 0.0000000000
83716  42.069  17.610  33.148 0.0000000000
83715  43.763  17.879  33.794 0.0000000000
122079  38.430  20.824  23.709 0.0000000000
121378  38.803  17.493  31.098 0.0000000000
81123  52.173  13.266  43.209 0.0000000000
79678  53.021  11.646  43.053 0.0000000000
79663  53.392  10.918  43.419 0.0000000000
77239  55.110  8.774  42.232 0.0000000000
84411  42.344  17.649  23.230 0.0000000000
122041  45.111  17.159  24.601 0.0000000000
84398  45.620  18.322  24.754 0.0000000000
112621  47.492  19.321  25.925 0.0000000000
85723  49.394  20.286  27.721 0.0000000000
87686  48.391  24.369  36.125 0.0000000000
87711  48.689  23.408  34.119 0.0000000000
86378  47.994  22.317  35.297 0.0000000000
85630  47.146  20.419  35.343 0.0000000000
84953  48.744  19.096  36.489 0.0000000000
84951  49.946  18.983  37.785 0.0000000000
85618  49.344  19.837  38.339 0.0000000000
84938  50.040  20.302  39.854 0.0000000000
84283  49.581  19.642  40.742 0.0000000000
90898  46.841  29.804  35.076 0.0000000000
123975  42.598  24.281  28.421 0.0000000000
88771  43.845  25.200  28.739 0.0000000000
104401  43.154  23.646  27.395 0.0000000000
104498  44.368  23.052  25.853 0.0000000000
106404  44.127  22.179  24.311 0.0000000000
86510  44.989  21.869  21.836 0.0000000000
86512  42.421  21.086  23.407 0.0000000000
85760  41.516  19.792  22.848 0.0000000000
82495  49.916  15.864  30.298 0.0000000000
83092  49.277  16.223  31.871 0.0000000000
82482  50.068  15.514  32.227 0.0000000000
82466  49.774  15.652  34.568 0.0000000000
81828  49.380  14.821  36.729 0.0000000000
102901  51.919  9.110  37.146 0.0000000000
78006  50.336  9.008  38.163 0.0000000000
82408  40.090  15.622  37.710 0.0000000000
83661  40.580  17.187  36.081 0.0000000000
83008  41.205  16.344  37.165 0.0000000000
109698  40.976  14.456  38.399 0.0000000000
81779  41.627  14.056  38.464 0.0000000000
81170  42.418  13.399  38.521 0.0000000000
80493  43.693  12.189  38.575 0.0000000000
89316  44.101  26.702  25.224 0.0000000000
88785  42.404  26.386  26.125 0.0000000000
85022  41.332  19.645  28.053 0.0000000000
85713  44.769  19.870  28.751 0.0000000000
85695  43.351  20.070  29.666 0.0000000000
85658  44.893  20.734  31.045 0.0000000000
111387  45.713  22.198  32.647 0.0000000000
87698  46.565  24.181  35.023 0.0000000000
87671  47.739  25.558  38.092 0.0000000000
104871  42.519  28.601  36.773 0.0000000000
102490  42.451  27.695  34.601 0.0000000000
89782  41.885  27.044  31.942 0.0000000000
88745  41.488  25.690  30.055 0.0000000000
87752  41.517  23.402  28.615 0.0000000000
104428  40.460  21.035  28.192 0.0000000000
83016  53.509  15.546  35.972 0.0000000000
81797  53.740  14.131  36.761 0.0000000000
81160  53.558  13.896  39.033 0.0000000000
80467  52.137  13.194  40.676 0.0000000000
121101  51.784  9.780  40.449 0.0000000000
78818  53.394  10.730  41.799 0.0000000000
77952  53.124  9.782  40.478 0.0000000000
77981  53.009  9.139  38.961 0.0000000000
83792  40.985  17.020  27.544 0.0000000000
83142  42.638  16.425  28.878 0.0000000000
83141  43.353  16.392  28.290 0.0000000000
83139  45.621  16.464  27.900 0.0000000000
83137  47.464  16.601  28.190 0.0000000000
83177  46.928  16.921  26.071 0.0000000000
83151  47.980  16.726  27.421 0.0000000000
82508  50.040  16.272  28.526 0.0000000000
110086  51.639  15.942  28.599 0.0000000000
83107  53.263  15.859  30.043 0.0000000000
83729  53.357  16.508  32.157 0.0000000000
85712  45.743  20.066  28.598 0.0000000000
85690  48.545  20.903  28.963 0.0000000000
104465  49.793  20.617  29.539 0.0000000000
87094  50.146  23.056  32.793 0.0000000000
86442  49.989  21.604  30.966 0.0000000000
85003  50.765  19.818  30.217 0.0000000000
84347  51.993  18.284  30.870 0.0000000000
84336  52.532  17.792  32.215 0.0000000000
83062  52.849  16.513  34.771 0.0000000000
83017  52.857  16.183  36.168 0.0000000000
82995  53.100  16.117  38.611 0.0000000000
82996  52.939  16.134  39.574 0.0000000000
84290  50.591  18.353  38.661 0.0000000000
82992  51.372  16.959  40.528 0.0000000000
82364  52.076  14.932  42.151 0.0000000000
81124  51.737  13.805  43.333 0.0000000000
90930  44.153  29.919  30.442 0.0000000000
90928  45.639  29.246  29.610 0.0000000000
90404  46.570  27.946  28.141 0.0000000000
89275  45.268  25.964  30.137 0.0000000000
89241  48.093  27.059  31.111 0.0000000000
89273  48.782  26.448  29.544 0.0000000000
113865  48.540  26.458  27.903 0.0000000000
89307  47.233  26.492  26.410 0.0000000000
88803  45.547  25.727  23.824 0.0000000000
88325  44.660  24.909  22.258 0.0000000000
121826  42.189  23.579  21.492 0.0000000000
86524  43.437  21.818  21.249 0.0000000000
87181  41.022  22.144  20.845 0.0000000000
85768  38.841  20.645  22.400 0.0000000000
84425  39.049  19.017  23.549 0.0000000000
83804  40.436  17.023  25.769 0.0000000000
83763  43.933  17.282  30.892 0.0000000000
83734  44.505  17.735  32.349 0.0000000000
83691  45.333  17.337  34.731 0.0000000000
83083  47.687  16.908  33.681 0.0000000000
83066  46.713  17.012  34.721 0.0000000000
83019  45.531  16.558  36.114 0.0000000000
82403  44.955  15.393  37.447 0.0000000000
117834  44.846  13.502  38.572 0.0000000000
81205  51.488  14.024  37.115 0.0000000000
81192  49.853  13.854  38.015 0.0000000000
80488  48.119  12.904  39.111 0.0000000000
77985  49.120  9.120  38.850 0.0000000000
80471  46.843  11.865  39.482 0.0000000000
76451  52.457  7.131  41.116 0.0000000000
110588  53.045  6.600  39.435 0.0000000000
83773  40.643  17.303  29.596 0.0000000000
83127  41.307  16.966  30.016 0.0000000000
118627  40.260  17.320  27.706 0.0000000000
83785  39.744  17.586  28.293 0.0000000000
83774  39.913  17.553  29.228 0.0000000000
77222  52.446  9.463  43.655 0.0000000000
105718  42.888  19.219  26.591 0.0000000000
85049  43.870  19.194  26.386 0.0000000000
85036  43.533  19.358  27.344 0.0000000000
85051  41.138  19.780  26.584 0.0000000000
85747  41.037  20.337  25.963 0.0000000000
84390  41.646  19.276  25.989 0.0000000000
85065  41.342  19.648  25.671 0.0000000000
82471  53.033  15.144  33.722 0.0000000000
81856  52.771  14.941  33.947 0.0000000000
81855  52.965  15.113  34.428 0.0000000000
83069  38.214  16.484  34.348 0.0000000000
83068  39.032  16.742  34.018 0.0000000000
83670  42.967  17.498  35.362 0.0000000000
83045  43.009  16.961  36.095 0.0000000000
82431  43.583  15.970  37.129 0.0000000000
83021  43.833  16.596  36.423 0.0000000000
104165  40.370  23.160  23.331 0.0000000000
87786  41.015  23.759  23.793 0.0000000000
87160  39.733  22.876  23.804 0.0000000000
83738  38.343  17.160  32.667 0.0000000000
83098  38.111  16.805  33.409 0.0000000000
85662  40.723  20.800  30.957 0.0000000000
86432  41.318  21.010  31.680 0.0000000000
86418  39.606  22.354  31.687 0.0000000000
112915  39.496  22.834  31.460 0.0000000000
86434  39.842  21.791  31.229 0.0000000000
86448  39.873  21.796  30.534 0.0000000000
82377  53.572  14.991  41.152 0.0000000000
81132  53.366  14.603  41.011 0.0000000000
77257  56.140  8.892  38.607 0.0000000000
83190  42.634  16.331  24.587 0.0000000000
83181  43.168  16.416  25.197 0.0000000000
83180  44.116  16.543  25.173 0.0000000000
105911  50.027  19.491  27.537 0.0000000000
84379  50.333  18.902  27.619 0.0000000000
85029  50.688  19.208  27.984 0.0000000000
84372  51.850  18.488  28.514 0.0000000000
85016  51.243  19.122  28.468 0.0000000000
87097  47.045  22.558  32.018 0.0000000000
122889  47.100  22.178  31.509 0.0000000000
120428  47.358  23.152  32.720 0.0000000000
84964  49.366  18.883  34.252 0.0000000000
84316  50.159  18.600  34.772 0.0000000000
84315  50.841  18.383  34.401 0.0000000000
84305  50.874  18.348  35.384 0.0000000000
84304  51.300  17.977  35.739 0.0000000000
123129  50.793  18.340  36.164 0.0000000000
83637  50.013  17.855  41.282 0.0000000000
90905  46.806  29.818  33.920 0.0000000000
90915  43.922  29.569  33.185 0.0000000000
90913  46.062  29.285  32.366 0.0000000000
90331  47.991  28.772  33.151 0.0000000000
113184  42.581  26.947  31.480 0.0000000000
89244  43.590  26.860  31.537 0.0000000000
89262  43.788  26.598  30.656 0.0000000000
87776  45.596  23.357  25.170 0.0000000000
88300  46.810  24.280  26.567 0.0000000000
118119  46.678  23.718  24.953 0.0000000000
88309  46.928  24.463  25.542 0.0000000000
87784  46.827  23.862  24.601 0.0000000000
88317  46.686  23.290  23.644 0.0000000000
87785  46.999  22.932  23.332 0.0000000000
83831  42.059  16.917  23.082 0.0000000000
83840  40.906  17.763  22.489 0.0000000000
83197  41.777  16.622  23.511 0.0000000000
83198  41.246  16.941  23.417 0.0000000000
105374  47.921  16.882  30.111 0.0000000000
83746  47.088  17.119  30.669 0.0000000000
83103  47.794  16.843  31.109 0.0000000000
81829  48.488  15.061  36.960 0.0000000000
82426  48.054  15.605  36.382 0.0000000000
113328  47.944  14.506  37.633 0.0000000000
81195  47.192  14.083  38.182 0.0000000000
77953  50.737  9.656  40.273 0.0000000000
79692  50.020  11.245  40.489 0.0000000000
77964  50.296  9.249  39.725 0.0000000000
118294  39.682  17.240  31.895 0.0000000000
83095  40.130  17.146  32.279 0.0000000000
83751  41.745  17.085  31.836 0.0000000000
103225  41.411  17.235  32.574 0.0000000000
103241  42.663  17.625  32.771 0.0000000000
103678  42.881  17.846  33.512 0.0000000000
85076  38.602  19.634  23.850 0.0000000000
85755  38.334  20.481  24.283 0.0000000000
85066  38.396  19.617  24.962 0.0000000000
84373  38.258  18.197  27.553 0.0000000000
84392  37.848  18.788  26.524 0.0000000000
83766  39.201  17.514  30.590 0.0000000000
83754  39.193  17.334  31.451 0.0000000000
80435  52.319  12.412  43.690 0.0000000000
79664  52.867  11.681  43.668 0.0000000000
108519  53.057  11.067  43.925 0.0000000000
77235  54.005  8.659  42.896 0.0000000000
77943  54.642  9.410  42.696 0.0000000000
122732  54.544  8.055  42.279 0.0000000000
76448  55.406  7.959  40.637 0.0000000000
76449  54.499  7.211  40.966 0.0000000000
92035  44.024  31.901  30.124 0.0000000000
116586  43.684  32.601  30.270 0.0000000000
107980  43.307  17.927  23.795 0.0000000000
84410  44.295  17.966  23.998 0.0000000000
84399  44.529  18.462  24.609 0.0000000000
85034  45.895  19.575  26.899 0.0000000000
85046  46.649  19.385  26.029 0.0000000000
85032  47.409  19.704  26.675 0.0000000000
85045  48.161  19.580  26.381 0.0000000000
85724  48.289  20.112  27.291 0.0000000000
87033  48.284  24.147  36.739 0.0000000000
87044  48.373  23.560  35.815 0.0000000000
87045  47.810  22.889  36.147 0.0000000000
86379  46.980  21.436  35.578 0.0000000000
84954  47.132  19.800  36.067 0.0000000000
84958  47.743  19.562  35.680 0.0000000000
113498  47.763  19.479  36.476 0.0000000000
84945  49.427  19.247  37.589 0.0000000000
84946  48.317  19.523  37.380 0.0000000000
85598  49.560  20.987  39.840 0.0000000000
85599  49.460  21.335  40.380 0.0000000000
84935  49.907  20.524  40.189 0.0000000000
84936  49.641  20.515  40.566 0.0000000000
87751  42.224  23.727  28.221 0.0000000000
88293  42.888  23.983  27.906 0.0000000000
87760  42.538  23.403  27.625 0.0000000000
121134  43.030  22.438  25.780 0.0000000000
87151  43.753  22.564  25.362 0.0000000000
87777  44.780  22.686  24.797 0.0000000000
86504  43.495  21.641  23.607 0.0000000000
84401  42.496  18.396  23.704 0.0000000000
85074  41.556  19.457  23.574 0.0000000000
84412  41.957  18.467  22.954 0.0000000000
82494  50.918  15.423  30.596 0.0000000000
82488  49.989  15.660  31.266 0.0000000000
82487  51.202  15.213  31.577 0.0000000000
81852  51.320  14.740  34.876 0.0000000000
82465  50.684  15.133  34.356 0.0000000000
82449  50.281  15.171  35.136 0.0000000000
81845  49.836  15.064  35.942 0.0000000000
81827  50.344  14.638  36.551 0.0000000000
82409  39.193  15.393  37.812 0.0000000000
83010  39.493  16.186  37.246 0.0000000000
83696  40.518  17.342  34.153 0.0000000000
83697  39.751  17.172  34.607 0.0000000000
83672  40.640  17.518  35.161 0.0000000000
83007  41.909  16.335  37.004 0.0000000000
82407  40.950  15.705  37.675 0.0000000000
81805  41.566  14.991  38.127 0.0000000000
81777  43.320  14.076  38.422 0.0000000000
81169  43.411  13.097  38.576 0.0000000000
89323  44.955  26.488  24.511 0.0000000000
88794  43.807  26.028  24.598 0.0000000000
88311  41.338  24.791  25.241 0.0000000000
88796  41.875  25.522  25.627 0.0000000000
88302  41.031  25.244  26.114 0.0000000000
88303  40.243  24.793  26.411 0.0000000000
85009  41.749  19.644  28.939 0.0000000000
85008  42.733  19.670  28.960 0.0000000000
85696  42.311  19.890  29.696 0.0000000000
85659  44.177  20.763  31.308 0.0000000000
86412  45.280  21.654  32.224 0.0000000000
87060  45.586  23.329  34.229 0.0000000000
87687  47.558  24.781  36.089 0.0000000000
111028  42.562  29.845  38.582 0.0000000000
90285  41.885  29.173  37.519 0.0000000000
89741  41.533  27.672  35.032 0.0000000000
124177  41.528  27.514  34.203 0.0000000000
108292  41.945  27.443  33.601 0.0000000000
88260  40.260  24.658  30.601 0.0000000000
88746  40.686  25.397  30.601 0.0000000000
120757  41.093  26.029  30.723 0.0000000000
88259  40.909  24.770  29.984 0.0000000000
88760  41.732  24.854  29.413 0.0000000000
117954  41.063  23.888  29.354 0.0000000000
85698  40.564  20.569  29.516 0.0000000000
107927  40.569  21.729  28.514 0.0000000000
85715  40.592  20.520  28.583 0.0000000000
85023  40.803  20.016  28.141 0.0000000000
82396  54.360  15.094  37.781 0.0000000000
81796  54.231  14.709  37.124 0.0000000000
81773  54.607  14.875  38.581 0.0000000000
80459  52.460  13.200  41.527 0.0000000000
80460  51.610  12.365  41.087 0.0000000000
78823  51.760  10.610  41.067 0.0000000000
79677  53.607  10.840  42.683 0.0000000000
78817  54.342  10.251  42.162 0.0000000000
77980  55.249  9.338  38.566 0.0000000000
77951  54.656  9.766  40.674 0.0000000000
77961  53.704  9.450  39.805 0.0000000000
77962  52.356  9.321  39.788 0.0000000000
102902  53.174  9.272  37.075 0.0000000000
83157  41.838  16.514  27.264 0.0000000000
117254  42.702  16.334  28.066 0.0000000000
83156  42.505  16.325  27.353 0.0000000000
103434  44.718  16.320  26.826 0.0000000000
83140  44.902  16.386  27.792 0.0000000000
83153  45.560  16.431  27.139 0.0000000000
83138  46.817  16.563  28.051 0.0000000000
103697  47.116  16.576  27.497 0.0000000000
83812  46.371  17.493  25.185 0.0000000000
83178  46.347  16.934  25.673 0.0000000000
83811  47.136  17.418  25.613 0.0000000000
83162  50.357  17.002  27.899 0.0000000000
83164  48.294  16.931  26.950 0.0000000000
83150  49.254  16.894  27.705 0.0000000000
83135  49.212  16.651  28.118 0.0000000000
83134  50.238  16.568  28.152 0.0000000000
117512  50.660  15.935  28.817 0.0000000000
119531  51.646  16.303  28.161 0.0000000000
83771  52.622  17.086  29.344 0.0000000000
83117  52.737  16.293  29.151 0.0000000000
83760  53.053  16.775  30.142 0.0000000000
83744  53.490  16.097  31.351 0.0000000000
83745  53.149  17.075  31.311 0.0000000000
85693  45.390  20.226  29.469 0.0000000000
86445  47.957  21.749  30.457 0.0000000000
86459  47.758  21.104  29.793 0.0000000000
86458  48.851  21.502  29.926 0.0000000000
85689  49.404  21.003  29.289 0.0000000000
86457  49.641  21.617  30.197 0.0000000000
87058  49.045  22.884  34.406 0.0000000000
87709  50.093  23.394  33.298 0.0000000000
87077  50.148  23.171  33.538 0.0000000000
85651  49.856  20.511  32.142 0.0000000000
85650  50.054  21.594  31.675 0.0000000000
85657  50.021  21.188  31.026 0.0000000000
85673  50.016  20.740  30.503 0.0000000000
84994  50.430  20.040  30.813 0.0000000000
84355  51.600  19.130  30.098 0.0000000000
84986  50.913  19.161  31.465 0.0000000000
84314  51.917  17.729  33.995 0.0000000000
104725  51.942  17.853  32.431 0.0000000000
84327  52.094  17.631  33.090 0.0000000000
83710  52.488  17.385  33.030 0.0000000000
123541  52.617  17.160  34.482 0.0000000000
83038  52.851  16.228  35.485 0.0000000000
83666  52.588  16.812  35.683 0.0000000000
83655  51.757  17.127  37.135 0.0000000000
83002  52.269  16.547  37.877 0.0000000000
84944  49.948  19.429  38.666 0.0000000000
84297  50.310  18.646  37.942 0.0000000000
84285  50.781  18.919  39.604 0.0000000000
82982  51.045  16.634  41.370 0.0000000000
82981  51.800  16.002  41.066 0.0000000000
91471  42.229  29.920  31.833 0.0000000000
91472  41.471  30.172  32.184 0.0000000000
91477  41.696  30.577  31.255 0.0000000000
91475  43.450  29.849  31.010 0.0000000000
90355  46.664  28.471  30.600 0.0000000000
90356  45.925  29.075  30.653 0.0000000000
90373  46.284  28.596  29.464 0.0000000000
90390  47.011  27.958  29.174 0.0000000000
88279  44.402  24.693  28.003 0.0000000000
88758  44.533  25.767  29.342 0.0000000000
88770  44.999  25.292  28.713 0.0000000000
88768  47.706  25.245  28.940 0.0000000000
88756  46.933  25.533  29.695 0.0000000000
88743  47.593  26.146  30.404 0.0000000000
89274  48.485  26.587  30.257 0.0000000000
89259  48.337  26.752  30.354 0.0000000000
88792  47.542  25.368  26.304 0.0000000000
89299  49.058  26.051  27.364 0.0000000000
89306  48.067  26.000  26.857 0.0000000000
89826  47.726  26.453  27.156 0.0000000000
89313  46.879  26.333  25.756 0.0000000000
89321  46.570  25.905  24.946 0.0000000000
88802  46.236  25.288  24.162 0.0000000000
88333  45.468  24.238  21.230 0.0000000000
88819  46.210  24.690  21.917 0.0000000000
88334  44.000  24.563  21.577 0.0000000000
87799  43.061  24.594  22.014 0.0000000000
86519  42.921  21.172  21.429 0.0000000000
86518  44.050  21.676  21.796 0.0000000000
85765  42.303  20.871  20.832 0.0000000000
85097  40.028  19.654  21.295 0.0000000000
122134  40.897  20.642  20.719 0.0000000000
85773  40.154  20.426  21.081 0.0000000000
86520  40.170  21.985  21.590 0.0000000000
85767  39.340  20.144  21.681 0.0000000000
116832  39.208  19.207  22.359 0.0000000000
83184  41.208  16.525  25.086 0.0000000000
106222  40.078  17.436  24.519 0.0000000000
83172  41.159  16.584  26.026 0.0000000000
83793  40.470  17.120  26.805 0.0000000000
83124  43.502  16.623  29.304 0.0000000000
102606  43.285  16.875  30.285 0.0000000000
83112  44.163  16.938  30.072 0.0000000000
106997  45.907  17.603  31.954 0.0000000000
116670  45.178  17.676  31.983 0.0000000000
83733  45.453  17.648  32.781 0.0000000000
83714  44.549  17.781  33.295 0.0000000000
83713  45.383  17.582  33.800 0.0000000000
83081  49.288  16.105  32.827 0.0000000000
83093  48.541  16.573  32.391 0.0000000000
83082  48.516  16.583  33.319 0.0000000000
82453  46.819  16.353  35.889 0.0000000000
83040  47.202  16.649  35.224 0.0000000000
83018  46.168  16.554  35.866 0.0000000000
83042  45.762  16.939  35.433 0.0000000000
82429  45.299  16.039  36.846 0.0000000000
82402  45.796  15.392  37.292 0.0000000000
118227  45.695  13.291  38.864 0.0000000000
81775  45.384  14.224  38.334 0.0000000000
123237  44.951  12.750  38.761 0.0000000000
80492  44.558  12.039  38.745 0.0000000000
79716  44.921  11.099  38.840 0.0000000000
81189  53.176  13.865  37.479 0.0000000000
81204  52.566  13.957  36.710 0.0000000000
81162  51.431  13.653  38.677 0.0000000000
81163  50.289  13.563  38.561 0.0000000000
124326  49.300  12.657  39.465 0.0000000000
80487  48.965  13.009  38.948 0.0000000000
80469  48.619  12.406  39.542 0.0000000000
102899  49.704  9.041  37.577 0.0000000000
118829  49.621  9.051  38.313 0.0000000000
78007  48.968  9.082  38.090 0.0000000000
83752  40.420  17.249  31.494 0.0000000000
124243  41.298  17.055  31.048 0.0000000000
83104  42.195  16.923  31.135 0.0000000000
83806  38.946  17.814  26.196 0.0000000000
84391  38.497  18.413  26.038 0.0000000000
83795  38.944  17.817  27.035 0.0000000000
84365  38.273  18.219  28.504 0.0000000000
83775  39.081  17.829  29.026 0.0000000000
83765  39.952  17.471  30.144 0.0000000000
78790  52.516  11.073  44.224 0.0000000000
78798  52.964  10.617  44.027 0.0000000000
77929  53.022  9.988  43.879 0.0000000000
119919  53.229  9.316  43.430 0.0000000000
77241  53.134  8.007  42.633 0.0000000000
120683  42.836  18.613  24.603 0.0000000000
85063  44.247  19.008  25.328 0.0000000000
85064  43.287  19.026  25.518 0.0000000000
113396  45.176  19.350  26.838 0.0000000000
87035  46.058  22.195  37.341 0.0000000000
86371  46.572  21.767  36.380 0.0000000000
85626  45.839  20.937  36.815 0.0000000000
105891  47.319  19.907  37.815 0.0000000000
86489  41.237  21.613  26.944 0.0000000000
118225  41.851  22.247  26.862 0.0000000000
87147  41.834  21.792  26.147 0.0000000000
86499  41.450  21.137  25.490 0.0000000000
87152  42.135  21.620  25.214 0.0000000000
86506  41.683  21.011  24.415 0.0000000000
85075  41.311  19.854  24.891 0.0000000000
84402  41.708  19.144  24.566 0.0000000000
82486  52.672  14.809  31.487 0.0000000000
122024  51.904  15.076  32.030 0.0000000000
82480  52.533  14.852  32.412 0.0000000000
81843  51.949  14.412  35.410 0.0000000000
83671  41.506  17.617  35.257 0.0000000000
83659  42.110  17.291  35.789 0.0000000000
83022  42.380  16.683  36.577 0.0000000000
82405  42.659  15.988  37.239 0.0000000000
81804  42.483  15.247  37.890 0.0000000000
117160  43.290  15.357  37.690 0.0000000000
81803  43.773  14.789  38.116 0.0000000000
88812  42.878  25.101  23.672 0.0000000000
88804  43.067  25.535  24.329 0.0000000000
88318  42.228  24.623  23.874 0.0000000000
88319  41.565  24.403  24.334 0.0000000000
87778  39.982  23.748  25.147 0.0000000000
119296  37.069  17.409  32.514 0.0000000000
83088  37.383  16.617  33.657 0.0000000000
109348  37.138  16.241  34.105 0.0000000000
85679  41.036  20.425  30.302 0.0000000000
85678  41.900  20.178  30.373 0.0000000000
85661  41.584  20.545  31.023 0.0000000000
86431  42.336  20.924  31.709 0.0000000000
88251  39.061  23.923  32.108 0.0000000000
88734  39.371  25.254  31.837 0.0000000000
88250  39.481  24.460  31.479 0.0000000000
87740  39.847  23.938  30.852 0.0000000000
87739  39.966  23.292  30.403 0.0000000000
87745  40.284  22.969  29.720 0.0000000000
87123  40.039  21.935  29.813 0.0000000000
86461  40.116  21.211  29.991 0.0000000000
112962  54.629  15.152  39.773 0.0000000000
81771  54.854  15.021  39.472 0.0000000000
81138  53.979  14.738  40.502 0.0000000000
81139  53.151  14.001  40.829 0.0000000000
80454  52.405  12.331  41.821 0.0000000000
77950  55.339  9.535  41.231 0.0000000000
78820  54.838  10.026  41.485 0.0000000000
77949  55.722  9.081  40.195 0.0000000000
77959  55.916  9.045  39.096 0.0000000000
78002  55.372  9.396  37.476 0.0000000000
123518  42.136  16.099  25.848 0.0000000000
103433  42.899  16.314  26.674 0.0000000000
83169  42.996  16.326  25.905 0.0000000000
83167  45.496  16.366  26.193 0.0000000000
84389  48.505  18.772  25.995 0.0000000000
83810  48.008  17.773  26.033 0.0000000000
84388  49.248  18.691  26.568 0.0000000000
83800  49.991  17.571  27.640 0.0000000000
83148  51.272  16.766  28.064 0.0000000000
83133  51.814  16.410  28.145 0.0000000000
83782  51.867  17.829  27.897 0.0000000000
84363  52.254  17.997  29.252 0.0000000000
84354  52.153  18.391  30.102 0.0000000000
86447  46.310  21.258  30.878 0.0000000000
85674  46.068  20.694  30.141 0.0000000000
107536  47.222  21.828  31.044 0.0000000000
122888  48.181  22.310  31.018 0.0000000000
87108  49.174  22.754  31.528 0.0000000000
85634  48.458  20.516  33.886 0.0000000000
86398  49.445  21.796  33.598 0.0000000000
120718  49.114  20.536  33.283 0.0000000000
108964  49.450  19.847  32.874 0.0000000000
105917  50.515  19.242  32.124 0.0000000000
117304  50.874  18.525  33.213 0.0000000000
102361  51.448  18.088  34.172 0.0000000000
109903  51.695  17.776  34.862 0.0000000000
83667  52.018  17.387  35.514 0.0000000000
84296  50.943  17.901  37.475 0.0000000000
84281  50.503  19.331  40.356 0.0000000000
84280  50.916  19.037  40.200 0.0000000000
83647  50.671  18.599  40.612 0.0000000000
83635  50.798  17.690  40.922 0.0000000000
90907  43.792  29.982  33.913 0.0000000000
90922  43.293  29.519  32.003 0.0000000000
90921  44.316  29.324  31.481 0.0000000000
90344  46.381  29.050  31.633 0.0000000000
90354  48.149  28.076  31.548 0.0000000000
89756  43.017  27.519  33.833 0.0000000000
89740  43.872  27.785  34.874 0.0000000000
104882  43.552  27.309  33.171 0.0000000000
89769  44.177  27.041  32.581 0.0000000000
88301  45.647  24.110  26.816 0.0000000000
88278  45.655  24.744  28.136 0.0000000000
88290  46.357  24.388  27.417 0.0000000000
88277  47.058  24.701  28.153 0.0000000000
88276  48.574  24.967  28.016 0.0000000000
88767  49.036  25.719  28.773 0.0000000000
88288  48.444  25.017  27.150 0.0000000000
88298  47.681  24.999  26.425 0.0000000000
88308  47.070  24.853  25.570 0.0000000000
88323  46.494  24.180  23.881 0.0000000000
88332  46.612  23.530  21.526 0.0000000000
87797  45.879  23.173  20.868 0.0000000000
106284  41.406  19.581  21.683 0.0000000000
85771  41.549  20.417  20.767 0.0000000000
84441  40.677  18.972  21.615 0.0000000000
84434  40.442  18.448  22.039 0.0000000000
84423  40.222  18.076  22.545 0.0000000000
83834  39.943  17.902  23.130 0.0000000000
83192  41.283  16.655  24.108 0.0000000000
83122  46.038  16.964  29.492 0.0000000000
83111  45.043  16.944  29.819 0.0000000000
83761  46.416  17.200  30.322 0.0000000000
83747  46.320  17.376  31.169 0.0000000000
124156  46.590  17.422  31.904 0.0000000000
82467  48.884  16.067  34.762 0.0000000000
83039  48.016  16.412  35.017 0.0000000000
82451  48.500  15.918  35.596 0.0000000000
82427  47.168  15.802  36.520 0.0000000000
81831  46.660  15.308  37.177 0.0000000000
123604  46.689  14.401  38.005 0.0000000000
81774  46.312  14.062  38.381 0.0000000000
80490  46.316  12.561  39.302 0.0000000000
80468  51.042  12.783  40.190 0.0000000000
81146  50.649  13.211  39.352 0.0000000000
80462  49.768  11.898  40.207 0.0000000000
79693  49.237  11.363  40.311 0.0000000000
83097  38.795  16.955  33.030 0.0000000000
83086  39.198  16.882  33.285 0.0000000000
83085  39.873  17.009  32.955 0.0000000000
83717  40.372  17.112  33.370 0.0000000000
103636  41.213  17.421  33.515 0.0000000000
83694  42.130  17.854  34.039 0.0000000000
83693  43.086  17.847  34.470 0.0000000000
83669  43.729  17.547  35.081 0.0000000000
87168  39.010  21.934  23.067 0.0000000000
104386  39.164  22.386  23.762 0.0000000000
102377  38.227  21.053  24.950 0.0000000000
84405  38.212  19.175  25.853 0.0000000000
83776  38.251  18.162  29.506 0.0000000000
83767  38.258  17.863  30.633 0.0000000000
83755  38.468  17.440  31.692 0.0000000000
83737  39.022  17.154  32.257 0.0000000000
88242  38.694  24.438  32.656 0.0000000000
87725  38.737  23.549  32.875 0.0000000000
81750  52.269  14.179  42.440 0.0000000000
102798  52.368  13.603  42.370 0.0000000000
80445  52.474  12.519  43.169 0.0000000000
78813  54.044  10.236  43.011 0.0000000000
78797  53.565  10.315  43.570 0.0000000000
77944  54.226  9.849  43.065 0.0000000000
77946  55.294  9.463  42.028 0.0000000000
77244  55.702  8.941  41.217 0.0000000000
76459  55.487  7.812  39.652 0.0000000000
83822  42.716  17.081  23.785 0.0000000000
83188  44.139  16.880  24.706 0.0000000000
83820  44.641  17.382  24.414 0.0000000000
84408  45.452  17.679  24.617 0.0000000000
84397  46.250  18.187  24.869 0.0000000000
85062  45.156  18.731  25.143 0.0000000000
85061  46.135  18.805  25.184 0.0000000000
85060  47.075  18.832  25.262 0.0000000000
85044  48.583  19.400  26.203 0.0000000000
85031  48.983  19.909  26.711 0.0000000000
85722  49.974  19.844  27.911 0.0000000000
87712  47.866  23.704  34.205 0.0000000000
87078  48.136  23.470  33.362 0.0000000000
87696  48.446  23.824  35.003 0.0000000000
87695  48.717  23.280  34.630 0.0000000000
117404  48.502  22.372  34.741 0.0000000000
123831  47.290  21.236  35.118 0.0000000000
86389  47.817  21.151  34.644 0.0000000000
84966  47.826  19.911  34.727 0.0000000000
84957  48.537  19.124  35.344 0.0000000000
119467  49.437  18.788  35.952 0.0000000000
84301  50.359  18.531  36.929 0.0000000000
84952  49.821  18.811  36.832 0.0000000000
122085  49.719  19.505  38.358 0.0000000000
84940  49.739  20.023  38.950 0.0000000000
85604  49.775  20.430  39.476 0.0000000000
84934  50.287  19.960  40.159 0.0000000000
84271  49.833  18.876  40.915 0.0000000000
124127  49.351  18.193  41.051 0.0000000000
90897  47.514  29.241  34.390 0.0000000000
88759  42.413  25.643  29.546 0.0000000000
106881  43.436  25.713  29.329 0.0000000000
117624  42.722  24.908  28.911 0.0000000000
88280  43.305  24.564  28.249 0.0000000000
88292  43.654  24.119  27.592 0.0000000000
87770  42.941  23.120  26.986 0.0000000000
87759  43.826  23.542  26.808 0.0000000000
88291  44.565  24.111  27.187 0.0000000000
87768  44.950  23.685  26.318 0.0000000000
108807  45.159  22.268  23.639 0.0000000000
87166  45.401  22.076  22.362 0.0000000000
124215  44.648  21.809  23.273 0.0000000000
107422  43.409  21.210  22.372 0.0000000000
86513  42.435  20.614  22.225 0.0000000000
106137  41.686  20.496  23.252 0.0000000000
110290  41.711  20.088  22.244 0.0000000000
85086  41.432  18.801  22.251 0.0000000000
84422  41.528  17.758  22.677 0.0000000000
83108  48.477  16.683  30.768 0.0000000000
83101  49.224  16.387  30.968 0.0000000000
82481  51.220  15.079  32.608 0.0000000000
103394  50.149  15.541  33.934 0.0000000000
82450  49.385  15.605  35.373 0.0000000000
81193  48.479  14.114  37.906 0.0000000000
78005  51.308  8.986  38.078 0.0000000000
77983  50.796  9.029  38.978 0.0000000000
113796  39.436  14.558  38.372 0.0000000000
83673  39.731  17.195  35.580 0.0000000000
83025  39.798  16.813  36.551 0.0000000000
83660  41.258  17.354  35.777 0.0000000000
83024  40.686  16.750  36.739 0.0000000000
83009  40.373  16.305  37.238 0.0000000000
81806  40.624  15.041  38.095 0.0000000000
81780  40.256  14.434  38.422 0.0000000000
81172  40.770  13.705  38.648 0.0000000000
81778  42.424  14.439  38.316 0.0000000000
80494  42.787  12.360  38.514 0.0000000000
88795  42.741  25.823  25.153 0.0000000000
89317  43.264  26.389  25.406 0.0000000000
87161  39.354  22.974  24.580 0.0000000000
110333  41.826  19.371  27.571 0.0000000000
111327  42.583  19.332  27.487 0.0000000000
85020  43.164  19.487  28.191 0.0000000000
85714  43.768  19.788  28.886 0.0000000000
85694  44.398  20.130  29.602 0.0000000000
85677  42.871  20.297  30.401 0.0000000000
85676  44.011  20.398  30.521 0.0000000000
119888  45.590  20.853  30.769 0.0000000000
86428  45.624  21.324  31.453 0.0000000000
86411  46.084  21.984  32.090 0.0000000000
87059  46.741  23.682  34.142 0.0000000000
87697  47.889  24.267  35.100 0.0000000000
88222  48.259  25.314  37.003 0.0000000000
87679  47.843  24.780  37.810 0.0000000000
90306  43.694  28.368  36.312 0.0000000000
90320  42.426  28.042  35.641 0.0000000000
89770  42.422  27.268  32.883 0.0000000000
89245  41.964  26.832  31.149 0.0000000000
88733  39.757  25.965  31.796 0.0000000000
89246  41.189  26.564  31.310 0.0000000000
89263  41.724  26.436  30.600 0.0000000000
88744  42.227  26.258  30.061 0.0000000000
88281  41.965  24.175  28.813 0.0000000000
87761  41.849  23.055  27.934 0.0000000000
87753  40.858  23.010  29.013 0.0000000000
87131  41.074  22.520  28.349 0.0000000000
87139  41.508  22.351  27.524 0.0000000000
113135  40.673  20.957  27.386 0.0000000000
85039  40.945  19.879  27.465 0.0000000000
82448  53.487  15.184  35.476 0.0000000000
81841  53.735  14.852  35.603 0.0000000000
81824  54.051  14.734  36.285 0.0000000000
81188  54.060  14.188  37.541 0.0000000000
105661  52.381  13.625  39.171 0.0000000000
81144  52.859  13.659  39.965 0.0000000000
79691  50.950  11.226  40.877 0.0000000000
115053  51.064  10.219  40.688 0.0000000000
80453  52.459  12.716  42.348 0.0000000000
79688  52.911  11.566  42.199 0.0000000000
78819  52.524  10.988  41.509 0.0000000000
78821  53.886  10.220  41.259 0.0000000000
78822  52.704  10.353  41.024 0.0000000000
77982  51.809  9.028  38.969 0.0000000000
78004  52.477  9.049  38.043 0.0000000000
83783  41.388  16.853  28.164 0.0000000000
83126  41.947  16.481  29.429 0.0000000000
83143  42.054  16.407  28.357 0.0000000000
103713  44.225  16.473  28.492 0.0000000000
102879  44.015  16.347  27.571 0.0000000000
83123  45.190  16.614  28.736 0.0000000000
102590  46.156  16.663  28.417 0.0000000000
83121  46.840  16.724  28.868 0.0000000000
83119  48.399  16.624  29.297 0.0000000000
83179  45.050  16.470  25.409 0.0000000000
117101  45.768  16.608  25.721 0.0000000000
83166  46.395  16.660  26.232 0.0000000000
83803  47.640  17.085  26.294 0.0000000000
83165  47.287  16.812  26.592 0.0000000000
83152  46.894  16.598  26.890 0.0000000000
83136  48.323  16.614  28.435 0.0000000000
83118  49.162  16.391  28.875 0.0000000000
82501  49.907  15.992  29.323 0.0000000000
117687  50.976  15.646  29.572 0.0000000000
108938  51.836  15.319  30.031 0.0000000000
82505  52.456  16.035  28.755 0.0000000000
82499  52.854  15.682  29.623 0.0000000000
106785  52.964  14.826  30.675 0.0000000000
82485  53.210  14.949  31.177 0.0000000000
82484  53.432  15.414  31.892 0.0000000000
83080  53.262  15.862  32.879 0.0000000000
85019  44.158  19.526  28.055 0.0000000000
85018  45.193  19.578  27.773 0.0000000000
85726  46.191  19.959  27.721 0.0000000000
86460  46.874  20.745  29.773 0.0000000000
85691  47.348  20.543  29.138 0.0000000000
115616  47.817  20.343  28.284 0.0000000000
85710  48.748  20.570  28.073 0.0000000000
85709  49.602  20.473  28.589 0.0000000000
85708  49.943  20.067  28.617 0.0000000000
87723  49.317  23.461  33.320 0.0000000000
87095  49.872  23.326  32.524 0.0000000000
87107  50.039  22.702  31.670 0.0000000000
86410  50.070  22.153  32.514 0.0000000000
86409  50.145  22.472  31.984 0.0000000000
86443  49.813  22.049  30.830 0.0000000000
86456  49.761  21.285  30.326 0.0000000000
85672  50.237  20.288  29.973 0.0000000000
85007  50.431  19.854  29.254 0.0000000000
103601  51.078  19.597  29.665 0.0000000000
84337  51.855  18.190  31.635 0.0000000000
84346  52.776  18.016  31.659 0.0000000000
83730  53.007  17.582  32.292 0.0000000000
83709  52.918  16.775  32.988 0.0000000000
83061  53.046  16.018  34.310 0.0000000000
83037  53.037  15.687  35.150 0.0000000000
83005  53.453  15.723  36.851 0.0000000000
83657  52.282  16.970  36.269 0.0000000000
83006  52.641  16.360  36.958 0.0000000000
111752  53.818  15.623  38.404 0.0000000000
82392  53.888  15.585  39.203 0.0000000000
82393  53.775  15.446  40.112 0.0000000000
82386  53.575  15.251  40.862 0.0000000000
103331  51.243  17.411  38.213 0.0000000000
117858  51.092  18.462  39.827 0.0000000000
83649  51.319  17.624  39.891 0.0000000000
82997  51.869  16.614  39.897 0.0000000000
82991  52.630  15.914  40.522 0.0000000000
82378  52.743  15.285  41.403 0.0000000000
104004  52.810  14.730  41.628 0.0000000000
81113  51.883  13.103  43.755 0.0000000000
80436  52.000  12.390  44.049 0.0000000000
90929  45.002  29.898  29.784 0.0000000000
90938  45.656  29.573  28.699 0.0000000000
90391  45.949  28.676  28.515 0.0000000000
90415  46.263  27.662  27.279 0.0000000000
89738  47.725  28.727  34.573 0.0000000000
90326  48.031  28.881  33.940 0.0000000000
89276  44.161  26.213  29.968 0.0000000000
89261  44.917  26.406  30.740 0.0000000000
88757  45.642  25.554  29.519 0.0000000000
120004  48.109  27.719  32.335 0.0000000000
89752  48.173  28.451  33.295 0.0000000000
90342  48.263  28.266  32.429 0.0000000000
89792  48.024  27.228  31.042 0.0000000000
89803  48.304  27.155  29.837 0.0000000000
89288  49.120  26.112  28.391 0.0000000000
89812  48.616  26.751  28.804 0.0000000000
89827  47.299  27.028  27.820 0.0000000000
89841  46.774  27.105  26.666 0.0000000000
89314  46.332  26.593  25.358 0.0000000000
88809  45.987  24.691  23.223 0.0000000000
88810  45.138  25.236  23.065 0.0000000000
88811  43.922  25.429  23.478 0.0000000000
88326  43.476  24.980  22.599 0.0000000000
104546  42.310  24.145  22.183 0.0000000000
119417  40.389  22.851  22.556 0.0000000000
87170  45.717  22.321  21.498 0.0000000000
87171  44.517  22.093  21.576 0.0000000000
87178  43.643  22.507  21.188 0.0000000000
85777  42.155  21.062  20.579 0.0000000000
87180  42.024  22.187  20.645 0.0000000000
87806  42.728  22.997  20.989 0.0000000000
87800  41.605  22.936  21.150 0.0000000000
87172  40.688  22.702  21.742 0.0000000000
87173  39.501  21.942  22.360 0.0000000000
86514  39.010  21.394  22.544 0.0000000000
84414  38.895  18.867  24.346 0.0000000000
84413  39.482  18.344  23.746 0.0000000000
84403  39.395  18.009  24.669 0.0000000000
83815  39.687  17.492  25.425 0.0000000000
83805  39.649  17.444  26.435 0.0000000000
83125  42.573  16.577  29.780 0.0000000000
83113  42.573  16.788  30.522 0.0000000000
116710  43.061  17.137  31.089 0.0000000000
83762  44.796  17.313  30.677 0.0000000000
83750  43.712  17.551  31.743 0.0000000000
83735  43.539  17.758  32.773 0.0000000000
83692  44.578  17.714  34.182 0.0000000000
83668  44.456  17.470  34.917 0.0000000000
83102  48.513  16.616  31.527 0.0000000000
83094  47.780  16.870  32.801 0.0000000000
83711  47.008  17.145  33.140 0.0000000000
83065  47.487  16.838  34.489 0.0000000000
83084  46.876  17.134  33.979 0.0000000000
83712  46.204  17.384  33.439 0.0000000000
83067  46.086  17.111  34.914 0.0000000000
83043  44.916  17.055  35.569 0.0000000000
112000  44.286  16.985  35.927 0.0000000000
82430  44.434  16.010  37.005 0.0000000000
81802  44.635  14.747  38.055 0.0000000000
81801  45.395  14.901  37.805 0.0000000000
81776  44.624  14.107  38.389 0.0000000000
81168  44.096  13.649  38.495 0.0000000000
109534  44.257  12.861  38.639 0.0000000000
81842  53.022  14.591  35.261 0.0000000000
124109  52.559  14.179  35.883 0.0000000000
81826  51.491  14.326  36.361 0.0000000000
81191  50.760  13.891  37.766 0.0000000000
81206  50.753  14.212  37.036 0.0000000000
81798  49.838  14.227  37.313 0.0000000000
109774  49.139  13.988  37.924 0.0000000000
81165  48.523  13.601  38.454 0.0000000000
77984  49.912  9.053  38.979 0.0000000000
77955  49.159  9.866  40.120 0.0000000000
78826  48.591  10.561  40.183 0.0000000000
103755  48.425  9.084  38.700 0.0000000000
77966  48.472  9.722  39.823 0.0000000000
79701  48.507  11.626  40.043 0.0000000000
113014  47.908  11.045  39.932 0.0000000000
80470  47.762  11.954  39.619 0.0000000000
81166  47.626  13.463  38.651 0.0000000000
80489  47.215  12.720  39.264 0.0000000000
80472  46.134  11.761  39.379 0.0000000000
76433  52.255  7.918  42.384 0.0000000000
76440  52.988  7.510  41.864 0.0000000000
76450  53.328  7.144  41.012 0.0000000000
76438  55.115  7.991  41.612 0.0000000000
76441  51.956  7.341  41.690 0.0000000000
76461  53.673  6.825  40.235 0.0000000000
77240  53.820  7.835  42.382 0.0000000000
77249  56.016  8.923  39.365 0.0000000000
77954  49.889  9.704  40.197 0.0000000000
77965  49.330  9.375  39.613 0.0000000000
77986  48.445  9.296  39.283 0.0000000000
78791  51.850  10.867  44.374 0.0000000000
78812  54.687  9.775  42.509 0.0000000000
78824  50.329  10.344  40.552 0.0000000000
81142  54.583  14.827  39.980 0.0000000000
81147  49.759  13.103  39.086 0.0000000000
81159  54.477  14.542  39.252 0.0000000000
81161  52.694  13.753  38.354 0.0000000000
81164  49.408  13.547  38.493 0.0000000000
81187  54.259  14.350  38.355 0.0000000000
81190  51.996  13.873  37.693 0.0000000000
81751  51.539  14.548  42.873 0.0000000000
81761  53.890  15.047  40.858 0.0000000000
81766  54.454  15.051  40.374 0.0000000000
81795  54.370  14.697  37.849 0.0000000000
81799  48.870  14.424  37.385 0.0000000000
81825  53.410  14.315  35.991 0.0000000000
81830  47.572  15.215  37.114 0.0000000000
81849  53.229  15.042  35.068 0.0000000000
81850  52.972  14.948  34.665 0.0000000000
82384  54.664  15.092  40.040 0.0000000000
82397  53.951  15.453  37.706 0.0000000000
82398  39.915  15.009  38.091 0.0000000000
82401  54.104  15.244  36.751 0.0000000000
82424  54.036  15.147  35.934 0.0000000000
82464  51.801  14.769  34.074 0.0000000000
82472  52.997  14.955  33.005 0.0000000000
82474  50.977  15.050  33.564 0.0000000000
82475  50.084  15.484  33.182 0.0000000000
82478  53.225  15.186  32.848 0.0000000000
82491  53.421  15.540  30.864 0.0000000000
82492  53.135  15.220  30.355 0.0000000000
82500  52.246  15.622  29.398 0.0000000000
82506  52.048  16.231  28.223 0.0000000000
82507  50.943  16.256  28.298 0.0000000000
83001  53.289  15.972  37.728 0.0000000000
83020  44.729  16.568  36.338 0.0000000000
83041  46.469  16.809  35.348 0.0000000000
83064  48.359  16.594  34.213 0.0000000000
83110  45.666  17.264  30.474 0.0000000000
83120  47.632  16.708  29.120 0.0000000000
83132  52.209  16.382  28.320 0.0000000000
83147  51.969  16.879  27.905 0.0000000000
83149  50.325  16.767  28.081 0.0000000000
83155  43.174  16.317  27.422 0.0000000000
83158  41.280  16.738  26.772 0.0000000000
83163  49.370  17.082  27.468 0.0000000000
83170  42.379  16.221  26.332 0.0000000000
83183  41.808  16.136  25.494 0.0000000000
83187  44.776  16.836  24.785 0.0000000000
83189  43.370  16.604  24.792 0.0000000000
83191  41.945  16.169  24.439 0.0000000000
83687  52.836  16.884  33.916 0.0000000000
83688  52.354  17.437  33.886 0.0000000000
83690  46.105  17.288  34.280 0.0000000000
83736  42.117  17.365  32.453 0.0000000000
83749  44.589  17.570  31.493 0.0000000000
83772  41.348  16.896  29.040 0.0000000000
83791  51.434  17.463  27.875 0.0000000000
83799  50.819  17.277  27.868 0.0000000000
83801  49.295  17.763  26.921 0.0000000000
83809  48.714  18.037  26.386 0.0000000000
83813  45.580  17.021  25.078 0.0000000000
83814  40.578  17.041  24.790 0.0000000000
83816  38.992  17.990  25.517 0.0000000000
83819  45.903  17.591  24.912 0.0000000000
83821  43.587  17.249  24.369 0.0000000000
83824  40.049  17.645  23.817 0.0000000000
83832  41.423  17.120  22.944 0.0000000000
84282  50.071  19.694  40.511 0.0000000000
84291  50.278  19.216  39.123 0.0000000000
84306  49.382  18.750  35.067 0.0000000000
84328  51.644  18.008  33.232 0.0000000000
84386  50.626  18.020  27.729 0.0000000000
84387  49.838  18.422  27.311 0.0000000000
84409  45.009  18.107  24.397 0.0000000000
84424  39.471  18.647  22.871 0.0000000000
84435  39.763  18.711  22.089 0.0000000000
84442  40.117  19.012  21.581 0.0000000000
84965  48.630  19.346  34.400 0.0000000000
84977  50.066  19.227  32.674 0.0000000000
84993  51.268  19.081  30.778 0.0000000000
85010  40.982  20.025  28.808 0.0000000000
85021  42.180  19.428  28.239 0.0000000000
85030  49.561  19.803  27.165 0.0000000000
85038  41.423  19.520  27.102 0.0000000000
85043  49.715  19.256  27.039 0.0000000000
85048  44.769  19.160  26.152 0.0000000000
85059  47.942  19.106  25.743 0.0000000000
85087  38.866  19.455  22.956 0.0000000000
85092  38.833  19.823  22.300 0.0000000000
85095  41.077  19.541  21.169 0.0000000000
85096  40.523  19.400  21.275 0.0000000000
85660  43.278  20.700  31.269 0.0000000000
85663  40.151  21.253  30.744 0.0000000000
85692  46.353  20.369  29.310 0.0000000000
85711  46.759  20.199  28.482 0.0000000000
85725  47.168  20.064  27.568 0.0000000000
85727  40.658  20.381  27.802 0.0000000000
85736  40.802  20.273  26.997 0.0000000000
85761  38.535  20.290  23.199 0.0000000000
86387  49.798  22.800  33.952 0.0000000000
86397  50.084  22.645  33.330 0.0000000000
86425  50.052  22.053  31.307 0.0000000000
86426  47.817  22.570  31.535 0.0000000000
86444  48.881  22.177  30.757 0.0000000000
86472  40.291  21.248  29.102 0.0000000000
86480  40.876  21.700  27.816 0.0000000000
86511  44.478  21.610  22.462 0.0000000000
86515  38.629  21.199  23.237 0.0000000000
86521  39.563  21.145  21.746 0.0000000000
86525  42.670  21.422  20.839 0.0000000000
86526  40.509  21.285  20.881 0.0000000000
86531  42.289  21.589  20.602 0.0000000000
87043  48.610  23.109  35.074 0.0000000000
87109  39.658  22.356  31.038 0.0000000000
87146  42.531  22.502  26.449 0.0000000000
87157  45.998  22.796  22.866 0.0000000000
87158  45.783  22.980  24.009 0.0000000000
87159  43.048  22.048  24.944 0.0000000000
87169  46.375  22.487  21.848 0.0000000000
87177  44.650  22.962  21.446 0.0000000000
87179  42.840  22.056  20.758 0.0000000000
87678  48.522  25.041  37.241 0.0000000000
87685  48.470  23.694  35.338 0.0000000000
87710  49.681  23.303  34.021 0.0000000000
87732  39.418  23.516  31.492 0.0000000000
87767  46.919  24.188  25.581 0.0000000000
87769  43.397  22.860  26.249 0.0000000000
87790  46.938  22.924  22.347 0.0000000000
87791  42.612  24.602  22.993 0.0000000000
87793  41.258  23.470  22.425 0.0000000000
87798  44.511  23.849  21.037 0.0000000000
88223  47.307  25.482  37.243 0.0000000000
88231  38.341  24.948  33.307 0.0000000000
88299  47.435  24.651  26.449 0.0000000000
88320  40.795  24.070  24.790 0.0000000000
88784  48.500  25.578  26.956 0.0000000000
88801  46.701  24.949  24.766 0.0000000000
89312  47.514  25.891  26.391 0.0000000000
89780  48.250  27.819  31.820 0.0000000000
89813  47.513  27.375  28.763 0.0000000000
89853  46.681  26.958  25.981 0.0000000000
90332  47.345  29.163  32.601 0.0000000000
90863  40.958  29.786  37.698 0.0000000000
91480  43.401  30.791  30.517 0.0000000000
93184  43.903  33.377  30.125 0.0000000000
103095  46.353  16.512  27.463 0.0000000000
103203  42.675  26.703  30.719 0.0000000000
103572  39.651  23.058  30.939 0.0000000000
104729  50.053  19.931  39.389 0.0000000000
105108  54.508  9.482  36.860 0.0000000000
105289  41.229  21.172  26.242 0.0000000000
105302  43.709  16.373  25.682 0.0000000000
105497  52.619  17.027  35.104 0.0000000000
107529  50.964  17.911  39.269 0.0000000000
108557  39.409  17.618  29.780 0.0000000000
109102  43.157  24.024  21.308 0.0000000000
109347  43.925  17.743  34.489 0.0000000000
109710  44.218  17.272  35.448 0.0000000000
111069  46.932  18.076  25.127 0.0000000000
113234  47.793  16.821  31.943 0.0000000000
113255  51.161  19.390  28.991 0.0000000000
113759  45.351  20.746  38.034 0.0000000000
113790  53.100  15.550  33.662 0.0000000000
114486  49.263  20.743  28.443 0.0000000000
115029  53.087  16.213  33.591 0.0000000000
115333  52.747  15.109  30.038 0.0000000000
116767  53.374  16.215  30.684 0.0000000000
116985  54.208  9.322  39.015 0.0000000000
117490  39.311  25.677  32.191 0.0000000000
118311  41.050  19.036  21.706 0.0000000000
118558  39.063  24.691  32.087 0.0000000000
119546  39.896  21.898  31.873 0.0000000000
120331  42.810  16.631  24.346 0.0000000000
120927  51.391  18.637  28.135 0.0000000000
121089  47.127  17.154  32.314 0.0000000000
121265  41.530  21.316  20.586 0.0000000000
121698  38.737  25.622  33.174 0.0000000000
121727  52.545  17.594  29.965 0.0000000000
121768  55.329  9.484  40.502 0.0000000000
122227  51.564  19.068  28.813 0.0000000000
122591  41.995  18.781  24.974 0.0000000000
122643  41.458  19.966  21.146 0.0000000000
123630  49.727  20.198  28.162 0.0000000000
123642  53.653  13.897  38.088 0.0000000000
123953  40.052  22.412  22.253 0.0000000000
