#!ascii label  , from subject sub-v1s21x0050419_ses-1 vox2ras=TkReg
769
48319  26.211  -26.079  4.066 0.1428571492
47354  24.896  -26.866  3.981 0.1428571492
48337  25.737  -25.545  3.723 0.1428571492
47352  26.746  -26.699  4.453 0.1428571492
48320  25.168  -26.308  3.815 0.1428571492
49317  26.715  -25.253  3.884 0.1428571492
50260  25.829  -23.760  3.024 0.5714285970
49334  27.189  -24.579  3.482 0.1428571492
50258  28.597  -23.841  3.459 0.2857142985
49333  28.032  -24.442  3.605 0.2857142985
51190  28.837  -23.160  3.119 0.1428571492
52133  29.185  -21.284  1.556 0.2857142985
52134  28.544  -21.631  1.146 0.1428571492
51219  28.170  -22.153  1.496 0.2857142985
53012  29.715  -20.249  0.515 0.2857142985
52997  29.438  -20.749  1.054 0.2857142985
53917  29.683  -19.447  -0.295 0.2857142985
54831  30.573  -18.372  -1.257 0.2857142985
55713  32.924  -16.743  -2.400 0.8571428657
54839  31.519  -18.166  -2.240 0.4285714328
54818  30.857  -18.746  -0.645 0.2857142985
57575  32.888  -15.387  -2.610 0.7142857313
109943  33.900  -16.903  -3.093 0.7142857313
55724  33.425  -16.877  -2.673 0.7142857313
55714  32.084  -17.162  -2.321 0.7142857313
110514  33.780  -14.698  -3.991 0.8571428657
57574  33.634  -15.529  -3.305 0.5714285970
101371  32.928  -14.397  -2.754 0.8571428657
56582  32.775  -16.031  -2.118 0.7142857313
56583  32.590  -15.402  -1.444 0.7142857313
61131  33.928  -11.931  -5.090 0.4285714328
59350  33.091  -14.071  -4.306 0.7142857313
58456  32.911  -14.675  -3.541 0.8571428657
61118  34.442  -11.283  -2.244 0.2857142985
62012  33.707  -10.745  -2.025 0.5714285970
62026  33.676  -12.638  -3.722 0.8571428657
101386  34.031  -12.934  -2.467 0.7142857313
102302  33.077  -12.782  -4.167 0.8571428657
62931  35.387  -9.754  -3.684 0.1428571492
62922  35.002  -10.735  -2.896 0.1428571492
118349  33.896  -10.091  -2.584 0.4285714328
61105  33.544  -11.489  -1.525 0.5714285970
101378  32.892  -12.250  -1.259 0.8571428657
64701  35.765  -8.184  -5.754 0.1428571492
62938  36.009  -9.353  -4.407 0.1428571492
107628  34.523  -9.078  -3.809 0.1428571492
62932  34.116  -9.538  -3.126 0.4285714328
102479  32.993  -11.969  -1.264 0.8571428657
65597  36.292  -6.293  -7.703 0.1428571492
64717  36.722  -6.834  -7.131 0.1428571492
65588  36.019  -7.049  -7.190 0.1428571492
63837  35.086  -8.628  -4.690 0.1428571492
64702  34.120  -7.857  -4.978 0.4285714328
63823  33.468  -8.859  -3.126 0.5714285970
62013  32.966  -10.029  -2.014 0.7142857313
123695  32.137  -11.007  -1.212 0.8571428657
65589  34.929  -6.661  -7.080 0.1428571492
65598  35.467  -5.810  -7.798 0.1428571492
65578  33.822  -7.081  -5.784 0.1428571492
63824  32.603  -8.670  -2.500 0.8571428657
61999  32.689  -10.709  -1.436 0.8571428657
62905  32.158  -9.833  -1.591 0.8571428657
67295  35.087  -4.679  -7.860 0.1428571492
66461  34.761  -5.249  -7.827 0.2857142985
66451  34.361  -5.998  -7.288 0.1428571492
65590  33.563  -6.361  -6.238 0.8571428657
64692  32.994  -7.751  -3.784 0.8571428657
63839  32.986  -8.289  -3.204 0.7142857313
68170  34.086  -3.727  -8.556 0.1428571492
102168  34.103  -3.056  -8.573 0.1428571492
66462  33.566  -5.056  -7.314 0.4285714328
67287  32.618  -4.971  -6.373 0.8571428657
66442  32.608  -5.998  -5.345 0.8571428657
65560  32.088  -7.144  -3.470 0.8571428657
67307  33.731  -4.176  -8.209 0.4285714328
67275  32.259  -5.287  -5.438 0.8571428657
65580  32.220  -6.480  -4.406 0.8571428657
66443  31.662  -5.701  -4.416 0.8571428657
68180  34.161  -3.018  -9.011 0.1428571492
68190  34.044  -2.835  -9.722 0.2857142985
68171  33.435  -3.770  -8.723 0.5714285970
68160  32.605  -4.118  -7.898 0.8571428657
67297  32.934  -4.610  -7.383 0.8571428657
67288  31.896  -4.494  -6.197 0.8571428657
108655  33.629  -1.913  -10.781 0.2857142985
68191  33.175  -3.094  -9.837 0.7142857313
68181  33.673  -3.388  -9.255 0.5714285970
68182  32.759  -3.426  -9.077 0.8571428657
67298  31.822  -4.129  -6.922 0.8571428657
68152  31.201  -3.851  -5.811 0.8571428657
67276  31.466  -4.910  -4.770 0.8571428657
69056  32.101  -2.973  -9.463 0.8571428657
114495  31.680  -3.745  -7.410 0.8571428657
69044  30.612  -2.641  -7.824 0.7142857313
68161  30.988  -3.404  -6.534 0.7142857313
69919  31.922  -2.143  -10.997 0.8571428657
69067  31.451  -2.452  -9.819 0.8571428657
69043  31.546  -3.140  -8.481 0.8571428657
122455  30.557  -2.107  -9.126 0.8571428657
69921  30.142  -1.281  -9.961 0.8571428657
122040  30.166  -1.287  -12.848 0.7142857313
69922  30.354  -1.050  -11.145 0.8571428657
102159  29.539  -1.801  -12.674 0.8571428657
70760  29.182  -0.722  -11.341 0.8571428657
102273  26.839  -1.374  -12.607 0.7142857313
69057  30.981  -2.577  -8.803 0.8571428657
74034  28.967  3.212  -11.512 0.1428571492
101504  28.051  -1.883  -13.066 0.8571428657
116092  28.022  -1.129  -13.402 0.7142857313
101846  26.706  -0.379  -13.401 0.7142857313
70762  28.156  -1.952  -12.312 0.8571428657
116177  28.185  4.163  -10.849 0.1428571492
73275  27.644  2.168  -13.064 0.5714285970
73274  27.325  2.539  -12.505 0.5714285970
73263  26.913  2.933  -11.303 0.5714285970
74043  27.428  3.896  -11.903 0.1428571492
116867  27.967  5.330  -9.951 0.1428571492
73250  26.979  3.597  -10.817 0.5714285970
76138  27.142  6.250  -10.253 0.1428571492
117578  26.659  6.680  -10.554 0.1428571492
102085  26.997  4.509  -10.705 0.1428571492
76917  26.052  7.506  -11.399 0.1428571492
116098  26.056  6.048  -10.526 0.1428571492
76923  25.454  7.869  -11.432 0.1428571492
101917  25.027  6.162  -10.470 0.1428571492
47353  25.672  -26.828  4.194 0.1428571492
46487  25.409  -27.116  4.400 0.1428571492
49316  27.740  -24.995  4.088 0.1428571492
52118  28.853  -21.918  2.018 0.2857142985
104117  28.729  -22.606  2.566 0.1428571492
54819  29.985  -18.652  -0.639 0.2857142985
122461  32.861  -18.357  -2.528 0.4285714328
54840  30.893  -18.321  -2.073 0.5714285970
118781  34.138  -14.005  -4.415 0.2857142985
56574  32.601  -15.880  -1.891 0.7142857313
111991  34.063  -11.955  -3.872 0.1428571492
101402  31.972  -12.559  -3.416 0.8571428657
66460  36.046  -5.313  -8.085 0.1428571492
64703  32.977  -7.117  -4.551 0.8571428657
108372  32.276  -8.003  -3.026 0.8571428657
69068  33.013  -2.060  -11.008 0.8571428657
116019  30.867  -0.718  -11.914 0.8571428657
101495  29.645  -1.510  -13.270 0.8571428657
116152  28.044  0.075  -13.490 0.7142857313
73273  27.627  3.315  -12.439 0.2857142985
120271  27.243  3.968  -11.427 0.1428571492
116138  27.516  5.615  -10.205 0.1428571492
77659  26.758  8.284  -11.437 0.1428571492
47338  24.939  -27.061  4.449 0.1428571492
50259  26.801  -23.953  2.978 0.4285714328
50270  28.239  -23.341  2.716 0.2857142985
52983  29.760  -20.787  1.934 0.2857142985
53013  29.020  -20.689  0.403 0.2857142985
52151  28.921  -21.142  0.901 0.2857142985
55715  30.906  -17.459  -2.180 0.7142857313
63862  36.840  -8.167  -5.930 0.1428571492
66450  36.074  -5.410  -7.202 0.1428571492
67306  34.333  -4.105  -7.966 0.1428571492
67296  34.224  -4.633  -7.869 0.2857142985
105934  34.148  -3.566  -8.181 0.1428571492
66452  33.302  -5.613  -6.619 0.8571428657
62925  31.790  -8.969  -1.976 0.8571428657
116159  33.929  -2.475  -9.185 0.1428571492
102106  33.862  -2.065  -10.021 0.1428571492
101490  33.041  -1.466  -10.986 0.2857142985
68153  30.621  -3.282  -5.532 0.8571428657
101808  32.218  -1.278  -11.310 0.5714285970
101809  31.648  -0.405  -11.858 0.5714285970
102124  30.605  -0.069  -13.064 0.5714285970
102116  29.330  -0.099  -13.393 0.7142857313
72466  28.700  1.530  -13.209 0.4285714328
120747  30.282  2.002  -12.354 0.2857142985
73271  29.435  2.488  -12.598 0.2857142985
120943  28.632  3.375  -12.107 0.1428571492
74042  27.910  3.976  -11.939 0.1428571492
101516  27.620  4.292  -10.970 0.1428571492
101521  26.174  4.419  -10.022 0.2857142985
101967  27.709  5.103  -10.252 0.1428571492
101520  26.359  5.514  -10.471 0.1428571492
116062  25.323  5.535  -10.099 0.1428571492
119746  24.698  6.894  -11.097 0.1428571492
112091  24.937  8.469  -11.382 0.1428571492
116020  32.400  -0.786  -11.301 0.4285714328
101496  31.829  -0.025  -11.640 0.4285714328
115960  31.418  0.179  -12.410 0.4285714328
72462  30.982  1.147  -12.501 0.4285714328
47355  24.548  -26.602  4.190 0.1428571492
112736  26.024  -24.666  3.431 0.4285714328
48338  24.758  -25.298  3.680 0.2857142985
108899  27.768  -24.008  3.013 0.1428571492
57576  32.887  -14.755  -1.486 0.7142857313
60202  33.531  -12.828  -5.021 0.8571428657
101762  32.942  -13.150  -3.138 0.8571428657
101380  34.248  -12.645  -1.812 0.5714285970
64711  35.149  -7.459  -6.295 0.2857142985
63852  36.540  -8.758  -5.162 0.1428571492
63838  33.809  -8.340  -3.848 0.1428571492
65579  32.961  -6.596  -5.222 0.8571428657
68172  32.151  -3.625  -8.197 0.8571428657
68142  31.259  -4.355  -5.221 0.8571428657
123374  30.942  -1.690  -10.813 0.8571428657
101996  28.527  3.702  -11.074 0.1428571492
74044  26.900  3.616  -11.650 0.5714285970
73269  27.181  1.805  -11.766 0.5714285970
76906  27.201  7.124  -10.098 0.1428571492
123728  26.403  4.134  -10.019 0.4285714328
101729  26.693  5.022  -10.466 0.1428571492
76916  26.655  7.380  -10.783 0.1428571492
116171  25.864  6.673  -10.876 0.1428571492
51201  30.066  -21.709  3.219 0.1428571492
50272  26.424  -23.170  2.566 0.4285714328
53025  28.774  -20.251  0.029 0.5714285970
116094  25.643  4.874  -9.949 0.1428571492
53014  28.210  -20.616  0.299 0.5714285970
53016  26.369  -20.102  0.886 0.5714285970
114009  25.459  -20.018  1.323 0.2857142985
53919  28.237  -18.904  -0.166 0.5714285970
117629  26.768  -18.744  0.517 0.5714285970
52999  25.449  -20.785  1.470 0.4285714328
53907  27.489  -19.252  0.298 0.5714285970
121970  25.967  -19.261  0.897 0.4285714328
105664  29.287  -18.053  -0.670 0.4285714328
118657  27.988  -18.052  -0.340 0.5714285970
54811  26.874  -17.927  0.387 0.5714285970
55688  26.235  -17.366  0.573 0.4285714328
55698  28.388  -17.488  -0.498 0.5714285970
55687  27.678  -17.676  -0.036 0.4285714328
55697  29.232  -16.940  -0.909 0.7142857313
56562  28.570  -16.417  -0.357 0.4285714328
55708  29.162  -16.501  -2.180 0.4285714328
105412  25.956  -18.259  0.758 0.4285714328
53891  25.118  -19.201  1.289 0.2857142985
54797  24.336  -18.932  1.562 0.2857142985
119063  29.419  -17.260  -1.787 0.7142857313
101367  29.939  -15.633  -2.306 0.7142857313
57533  28.497  -15.122  0.055 0.4285714328
115910  30.995  -15.174  -0.625 0.7142857313
58434  29.740  -14.173  -0.359 0.5714285970
59321  30.405  -13.748  -0.432 0.7142857313
59307  27.158  -13.152  -0.295 0.2857142985
56575  31.717  -16.454  -2.260 0.5714285970
101387  31.292  -15.863  -2.043 0.5714285970
102068  30.758  -15.823  -0.979 0.7142857313
116285  33.084  -13.480  -1.034 0.7142857313
102953  30.362  -13.127  -0.441 0.7142857313
102171  30.775  -12.974  -0.521 0.7142857313
107013  27.994  -12.664  -0.388 0.7142857313
60166  27.379  -12.472  -0.390 0.4285714328
61087  27.033  -11.161  -0.471 0.4285714328
116829  32.599  -14.155  -1.011 0.5714285970
101398  33.436  -13.499  -2.220 0.5714285970
101931  30.561  -13.114  -1.741 0.5714285970
102032  30.559  -12.632  -1.415 0.7142857313
101382  30.473  -12.283  -0.516 0.7142857313
101384  29.720  -10.749  -0.818 0.7142857313
61086  29.009  -11.224  -0.624 0.7142857313
61983  27.980  -10.678  -0.710 0.5714285970
62908  28.840  -9.332  -1.212 0.5714285970
101949  32.191  -12.476  -3.192 0.7142857313
101404  31.213  -12.663  -2.910 0.5714285970
102310  31.117  -12.644  -3.356 0.5714285970
101406  31.021  -12.772  -2.191 0.7142857313
102134  30.556  -12.635  -1.612 0.7142857313
103741  30.264  -10.492  -1.053 0.8571428657
61984  27.045  -10.665  -0.711 0.4285714328
62907  30.360  -9.705  -1.225 0.7142857313
105639  29.623  -8.977  -1.314 0.7142857313
62909  27.853  -9.274  -1.235 0.5714285970
122524  29.018  -8.749  -1.324 0.7142857313
102158  31.690  -12.782  -2.036 0.5714285970
116224  30.994  -11.913  -0.656 0.7142857313
62906  31.249  -9.580  -1.395 0.8571428657
63800  30.495  -8.892  -1.446 0.8571428657
63827  29.986  -8.216  -1.634 0.7142857313
63801  29.176  -8.236  -1.507 0.5714285970
65545  28.816  -6.903  -2.242 0.2857142985
62000  31.838  -10.485  -1.271 0.7142857313
63826  30.673  -8.223  -1.832 0.7142857313
66428  30.291  -5.299  -3.156 0.7142857313
63825  31.309  -8.237  -2.100 0.7142857313
64675  30.898  -7.582  -2.269 0.8571428657
105768  29.529  -7.488  -2.036 0.8571428657
67259  31.001  -5.066  -3.897 0.8571428657
65544  30.289  -6.954  -2.450 0.8571428657
66418  29.853  -6.048  -2.655 0.5714285970
66427  31.035  -5.690  -3.518 0.8571428657
67260  30.456  -4.602  -3.616 0.7142857313
64694  31.200  -6.914  -2.769 0.8571428657
67277  30.817  -4.406  -4.322 0.8571428657
68143  30.592  -3.649  -4.762 0.7142857313
69916  29.942  -1.607  -9.056 0.7142857313
122944  29.463  -1.382  -8.324 0.7142857313
69908  29.384  -1.512  -7.562 0.7142857313
70755  29.224  -0.832  -8.991 0.7142857313
70758  29.594  -0.707  -10.180 0.7142857313
71622  28.210  0.475  -9.902 0.7142857313
110870  28.646  -0.420  -8.224 0.7142857313
71611  27.887  1.092  -8.278 0.7142857313
71623  27.842  1.192  -9.228 0.7142857313
71624  27.430  0.261  -11.484 0.7142857313
116719  27.696  1.087  -10.284 0.7142857313
72434  27.467  1.641  -7.764 0.5714285970
72453  27.480  2.058  -9.907 0.4285714328
72442  27.516  1.855  -8.737 0.5714285970
73221  27.008  2.183  -7.244 0.5714285970
72424  27.342  1.459  -6.816 0.5714285970
73239  27.135  2.704  -9.255 0.5714285970
73230  27.118  2.408  -8.223 0.5714285970
73211  25.965  2.277  -5.906 0.5714285970
72425  26.698  1.886  -6.344 0.4285714328
73223  25.635  3.031  -6.265 0.5714285970
73222  26.347  2.615  -6.761 0.5714285970
73231  26.655  3.138  -8.761 0.5714285970
73212  25.037  2.644  -5.581 0.4285714328
72403  25.755  1.090  -5.135 0.4285714328
102132  24.167  3.959  -5.664 0.4285714328
54837  33.565  -17.602  -2.925 0.2857142985
116096  32.141  -12.546  -3.029 0.5714285970
101509  24.951  3.452  -5.855 0.2857142985
73213  24.193  3.149  -5.666 0.4285714328
73986  23.301  3.453  -5.512 0.2857142985
52154  26.744  -20.802  0.884 0.5714285970
52998  26.199  -21.155  1.286 0.5714285970
53918  28.913  -19.653  -0.217 0.2857142985
109466  29.112  -18.871  -0.417 0.2857142985
54820  28.581  -18.274  -0.453 0.5714285970
111086  27.121  -17.243  0.335 0.4285714328
56563  27.830  -17.110  -0.075 0.5714285970
54812  24.963  -18.360  1.171 0.2857142985
55689  25.389  -17.501  0.802 0.2857142985
57549  29.088  -15.485  -0.330 0.5714285970
55722  34.610  -17.064  -3.230 0.2857142985
59308  26.648  -13.798  -0.008 0.2857142985
117104  28.867  -13.310  -0.299 0.7142857313
64693  31.613  -7.645  -2.600 0.8571428657
118913  29.511  -6.713  -2.373 0.7142857313
69026  30.428  -2.722  -6.835 0.7142857313
69892  29.871  -2.132  -7.215 0.7142857313
69027  29.804  -2.181  -6.212 0.7142857313
71610  28.185  0.609  -8.780 0.7142857313
72464  26.138  0.082  -12.342 0.5714285970
72461  27.305  1.350  -11.197 0.5714285970
107836  26.578  2.852  -7.731 0.5714285970
73997  25.978  3.414  -7.243 0.2857142985
56544  27.274  -16.681  0.378 0.4285714328
53024  29.427  -20.125  -0.026 0.2857142985
101848  32.944  -13.137  -2.384 0.7142857313
57564  32.350  -15.593  -1.355 0.5714285970
102283  32.323  -12.611  -1.066 0.7142857313
62001  31.044  -10.672  -1.134 0.7142857313
102058  31.725  -12.066  -0.866 0.7142857313
65561  31.478  -6.319  -3.504 0.7142857313
70761  28.144  -0.450  -11.379 0.8571428657
55716  29.924  -17.137  -2.114 0.5714285970
101374  30.726  -16.685  -2.220 0.5714285970
103135  33.486  -13.299  -1.490 0.5714285970
53906  28.183  -19.859  0.070 0.5714285970
53908  26.790  -19.513  0.607 0.5714285970
53015  27.335  -20.211  0.497 0.4285714328
118030  26.040  -20.591  1.180 0.5714285970
54810  27.505  -18.386  0.145 0.5714285970
121406  25.488  -18.796  1.027 0.4285714328
56542  28.245  -15.803  0.126 0.4285714328
101375  29.291  -15.814  -2.267 0.5714285970
56560  29.965  -15.877  -0.922 0.7142857313
114012  29.832  -14.930  -0.436 0.5714285970
58420  28.397  -14.326  -0.057 0.4285714328
58408  27.566  -14.605  0.152 0.4285714328
57519  27.759  -15.292  0.202 0.4285714328
101396  31.893  -15.277  -0.865 0.7142857313
101393  32.029  -14.126  -0.773 0.7142857313
123391  27.229  -13.786  -0.115 0.2857142985
101379  30.941  -13.276  -0.526 0.7142857313
116214  31.087  -13.130  -0.556 0.7142857313
102315  30.009  -12.515  -0.467 0.7142857313
102112  33.186  -13.890  -2.198 0.5714285970
101383  29.864  -11.563  -0.570 0.7142857313
62002  28.364  -10.073  -1.099 0.7142857313
61108  31.317  -11.538  -0.803 0.5714285970
111278  29.638  -9.877  -1.183 0.7142857313
62910  26.963  -9.310  -1.221 0.2857142985
64660  28.607  -7.634  -1.792 0.5714285970
64676  27.981  -7.073  -2.147 0.2857142985
65562  30.721  -6.153  -2.882 0.8571428657
70759  28.843  -0.223  -9.979 0.7142857313
56546  24.978  -16.793  0.731 0.1428571492
57536  25.459  -16.110  0.524 0.4285714328
49335  25.183  -24.302  3.344 0.4285714328
53890  30.279  -19.683  0.794 0.1428571492
53905  30.111  -19.761  0.048 0.1428571492
53916  30.398  -19.120  -0.280 0.1428571492
121026  31.297  -18.932  -2.155 0.1428571492
54838  32.062  -19.057  -2.382 0.1428571492
120513  30.808  -18.878  -0.133 0.1428571492
54809  30.665  -19.087  0.315 0.1428571492
53043  32.276  -21.265  -2.443 0.1428571492
54830  31.152  -18.869  -1.339 0.1428571492
54849  33.173  -18.986  -2.788 0.1428571492
118207  35.252  -16.466  -3.446 0.2857142985
57582  34.739  -15.300  -3.835 0.1428571492
78521  23.805  9.582  -10.823 0.1428571492
68129  30.215  -3.907  -3.790 0.4285714328
78511  23.813  9.197  -9.889 0.1428571492
69018  29.700  -2.256  -5.247 0.4285714328
69893  29.324  -1.579  -6.640 0.5714285970
70732  28.868  -1.008  -7.059 0.4285714328
102120  24.933  5.725  -8.744 0.2857142985
101514  25.813  3.928  -8.189 0.2857142985
107235  25.716  4.371  -9.097 0.2857142985
120493  27.864  -1.284  -4.212 0.1428571492
70745  28.547  -0.392  -7.450 0.5714285970
70756  28.526  -0.034  -8.881 0.5714285970
101511  25.500  4.178  -7.275 0.2857142985
70724  27.771  -0.134  -5.182 0.4285714328
71589  28.183  0.244  -6.961 0.5714285970
71568  27.141  0.141  -4.966 0.4285714328
71569  26.585  0.749  -5.133 0.2857142985
102519  25.171  4.436  -6.476 0.1428571492
72413  26.298  1.527  -5.586 0.4285714328
105987  24.989  4.052  -5.919 0.1428571492
102083  25.219  4.903  -7.245 0.1428571492
116144  23.378  4.198  -5.229 0.1428571492
101513  24.849  4.456  -5.748 0.1428571492
116238  25.105  5.114  -6.374 0.1428571492
115944  24.150  4.417  -5.398 0.1428571492
101510  24.763  4.809  -5.423 0.1428571492
50261  24.893  -23.459  3.121 0.4285714328
51207  24.505  -22.000  2.736 0.2857142985
104491  31.682  -19.616  -1.522 0.1428571492
53940  34.198  -19.510  -3.171 0.1428571492
71627  26.618  0.628  -13.178 0.4285714328
74020  26.165  3.833  -9.226 0.2857142985
101517  25.334  4.989  -8.888 0.2857142985
101966  25.179  5.570  -7.215 0.2857142985
106395  24.137  -22.660  3.184 0.2857142985
51189  29.333  -22.702  3.240 0.1428571492
52996  29.966  -20.205  1.360 0.1428571492
56580  34.422  -16.201  -3.280 0.1428571492
55723  34.023  -17.537  -3.108 0.1428571492
70712  26.479  -0.056  -4.663 0.1428571492
69008  30.106  -2.872  -4.920 0.4285714328
70711  27.235  -0.667  -4.484 0.2857142985
71598  27.855  0.932  -7.359 0.5714285970
73249  27.125  3.032  -10.132 0.4285714328
116123  25.242  5.291  -7.986 0.2857142985
76139  23.643  6.916  -9.783 0.1428571492
116063  23.737  6.738  -10.321 0.1428571492
101830  24.529  6.153  -9.802 0.1428571492
76918  23.441  7.274  -10.386 0.1428571492
58454  35.789  -13.994  -4.621 0.2857142985
101990  25.178  5.399  -9.506 0.1428571492
50273  25.585  -22.988  2.670 0.4285714328
73262  27.083  2.601  -10.892 0.4285714328
73240  26.760  3.685  -9.872 0.2857142985
70744  28.956  -0.958  -7.926 0.5714285970
103872  25.388  3.763  -6.479 0.2857142985
69017  30.283  -2.754  -5.840 0.5714285970
71597  28.264  0.284  -7.972 0.5714285970
72412  27.112  1.251  -5.884 0.5714285970
74007  26.260  3.434  -8.218 0.2857142985
53935  31.427  -20.147  -2.058 0.1428571492
106435  31.121  -18.622  -0.048 0.1428571492
53047  33.885  -20.387  -3.011 0.1428571492
69871  29.114  -1.836  -4.773 0.2857142985
107741  25.488  4.610  -8.095 0.2857142985
70710  28.154  -0.822  -4.741 0.2857142985
70733  28.478  -0.415  -6.548 0.4285714328
71580  28.047  0.147  -6.018 0.4285714328
71581  27.440  0.549  -5.551 0.5714285970
53046  34.728  -20.126  -3.180 0.1428571492
68996  29.051  -2.784  -3.724 0.2857142985
62003  27.457  -10.009  -1.112 0.4285714328
64661  27.725  -7.775  -1.646 0.2857142985
114026  25.403  7.014  -7.177 0.1428571492
116248  25.077  5.849  -7.829 0.1428571492
76886  25.379  7.668  -7.573 0.1428571492
121758  25.453  6.211  -5.856 0.1428571492
76882  25.626  7.628  -6.741 0.1428571492
76118  25.233  6.282  -7.198 0.1428571492
76128  25.066  6.592  -8.007 0.1428571492
102021  25.262  5.929  -6.514 0.1428571492
76881  25.735  7.471  -5.908 0.1428571492
76112  25.520  6.769  -6.410 0.1428571492
121721  25.837  8.051  -5.541 0.1428571492
63802  28.376  -8.485  -1.367 0.2857142985
76105  25.701  6.747  -5.481 0.1428571492
77630  25.678  8.310  -6.243 0.1428571492
77631  25.374  8.541  -7.085 0.1428571492
54841  30.113  -17.897  -1.531 0.2857142985
76896  24.889  7.527  -8.432 0.1428571492
76878  25.891  7.451  -5.097 0.1428571492
54832  29.884  -17.826  -0.947 0.4285714328
51221  26.488  -21.848  1.581 0.4285714328
51220  27.407  -22.096  1.480 0.2857142985
122275  28.421  -22.349  2.040 0.1428571492
52136  27.049  -21.450  1.085 0.2857142985
52153  27.586  -21.092  0.586 0.2857142985
51204  26.916  -22.574  2.041 0.2857142985
52152  28.358  -21.222  0.597 0.1428571492
52135  27.861  -21.732  0.884 0.1428571492
51203  27.913  -22.682  2.077 0.1428571492
69894  28.848  -1.036  -6.119 0.2857142985
121236  25.397  -22.471  2.452 0.2857142985
51191  24.950  -22.588  2.725 0.2857142985
51205  25.915  -22.351  2.146 0.2857142985
51206  25.107  -21.934  2.288 0.2857142985
52137  25.538  -21.487  1.718 0.2857142985
56543  27.932  -16.498  0.175 0.2857142985
57534  27.512  -15.977  0.407 0.2857142985
58410  26.708  -14.900  0.303 0.2857142985
60167  26.562  -12.534  -0.370 0.1428571492
119298  26.328  -11.813  -0.468 0.1428571492
106251  26.742  -11.902  -0.335 0.2857142985
62005  25.771  -10.062  -1.001 0.1428571492
64662  26.853  -7.875  -1.573 0.1428571492
65546  28.189  -6.285  -2.351 0.1428571492
66429  29.258  -5.129  -2.640 0.1428571492
67261  29.764  -4.461  -3.194 0.1428571492
66430  28.346  -4.554  -2.510 0.1428571492
69010  28.754  -2.151  -4.112 0.1428571492
69884  28.746  -1.206  -5.160 0.1428571492
69860  28.083  -1.835  -3.862 0.1428571492
69872  28.467  -1.525  -4.436 0.1428571492
72415  24.275  1.970  -5.294 0.1428571492
72404  24.834  1.058  -5.002 0.1428571492
123574  24.270  2.602  -5.519 0.1428571492
73214  23.566  2.650  -5.508 0.1428571492
50262  24.095  -23.516  3.479 0.2857142985
67262  28.309  -3.836  -2.722 0.1428571492
49336  24.412  -24.251  3.549 0.2857142985
56545  26.375  -16.580  0.529 0.2857142985
119929  26.114  -15.821  0.510 0.2857142985
58421  25.601  -15.167  0.457 0.2857142985
61089  25.770  -11.268  -0.519 0.1428571492
62912  25.115  -9.499  -1.172 0.1428571492
62911  26.059  -9.373  -1.226 0.1428571492
63804  26.468  -8.594  -1.351 0.1428571492
64664  25.099  -7.804  -1.618 0.1428571492
64678  26.360  -7.322  -1.935 0.1428571492
65548  26.579  -6.631  -2.209 0.1428571492
65565  27.525  -5.729  -2.498 0.1428571492
68130  29.252  -3.629  -3.318 0.1428571492
68997  28.321  -2.447  -3.558 0.1428571492
72405  23.692  1.056  -4.901 0.1428571492
72414  25.421  1.788  -5.345 0.1428571492
116652  24.888  -15.518  0.450 0.2857142985
61088  26.644  -11.277  -0.540 0.1428571492
65563  29.008  -6.103  -2.481 0.1428571492
121241  25.689  -16.847  0.625 0.1428571492
105789  28.981  -4.302  -2.815 0.1428571492
69009  29.450  -2.472  -4.428 0.1428571492
115737  25.420  -14.383  0.270 0.1428571492
65564  28.345  -5.469  -2.489 0.1428571492
64679  25.128  -7.011  -2.130 0.1428571492
49337  23.621  -24.001  3.832 0.1428571492
51174  22.693  -22.573  4.585 0.1428571492
51192  23.362  -22.178  3.572 0.1428571492
121247  24.973  -21.407  1.982 0.1428571492
122684  34.825  -13.104  -5.099 0.1428571492
58460  36.133  -13.309  -5.059 0.1428571492
71620  32.220  -0.322  -11.024 0.1428571492
114017  23.901  -24.799  3.831 0.1428571492
52106  23.875  -21.655  3.067 0.1428571492
52119  24.473  -21.306  2.461 0.1428571492
52138  24.858  -20.998  1.849 0.1428571492
108135  24.562  -19.623  1.695 0.1428571492
101491  32.828  -0.832  -10.716 0.1428571492
72459  31.413  0.976  -11.820 0.1428571492
101482  33.436  -1.466  -10.421 0.1428571492
61126  34.448  -11.815  -5.054 0.1428571492
119658  24.748  -20.330  1.785 0.1428571492
50263  23.458  -23.105  3.745 0.1428571492
52984  24.270  -20.539  2.371 0.1428571492
51173  23.004  -22.633  4.072 0.1428571492
52169  32.348  -21.483  -2.224 0.1428571492
52170  32.008  -21.587  -2.264 0.1428571492
53033  32.050  -21.621  -2.068 0.1428571492
53034  31.806  -21.272  -2.168 0.1428571492
53042  33.147  -21.010  -2.422 0.1428571492
53048  32.868  -20.657  -2.695 0.1428571492
53929  31.033  -19.112  -1.970 0.1428571492
53934  32.236  -20.329  -2.617 0.1428571492
53941  33.245  -20.004  -2.982 0.1428571492
54848  34.038  -18.159  -3.117 0.1428571492
56561  29.125  -15.823  -1.508 0.5714285970
56581  33.292  -16.415  -2.543 0.7142857313
57518  28.020  -14.775  0.162 0.4285714328
57520  27.006  -15.399  0.359 0.2857142985
57521  26.389  -15.317  0.433 0.2857142985
57535  26.768  -15.973  0.500 0.2857142985
57548  29.928  -15.568  -0.715 0.7142857313
57563  32.598  -15.011  -1.229 0.7142857313
58409  27.136  -14.711  0.214 0.4285714328
58433  30.458  -14.987  -0.526 0.7142857313
58435  29.064  -14.652  -0.180 0.5714285970
58436  28.910  -13.739  -0.255 0.2857142985
58455  34.916  -14.376  -4.290 0.2857142985
59296  27.675  -14.346  0.028 0.4285714328
59297  27.241  -14.255  0.081 0.4285714328
59298  26.822  -14.327  0.130 0.4285714328
59306  27.855  -13.724  -0.149 0.2857142985
59322  29.652  -13.498  -0.386 0.7142857313
59349  35.085  -13.534  -4.758 0.1428571492
59354  35.336  -12.927  -5.148 0.1428571492
59355  33.886  -13.350  -4.860 0.8571428657
60150  27.375  -13.980  -0.042 0.4285714328
60151  27.042  -13.977  0.017 0.2857142985
60165  29.592  -13.116  -0.354 0.7142857313
60181  33.901  -11.934  -1.549 0.5714285970
60182  32.049  -11.934  -1.045 0.7142857313
60197  32.937  -13.442  -4.525 0.7142857313
60200  35.221  -12.281  -5.072 0.1428571492
60201  34.382  -12.494  -5.184 0.1428571492
60207  27.695  -12.526  -2.141 0.7142857313
61085  31.724  -11.655  -0.930 0.7142857313
61104  34.529  -11.782  -2.154 0.2857142985
61106  32.491  -11.562  -1.181 0.8571428657
61107  31.798  -11.177  -1.095 0.8571428657
61127  34.169  -11.674  -4.820 0.1428571492
61982  28.989  -10.738  -0.745 0.7142857313
62004  26.563  -10.029  -1.058 0.4285714328
62923  33.226  -9.372  -2.482 0.5714285970
62924  32.514  -9.358  -2.057 0.8571428657
62943  30.979  -12.652  -4.035 0.5714285970
63799  31.099  -8.758  -1.674 0.8571428657
63803  27.361  -8.517  -1.362 0.2857142985
64677  27.153  -7.199  -2.042 0.1428571492
64710  36.414  -7.560  -6.558 0.1428571492
65547  27.373  -6.453  -2.271 0.1428571492
65549  25.843  -6.800  -2.159 0.1428571492
68144  29.829  -3.156  -4.085 0.4285714328
69025  31.146  -3.260  -7.536 0.7142857313
69066  32.679  -2.653  -10.476 0.8571428657
69883  29.283  -1.658  -5.643 0.4285714328
69907  30.046  -2.007  -8.247 0.7142857313
69920  30.764  -1.894  -9.936 0.8571428657
70723  28.365  -0.525  -5.606 0.2857142985
71590  27.705  0.790  -6.420 0.5714285970
71625  25.930  -0.885  -13.207 0.7142857313
71626  25.911  0.355  -13.057 0.4285714328
72463  30.080  1.251  -12.934 0.2857142985
72465  26.805  1.082  -12.497 0.4285714328
73270  27.201  2.531  -12.084 0.5714285970
73272  28.360  3.015  -12.738 0.2857142985
73276  27.189  1.852  -12.804 0.5714285970
74045  27.879  3.757  -12.113 0.1428571492
74046  27.310  3.389  -12.134 0.1428571492
74765  27.406  3.924  -11.853 0.1428571492
74766  27.171  3.917  -11.746 0.1428571492
74767  27.681  4.106  -11.981 0.1428571492
76140  23.022  7.231  -9.939 0.1428571492
77662  23.743  8.668  -10.098 0.1428571492
79333  23.793  10.407  -10.543 0.1428571492
101365  29.749  -15.187  -2.184 0.7142857313
101366  30.378  -15.387  -2.001 0.7142857313
101368  30.001  -16.176  -2.283 0.7142857313
101369  30.080  -15.603  -2.285 0.7142857313
101370  28.860  -16.140  -2.119 0.4285714328
101372  31.269  -12.892  -3.903 0.5714285970
101373  31.019  -15.830  -1.479 0.7142857313
101376  32.966  -12.613  -2.894 0.8571428657
101377  31.982  -12.024  -1.236 0.5714285970
101381  29.086  -12.305  -0.832 0.7142857313
101388  30.577  -15.736  -2.110 0.7142857313
101389  32.815  -13.498  -4.179 0.8571428657
101390  33.903  -12.294  -3.770 0.8571428657
101391  31.590  -12.603  -2.678 0.5714285970
101392  32.981  -14.099  -1.267 0.5714285970
101394  33.365  -12.736  -3.453 0.8571428657
101395  33.040  -12.777  -3.317 0.8571428657
101397  32.839  -12.966  -3.525 0.8571428657
101399  30.972  -12.508  -3.524 0.5714285970
101400  31.151  -12.650  -2.951 0.5714285970
101401  30.913  -12.568  -3.834 0.5714285970
101403  31.031  -12.781  -2.247 0.5714285970
101405  29.934  -12.421  -0.752 0.7142857313
101518  26.934  1.414  -12.653 0.4285714328
101683  27.716  -12.613  -2.012 0.7142857313
101684  27.710  -12.564  -2.067 0.7142857313
101685  27.708  -12.559  -2.078 0.7142857313
101745  31.614  -14.292  -0.633 0.7142857313
101783  30.847  -12.718  -4.208 0.5714285970
101797  31.219  -12.164  -0.706 0.7142857313
101807  30.929  -12.902  -3.863 0.5714285970
101810  31.258  -12.691  -3.886 0.5714285970
101851  31.412  -15.363  -0.735 0.7142857313
101968  32.091  -13.088  -1.916 0.7142857313
101970  33.660  -1.881  -9.227 0.1428571492
101972  27.541  0.924  -13.308 0.5714285970
101999  31.030  -12.723  -4.108 0.5714285970
102072  32.800  -13.806  -3.670 0.7142857313
102087  33.532  -2.449  -10.422 0.7142857313
102136  33.630  -12.646  -4.557 0.8571428657
102151  30.987  -12.615  -3.411 0.5714285970
102186  27.771  4.065  -11.439 0.1428571492
102195  30.506  -11.404  -0.682 0.7142857313
102255  33.833  -12.067  -4.505 0.4285714328
102285  30.529  -15.490  -0.741 0.7142857313
102372  33.906  -12.555  -3.357 0.8571428657
102385  31.052  -14.239  -0.464 0.7142857313
102560  32.246  -14.883  -0.921 0.5714285970
102753  32.903  -13.111  -4.630 0.8571428657
103131  31.331  -1.418  -11.376 0.8571428657
104378  25.764  -13.763  0.053 0.2857142985
104654  32.537  -17.857  -2.391 0.4285714328
104821  31.877  -4.789  -5.549 0.8571428657
106951  34.082  -3.499  -8.919 0.1428571492
107876  33.515  -12.696  -4.069 0.8571428657
108153  23.761  9.622  -10.271 0.1428571492
108343  30.928  -12.557  -3.798 0.5714285970
109119  28.069  -13.153  -0.291 0.7142857313
109767  26.225  -10.633  -0.696 0.4285714328
110635  30.373  -14.339  -0.400 0.7142857313
115511  29.143  -10.133  -1.074 0.7142857313
115718  31.391  -19.858  -1.881 0.1428571492
115782  28.094  -12.281  -0.562 0.7142857313
115783  27.696  -12.528  -2.136 0.7142857313
115784  27.865  -12.480  -1.825 0.7142857313
115785  27.543  -12.479  -1.825 0.7142857313
115786  27.972  -11.944  -0.966 0.7142857313
115787  27.695  -12.526  -2.140 0.7142857313
115802  27.964  -11.387  -1.123 0.7142857313
115909  31.365  -13.003  -1.298 0.7142857313
115976  31.180  -12.992  -4.044 0.5714285970
115978  29.648  -12.420  -0.845 0.7142857313
115993  30.944  -12.635  -3.837 0.5714285970
116032  30.776  -0.618  -12.590 0.7142857313
116054  30.035  -12.394  -0.677 0.7142857313
116055  27.712  -12.573  -2.055 0.7142857313
116074  26.971  -1.253  -13.108 0.7142857313
116093  26.850  1.019  -13.211 0.5714285970
116110  33.914  -12.603  -3.097 0.7142857313
116137  30.975  -12.375  -0.734 0.7142857313
116192  30.861  -12.783  -2.492 0.5714285970
116202  28.320  3.756  -11.633 0.1428571492
116218  31.717  -13.609  -0.717 0.7142857313
116233  32.227  -12.482  -2.958 0.7142857313
116292  30.399  -12.636  -1.860 0.7142857313
116299  27.704  -12.548  -2.098 0.7142857313
116300  29.871  -12.302  -0.679 0.7142857313
116301  27.698  -12.533  -2.128 0.7142857313
116302  28.375  -11.545  -1.133 0.7142857313
116303  27.717  -12.577  -2.030 0.7142857313
116304  27.716  -12.575  -2.046 0.7142857313
116305  27.701  -12.539  -2.115 0.7142857313
116306  29.069  -12.071  -0.523 0.7142857313
116307  27.704  -12.812  -1.936 0.7142857313
116328  27.712  -12.570  -1.973 0.7142857313
116329  28.783  -11.527  -0.829 0.7142857313
116342  27.736  -12.570  -2.026 0.7142857313
116343  28.999  -12.237  -0.754 0.7142857313
116516  27.699  -12.536  -2.122 0.7142857313
116517  27.526  -11.663  -1.194 0.7142857313
116518  27.696  -12.527  -2.138 0.7142857313
116519  27.702  -12.544  -2.107 0.7142857313
116520  27.697  -12.530  -2.132 0.7142857313
116521  27.699  -11.742  -1.580 0.7142857313
116522  28.341  -11.863  -0.948 0.7142857313
116523  27.706  -12.553  -2.089 0.7142857313
116922  33.527  -13.288  -1.479 0.5714285970
117305  25.690  -7.380  -1.858 0.1428571492
117349  32.053  -12.916  -0.878 0.7142857313
117406  31.497  -12.480  -3.032 0.5714285970
117664  31.911  -8.275  -2.384 0.8571428657
121178  24.371  6.408  -10.422 0.1428571492
123358  30.279  -7.692  -2.055 0.8571428657
123400  30.052  -12.301  -0.728 0.7142857313
124023  30.941  -13.038  -0.555 0.7142857313
124290  34.812  -10.122  -3.192 0.1428571492
