#Insight Transform File V1.0
#Transform 0
Transform: AffineTransform_float_3_3
Parameters: 0.999999 -0.000487898 0.000848058 0.000488101 1 -0.000119586 -0.000847941 0.000120414 0.999999 0.0679154 0.00552655 -0.00966218
FixedParameters: 0 0 0

#Transform 1
Transform: AffineTransform_float_3_3
Parameters: 0.999999 -0.000506 0.000836999 0.000506 1 4.23522e-07 -0.000836999 4.23522e-07 0.999999 0.0638005 0.0054776 -0.00904681
FixedParameters: 0 0 0

#Transform 2
Transform: AffineTransform_float_3_3
Parameters: 1 -0.000693953 0.000779042 0.000694047 1 -5.94593e-05 -0.000778958 6.05406e-05 0.999999 0.0571092 -0.0174735 -0.0114685
FixedParameters: 0 0 0

#Transform 3
Transform: AffineTransform_float_3_3
Parameters: 1 -0.000412849 0.000316196 0.00041315 1 -0.000475869 -0.000315803 0.00047613 1 0.0567066 -0.0377261 -0.0257876
FixedParameters: 0 0 0

#Transform 4
Transform: AffineTransform_float_3_3
Parameters: 0.999999 -0.000505886 0.000597096 0.000506113 1 -0.000189698 -0.000596903 0.000190302 1 0.0522358 -0.012514 -0.0172739
FixedParameters: 0 0 0

#Transform 5
Transform: AffineTransform_float_3_3
Parameters: 0.999999 -0.000223 0.000832999 0.000223 1 1.85759e-07 -0.000832999 1.85759e-07 0.999999 0.0687042 -0.01072 -0.0389095
FixedParameters: 0 0 0

#Transform 6
Transform: AffineTransform_float_3_3
Parameters: 0.999999 -0.000572054 0.000433928 0.000571945 1 0.000126248 -0.000434072 -0.000125752 1 0.0608874 -0.0319734 -0.024819
FixedParameters: 0 0 0

#Transform 7
Transform: AffineTransform_float_3_3
Parameters: 1 -0.000566909 0.000877059 0.000567091 1 -0.000103503 -0.000876941 0.000104497 0.999999 0.0669898 -0.0192417 -0.0369667
FixedParameters: 0 0 0

#Transform 8
Transform: AffineTransform_float_3_3
Parameters: 0.999999 -0.000588941 0.000712048 0.000589058 1 -8.15806e-05 -0.000711951 8.24193e-05 0.999999 0.050256 -0.0232804 -0.028543
FixedParameters: 0 0 0

#Transform 9
Transform: AffineTransform_float_3_3
Parameters: 1 -0.000692823 0.000745166 0.000693178 0.999999 -0.000238483 -0.000744835 0.000238516 0.999999 0.0551651 0.000381651 -0.0126185
FixedParameters: 0 0 0

#Transform 10
Transform: AffineTransform_float_3_3
Parameters: 1 -0.000468963 0.000402043 0.000469037 1 -9.18114e-05 -0.000401957 9.21885e-05 1 0.0614474 -0.022712 -0.0252637
FixedParameters: 0 0 0

#Transform 11
Transform: AffineTransform_float_3_3
Parameters: 0.999999 -0.000527908 0.000745065 0.000528092 1 -0.000123607 -0.000744934 0.000123393 0.999999 0.054826 -0.0107988 -0.0062483
FixedParameters: 0 0 0

#Transform 12
Transform: AffineTransform_float_3_3
Parameters: 1 -0.000574 0.000329 0.000574 1 1.88846e-07 -0.000329 1.88846e-07 1 0.0556891 0.0061974 -0.00688285
FixedParameters: 0 0 0

#Transform 13
Transform: AffineTransform_float_3_3
Parameters: 1 -0.000553841 0.000375234 0.000554158 1 -0.000422792 -0.000374765 0.000423207 1 0.0559995 -0.00636146 -0.0170281
FixedParameters: 0 0 0

#Transform 14
Transform: AffineTransform_float_3_3
Parameters: 0.999999 -0.000822861 0.000545209 0.000823138 0.999999 -0.000254551 -0.00054579 0.000254449 1 0.053462 -0.00304686 -0.00459596
FixedParameters: 0 0 0

#Transform 15
Transform: AffineTransform_float_3_3
Parameters: 0.999999 -0.000751751 0.000507368 0.000751248 0.999999 -0.000489619 -0.000507631 0.000490381 1 0.056103 -0.00480811 -0.00517454
FixedParameters: 0 0 0

#Transform 16
Transform: AffineTransform_float_3_3
Parameters: 1 -0.000529958 9.42379e-05 0.000530042 1 -0.00044895 -9.3762e-05 0.00044905 1 0.0465766 -0.0168878 -0.00442768
FixedParameters: 0 0 0

#Transform 17
Transform: AffineTransform_float_3_3
Parameters: 1 -0.000916789 0.000299649 0.000917212 1 -0.000707726 -0.000298351 0.000708274 0.999999 0.0717731 -0.0053424 -0.00871146
FixedParameters: 0 0 0

#Transform 18
Transform: AffineTransform_float_3_3
Parameters: 0.999999 -0.000825141 0.000360676 0.000824858 0.999999 0.000392297 -0.000361324 -0.000392702 1 0.0497088 0.00569296 -0.000199182
FixedParameters: 0 0 0

#Transform 19
Transform: AffineTransform_float_3_3
Parameters: 0.999999 -0.00128012 0.000298498 0.00128088 0.999999 0.000392383 -0.000298503 -0.000392618 1 0.0444233 0.0131109 -0.00264367
FixedParameters: 0 0 0

#Transform 20
Transform: AffineTransform_float_3_3
Parameters: 0.999999 -0.000884963 -0.000123263 0.000885036 0.999999 0.000296891 0.000122737 -0.000297109 1 0.0415721 0.00229384 0.00216356
FixedParameters: 0 0 0

#Transform 21
Transform: AffineTransform_float_3_3
Parameters: 0.999999 -0.00118397 -0.000401093 0.00118403 1 7.85252e-05 0.000400906 -7.94747e-05 1 0.0253943 0.0125038 0.0067862
FixedParameters: 0 0 0

#Transform 22
Transform: AffineTransform_float_3_3
Parameters: 1 -0.000985976 -0.00048405 0.000986024 0.999999 5.05227e-05 0.000483951 -5.04772e-05 1 0.0144625 0.00229716 0.00176607
FixedParameters: 0 0 0

#Transform 23
Transform: AffineTransform_float_3_3
Parameters: 0.999999 -0.00134323 -0.000294976 0.00134277 0.999999 -0.000762396 0.000296024 0.000762603 0.999999 0.0156705 0.015753 -0.018991
FixedParameters: 0 0 0

#Transform 24
Transform: AffineTransform_float_3_3
Parameters: 0.999999 -0.00119134 -0.000715432 0.00119066 0.999999 -0.000476852 0.000716567 0.000476147 0.999999 0.0083439 -0.00119825 -0.0128754
FixedParameters: 0 0 0

#Transform 25
Transform: AffineTransform_float_3_3
Parameters: 1 -0.000982152 -0.000299507 0.000981851 1 -0.000502294 0.000299494 0.000502706 1 0.0141703 0.0113541 -0.0264124
FixedParameters: 0 0 0

#Transform 26
Transform: AffineTransform_float_3_3
Parameters: 0.999999 -0.00114012 -0.0006698 0.00114088 1 -0.000175764 0.0006702 0.000175236 1 0.00549352 0.0264952 -0.0101647
FixedParameters: 0 0 0

#Transform 27
Transform: AffineTransform_float_3_3
Parameters: 0.999999 -0.00117982 -0.000661329 0.00118018 1 0.00027822 0.00066067 -0.00027978 0.999999 0.00116781 0.0158956 0.00770171
FixedParameters: 0 0 0

#Transform 28
Transform: AffineTransform_float_3_3
Parameters: 0.999999 -0.00138944 -0.000412509 0.00138956 0.999998 -0.00107357 0.000414492 0.00107342 1 0.0087708 0.0193735 -0.018757
FixedParameters: 0 0 0

#Transform 29
Transform: AffineTransform_float_3_3
Parameters: 0.999999 -0.000982904 -0.000154613 0.000983096 1 0.000623848 0.000153386 -0.000624151 1 0.0127727 0.017467 0.00365488
FixedParameters: 0 0 0

#Transform 30
Transform: AffineTransform_float_3_3
Parameters: 0.999999 -0.00137708 -0.000152317 0.00137692 0.999999 -0.00049621 0.000152683 0.00049579 1 0.0117439 0.00891648 -0.000605542
FixedParameters: 0 0 0

#Transform 31
Transform: AffineTransform_float_3_3
Parameters: 0.999999 -0.00136693 -0.000218466 0.00136707 0.999999 0.000340702 0.000217534 -0.000341298 1 0.0136607 0.0193015 0.00329261
FixedParameters: 0 0 0

#Transform 32
Transform: AffineTransform_float_3_3
Parameters: 0.999999 -0.00130085 -0.000586339 0.00130115 0.999999 0.000260237 0.000585661 -0.000260762 1 0.0119565 0.00670547 0.0068392
FixedParameters: 0 0 0

#Transform 33
Transform: AffineTransform_float_3_3
Parameters: 0.999999 -0.00119486 -0.000674246 0.00119514 1 0.000205194 0.000673754 -0.000205805 1 0.0114198 0.0154886 0.0149457
FixedParameters: 0 0 0

#Transform 34
Transform: AffineTransform_float_3_3
Parameters: 0.999999 -0.0012031 -0.000850852 0.0012039 1 -0.000123024 0.000850147 0.000121977 0.999999 0.00655119 0.0144649 0.0276608
FixedParameters: 0 0 0

#Transform 35
Transform: AffineTransform_float_3_3
Parameters: 0.999999 -0.00126961 -0.00117143 0.00126939 0.999999 0.000334514 0.00117058 -0.000335487 1 -0.00768639 0.0231259 0.0207141
FixedParameters: 0 0 0

#Transform 36
Transform: AffineTransform_float_3_3
Parameters: 0.999999 -0.00144933 -0.00100953 0.00144867 0.999999 -0.000324463 0.00101047 0.000322536 1 -0.0116156 0.0213512 -0.0378694
FixedParameters: 0 0 0

#Transform 37
Transform: AffineTransform_float_3_3
Parameters: 0.999998 -0.00103271 -0.00134446 0.00103229 1 -0.000525389 0.00134554 0.000524611 0.999999 -0.0150806 -0.00339074 -0.0393053
FixedParameters: 0 0 0

#Transform 38
Transform: AffineTransform_float_3_3
Parameters: 0.999999 -0.00133904 -0.00119984 0.00133796 0.999998 -0.000866606 0.00120116 0.000864393 0.999999 -0.0251264 0.0115715 -0.0905658
FixedParameters: 0 0 0

#Transform 39
Transform: AffineTransform_float_3_3
Parameters: 0.999998 -0.0010663 -0.00122574 0.00106571 1 -0.000241307 0.00122626 0.000240693 0.999999 -0.0243014 0.000856863 -0.0884824
FixedParameters: 0 0 0

#Transform 40
Transform: AffineTransform_float_3_3
Parameters: 0.999998 -0.00104968 -0.00166657 0.00104932 1 -0.00040675 0.00166742 0.00040425 0.999998 -0.0429131 0.011671 -0.0678807
FixedParameters: 0 0 0

#Transform 41
Transform: AffineTransform_float_3_3
Parameters: 0.999998 -0.000975137 -0.00180039 0.000973864 1 -0.000631755 0.00180162 0.000630245 0.999998 -0.0476915 -0.00295786 -0.0947622
FixedParameters: 0 0 0

#Transform 42
Transform: AffineTransform_float_3_3
Parameters: 0.999998 -0.000859831 -0.00182314 0.00085717 0.999999 -0.00100456 0.00182386 0.00100343 0.999998 -0.0401736 0.00671762 -0.0780726
FixedParameters: 0 0 0

#Transform 43
Transform: AffineTransform_float_3_3
Parameters: 0.999998 -0.000869585 -0.00168518 0.000868415 0.999999 -0.000941465 0.00168582 0.000939536 0.999998 -0.0566576 0.0104579 -0.0859175
FixedParameters: 0 0 0

#Transform 44
Transform: AffineTransform_float_3_3
Parameters: 0.999997 -0.000858343 -0.00196041 0.000857656 1 -0.000686683 0.00196059 0.000684319 0.999998 -0.0552342 0.0111227 -0.0588334
FixedParameters: 0 0 0

#Transform 45
Transform: AffineTransform_float_3_3
Parameters: 0.999998 -0.00105738 -0.00163011 0.00105562 0.999999 -0.000847723 0.0016309 0.000846277 0.999999 -0.0484574 0.0248245 -0.122515
FixedParameters: 0 0 0

#Transform 46
Transform: AffineTransform_float_3_3
Parameters: 0.999998 -0.000644856 -0.00197339 0.000642144 1 -0.000941269 0.0019736 0.000939729 0.999997 -0.0465706 0.00853294 -0.0788128
FixedParameters: 0 0 0

#Transform 47
Transform: AffineTransform_float_3_3
Parameters: 0.999998 -0.000862573 -0.00154912 0.000860426 0.999999 -0.00101633 0.00154987 0.00101467 0.999999 -0.0460634 0.0150645 -0.0871853
FixedParameters: 0 0 0

#Transform 48
Transform: AffineTransform_float_3_3
Parameters: 0.999997 -0.000946038 -0.0019645 0.000944963 1 -0.000528858 0.0019655 0.000527142 0.999998 -0.0473218 0.000357227 -0.0772521
FixedParameters: 0 0 0

#Transform 49
Transform: AffineTransform_float_3_3
Parameters: 0.999998 -0.000752946 -0.00188422 0.000751055 0.999999 -0.00103242 0.00188578 0.00103158 0.999997 -0.0575723 -0.00223695 -0.0731414
FixedParameters: 0 0 0

#Transform 50
Transform: AffineTransform_float_3_3
Parameters: 0.999997 -0.00142786 -0.00170244 0.00142614 0.999999 -0.00109043 0.00170455 0.00108857 0.999998 -0.0471231 0.0331387 -0.0936592
FixedParameters: 0 0 0

#Transform 51
Transform: AffineTransform_float_3_3
Parameters: 0.999997 -0.00100016 -0.00229706 0.000998838 0.999999 -0.000942297 0.00229794 0.000939705 0.999997 -0.0625719 -0.00019025 -0.0629095
FixedParameters: 0 0 0

#Transform 52
Transform: AffineTransform_float_3_3
Parameters: 0.999997 -0.00118017 -0.00218729 0.00117683 0.999999 -0.00145058 0.00218871 0.00144742 0.999996 -0.0544958 0.0100523 -0.054746
FixedParameters: 0 0 0

#Transform 53
Transform: AffineTransform_float_3_3
Parameters: 0.999997 -0.00100926 -0.00216495 0.00100674 0.999999 -0.00104318 0.00216605 0.00104082 0.999997 -0.0539701 0.0204904 -0.0247775
FixedParameters: 0 0 0

#Transform 54
Transform: AffineTransform_float_3_3
Parameters: 0.999997 -0.000860182 -0.00223878 0.000857819 0.999998 -0.00142192 0.00223922 0.00142008 0.999997 -0.0544369 0.0123451 -0.0254319
FixedParameters: 0 0 0

#Transform 55
Transform: AffineTransform_float_3_3
Parameters: 0.999998 -0.000444222 -0.00220455 0.000441779 1 -0.00100798 0.00220545 0.00100702 0.999997 -0.037886 0.0222232 0.00803404
FixedParameters: 0 0 0

#Transform 56
Transform: AffineTransform_float_3_3
Parameters: 0.999997 -0.000538432 -0.00214014 0.000535567 0.999998 -0.00160415 0.00214086 0.00160285 0.999997 -0.0431141 0.0244369 -0.0208024
FixedParameters: 0 0 0

#Transform 57
Transform: AffineTransform_float_3_3
Parameters: 0.999997 -0.00050407 -0.00216152 0.000501933 1 -0.000957088 0.00216148 0.000956913 0.999997 -0.0565891 0.0498266 0.00771731
FixedParameters: 0 0 0

#Transform 58
Transform: AffineTransform_float_3_3
Parameters: 0.999998 -0.000677996 -0.00211504 0.000675003 0.999999 -0.00141743 0.00211596 0.00141557 0.999997 -0.0656277 0.0526422 -0.000178397
FixedParameters: 0 0 0

#Transform 59
Transform: AffineTransform_float_3_3
Parameters: 0.999997 -0.000407246 -0.00238045 0.000403755 0.999999 -0.00136397 0.00238055 0.00136303 0.999996 -0.0572089 0.0161426 0.00425663
FixedParameters: 0 0 0

#Transform 60
Transform: AffineTransform_float_3_3
Parameters: 0.999996 -0.000409499 -0.00261045 0.000406499 0.999999 -0.00134107 0.00261155 0.00133993 0.999995 -0.0664957 0.0495437 0.00534203
FixedParameters: 0 0 0

#Transform 61
Transform: AffineTransform_float_3_3
Parameters: 0.999997 -0.000481006 -0.00249823 0.000476993 0.999998 -0.0016042 0.00249877 0.0016028 0.999995 -0.0543364 0.0247391 0.00515941
FixedParameters: 0 0 0

#Transform 62
Transform: AffineTransform_float_3_3
Parameters: 0.999996 -0.000477882 -0.00261129 0.000474118 0.999999 -0.00148724 0.00261171 0.00148576 0.999996 -0.0635651 0.0200201 0.0105715
FixedParameters: 0 0 0

#Transform 63
Transform: AffineTransform_float_3_3
Parameters: 0.999998 -0.000538147 -0.00196214 0.000535853 0.999998 -0.00160405 0.00196286 0.00160295 0.999997 -0.0534039 0.0177053 0.00297082
FixedParameters: 0 0 0

#Transform 64
Transform: AffineTransform_float_3_3
Parameters: 0.999996 -0.000802514 -0.00242817 0.000799487 0.999999 -0.00103594 0.00242883 0.00103405 0.999996 -0.0620649 0.02685 0.0265972
FixedParameters: 0 0 0

#Transform 65
Transform: AffineTransform_float_3_3
Parameters: 0.999996 -0.000741322 -0.00281465 0.000740677 0.999999 -0.000471087 0.00281435 0.000468915 0.999996 -0.0818073 0.0181546 0.0189174
FixedParameters: 0 0 0

#Transform 66
Transform: AffineTransform_float_3_3
Parameters: 0.999996 -0.000594249 -0.00270451 0.000591753 1 -0.000831604 0.00270549 0.000830396 0.999996 -0.0742778 0.0249082 0.00180059
FixedParameters: 0 0 0

#Transform 67
Transform: AffineTransform_float_3_3
Parameters: 0.999997 -0.000882994 -0.00196255 0.000882007 1 -0.000506732 0.00196345 0.000505268 0.999998 -0.0663913 0.0101841 -0.0319287
FixedParameters: 0 0 0

#Transform 68
Transform: AffineTransform_float_3_3
Parameters: 0.999997 -0.000867586 -0.0025358 0.000866414 0.999999 -0.000232198 0.0025362 0.0002298 0.999997 -0.083218 0.0283838 0.00830507
FixedParameters: 0 0 0

#Transform 69
Transform: AffineTransform_float_3_3
Parameters: 0.999995 -0.000631116 -0.00306577 0.000629881 0.999999 -0.000365933 0.00306623 0.000363067 0.999995 -0.0860295 0.0143662 0.0135747
FixedParameters: 0 0 0

#Transform 70
Transform: AffineTransform_float_3_3
Parameters: 0.999997 -0.000981754 -0.00253832 0.000979246 1 -0.000692488 0.00253868 0.00068951 0.999996 -0.0744147 0.0170473 -0.0342945
FixedParameters: 0 0 0

#Transform 71
Transform: AffineTransform_float_3_3
Parameters: 0.999996 -0.00104223 -0.0025475 0.00104077 1 -0.000483653 0.0025485 0.000481346 0.999996 -0.0973685 0.0238731 -0.0109336
FixedParameters: 0 0 0

#Transform 72
Transform: AffineTransform_float_3_3
Parameters: 0.999994 -0.000840431 -0.00340739 0.000841569 0.999999 0.000459135 0.00340661 -0.000461866 0.999994 -0.0968631 0.0311946 0.0599373
FixedParameters: 0 0 0

#Transform 73
Transform: AffineTransform_float_3_3
Parameters: 0.999995 -0.000909234 -0.00285729 0.000906767 1 -0.000782594 0.00285771 0.000780405 0.999995 -0.0769984 0.016563 -0.063564
FixedParameters: 0 0 0

#Transform 74
Transform: AffineTransform_float_3_3
Parameters: 0.999996 -0.000931947 -0.00271767 0.00093105 0.999999 -0.000350532 0.00271733 0.000347469 0.999996 -0.093163 0.0251554 -0.0433358
FixedParameters: 0 0 0

#Transform 75
Transform: AffineTransform_float_3_3
Parameters: 0.999994 -0.000644038 -0.0032524 0.000640962 1 -0.00093509 0.0032526 0.000932911 0.999995 -0.0820022 0.0178533 0.0195228
FixedParameters: 0 0 0

#Transform 76
Transform: AffineTransform_float_3_3
Parameters: 0.999997 -0.00103014 -0.00244752 0.00102886 1 -0.00046752 0.00244848 0.000465479 0.999997 -0.064939 0.0157026 -0.00119225
FixedParameters: 0 0 0

#Transform 77
Transform: AffineTransform_float_3_3
Parameters: 0.999996 -0.000830226 -0.00273124 0.000830772 0.999999 0.000281732 0.00273077 -0.000284268 0.999996 -0.0707862 0.0218784 0.023813
FixedParameters: 0 0 0

#Transform 78
Transform: AffineTransform_float_3_3
Parameters: 0.999997 -0.000772911 -0.00261003 0.000773089 0.999999 3.29823e-05 0.00260997 -3.50174e-05 0.999996 -0.0923883 0.0367513 -0.00571152
FixedParameters: 0 0 0

#Transform 79
Transform: AffineTransform_float_3_3
Parameters: 0.999996 -0.00130656 -0.00224267 0.00130644 0.999999 -0.000250931 0.00224233 0.000248071 0.999998 -0.0786038 0.0476592 -0.07091
FixedParameters: 0 0 0

#Transform 80
Transform: AffineTransform_float_3_3
Parameters: 0.999998 -0.00147824 -0.00181662 0.00147876 0.999999 0.000417315 0.00181638 -0.000420686 0.999999 -0.0966204 0.0499831 -0.056176
FixedParameters: 0 0 0

#Transform 81
Transform: AffineTransform_float_3_3
Parameters: 0.999997 -0.000940956 -0.00235782 0.000943044 0.999999 0.000865779 0.00235718 -0.000868221 0.999997 -0.0880624 0.040156 -0.0420753
FixedParameters: 0 0 0

#Transform 82
Transform: AffineTransform_float_3_3
Parameters: 0.999996 -0.00128565 -0.00243771 0.00128635 0.999999 0.000551866 0.00243629 -0.000555134 0.999997 -0.0983677 0.0274617 -0.0424399
FixedParameters: 0 0 0

#Transform 83
Transform: AffineTransform_float_3_3
Parameters: 0.999997 -0.00120082 -0.00215622 0.00120318 0.999999 0.00101041 0.00215478 -0.00101259 0.999997 -0.107011 0.0389177 -0.0205421
FixedParameters: 0 0 0

#Transform 84
Transform: AffineTransform_float_3_3
Parameters: 0.999997 -0.00123776 -0.00216371 0.00123924 0.999999 0.000573321 0.00216329 -0.00057568 0.999998 -0.105748 0.0359133 -0.0221052
FixedParameters: 0 0 0

#Transform 85
Transform: AffineTransform_float_3_3
Parameters: 0.999997 -0.00145964 -0.00226088 0.00146136 0.999999 0.000600698 0.00226012 -0.000604301 0.999998 -0.0961797 0.0339145 -0.0487816
FixedParameters: 0 0 0

#Transform 86
Transform: AffineTransform_float_3_3
Parameters: 0.999996 -0.00146917 -0.00235152 0.00146983 0.999999 0.000352545 0.00235148 -0.000356456 0.999997 -0.115939 0.025832 -0.0409946
FixedParameters: 0 0 0

#Transform 87
Transform: AffineTransform_float_3_3
Parameters: 0.999995 -0.00129617 -0.0026984 0.00129683 0.999999 0.000306502 0.0026976 -0.000310498 0.999997 -0.098969 0.0403446 -0.0173393
FixedParameters: 0 0 0

#Transform 88
Transform: AffineTransform_float_3_3
Parameters: 0.999996 -0.00131692 -0.00248804 0.00131708 0.999999 2.97232e-05 0.00248796 -3.22766e-05 0.999997 -0.0982058 0.0338906 -0.020762
FixedParameters: 0 0 0

#Transform 89
Transform: AffineTransform_float_3_3
Parameters: 0.999997 -0.00139414 -0.00208191 0.00139486 0.999999 -6.79042e-05 0.00208209 6.50975e-05 0.999998 -0.0901647 0.0309345 -0.0253582
FixedParameters: 0 0 0

#Transform 90
Transform: AffineTransform_float_3_3
Parameters: 0.999996 -0.00120578 -0.00248262 0.00120522 0.999999 -0.000316993 0.00248238 0.000314008 0.999997 -0.112753 0.0313663 -0.00425252
FixedParameters: 0 0 0

#Transform 91
Transform: AffineTransform_float_3_3
Parameters: 0.999996 -0.00139338 -0.00250923 0.00139262 0.999999 -0.000552496 0.00250977 0.000549505 0.999996 -0.102672 0.0249541 7.98215e-05
FixedParameters: 0 0 0

#Transform 92
Transform: AffineTransform_float_3_3
Parameters: 0.999997 -0.00119207 -0.00223043 0.00119093 0.999999 -0.000479658 0.00223157 0.000476342 0.999998 -0.120325 0.0264263 -0.00248654
FixedParameters: 0 0 0

#Transform 93
Transform: AffineTransform_float_3_3
Parameters: 0.999996 -0.00114365 -0.00249224 0.00114235 0.999999 -0.000664849 0.00249276 0.000662152 0.999996 -0.114048 0.0185788 0.0185285
FixedParameters: 0 0 0

#Transform 94
Transform: AffineTransform_float_3_3
Parameters: 0.999996 -0.00081039 -0.00290861 0.000809609 0.999999 -0.000479357 0.00290939 0.000476644 0.999995 -0.11036 0.0207771 0.0188964
FixedParameters: 0 0 0

#Transform 95
Transform: AffineTransform_float_3_3
Parameters: 0.999996 -0.000999374 -0.00265611 0.000997627 0.999999 -0.000894654 0.00265689 0.000892349 0.999996 -0.118823 0.0227314 -0.015906
FixedParameters: 0 0 0

#Transform 96
Transform: AffineTransform_float_3_3
Parameters: 0.999995 -0.000623744 -0.00313065 0.000622256 0.999999 -0.000557951 0.00313035 0.00055605 0.999995 -0.13031 0.0135497 -0.0170515
FixedParameters: 0 0 0

#Transform 97
Transform: AffineTransform_float_3_3
Parameters: 0.999995 -0.000701805 -0.00314137 0.000699195 1 -0.000894201 0.00314162 0.0008918 0.999994 -0.125926 0.0134222 -0.0318412
FixedParameters: 0 0 0

#Transform 98
Transform: AffineTransform_float_3_3
Parameters: 0.999994 -0.000433121 -0.00349361 0.000429882 1 -0.000893507 0.00349338 0.000892492 0.999993 -0.132202 0.0048135 -0.0395087
FixedParameters: 0 0 0

#Transform 99
Transform: AffineTransform_float_3_3
Parameters: 0.999993 -0.000193187 -0.00356983 0.000189814 0.999999 -0.000892683 0.00357017 0.000892316 0.999993 -0.145468 0.0160845 -0.060828
FixedParameters: 0 0 0

#Transform 100
Transform: AffineTransform_float_3_3
Parameters: 0.999993 -0.000187561 -0.00372572 0.000182439 0.999999 -0.00149269 0.00372628 0.00149231 0.999992 -0.153453 0.00366399 -0.087292
FixedParameters: 0 0 0

#Transform 101
Transform: AffineTransform_float_3_3
Parameters: 0.999992 -0.000462462 -0.00382246 0.00045854 0.999999 -0.00116776 0.00382254 0.00116624 0.999992 -0.158695 -0.00311239 -0.0824614
FixedParameters: 0 0 0

#Transform 102
Transform: AffineTransform_float_3_3
Parameters: 0.999993 -0.000457885 -0.00356537 0.000453112 0.999999 -0.00137162 0.00356562 0.00136938 0.999992 -0.149101 -0.003023 -0.0859527
FixedParameters: 0 0 0

#Transform 103
Transform: AffineTransform_float_3_3
Parameters: 0.999994 -0.00033943 -0.00364459 0.000334574 0.999999 -0.00121523 0.00364441 0.00121477 0.999992 -0.161612 0.0290392 -0.0682507
FixedParameters: 0 0 0

#Transform 104
Transform: AffineTransform_float_3_3
Parameters: 0.999993 -0.000479595 -0.00374729 0.000474405 0.999999 -0.00149379 0.00374771 0.00149221 0.999992 -0.152976 -0.00281666 -0.0844824
FixedParameters: 0 0 0

#Transform 105
Transform: AffineTransform_float_3_3
Parameters: 0.999992 -0.000253701 -0.00404952 0.0002463 0.999998 -0.00190201 0.00404947 0.00190099 0.99999 -0.159953 -0.00346862 -0.114488
FixedParameters: 0 0 0

#Transform 106
Transform: AffineTransform_float_3_3
Parameters: 0.999991 -0.000311332 -0.00405252 0.000305668 0.999998 -0.00156325 0.00405248 0.00156175 0.99999 -0.162739 -0.00527046 -0.0812129
FixedParameters: 0 0 0

#Transform 107
Transform: AffineTransform_float_3_3
Parameters: 0.999992 -0.000734954 -0.00398591 0.000729046 0.999998 -0.00149492 0.00398709 0.00149208 0.999991 -0.162953 0.00394078 -0.0865373
FixedParameters: 0 0 0

#Transform 108
Transform: AffineTransform_float_3_3
Parameters: 0.999991 -0.000332943 -0.00427154 0.000327056 0.999999 -0.00139241 0.00427146 0.00139059 0.99999 -0.167249 0.00628429 -0.0999999
FixedParameters: 0 0 0

#Transform 109
Transform: AffineTransform_float_3_3
Parameters: 0.999991 -0.000305483 -0.00419753 0.000298517 0.999999 -0.00154527 0.00419747 0.00154373 0.99999 -0.157233 -0.00385872 -0.14167
FixedParameters: 0 0 0

#Transform 110
Transform: AffineTransform_float_3_3
Parameters: 0.99999 6.73255e-05 -0.00446407 -7.16731e-05 1 -0.00104669 0.00446393 0.00104731 0.999989 -0.178466 0.00513443 -0.110884
FixedParameters: 0 0 0

#Transform 111
Transform: AffineTransform_float_3_3
Parameters: 0.99999 -0.000274884 -0.0046126 0.000268114 0.999999 -0.00149325 0.00461341 0.00149175 0.999988 -0.183565 -0.0100338 -0.0808812
FixedParameters: 0 0 0

#Transform 112
Transform: AffineTransform_float_3_3
Parameters: 0.99999 -0.000496855 -0.00459127 0.000490143 0.999999 -0.00149427 0.00459274 0.00149173 0.999989 -0.18876 0.0145912 -0.0894877
FixedParameters: 0 0 0

#Transform 113
Transform: AffineTransform_float_3_3
Parameters: 0.99999 -0.000586417 -0.00455631 0.000580586 0.999999 -0.00118966 0.00455669 0.00118734 0.999989 -0.197535 0.0123319 -0.0889421
FixedParameters: 0 0 0

#Transform 114
Transform: AffineTransform_float_3_3
Parameters: 0.99999 -0.000430611 -0.00442736 0.00042439 0.999999 -0.00149389 0.00442764 0.00149211 0.999989 -0.190843 0.000197956 -0.10608
FixedParameters: 0 0 0

#Transform 115
Transform: AffineTransform_float_3_3
Parameters: 0.99999 -0.000371186 -0.00461143 0.00036381 0.999998 -0.00155969 0.00461257 0.0015573 0.999988 -0.19505 -0.00315326 -0.101439
FixedParameters: 0 0 0

#Transform 116
Transform: AffineTransform_float_3_3
Parameters: 0.999989 -0.000421049 -0.00472137 0.000413951 0.999999 -0.00149397 0.00472162 0.00149203 0.999987 -0.208349 0.00384621 -0.0883333
FixedParameters: 0 0 0

#Transform 117
Transform: AffineTransform_float_3_3
Parameters: 0.999988 -0.000389493 -0.00485241 0.000382508 0.999998 -0.00154487 0.0048526 0.00154313 0.999987 -0.203527 0.0199414 -0.10746
FixedParameters: 0 0 0

#Transform 118
Transform: AffineTransform_float_3_3
Parameters: 0.999987 -0.000322616 -0.00509746 0.000314381 0.999998 -0.00169162 0.00509754 0.00168938 0.999985 -0.208924 -0.00150747 -0.0629864
FixedParameters: 0 0 0

#Transform 119
Transform: AffineTransform_float_3_3
Parameters: 0.99999 -0.000573793 -0.00447488 0.000565204 0.999998 -0.00196655 0.00447612 0.00196345 0.999988 -0.210036 0.0190752 -0.0992189
FixedParameters: 0 0 0

#Transform 120
Transform: AffineTransform_float_3_3
Parameters: 0.999987 -0.000404423 -0.00494848 0.000398576 0.999999 -0.00129899 0.00494952 0.00129701 0.999987 -0.225315 0.0135468 -0.0546671
FixedParameters: 0 0 0

#Transform 121
Transform: AffineTransform_float_3_3
Parameters: 0.999989 -0.000849675 -0.00457522 0.000839327 0.999998 -0.00211586 0.00457679 0.00211214 0.999988 -0.202781 0.0245686 -0.0922278
FixedParameters: 0 0 0

#Transform 122
Transform: AffineTransform_float_3_3
Parameters: 0.999987 3.57908e-05 -0.00499006 -4.3208e-05 0.999998 -0.0016448 0.00498993 0.0016452 0.999986 -0.189259 0.0187471 -0.0511395
FixedParameters: 0 0 0

#Transform 123
Transform: AffineTransform_float_3_3
Parameters: 0.999989 -0.000395225 -0.00451129 0.000387772 0.999999 -0.00182477 0.00451171 0.00182224 0.999988 -0.188973 0.0122123 -0.043201
FixedParameters: 0 0 0

#Transform 124
Transform: AffineTransform_float_3_3
Parameters: 0.99999 -0.000528862 -0.00443907 0.000521137 0.999999 -0.00177233 0.00443993 0.00176967 0.999988 -0.200442 0.0288075 -0.0577508
FixedParameters: 0 0 0

#Transform 125
Transform: AffineTransform_float_3_3
Parameters: 0.999989 -0.000457308 -0.00465839 0.000450692 0.999999 -0.00135511 0.00465862 0.00135288 0.999988 -0.203785 0.0296004 -0.0537988
FixedParameters: 0 0 0

#Transform 126
Transform: AffineTransform_float_3_3
Parameters: 0.999989 -0.000559008 -0.00452202 0.000550989 0.999999 -0.00177251 0.00452298 0.00176949 0.999988 -0.202986 0.0248708 -0.0568241
FixedParameters: 0 0 0

#Transform 127
Transform: AffineTransform_float_3_3
Parameters: 0.99999 -6.46229e-05 -0.0045189 5.73757e-05 0.999998 -0.00168728 0.0045191 0.00168673 0.999989 -0.194483 0.0307385 -0.0519181
FixedParameters: 0 0 0

#Transform 128
Transform: AffineTransform_float_3_3
Parameters: 0.99999 -0.000413802 -0.00447765 0.000410198 0.999999 -0.000849845 0.00447835 0.000848155 0.999989 -0.203751 0.015015 -0.0176104
FixedParameters: 0 0 0

#Transform 129
Transform: AffineTransform_float_3_3
Parameters: 0.99999 -0.000293354 -0.00445159 0.000286644 0.999999 -0.00142829 0.00445241 0.00142671 0.999989 -0.189091 0.0339726 -0.0450668
FixedParameters: 0 0 0

#Transform 130
Transform: AffineTransform_float_3_3
Parameters: 0.99999 -0.000290612 -0.00441876 0.000286391 0.999999 -0.000817273 0.00441924 0.000816723 0.99999 -0.192624 0.00953496 -0.0076717
FixedParameters: 0 0 0

#Transform 131
Transform: AffineTransform_float_3_3
Parameters: 0.99999 -0.000265196 -0.00443364 0.000258803 0.999999 -0.00139816 0.00443437 0.00139684 0.999989 -0.193894 0.0275975 -0.023669
FixedParameters: 0 0 0

#Transform 132
Transform: AffineTransform_float_3_3
Parameters: 0.999987 -0.000191622 -0.00504876 0.000184378 0.999999 -0.00131195 0.00504925 0.00131105 0.999987 -0.210396 0.0305072 -0.0239566
FixedParameters: 0 0 0

#Transform 133
Transform: AffineTransform_float_3_3
Parameters: 0.99999 -0.000389176 -0.00448147 0.000383825 0.999999 -0.00137873 0.00448153 0.00137727 0.999989 -0.202505 0.0268788 -0.0303998
FixedParameters: 0 0 0

#Transform 134
Transform: AffineTransform_float_3_3
Parameters: 0.999991 -5.03327e-05 -0.00406794 4.46677e-05 0.999999 -0.00131119 0.00406706 0.00131081 0.999991 -0.193954 0.057662 -0.0345939
FixedParameters: 0 0 0

#Transform 135
Transform: AffineTransform_float_3_3
Parameters: 0.999992 -0.000207141 -0.0041508 0.00020286 0.999999 -0.00099785 0.00415121 0.000997148 0.999991 -0.192984 0.0404347 -0.0239947
FixedParameters: 0 0 0

#Transform 136
Transform: AffineTransform_float_3_3
Parameters: 0.999991 3.36588e-05 -0.00407705 -3.93446e-05 0.999999 -0.00131085 0.00407695 0.00131015 0.999991 -0.185058 0.027146 -0.0343265
FixedParameters: 0 0 0

#Transform 137
Transform: AffineTransform_float_3_3
Parameters: 0.999992 6.15328e-05 -0.00417309 -6.64703e-05 0.999999 -0.00131073 0.00417292 0.00131027 0.999991 -0.193829 0.0296463 -0.025475
FixedParameters: 0 0 0

#Transform 138
Transform: AffineTransform_float_3_3
Parameters: 0.999991 -3.2358e-05 -0.00420796 2.56456e-05 0.999999 -0.00151012 0.00420804 0.00151088 0.99999 -0.190686 0.0449247 -0.0337803
FixedParameters: 0 0 0

#Transform 139
Transform: AffineTransform_float_3_3
Parameters: 0.999991 7.98992e-05 -0.00411612 -8.50991e-05 0.999999 -0.00148166 0.00411588 0.00148234 0.999991 -0.188841 0.0566568 -0.0346388
FixedParameters: 0 0 0

#Transform 140
Transform: AffineTransform_float_3_3
Parameters: 0.999991 0.000311596 -0.00424962 -0.000320405 0.999998 -0.00197766 0.00424837 0.00197834 0.999989 -0.187254 0.033928 -0.0274574
FixedParameters: 0 0 0

#Transform 141
Transform: AffineTransform_float_3_3
Parameters: 0.999992 -6.07924e-05 -0.00415389 5.32065e-05 0.999998 -0.00187624 0.00415411 0.00187576 0.999989 -0.186956 0.0447712 -0.0170131
FixedParameters: 0 0 0

#Transform 142
Transform: AffineTransform_float_3_3
Parameters: 0.999991 -5.52389e-05 -0.0043919 4.676e-05 0.999998 -0.00187622 0.0043921 0.00187578 0.999988 -0.18596 0.0462368 -0.00802696
FixedParameters: 0 0 0

#Transform 143
Transform: AffineTransform_float_3_3
Parameters: 0.999991 2.97758e-05 -0.00438606 -3.82278e-05 0.999998 -0.00187585 0.00438594 0.00187515 0.999988 -0.192254 0.0447803 -0.0167547
FixedParameters: 0 0 0

#Transform 144
Transform: AffineTransform_float_3_3
Parameters: 0.99999 -0.000212562 -0.00451451 0.000201437 0.999997 -0.00233993 0.00451548 0.00233906 0.999987 -0.204303 0.0355369 -0.0337195
FixedParameters: 0 0 0

#Transform 145
Transform: AffineTransform_float_3_3
Parameters: 0.99999 -0.000101625 -0.00446681 9.2373e-05 0.999998 -0.00193143 0.00446719 0.00193057 0.999988 -0.206612 0.0238785 -0.0522942
FixedParameters: 0 0 0

#Transform 146
Transform: AffineTransform_float_3_3
Parameters: 0.99999 -9.26682e-05 -0.00450585 8.53342e-05 0.999998 -0.0017014 0.00450615 0.0017016 0.999989 -0.212589 0.0190072 -0.0314683
FixedParameters: 0 0 0

#Transform 147
Transform: AffineTransform_float_3_3
Parameters: 0.99999 -0.000391481 -0.00458012 0.000380521 0.999998 -0.00228877 0.00458088 0.00228723 0.999987 -0.218723 0.0297424 -0.0398743
FixedParameters: 0 0 0

#Transform 148
Transform: AffineTransform_float_3_3
Parameters: 0.999989 -0.000195013 -0.00471468 0.000186987 0.999998 -0.0016999 0.00471533 0.0016991 0.999988 -0.211725 0.0377042 -0.0290661
FixedParameters: 0 0 0

#Transform 149
Transform: AffineTransform_float_3_3
Parameters: 0.99999 -6.02757e-05 -0.0046339 5.1723e-05 0.999999 -0.00178626 0.0046341 0.00178574 0.999987 -0.201093 0.0204437 -0.0243076
FixedParameters: 0 0 0

#Transform 150
Transform: AffineTransform_float_3_3
Parameters: 0.999988 -0.000536017 -0.00475677 0.000524987 0.999997 -0.00231652 0.00475723 0.00231448 0.999986 -0.220721 0.0372955 -0.0375089
FixedParameters: 0 0 0

#Transform 151
Transform: AffineTransform_float_3_3
Parameters: 0.999987 -0.00014477 -0.00509376 0.000136231 0.999998 -0.00172171 0.00509424 0.00172128 0.999985 -0.20585 0.0234001 -0.0354194
FixedParameters: 0 0 0

#Transform 152
Transform: AffineTransform_float_3_3
Parameters: 0.999989 -0.000407318 -0.00462619 0.000397683 0.999998 -0.00201486 0.00462681 0.00201314 0.999988 -0.21862 0.0421297 -0.0264199
FixedParameters: 0 0 0

#Transform 153
Transform: AffineTransform_float_3_3
Parameters: 0.99999 -0.000294112 -0.00458149 0.000285893 0.999999 -0.00177033 0.00458152 0.00176967 0.999988 -0.201998 0.0540511 -0.0309477
FixedParameters: 0 0 0

#Transform 154
Transform: AffineTransform_float_3_3
Parameters: 0.999989 -0.000219315 -0.00454765 0.000212684 0.999998 -0.00160898 0.00454835 0.00160802 0.999989 -0.207637 0.0101481 -0.0225187
FixedParameters: 0 0 0

#Transform 155
Transform: AffineTransform_float_3_3
Parameters: 0.999989 -0.000871298 -0.00464608 0.000861702 0.999997 -0.00221803 0.00464792 0.00221397 0.999986 -0.212654 0.0318947 -0.0576646
FixedParameters: 0 0 0

#Transform 156
Transform: AffineTransform_float_3_3
Parameters: 0.999987 -0.000385033 -0.00504832 0.000375967 0.999999 -0.00178992 0.00504968 0.00178808 0.999985 -0.219742 0.0305601 -0.0329316
FixedParameters: 0 0 0

#Transform 157
Transform: AffineTransform_float_3_3
Parameters: 0.999989 -0.000763242 -0.00458547 0.000753761 0.999997 -0.00201648 0.00458653 0.00201352 0.999988 -0.216187 0.0228338 -0.0318648
FixedParameters: 0 0 0

#Transform 158
Transform: AffineTransform_float_3_3
Parameters: 0.999989 -8.59943e-05 -0.00466784 7.70056e-05 0.999998 -0.00192738 0.00466716 0.00192662 0.999988 -0.210431 0.0285282 -0.0327664
FixedParameters: 0 0 0

#Transform 159
Transform: AffineTransform_float_3_3
Parameters: 0.999989 -0.000752692 -0.00458775 0.000745313 0.999999 -0.00167744 0.00458826 0.00167457 0.999988 -0.215739 0.0136772 -0.0306789
FixedParameters: 0 0 0

#Transform 160
Transform: AffineTransform_float_3_3
Parameters: 0.999989 -0.000216399 -0.00466462 0.0002086 0.999999 -0.00180099 0.00466539 0.00180001 0.999988 -0.209 0.0176694 -0.0301486
FixedParameters: 0 0 0

#Transform 161
Transform: AffineTransform_float_3_3
Parameters: 0.999987 -0.000183773 -0.00498982 0.000179227 0.999999 -0.000956906 0.00499017 0.000956094 0.999987 -0.205672 0.012533 -0.0106037
FixedParameters: 0 0 0

#Transform 162
Transform: AffineTransform_float_3_3
Parameters: 0.999989 -0.000819226 -0.00474076 0.000811774 0.999998 -0.00152586 0.00474224 0.00152213 0.999987 -0.22426 0.0278223 -0.039325
FixedParameters: 0 0 0

#Transform 163
Transform: AffineTransform_float_3_3
Parameters: 0.999987 -0.000516367 -0.00498155 0.000512634 0.999999 -0.000877564 0.00498145 0.000875438 0.999987 -0.228421 0.0460803 -0.0233701
FixedParameters: 0 0 0

#Transform 164
Transform: AffineTransform_float_3_3
Parameters: 0.999989 -0.000568404 -0.00476924 0.000561598 0.999999 -0.00134369 0.00476976 0.0013413 0.999987 -0.207611 0.0282898 -0.0273931
FixedParameters: 0 0 0

#Transform 165
Transform: AffineTransform_float_3_3
Parameters: 0.999988 -0.000508166 -0.00499148 0.000502837 1 -0.00103552 0.00499253 0.00103348 0.999987 -0.217056 0.0440404 -0.013076
FixedParameters: 0 0 0

#Transform 166
Transform: AffineTransform_float_3_3
Parameters: 0.999986 -0.000485166 -0.00522643 0.000478836 0.999999 -0.00118052 0.00522757 0.00117848 0.999985 -0.233756 0.0205727 -0.00329865
FixedParameters: 0 0 0

#Transform 167
Transform: AffineTransform_float_3_3
Parameters: 0.999985 -0.000861608 -0.00531777 0.000854392 0.999998 -0.00143256 0.00531922 0.00142844 0.999985 -0.242627 0.0347353 -0.0386749
FixedParameters: 0 0 0

#Transform 168
Transform: AffineTransform_float_3_3
Parameters: 0.999984 -0.000659616 -0.00560522 0.000653387 0.999999 -0.00118168 0.00560577 0.00117832 0.999983 -0.249339 0.0344241 -0.00446696
FixedParameters: 0 0 0

#Transform 169
Transform: AffineTransform_float_3_3
Parameters: 0.999983 -0.000792736 -0.0057478 0.00078326 0.999998 -0.00152253 0.0057492 0.00151747 0.999983 -0.259056 0.0450489 -0.0175092
FixedParameters: 0 0 0

#Transform 170
Transform: AffineTransform_float_3_3
Parameters: 0.999982 -0.000536432 -0.00599351 0.000530565 0.999999 -0.000908196 0.00599448 0.0009048 0.999981 -0.262113 0.0334418 -0.00561341
FixedParameters: 0 0 0

#Transform 171
Transform: AffineTransform_float_3_3
Parameters: 0.999981 -0.000891627 -0.00609075 0.000882377 0.999998 -0.0014184 0.00609126 0.0014136 0.999981 -0.268993 0.046424 -0.0310142
FixedParameters: 0 0 0

#Transform 172
Transform: AffineTransform_float_3_3
Parameters: 0.999979 -0.000376022 -0.00647665 0.000369976 0.999999 -0.000931415 0.00647634 0.000928583 0.999978 -0.267562 0.0364836 -0.00750389
FixedParameters: 0 0 0

#Transform 173
Transform: AffineTransform_float_3_3
Parameters: 0.999982 -0.000791223 -0.00595091 0.000782779 0.999998 -0.00138368 0.00595209 0.00137932 0.999982 -0.252608 0.0318686 -0.042564
FixedParameters: 0 0 0

#Transform 174
Transform: AffineTransform_float_3_3
Parameters: 0.99998 -0.000660558 -0.00630173 0.000657441 0.999999 -0.000408151 0.00630127 0.000403846 0.99998 -0.278319 0.0265533 -0.0133217
FixedParameters: 0 0 0

#Transform 175
Transform: AffineTransform_float_3_3
Parameters: 0.999982 -0.000878514 -0.00605621 0.000872485 0.999999 -0.000913301 0.0060568 0.000907696 0.999981 -0.280256 0.0313433 -0.0315832
FixedParameters: 0 0 0

#Transform 176
Transform: AffineTransform_float_3_3
Parameters: 0.999981 -0.000755041 -0.0062324 0.000749963 1 -0.000810691 0.00623261 0.000806311 0.999981 -0.269603 0.0410192 -0.0416931
FixedParameters: 0 0 0

#Transform 177
Transform: AffineTransform_float_3_3
Parameters: 0.999982 -0.000405846 -0.00599967 0.000401156 0.999999 -0.000808421 0.00600032 0.000806579 0.999981 -0.259993 0.0101252 -0.00200383
FixedParameters: 0 0 0

#Transform 178
Transform: AffineTransform_float_3_3
Parameters: 0.999984 -0.000745142 -0.00551104 0.000738856 0.999999 -0.00129809 0.00551196 0.00129391 0.999984 -0.264764 0.0190249 -0.0493743
FixedParameters: 0 0 0

#Transform 179
Transform: AffineTransform_float_3_3
Parameters: 0.999982 -0.000439377 -0.00586674 0.000435624 0.999999 -0.000576565 0.00586725 0.000574432 0.999982 -0.259202 0.0226222 -0.0305009
FixedParameters: 0 0 0

#Transform 180
Transform: AffineTransform_float_3_3
Parameters: 0.999984 -0.000818994 -0.00570915 0.000813009 0.999999 -0.00105166 0.00570986 0.00104734 0.999983 -0.264852 0.0214654 -0.0226366
FixedParameters: 0 0 0

#Transform 181
Transform: AffineTransform_float_3_3
Parameters: 0.999983 -0.000642832 -0.0057049 0.00063317 0.999999 -0.00172464 0.0057061 0.00172136 0.999982 -0.28413 0.0465145 -0.0251838
FixedParameters: 0 0 0

#Transform 182
Transform: AffineTransform_float_3_3
Parameters: 0.999984 -0.000544555 -0.00574238 0.000537445 0.999999 -0.00114311 0.00574262 0.00113989 0.999983 -0.260673 0.0358051 -0.00279794
FixedParameters: 0 0 0

#Transform 183
Transform: AffineTransform_float_3_3
Parameters: 0.999983 -0.000535142 -0.00569414 0.000525857 0.999998 -0.00160702 0.00569485 0.00160398 0.999982 -0.274415 0.0452795 -0.011277
FixedParameters: 0 0 0

#Transform 184
Transform: AffineTransform_float_3_3
Parameters: 0.999983 -0.000130198 -0.00586889 0.000124804 0.999999 -0.000885748 0.00586911 0.000885251 0.999983 -0.26343 0.0541853 0.00964258
FixedParameters: 0 0 0

#Transform 185
Transform: AffineTransform_float_3_3
Parameters: 0.999985 -0.000384429 -0.00550269 0.00038057 0.999999 -0.000806107 0.00550231 0.000803897 0.999985 -0.257224 0.050975 0.0314571
FixedParameters: 0 0 0

#Transform 186
Transform: AffineTransform_float_3_3
Parameters: 0.999986 -0.000104242 -0.0053069 9.87604e-05 0.999999 -0.000987538 0.0053071 0.000987461 0.999986 -0.253267 0.0425671 0.0286566
FixedParameters: 0 0 0

#Transform 187
Transform: AffineTransform_float_3_3
Parameters: 0.999984 -0.000174867 -0.00552991 0.000172133 1 -0.00051896 0.00553009 0.000518041 0.999984 -0.264488 0.0602869 0.0541503
FixedParameters: 0 0 0

#Transform 188
Transform: AffineTransform_float_3_3
Parameters: 0.999985 -0.000519773 -0.00558456 0.000514228 1 -0.000855886 0.00558544 0.000853111 0.999984 -0.263528 0.0645554 0.0211898
FixedParameters: 0 0 0

#Transform 189
Transform: AffineTransform_float_3_3
Parameters: 0.999984 -1.94298e-05 -0.00573999 1.35696e-05 0.999999 -0.000946093 0.00574002 0.000945904 0.999983 -0.255921 0.05559 0.0227288
FixedParameters: 0 0 0

#Transform 190
Transform: AffineTransform_float_3_3
Parameters: 0.999982 -0.000159926 -0.00589384 0.000154074 0.999999 -0.00100593 0.00589416 0.00100507 0.999982 -0.26068 0.0451286 0.0349813
FixedParameters: 0 0 0

#Transform 191
Transform: AffineTransform_float_3_3
Parameters: 0.999981 0.000341118 -0.00611739 -0.000347881 1 -0.00112389 0.00611661 0.00112611 0.99998 -0.243643 0.04963 0.0514852
FixedParameters: 0 0 0

#Transform 192
Transform: AffineTransform_float_3_3
Parameters: 0.999983 -0.00021435 -0.00593985 0.000209654 0.999999 -0.000732258 0.00594016 0.00073174 0.999982 -0.274696 0.0516742 0.0529976
FixedParameters: 0 0 0

#Transform 193
Transform: AffineTransform_float_3_3
Parameters: 0.999983 -0.000282142 -0.00570575 0.00027686 0.999999 -0.000901594 0.00570625 0.000900405 0.999984 -0.258673 0.0617435 0.0443341
FixedParameters: 0 0 0

#Transform 194
Transform: AffineTransform_float_3_3
Parameters: 0.999983 -0.000153037 -0.00587089 0.000148964 1 -0.000687886 0.0058711 0.000687113 0.999982 -0.25974 0.0402958 0.0466138
FixedParameters: 0 0 0

#Transform 195
Transform: AffineTransform_float_3_3
Parameters: 0.999984 -0.000743221 -0.00560205 0.000736783 0.999999 -0.00129015 0.00560296 0.00128686 0.999984 -0.282382 0.0460474 0.0353901
FixedParameters: 0 0 0

#Transform 196
Transform: AffineTransform_float_3_3
Parameters: 0.999982 -1.82565e-05 -0.00595999 1.2743e-05 0.999999 -0.000882091 0.00596001 0.000881906 0.999982 -0.241996 0.0379091 0.035886
FixedParameters: 0 0 0

#Transform 197
Transform: AffineTransform_float_3_3
Parameters: 0.999983 -0.000347256 -0.00570574 0.000342743 0.999999 -0.000746968 0.00570626 0.000745031 0.999984 -0.228522 0.0489472 0.0638589
FixedParameters: 0 0 0

#Transform 198
Transform: AffineTransform_float_3_3
Parameters: 0.999985 -0.000372465 -0.00541856 0.000365535 0.999999 -0.001194 0.00541944 0.001192 0.999984 -0.21581 0.0582868 0.0354644
FixedParameters: 0 0 0

#Transform 199
Transform: AffineTransform_float_3_3
Parameters: 0.999983 -0.000582268 -0.00567356 0.000578735 0.999999 -0.000753295 0.00567443 0.000750708 0.999983 -0.23933 0.0471979 0.040705
FixedParameters: 0 0 0

#Transform 200
Transform: AffineTransform_float_3_3
Parameters: 0.999984 -0.000777231 -0.00558372 0.000767775 0.999999 -0.00165431 0.00558428 0.00165069 0.999983 -0.251214 0.0401999 0.00727338
FixedParameters: 0 0 0

#Transform 201
Transform: AffineTransform_float_3_3
Parameters: 0.999982 -0.000457053 -0.00595954 0.000450949 1 -0.00101671 0.00595946 0.00101429 0.999981 -0.249587 0.0484217 0.0281444
FixedParameters: 0 0 0

#Transform 202
Transform: AffineTransform_float_3_3
Parameters: 0.999985 -0.000595595 -0.00557541 0.000589405 1 -0.0010053 0.0055756 0.0010017 0.999984 -0.265442 0.0489324 0.0357402
FixedParameters: 0 0 0

#Transform 203
Transform: AffineTransform_float_3_3
Parameters: 0.999985 -0.000544987 -0.00555132 0.000538014 0.999999 -0.00126001 0.00555168 0.00125699 0.999984 -0.251965 0.0505983 0.0269674
FixedParameters: 0 0 0

#Transform 204
Transform: AffineTransform_float_3_3
Parameters: 0.999984 -0.000398946 -0.00573152 0.000392052 0.999999 -0.00121327 0.00573248 0.00121073 0.999983 -0.256352 0.0477457 0.0490948
FixedParameters: 0 0 0

#Transform 205
Transform: AffineTransform_float_3_3
Parameters: 0.999984 -0.000540395 -0.0056383 0.000533611 0.999999 -0.00131203 0.00563871 0.00130997 0.999983 -0.262549 0.0511051 0.0475856
FixedParameters: 0 0 0

#Transform 206
Transform: AffineTransform_float_3_3
Parameters: 0.999981 -0.000482456 -0.00613334 0.000474544 0.999999 -0.00137994 0.00613466 0.00137707 0.99998 -0.255701 0.0687391 0.0505045
FixedParameters: 0 0 0

#Transform 207
Transform: AffineTransform_float_3_3
Parameters: 0.999982 -0.000235208 -0.0060258 0.000229789 0.999999 -0.0008654 0.0060262 0.000863598 0.999982 -0.25661 0.0467894 0.0606123
FixedParameters: 0 0 0

#Transform 208
Transform: AffineTransform_float_3_3
Parameters: 0.999984 -0.000446215 -0.00560035 0.000437781 0.999999 -0.00146848 0.00560165 0.00146552 0.999983 -0.25204 0.0446143 0.0467015
FixedParameters: 0 0 0

#Transform 209
Transform: AffineTransform_float_3_3
Parameters: 0.99998 -0.000248333 -0.0062276 0.00023767 0.999998 -0.00165951 0.0062274 0.00165849 0.999979 -0.247369 0.0445817 0.0527787
FixedParameters: 0 0 0

#Transform 210
Transform: AffineTransform_float_3_3
Parameters: 0.999981 0.000232444 -0.00606529 -0.000240559 0.999999 -0.00124556 0.0060647 0.00124643 0.999981 -0.225955 0.040348 0.0805115
FixedParameters: 0 0 0

#Transform 211
Transform: AffineTransform_float_3_3
Parameters: 0.999981 -0.000244906 -0.0061565 0.000232096 0.999998 -0.00209647 0.0061575 0.00209553 0.999979 -0.244831 0.0399135 0.0536928
FixedParameters: 0 0 0

#Transform 212
Transform: AffineTransform_float_3_3
Parameters: 0.999978 -0.00014526 -0.00671171 0.000131733 0.999997 -0.00212593 0.0067123 0.00212407 0.999975 -0.251663 0.0430473 0.0522392
FixedParameters: 0 0 0

#Transform 213
Transform: AffineTransform_float_3_3
Parameters: 0.999977 0.000211567 -0.00688026 -0.000220431 0.999999 -0.00122451 0.00688073 0.00122648 0.999975 -0.247371 0.0544354 0.0800592
FixedParameters: 0 0 0

#Transform 214
Transform: AffineTransform_float_3_3
Parameters: 0.999978 -0.000225016 -0.00664454 0.000210987 0.999998 -0.00210945 0.00664546 0.00210855 0.999975 -0.264483 0.0419899 0.0409926
FixedParameters: 0 0 0

#Transform 215
Transform: AffineTransform_float_3_3
Parameters: 0.999976 -0.000132576 -0.00690081 0.000121424 0.999999 -0.00153287 0.0069012 0.00153212 0.999975 -0.253023 0.0747672 0.0596262
FixedParameters: 0 0 0

#Transform 216
Transform: AffineTransform_float_3_3
Parameters: 0.999974 0.000481593 -0.00710257 -0.000490404 0.999999 -0.00118155 0.00710242 0.00118545 0.999974 -0.239548 0.0511368 0.0973607
FixedParameters: 0 0 0

#Transform 217
Transform: AffineTransform_float_3_3
Parameters: 0.999976 0.000163238 -0.00691132 -0.000175762 0.999999 -0.00184583 0.00691169 0.00184717 0.999975 -0.245446 0.0656738 0.0760515
FixedParameters: 0 0 0

#Transform 218
Transform: AffineTransform_float_3_3
Parameters: 0.999978 1.68982e-05 -0.00652004 -2.81073e-05 0.999999 -0.00185686 0.00651996 0.00185615 0.999977 -0.230704 0.0483409 0.0718114
FixedParameters: 0 0 0

#Transform 219
Transform: AffineTransform_float_3_3
Parameters: 0.999976 0.000210686 -0.00689526 -0.00021931 1 -0.00120452 0.00689474 0.00120648 0.999975 -0.24104 0.0403732 0.104576
FixedParameters: 0 0 0

#Transform 220
Transform: AffineTransform_float_3_3
Parameters: 0.99998 -0.000245162 -0.00643462 0.000234842 0.999998 -0.00157954 0.00643438 0.00157845 0.999978 -0.24595 0.0642595 0.0709078
FixedParameters: 0 0 0

#Transform 221
Transform: AffineTransform_float_3_3
Parameters: 0.999979 -0.00033843 -0.00643667 0.00033257 0.999999 -0.00100016 0.00643634 0.000997842 0.999979 -0.238058 0.0655625 0.0723253
FixedParameters: 0 0 0

#Transform 222
Transform: AffineTransform_float_3_3
Parameters: 0.999978 -6.59278e-05 -0.00651995 6.10694e-05 0.999999 -0.000756414 0.00652005 0.000755586 0.999979 -0.231294 0.0664849 0.112924
FixedParameters: 0 0 0

#Transform 223
Transform: AffineTransform_float_3_3
Parameters: 0.99998 -0.000216063 -0.00632676 0.000208941 1 -0.00111635 0.00632724 0.00111566 0.99998 -0.241299 0.0750189 0.099554
FixedParameters: 0 0 0

#Transform 224
Transform: AffineTransform_float_3_3
Parameters: 0.999978 -0.000211916 -0.00662191 0.000209088 1 -0.000440394 0.00662209 0.000439606 0.999978 -0.213415 0.0734605 0.11258
FixedParameters: 0 0 0

#Transform 225
Transform: AffineTransform_float_3_3
Parameters: 0.999978 -9.65261e-05 -0.00651999 9.64763e-05 1 -8.06307e-05 0.00652 8.03723e-05 0.999978 -0.221678 0.0706343 0.143079
FixedParameters: 0 0 0

#Transform 226
Transform: AffineTransform_float_3_3
Parameters: 0.999978 -0.000162847 -0.00651988 0.000158159 0.999999 -0.000743047 0.00652012 0.000742954 0.999979 -0.232838 0.0667996 0.117615
FixedParameters: 0 0 0

#Transform 227
Transform: AffineTransform_float_3_3
Parameters: 0.999976 0.000137364 -0.00694705 -0.000140636 1 -0.000379032 0.00694694 0.000379963 0.999976 -0.226386 0.0637572 0.105737
FixedParameters: 0 0 0

#Transform 228
Transform: AffineTransform_float_3_3
Parameters: 0.999978 -0.000230887 -0.00651986 0.000227109 1 -0.000597493 0.00652013 0.000595507 0.999978 -0.223806 0.0908904 0.102131
FixedParameters: 0 0 0

#Transform 229
Transform: AffineTransform_float_3_3
Parameters: 0.999978 8.51201e-06 -0.006634 -1.14876e-05 1 -0.000374932 0.006634 0.000375065 0.999978 -0.220126 0.107474 0.12592
FixedParameters: 0 0 0

#Transform 230
Transform: AffineTransform_float_3_3
Parameters: 0.999978 0.000315022 -0.00652004 -0.000315978 1 -0.000148943 0.00651995 0.000151057 0.999978 -0.20717 0.0791178 0.114776
FixedParameters: 0 0 0

#Transform 231
Transform: AffineTransform_float_3_3
Parameters: 0.999978 -1.2166e-05 -0.00666599 6.83357e-06 0.999999 -0.000775063 0.00666601 0.000774936 0.999978 -0.220477 0.077176 0.103547
FixedParameters: 0 0 0

#Transform 232
Transform: AffineTransform_float_3_3
Parameters: 0.999978 -1.25965e-05 -0.00654399 1.1403e-05 1 -0.00024408 0.006544 0.000243923 0.999978 -0.207756 0.107484 0.105369
FixedParameters: 0 0 0

#Transform 233
Transform: AffineTransform_float_3_3
Parameters: 0.99998 5.34027e-05 -0.00643602 -5.4595e-05 1 -0.000247654 0.00643599 0.000248349 0.99998 -0.20859 0.0725794 0.128211
FixedParameters: 0 0 0

#Transform 234
Transform: AffineTransform_float_3_3
Parameters: 0.99998 -0.000104621 -0.0064359 9.83816e-05 1 -0.00102865 0.0064361 0.00102835 0.999979 -0.212201 0.0711131 0.0846034
FixedParameters: 0 0 0

#Transform 235
Transform: AffineTransform_float_3_3
Parameters: 0.999977 7.08126e-05 -0.00674603 -7.31912e-05 1 -0.000324514 0.00674698 0.000324485 0.999977 -0.21002 0.0616105 0.107479
FixedParameters: 0 0 0

#Transform 236
Transform: AffineTransform_float_3_3
Parameters: 0.999976 -0.000371445 -0.00682049 0.000361557 0.999999 -0.0013855 0.0068215 0.0013835 0.999976 -0.213833 0.0676203 0.0975811
FixedParameters: 0 0 0

#Transform 237
Transform: AffineTransform_float_3_3
Parameters: 0.999973 -0.00033923 -0.00734167 0.000331767 1 -0.000986462 0.00734133 0.000983536 0.999972 -0.2325 0.0740061 0.100816
FixedParameters: 0 0 0

#Transform 238
Transform: AffineTransform_float_3_3
Parameters: 0.999976 -0.000508049 -0.00693327 0.000497948 0.999999 -0.00145149 0.00693373 0.00144751 0.999975 -0.221726 0.0755169 0.0581181
FixedParameters: 0 0 0

#Transform 239
Transform: AffineTransform_float_3_3
Parameters: 0.999972 -5.22712e-05 -0.00756198 4.7726e-05 1 -0.000565377 0.00756203 0.000564621 0.999971 -0.235912 0.0726505 0.0891921
FixedParameters: 0 0 0

#Transform 240
Transform: AffineTransform_float_3_3
Parameters: 0.999972 -0.000967652 -0.00741227 0.000962348 0.999999 -0.000766155 0.00741274 0.000758849 0.999972 -0.239849 0.106107 0.0876252
FixedParameters: 0 0 0

#Transform 241
Transform: AffineTransform_float_3_3
Parameters: 0.999973 -0.000776169 -0.00722402 0.000766826 0.999999 -0.00127257 0.00722498 0.00126643 0.999973 -0.234644 0.110068 0.0857728
FixedParameters: 0 0 0

#Transform 242
Transform: AffineTransform_float_3_3
Parameters: 0.999972 -0.000663528 -0.00748116 0.000654472 0.999999 -0.00127593 0.00748184 0.00127107 0.999971 -0.235823 0.101152 0.0996094
FixedParameters: 0 0 0

#Transform 243
Transform: AffineTransform_float_3_3
Parameters: 0.999974 -0.000490815 -0.00719441 0.000482182 0.999999 -0.0012275 0.0071946 0.0012235 0.999974 -0.23199 0.123986 0.0956905
FixedParameters: 0 0 0

#Transform 244
Transform: AffineTransform_float_3_3
Parameters: 0.999974 -0.000166194 -0.00719082 0.000158805 1 -0.00114017 0.00719119 0.00113884 0.999974 -0.230297 0.0930698 0.114997
FixedParameters: 0 0 0

#Transform 245
Transform: AffineTransform_float_3_3
Parameters: 0.999974 -0.0010385 -0.00703373 0.0010225 0.999997 -0.00220625 0.00703627 0.00219975 0.999973 -0.232917 0.118371 0.0794211
FixedParameters: 0 0 0

#Transform 246
Transform: AffineTransform_float_3_3
Parameters: 0.999975 -0.000822315 -0.00703969 0.000810687 0.999999 -0.00160975 0.00704131 0.00160425 0.999974 -0.240903 0.104196 0.079093
FixedParameters: 0 0 0

#Transform 247
Transform: AffineTransform_float_3_3
Parameters: 0.999975 -0.0010942 -0.00706159 0.00108481 0.999998 -0.00130569 0.00706342 0.0012983 0.999974 -0.230807 0.105108 0.109984
FixedParameters: 0 0 0

#Transform 248
Transform: AffineTransform_float_3_3
Parameters: 0.999975 -0.0010665 -0.0069971 0.0010535 0.999998 -0.00179042 0.00699889 0.00178258 0.999974 -0.22577 0.128392 0.110721
FixedParameters: 0 0 0

#Transform 249
Transform: AffineTransform_float_3_3
Parameters: 0.999971 -0.000764529 -0.00759885 0.000753472 0.999998 -0.00151977 0.00760015 0.00151423 0.99997 -0.232139 0.121458 0.112591
FixedParameters: 0 0 0

#Transform 250
Transform: AffineTransform_float_3_3
Parameters: 0.999972 -0.00122469 -0.00737556 0.00121631 0.999998 -0.001182 0.00737744 0.001173 0.999972 -0.231453 0.130914 0.0894121
FixedParameters: 0 0 0

#Transform 251
Transform: AffineTransform_float_3_3
Parameters: 0.999973 -0.00108755 -0.00718986 0.00107945 0.999999 -0.00105379 0.00719013 0.00104621 0.999973 -0.233536 0.11719 0.113211
FixedParameters: 0 0 0

#Transform 252
Transform: AffineTransform_float_3_3
Parameters: 0.999974 -0.00119518 -0.00718964 0.00118682 0.999998 -0.00114256 0.00719035 0.00113344 0.999973 -0.244212 0.0979872 0.105748
FixedParameters: 0 0 0

#Transform 253
Transform: AffineTransform_float_3_3
Parameters: 0.999973 -0.00104006 -0.00718912 0.00102694 0.999998 -0.00181943 0.00719088 0.00181257 0.999973 -0.243991 0.0861156 0.0903622
FixedParameters: 0 0 0

#Transform 254
Transform: AffineTransform_float_3_3
Parameters: 0.999974 -0.00116505 -0.00718938 0.00115495 0.999999 -0.00140234 0.00719063 0.00139366 0.999973 -0.248141 0.0935285 0.109559
FixedParameters: 0 0 0

#Transform 255
Transform: AffineTransform_float_3_3
Parameters: 0.999974 -0.000891311 -0.00723635 0.000886687 1 -0.000737436 0.00723765 0.000730568 0.999973 -0.22473 0.0829616 0.149317
FixedParameters: 0 0 0

#Transform 256
Transform: AffineTransform_float_3_3
Parameters: 0.999973 -0.00178974 -0.00718933 0.00178326 0.999998 -0.000943846 0.00719068 0.000931156 0.999973 -0.224453 0.130267 0.157272
FixedParameters: 0 0 0

#Transform 257
Transform: AffineTransform_float_3_3
Parameters: 0.999971 -0.00150973 -0.00744023 0.00150127 0.999998 -0.0011792 0.00744177 0.0011678 0.999971 -0.234099 0.125795 0.135155
FixedParameters: 0 0 0

#Transform 258
Transform: AffineTransform_float_3_3
Parameters: 0.99997 -0.00118872 -0.00762895 0.00118228 0.999999 -0.000885045 0.00763004 0.000875956 0.99997 -0.241114 0.137872 0.11788
FixedParameters: 0 0 0

#Transform 259
Transform: AffineTransform_float_3_3
Parameters: 0.99997 -0.00171655 -0.00746912 0.00170345 0.999997 -0.00168577 0.00747187 0.00167322 0.99997 -0.246824 0.144852 0.107217
FixedParameters: 0 0 0

#Transform 260
Transform: AffineTransform_float_3_3
Parameters: 0.999969 -0.0010443 -0.00788551 0.0010327 0.999999 -0.00143719 0.00788749 0.00142881 0.999968 -0.227192 0.137158 0.128463
FixedParameters: 0 0 0

#Transform 261
Transform: AffineTransform_float_3_3
Parameters: 0.999973 -0.00127738 -0.00720617 0.00126662 0.999998 -0.00144517 0.00720783 0.00143583 0.999973 -0.220938 0.102292 0.124888
FixedParameters: 0 0 0

#Transform 262
Transform: AffineTransform_float_3_3
Parameters: 0.99997 -0.00166967 -0.00753398 0.00165533 0.999997 -0.00182053 0.00753702 0.00180747 0.99997 -0.245205 0.105116 0.109739
FixedParameters: 0 0 0

#Transform 263
Transform: AffineTransform_float_3_3
Parameters: 0.999967 -0.00194954 -0.0078639 0.00193646 0.999997 -0.00160228 0.0078671 0.00158671 0.999968 -0.237182 0.118874 0.1119
FixedParameters: 0 0 0

#Transform 264
Transform: AffineTransform_float_3_3
Parameters: 0.999969 -0.00151265 -0.00773493 0.00150135 0.999998 -0.00138266 0.00773707 0.00137034 0.999969 -0.240448 0.114772 0.120543
FixedParameters: 0 0 0

#Transform 265
Transform: AffineTransform_float_3_3
Parameters: 0.999969 -0.00186858 -0.0076557 0.00185442 0.999996 -0.00178125 0.0076583 0.00176674 0.999969 -0.247813 0.107131 0.106859
FixedParameters: 0 0 0

#Transform 266
Transform: AffineTransform_float_3_3
Parameters: 0.999969 -0.00133377 -0.00773447 0.00131823 0.999998 -0.00191426 0.00773753 0.00190374 0.999969 -0.239087 0.0975417 0.107661
FixedParameters: 0 0 0

#Transform 267
Transform: AffineTransform_float_3_3
Parameters: 0.999966 -0.00150575 -0.00810527 0.00149126 0.999997 -0.00182415 0.00810772 0.00181285 0.999965 -0.263423 0.0972961 0.123194
FixedParameters: 0 0 0

#Transform 268
Transform: AffineTransform_float_3_3
Parameters: 0.999968 -0.00175664 -0.00773369 0.00174235 0.999996 -0.00190053 0.00773731 0.00188647 0.999969 -0.258151 0.102407 0.110234
FixedParameters: 0 0 0

#Transform 269
Transform: AffineTransform_float_3_3
Parameters: 0.999966 -0.0015742 -0.00808644 0.00156081 0.999998 -0.00163768 0.00808956 0.00162532 0.999966 -0.272784 0.109426 0.107084
FixedParameters: 0 0 0

#Transform 270
Transform: AffineTransform_float_3_3
Parameters: 0.999965 -0.00163219 -0.00820419 0.00161881 0.999997 -0.00173634 0.00820681 0.00172267 0.999965 -0.268679 0.122718 0.113312
FixedParameters: 0 0 0

#Transform 271
Transform: AffineTransform_float_3_3
Parameters: 0.999965 -0.00162441 -0.00820996 0.00160959 0.999997 -0.00188328 0.00821303 0.00186972 0.999964 -0.275216 0.116629 0.084159
FixedParameters: 0 0 0

#Transform 272
Transform: AffineTransform_float_3_3
Parameters: 0.999964 -0.00155111 -0.00825936 0.0015369 0.999998 -0.00171376 0.00826164 0.00170125 0.999965 -0.27322 0.134701 0.0955216
FixedParameters: 0 0 0

#Transform 273
Transform: AffineTransform_float_3_3
Parameters: 0.999966 -0.0012491 -0.00818155 0.0012329 0.999998 -0.00197215 0.00818344 0.00196285 0.999964 -0.273533 0.140269 0.0863415
FixedParameters: 0 0 0

#Transform 274
Transform: AffineTransform_float_3_3
Parameters: 0.999966 -0.00155894 -0.00802511 0.00154406 0.999997 -0.00186745 0.00802788 0.00185455 0.999966 -0.273 0.118472 0.0744518
FixedParameters: 0 0 0

#Transform 275
Transform: AffineTransform_float_3_3
Parameters: 0.999967 -0.00114821 -0.00809517 0.0011288 0.999996 -0.00249922 0.00809785 0.00249079 0.999964 -0.281071 0.10465 0.0727466
FixedParameters: 0 0 0

#Transform 276
Transform: AffineTransform_float_3_3
Parameters: 0.999966 -0.00130292 -0.00806729 0.00128609 0.999997 -0.00210145 0.00806971 0.00209156 0.999966 -0.279397 0.0949558 0.0739114
FixedParameters: 0 0 0

#Transform 277
Transform: AffineTransform_float_3_3
Parameters: 0.999966 -0.00146873 -0.00811109 0.00144627 0.999996 -0.00268382 0.0081149 0.00267217 0.999963 -0.284311 0.113056 0.0530257
FixedParameters: 0 0 0

#Transform 278
Transform: AffineTransform_float_3_3
Parameters: 0.999965 -0.00124441 -0.00829555 0.00122759 0.999998 -0.00198325 0.00829744 0.00197274 0.999963 -0.285598 0.108727 0.0684443
FixedParameters: 0 0 0

#Transform 279
Transform: AffineTransform_float_3_3
Parameters: 0.999965 -0.00170827 -0.00816799 0.00168873 0.999996 -0.00236587 0.00817201 0.00235212 0.999964 -0.280882 0.110197 0.0651166
FixedParameters: 0 0 0

#Transform 280
Transform: AffineTransform_float_3_3
Parameters: 0.999962 -0.00121839 -0.00862717 0.00119061 0.999994 -0.00317939 0.00863082 0.0031686 0.999957 -0.283419 0.0976539 0.0510618
FixedParameters: 0 0 0

#Transform 281
Transform: AffineTransform_float_3_3
Parameters: 0.99996 -0.00140341 -0.00875506 0.00138458 0.999997 -0.0021092 0.00875792 0.00209679 0.999959 -0.288467 0.102807 0.0934922
FixedParameters: 0 0 0

#Transform 282
Transform: AffineTransform_float_3_3
Parameters: 0.999968 -0.00135017 -0.00795528 0.00133382 0.999997 -0.00203868 0.00795773 0.00202732 0.999967 -0.283908 0.134502 0.100701
FixedParameters: 0 0 0

#Transform 283
Transform: AffineTransform_float_3_3
Parameters: 0.999964 -0.00120724 -0.00836939 0.00118876 0.999997 -0.00218403 0.00837161 0.00217397 0.999962 -0.274255 0.161117 0.104384
FixedParameters: 0 0 0

#Transform 284
Transform: AffineTransform_float_3_3
Parameters: 0.999964 -0.000867857 -0.00841678 0.00084615 0.999997 -0.00259922 0.00841923 0.00259279 0.999961 -0.270326 0.113656 0.104147
FixedParameters: 0 0 0

#Transform 285
Transform: AffineTransform_float_3_3
Parameters: 0.999965 -0.0011269 -0.00830066 0.00110111 0.999995 -0.00300325 0.00830334 0.00299475 0.999961 -0.275095 0.161622 0.0950349
FixedParameters: 0 0 0

#Transform 286
Transform: AffineTransform_float_3_3
Parameters: 0.999965 -0.00100347 -0.00828154 0.000982534 0.999997 -0.00247522 0.00828345 0.00246677 0.999962 -0.270784 0.183715 0.113204
FixedParameters: 0 0 0

#Transform 287
Transform: AffineTransform_float_3_3
Parameters: 0.999964 -0.00103824 -0.00848931 0.00101576 0.999996 -0.00262372 0.00849269 0.00261528 0.99996 -0.271339 0.184552 0.112155
FixedParameters: 0 0 0

#Transform 288
Transform: AffineTransform_float_3_3
Parameters: 0.999966 -0.000921001 -0.0082558 0.000900997 0.999996 -0.00242652 0.00825721 0.00241848 0.999963 -0.264928 0.18302 0.127686
FixedParameters: 0 0 0

#Transform 289
Transform: AffineTransform_float_3_3
Parameters: 0.999963 -0.00090186 -0.00854823 0.000885141 0.999997 -0.00197564 0.00855076 0.00196836 0.999961 -0.269754 0.137845 0.135047
FixedParameters: 0 0 0

#Transform 290
Transform: AffineTransform_float_3_3
Parameters: 0.999963 -0.00109547 -0.00859517 0.00107254 0.999996 -0.00261732 0.00859783 0.00260868 0.999959 -0.265158 0.129952 0.113214
FixedParameters: 0 0 0

#Transform 291
Transform: AffineTransform_float_3_3
Parameters: 0.999963 -0.000957571 -0.00846547 0.000944427 0.999999 -0.00160705 0.00846752 0.00159895 0.999963 -0.277916 0.111209 0.0868877
FixedParameters: 0 0 0

#Transform 292
Transform: AffineTransform_float_3_3
Parameters: 0.999965 -0.00107759 -0.00821771 0.00105942 0.999997 -0.00214378 0.00821928 0.00213522 0.999964 -0.288499 0.0988086 0.0934806
FixedParameters: 0 0 0

#Transform 293
Transform: AffineTransform_float_3_3
Parameters: 0.999966 -0.00145101 -0.00810545 0.00143099 0.999996 -0.00247368 0.00810856 0.00246232 0.999964 -0.295307 0.108096 0.0818656
FixedParameters: 0 0 0

#Transform 294
Transform: AffineTransform_float_3_3
Parameters: 0.999963 -0.00091924 -0.00846535 0.000903762 0.999998 -0.00180372 0.00846663 0.00179628 0.999962 -0.294259 0.102353 0.0883089
FixedParameters: 0 0 0

#Transform 295
Transform: AffineTransform_float_3_3
Parameters: 0.999967 -0.00100438 -0.00808273 0.000985616 0.999997 -0.00227804 0.00808526 0.00226995 0.999964 -0.30446 0.108047 0.0974097
FixedParameters: 0 0 0

#Transform 296
Transform: AffineTransform_float_3_3
Parameters: 0.999967 -0.00126791 -0.00804888 0.00124809 0.999996 -0.00247813 0.00805111 0.00246787 0.999964 -0.294473 0.150159 0.079656
FixedParameters: 0 0 0

#Transform 297
Transform: AffineTransform_float_3_3
Parameters: 0.999963 -0.0010294 -0.00851816 0.0010146 0.999998 -0.00181171 0.00851985 0.0018033 0.999962 -0.299453 0.0932823 0.0871227
FixedParameters: 0 0 0

#Transform 298
Transform: AffineTransform_float_3_3
Parameters: 0.999963 -0.00122922 -0.00848625 0.00120278 0.999994 -0.00309432 0.00848976 0.00308368 0.999959 -0.304255 0.0990377 0.0700914
FixedParameters: 0 0 0

#Transform 299
Transform: AffineTransform_float_3_3
Parameters: 0.999959 -0.000989498 -0.00893361 0.000986503 1 -0.000395829 0.00893438 0.000387175 0.99996 -0.310342 0.138115 0.089537
FixedParameters: 0 0 0
