#!ascii label  , from subject sub-v1s21x0050426_ses-1 vox2ras=TkReg
1698
117705  -36.923  -17.328  47.715 0.0000000000
66888  -47.829  -5.713  25.004 0.0000000000
126402  -36.885  -14.213  34.276 0.0000000000
47995  -6.700  -24.788  47.080 0.0000000000
50027  -23.816  -21.542  46.756 0.0000000000
56582  -7.024  -16.723  46.064 0.0000000000
114710  -3.546  -18.001  52.052 0.0000000000
62897  -43.133  -11.072  30.318 0.0000000000
55524  -8.079  -17.076  38.605 0.0000000000
47928  -14.774  -23.547  55.895 0.0000000000
113947  -38.411  -16.809  42.240 0.0000000000
52149  -33.992  -19.947  45.598 0.0000000000
49055  -31.045  -22.595  47.149 0.0000000000
67875  -51.389  -5.410  21.988 0.0000000000
112965  -40.088  -14.554  30.807 0.0000000000
51105  -20.717  -21.365  44.620 0.0000000000
60703  -3.957  -12.839  41.280 0.0000000000
130577  -4.616  -21.017  45.719 0.0000000000
51113  -7.643  -21.345  43.252 0.0000000000
48025  -4.981  -24.083  42.472 0.0000000000
53080  -16.434  -19.651  55.819 0.0000000000
49934  -13.332  -21.620  58.210 0.0000000000
60739  -36.064  -12.247  38.390 0.0000000000
50010  -27.810  -22.711  50.130 0.0000000000
50071  -26.947  -22.535  43.354 0.0000000000
131583  -5.148  -17.212  49.019 0.0000000000
49988  -3.804  -22.680  50.017 0.0000000000
66850  -44.662  -6.315  28.980 0.0000000000
54178  -16.778  -18.930  52.321 0.0000000000
53154  -17.741  -19.673  47.470 0.0000000000
127262  -9.310  -16.665  42.132 0.0000000000
51163  -11.112  -20.838  39.028 0.0000000000
54145  -6.254  -19.191  55.739 0.0000000000
48960  -6.438  -22.620  55.049 0.0000000000
48986  -10.754  -22.636  52.939 0.0000000000
58728  -37.633  -14.926  46.905 0.0000000000
54251  -38.330  -18.574  45.510 0.0000000000
57690  -39.144  -15.960  44.909 0.0000000000
129733  -36.308  -19.547  46.974 0.0000000000
52152  -36.808  -19.284  44.807 0.0000000000
123868  -34.746  -20.454  48.600 0.0000000000
66896  -49.451  -5.801  23.497 0.0000000000
113212  -44.303  -8.008  23.873 0.0000000000
65041  -47.007  -7.876  21.981 0.0000000000
65990  -48.616  -7.314  20.972 0.0000000000
58891  -38.418  -14.531  32.967 0.0000000000
58851  -34.299  -13.835  34.074 0.0000000000
113116  -35.494  -14.399  31.924 0.0000000000
133927  -36.981  -14.532  30.548 0.0000000000
47986  -5.042  -24.122  46.888 0.0000000000
50050  -4.694  -22.676  44.115 0.0000000000
115242  -5.553  -24.406  44.998 0.0000000000
46896  -6.707  -24.980  42.356 0.0000000000
48003  -8.053  -24.186  45.163 0.0000000000
51045  -17.321  -22.518  53.525 0.0000000000
51035  -16.908  -22.915  55.072 0.0000000000
61699  -35.884  -11.469  40.748 0.0000000000
58767  -36.094  -14.387  43.275 0.0000000000
56630  -35.329  -16.235  41.091 0.0000000000
59785  -34.155  -13.334  41.663 0.0000000000
59797  -33.407  -13.606  39.426 0.0000000000
49983  -29.021  -22.473  51.675 0.0000000000
113364  -30.664  -21.869  43.947 0.0000000000
49064  -29.516  -22.596  45.401 0.0000000000
130005  -50.753  -3.709  17.113 0.0000000000
70648  -52.095  -2.069  16.149 0.0000000000
54196  -3.938  -18.037  50.225 0.0000000000
113494  -4.064  -20.208  49.062 0.0000000000
52060  -4.121  -20.882  51.483 0.0000000000
65912  -42.894  -7.947  30.073 0.0000000000
60857  -40.512  -12.995  28.063 0.0000000000
120025  -40.168  -10.035  28.256 0.0000000000
117313  -41.099  -8.096  27.024 0.0000000000
55346  -17.180  -16.961  54.837 0.0000000000
55361  -17.955  -16.748  52.135 0.0000000000
58742  -7.281  -14.358  44.985 0.0000000000
131515  -7.685  -14.210  42.704 0.0000000000
56591  -8.443  -16.584  44.629 0.0000000000
50098  -6.680  -22.463  41.154 0.0000000000
51136  -9.533  -21.556  41.455 0.0000000000
50161  -8.825  -23.276  38.615 0.0000000000
54141  -9.500  -19.485  55.903 0.0000000000
48936  -14.438  -22.900  57.345 0.0000000000
49949  -9.145  -21.994  57.880 0.0000000000
133741  -11.603  -22.503  56.457 0.0000000000
47947  -8.529  -22.825  54.319 0.0000000000
48962  -12.930  -22.829  55.454 0.0000000000
113961  -38.108  -14.851  44.214 0.0000000000
50002  -31.452  -22.800  50.774 0.0000000000
51074  -33.275  -21.410  50.111 0.0000000000
50049  -32.027  -21.584  46.152 0.0000000000
68815  -53.204  -3.911  19.899 0.0000000000
67913  -49.758  -5.554  18.904 0.0000000000
59914  -42.145  -12.990  29.920 0.0000000000
58955  -39.153  -14.560  28.812 0.0000000000
127169  -23.801  -21.781  43.716 0.0000000000
50043  -22.499  -21.503  45.438 0.0000000000
57738  -5.680  -15.899  39.370 0.0000000000
53169  -5.757  -19.328  46.580 0.0000000000
54263  -7.751  -18.887  45.137 0.0000000000
52146  -5.806  -20.726  44.647 0.0000000000
51120  -5.251  -22.236  42.822 0.0000000000
48044  -4.884  -23.708  39.993 0.0000000000
55328  -15.940  -17.264  57.065 0.0000000000
55315  -12.555  -18.135  58.111 0.0000000000
52039  -16.284  -20.648  57.116 0.0000000000
48938  -16.179  -22.384  57.154 0.0000000000
134369  -37.050  -13.233  36.118 0.0000000000
59815  -33.769  -13.267  36.758 0.0000000000
50029  -25.732  -22.027  47.807 0.0000000000
49042  -29.530  -23.065  48.149 0.0000000000
49051  -27.677  -22.627  46.622 0.0000000000
131536  -25.119  -22.267  45.102 0.0000000000
58730  -6.130  -14.432  47.168 0.0000000000
58715  -5.523  -14.358  48.468 0.0000000000
130301  -5.613  -16.975  48.065 0.0000000000
53152  -5.027  -19.180  47.603 0.0000000000
114308  -4.004  -22.006  47.722 0.0000000000
47973  -5.254  -24.577  49.349 0.0000000000
67801  -46.349  -5.662  27.681 0.0000000000
64999  -42.865  -7.632  25.356 0.0000000000
55338  -17.005  -16.725  55.835 0.0000000000
53096  -17.121  -19.668  54.096 0.0000000000
51047  -16.821  -21.928  51.993 0.0000000000
52125  -21.380  -20.810  46.681 0.0000000000
54228  -19.879  -18.813  48.476 0.0000000000
55383  -18.523  -17.328  50.253 0.0000000000
53118  -16.889  -19.075  50.078 0.0000000000
51065  -16.193  -21.172  49.453 0.0000000000
60705  -6.776  -12.294  41.706 0.0000000000
58781  -7.066  -14.821  41.379 0.0000000000
56655  -8.723  -16.669  39.884 0.0000000000
54273  -9.628  -18.786  43.484 0.0000000000
54298  -10.392  -18.711  41.349 0.0000000000
121503  -10.193  -18.021  39.076 0.0000000000
54153  -3.825  -18.878  54.357 0.0000000000
54122  -8.693  -20.417  57.630 0.0000000000
52044  -5.425  -20.695  56.395 0.0000000000
51036  -3.975  -21.600  54.067 0.0000000000
48971  -5.253  -22.611  52.498 0.0000000000
47963  -6.782  -23.966  51.505 0.0000000000
49989  -8.706  -23.117  49.598 0.0000000000
46848  -15.109  -25.408  54.721 0.0000000000
47958  -14.240  -24.043  52.892 0.0000000000
50025  -10.377  -23.133  47.825 0.0000000000
57661  -36.880  -15.668  47.347 0.0000000000
57660  -35.901  -15.597  47.652 0.0000000000
124566  -37.748  -17.410  47.323 0.0000000000
57662  -38.410  -16.364  47.050 0.0000000000
54239  -37.153  -19.038  47.434 0.0000000000
53166  -37.283  -19.081  46.582 0.0000000000
56558  -35.979  -17.194  48.454 0.0000000000
53150  -36.284  -19.304  48.309 0.0000000000
67831  -48.735  -5.528  24.583 0.0000000000
65949  -46.018  -6.783  25.064 0.0000000000
65026  -45.738  -7.854  23.381 0.0000000000
65959  -47.321  -6.779  23.773 0.0000000000
65968  -48.264  -6.858  22.643 0.0000000000
58872  -37.376  -14.419  33.552 0.0000000000
58874  -39.061  -14.455  33.799 0.0000000000
58855  -38.089  -14.261  34.794 0.0000000000
58870  -35.109  -14.006  33.437 0.0000000000
115628  -36.549  -14.328  33.232 0.0000000000
58890  -37.116  -14.471  32.623 0.0000000000
47987  -5.222  -24.700  47.316 0.0000000000
47999  -5.198  -24.184  45.479 0.0000000000
113311  -6.180  -24.701  46.075 0.0000000000
48002  -6.590  -24.565  45.266 0.0000000000
47996  -7.326  -24.453  46.132 0.0000000000
48998  -17.140  -23.401  52.220 0.0000000000
49972  -17.532  -23.288  53.625 0.0000000000
60692  -35.819  -12.584  43.255 0.0000000000
58778  -35.314  -14.016  43.020 0.0000000000
61683  -35.162  -11.898  42.352 0.0000000000
61692  -34.901  -12.020  41.307 0.0000000000
69747  -52.996  -2.887  17.934 0.0000000000
70633  -51.724  -2.625  16.538 0.0000000000
72242  -53.955  -0.968  16.342 0.0000000000
55376  -3.562  -17.493  50.602 0.0000000000
53115  -3.911  -19.405  50.630 0.0000000000
53105  -3.661  -19.269  51.320 0.0000000000
123647  -43.317  -9.386  30.561 0.0000000000
65890  -44.345  -8.394  31.806 0.0000000000
61887  -41.636  -11.889  29.289 0.0000000000
61896  -40.374  -12.167  28.254 0.0000000000
122785  -41.931  -10.481  29.517 0.0000000000
63961  -41.420  -9.445  29.067 0.0000000000
118927  -18.603  -15.935  53.414 0.0000000000
56517  -18.996  -16.251  52.586 0.0000000000
51080  -24.161  -21.325  48.167 0.0000000000
51087  -23.797  -21.336  47.371 0.0000000000
129886  -6.529  -16.866  37.619 0.0000000000
57680  -7.037  -15.148  45.817 0.0000000000
57691  -7.654  -15.336  44.929 0.0000000000
56583  -7.752  -16.668  45.343 0.0000000000
50139  -6.296  -23.340  39.911 0.0000000000
50140  -7.439  -23.134  39.696 0.0000000000
49109  -7.729  -23.386  38.875 0.0000000000
121876  -9.823  -19.286  55.200 0.0000000000
55336  -10.961  -18.695  56.030 0.0000000000
48954  -14.286  -23.215  56.515 0.0000000000
48945  -12.972  -22.579  56.906 0.0000000000
47926  -12.999  -22.742  56.259 0.0000000000
47939  -11.816  -22.606  55.703 0.0000000000
130297  -14.609  -23.449  55.634 0.0000000000
58739  -38.918  -14.301  45.802 0.0000000000
58750  -38.784  -15.010  44.959 0.0000000000
59752  -39.051  -13.405  45.133 0.0000000000
59769  -38.291  -13.243  44.221 0.0000000000
52131  -34.581  -20.034  46.797 0.0000000000
51089  -33.387  -21.052  47.836 0.0000000000
51101  -33.150  -20.641  46.023 0.0000000000
50064  -31.744  -21.391  44.523 0.0000000000
68793  -52.751  -4.537  21.292 0.0000000000
66916  -49.776  -6.594  21.583 0.0000000000
66925  -48.803  -6.548  19.407 0.0000000000
112605  -51.016  -5.513  20.642 0.0000000000
67901  -51.378  -4.888  19.923 0.0000000000
113498  -41.756  -14.178  30.215 0.0000000000
59893  -42.966  -13.505  31.102 0.0000000000
117473  -42.044  -14.368  32.148 0.0000000000
58922  -38.580  -14.528  30.376 0.0000000000
58942  -38.442  -14.588  29.570 0.0000000000
113524  -40.009  -14.539  29.955 0.0000000000
58958  -41.181  -13.775  28.843 0.0000000000
59786  -3.817  -13.631  40.815 0.0000000000
57736  -4.585  -14.956  39.497 0.0000000000
58779  -4.127  -14.263  40.898 0.0000000000
53180  -5.385  -20.030  46.013 0.0000000000
52136  -5.559  -20.397  45.247 0.0000000000
52135  -5.035  -20.677  45.458 0.0000000000
49075  -4.756  -23.274  43.714 0.0000000000
51119  -4.999  -22.414  43.005 0.0000000000
50077  -4.747  -22.720  42.438 0.0000000000
50096  -4.973  -22.789  41.312 0.0000000000
48033  -4.737  -23.872  41.527 0.0000000000
121341  -5.259  -24.460  41.860 0.0000000000
133250  -16.332  -18.603  56.169 0.0000000000
54131  -16.054  -18.389  57.048 0.0000000000
112322  -16.419  -20.295  56.247 0.0000000000
49962  -17.450  -23.884  55.118 0.0000000000
49958  -16.748  -22.195  56.269 0.0000000000
48957  -17.580  -24.032  55.581 0.0000000000
48955  -16.852  -23.264  56.225 0.0000000000
59817  -36.053  -12.806  37.066 0.0000000000
60738  -34.921  -12.454  38.798 0.0000000000
131626  -33.811  -13.128  37.786 0.0000000000
59816  -34.759  -12.840  37.388 0.0000000000
59824  -35.418  -13.008  36.570 0.0000000000
50009  -26.711  -22.427  50.343 0.0000000000
134238  -25.943  -22.209  50.057 0.0000000000
128343  -27.045  -22.555  49.232 0.0000000000
50022  -31.488  -22.877  48.938 0.0000000000
49032  -30.406  -23.398  49.361 0.0000000000
115694  -30.395  -22.903  48.014 0.0000000000
49079  -28.280  -22.544  44.146 0.0000000000
49063  -28.712  -22.641  45.615 0.0000000000
49071  -27.259  -22.532  45.177 0.0000000000
50047  -26.455  -22.431  45.412 0.0000000000
115231  -26.442  -22.480  44.058 0.0000000000
114460  -25.086  -22.245  43.562 0.0000000000
57637  -5.107  -15.765  49.514 0.0000000000
57638  -5.368  -15.627  48.947 0.0000000000
57650  -5.560  -15.902  48.391 0.0000000000
55403  -5.353  -17.549  48.481 0.0000000000
55415  -5.517  -18.039  47.861 0.0000000000
54233  -5.235  -18.432  48.132 0.0000000000
52079  -4.211  -20.947  49.826 0.0000000000
52090  -4.113  -20.667  48.336 0.0000000000
130040  -3.460  -22.611  49.220 0.0000000000
49022  -4.127  -23.629  48.626 0.0000000000
125013  -4.191  -23.379  50.048 0.0000000000
66865  -45.013  -6.256  28.172 0.0000000000
67787  -46.477  -5.406  28.620 0.0000000000
67763  -45.823  -5.447  30.189 0.0000000000
124542  -42.767  -7.361  28.226 0.0000000000
65939  -42.355  -7.563  26.623 0.0000000000
65936  -43.929  -6.808  27.250 0.0000000000
65941  -44.348  -6.891  26.511 0.0000000000
56491  -17.203  -16.036  56.207 0.0000000000
54169  -16.949  -18.120  53.623 0.0000000000
54160  -16.805  -18.082  54.594 0.0000000000
53095  -16.841  -19.011  53.255 0.0000000000
52058  -16.954  -20.884  53.079 0.0000000000
52057  -16.802  -20.170  52.309 0.0000000000
51106  -21.396  -21.418  44.472 0.0000000000
51094  -22.027  -21.152  46.633 0.0000000000
126929  -20.828  -21.254  45.420 0.0000000000
52106  -18.303  -20.245  46.880 0.0000000000
53156  -20.081  -19.959  47.494 0.0000000000
53141  -19.370  -19.236  47.933 0.0000000000
54216  -19.477  -17.994  48.944 0.0000000000
54215  -18.390  -18.006  49.084 0.0000000000
55395  -17.995  -17.774  49.929 0.0000000000
53139  -17.246  -19.217  48.188 0.0000000000
51077  -16.184  -21.134  48.659 0.0000000000
131404  -7.344  -12.412  42.698 0.0000000000
57710  -8.463  -15.487  42.330 0.0000000000
58771  -7.627  -14.445  41.985 0.0000000000
57722  -8.200  -15.610  41.455 0.0000000000
129449  -7.942  -15.816  40.798 0.0000000000
56624  -9.217  -16.509  41.353 0.0000000000
52148  -7.621  -20.170  44.263 0.0000000000
53194  -9.030  -19.192  44.215 0.0000000000
52160  -9.098  -20.415  43.367 0.0000000000
51150  -10.484  -21.406  40.449 0.0000000000
52185  -10.424  -20.356  41.398 0.0000000000
53224  -10.800  -19.837  40.384 0.0000000000
116606  -10.363  -18.371  39.982 0.0000000000
52215  -11.054  -20.146  39.051 0.0000000000
133551  -10.869  -19.188  38.035 0.0000000000
54154  -4.748  -18.805  54.579 0.0000000000
53061  -12.829  -19.515  58.380 0.0000000000
54125  -10.416  -19.186  57.803 0.0000000000
115968  -10.474  -20.813  58.718 0.0000000000
48940  -7.930  -22.271  56.886 0.0000000000
49946  -7.427  -21.458  57.143 0.0000000000
49956  -5.498  -22.120  55.976 0.0000000000
52047  -4.206  -20.841  55.734 0.0000000000
49960  -4.697  -22.250  54.844 0.0000000000
51040  -4.491  -22.062  53.644 0.0000000000
47933  -5.877  -22.596  53.854 0.0000000000
47956  -9.165  -22.922  54.034 0.0000000000
48973  -7.654  -23.501  52.853 0.0000000000
48984  -8.279  -23.463  52.123 0.0000000000
117532  -7.475  -24.064  50.911 0.0000000000
49968  -9.688  -22.709  51.607 0.0000000000
126484  -14.654  -25.786  54.187 0.0000000000
114272  -14.523  -25.037  54.330 0.0000000000
59745  -37.481  -13.333  46.342 0.0000000000
54260  -38.624  -18.831  44.843 0.0000000000
55443  -39.343  -18.094  44.568 0.0000000000
55435  -39.162  -17.527  45.374 0.0000000000
118813  -38.896  -15.127  46.044 0.0000000000
52139  -34.831  -19.608  46.082 0.0000000000
52141  -36.454  -19.211  45.511 0.0000000000
53187  -37.751  -19.015  45.051 0.0000000000
52118  -35.723  -19.827  47.252 0.0000000000
67861  -50.576  -5.543  22.958 0.0000000000
64057  -45.098  -9.016  20.801 0.0000000000
134032  -45.684  -8.523  20.029 0.0000000000
65995  -46.534  -7.770  19.594 0.0000000000
65057  -47.442  -7.839  21.128 0.0000000000
66912  -49.414  -6.592  22.201 0.0000000000
113113  -39.186  -14.544  31.924 0.0000000000
115170  -40.936  -14.402  32.966 0.0000000000
114383  -39.729  -14.415  33.607 0.0000000000
58856  -39.651  -14.129  34.321 0.0000000000
58850  -33.013  -14.001  34.368 0.0000000000
58869  -34.244  -14.067  33.149 0.0000000000
113117  -34.670  -14.394  31.666 0.0000000000
58902  -35.197  -14.481  31.024 0.0000000000
58919  -35.817  -14.533  30.682 0.0000000000
58920  -36.559  -14.509  30.967 0.0000000000
58921  -37.369  -14.520  31.164 0.0000000000
50034  -4.394  -22.618  46.223 0.0000000000
116596  -4.532  -21.563  45.280 0.0000000000
115418  -4.549  -23.045  45.460 0.0000000000
48008  -5.228  -24.190  44.967 0.0000000000
48009  -5.552  -24.325  44.365 0.0000000000
48027  -6.136  -24.644  42.829 0.0000000000
116130  -5.871  -24.459  43.715 0.0000000000
48011  -7.154  -24.548  44.222 0.0000000000
52055  -16.874  -21.456  54.383 0.0000000000
52046  -16.642  -21.253  55.638 0.0000000000
51038  -17.086  -22.531  54.451 0.0000000000
61707  -36.259  -11.579  39.767 0.0000000000
57718  -36.977  -15.916  43.203 0.0000000000
56631  -36.416  -16.587  41.421 0.0000000000
129195  -36.083  -15.688  42.682 0.0000000000
124811  -34.406  -14.905  41.600 0.0000000000
58787  -33.996  -14.539  41.230 0.0000000000
60711  -34.018  -13.225  40.864 0.0000000000
60720  -35.210  -11.997  40.225 0.0000000000
49007  -28.633  -22.782  50.868 0.0000000000
114670  -30.818  -22.121  45.429 0.0000000000
113203  -30.008  -22.698  46.347 0.0000000000
135904  -29.859  -22.483  44.892 0.0000000000
49080  -28.993  -22.505  43.984 0.0000000000
69769  -49.387  -3.423  15.405 0.0000000000
70645  -49.778  -2.822  15.114 0.0000000000
71497  -50.575  -1.648  14.459 0.0000000000
71504  -50.935  -1.060  14.095 0.0000000000
55389  -4.706  -17.330  49.466 0.0000000000
115347  -4.755  -18.874  48.962 0.0000000000
114991  -4.121  -18.837  50.074 0.0000000000
115175  -4.234  -19.815  49.890 0.0000000000
128141  -4.313  -21.857  51.026 0.0000000000
65913  -43.370  -7.328  29.659 0.0000000000
65891  -44.054  -7.586  31.210 0.0000000000
61895  -39.487  -11.628  27.735 0.0000000000
62939  -38.831  -10.598  27.322 0.0000000000
63985  -39.550  -8.859  26.589 0.0000000000
63976  -40.357  -9.073  27.933 0.0000000000
64973  -42.264  -8.221  29.310 0.0000000000
56500  -17.685  -16.088  55.210 0.0000000000
116484  -18.296  -15.447  54.834 0.0000000000
55360  -17.251  -17.407  52.877 0.0000000000
55369  -17.330  -17.700  51.812 0.0000000000
51092  -18.389  -21.208  45.626 0.0000000000
53153  -16.812  -19.920  47.813 0.0000000000
121514  -7.101  -13.365  44.448 0.0000000000
59760  -7.446  -13.660  43.269 0.0000000000
58751  -7.563  -14.086  44.021 0.0000000000
57692  -8.236  -15.737  44.294 0.0000000000
56601  -9.174  -16.827  43.430 0.0000000000
51134  -7.401  -21.973  41.789 0.0000000000
51124  -9.095  -21.267  42.193 0.0000000000
50099  -7.864  -22.308  41.069 0.0000000000
50122  -9.380  -22.455  40.177 0.0000000000
126444  -9.775  -22.703  39.241 0.0000000000
53092  -8.604  -19.277  53.332 0.0000000000
54157  -8.811  -19.346  55.145 0.0000000000
54146  -7.445  -19.221  55.971 0.0000000000
49943  -14.343  -22.218  57.911 0.0000000000
49932  -10.672  -21.566  59.294 0.0000000000
48924  -12.528  -22.323  57.526 0.0000000000
48943  -10.723  -22.456  56.972 0.0000000000
47914  -8.978  -22.510  56.393 0.0000000000
47935  -7.719  -22.718  54.715 0.0000000000
47937  -9.410  -22.583  55.245 0.0000000000
47950  -11.154  -22.627  55.172 0.0000000000
48966  -11.896  -22.711  54.717 0.0000000000
56621  -38.880  -16.884  42.567 0.0000000000
56598  -39.289  -16.746  44.048 0.0000000000
57709  -38.663  -16.136  43.885 0.0000000000
132452  -37.781  -16.006  43.422 0.0000000000
58769  -37.951  -14.105  43.934 0.0000000000
118708  -37.734  -12.392  43.980 0.0000000000
50023  -32.024  -22.429  48.898 0.0000000000
52100  -34.090  -20.831  48.839 0.0000000000
51088  -32.801  -21.566  48.345 0.0000000000
50039  -31.808  -22.118  47.184 0.0000000000
114845  -31.417  -21.727  45.372 0.0000000000
66932  -47.722  -6.297  18.223 0.0000000000
68825  -50.857  -4.468  18.278 0.0000000000
69733  -52.300  -3.880  18.801 0.0000000000
60844  -42.506  -11.854  30.055 0.0000000000
61857  -43.859  -11.260  30.938 0.0000000000
60832  -43.963  -12.050  31.156 0.0000000000
57845  -36.193  -14.666  29.652 0.0000000000
58969  -40.221  -14.062  27.694 0.0000000000
59927  -41.024  -13.136  28.580 0.0000000000
124420  -23.931  -21.936  45.406 0.0000000000
51096  -23.231  -21.560  46.331 0.0000000000
50056  -22.682  -21.577  44.771 0.0000000000
50055  -22.042  -21.481  44.176 0.0000000000
56666  -5.368  -16.271  38.386 0.0000000000
56653  -7.038  -16.569  39.099 0.0000000000
54244  -6.454  -18.284  46.562 0.0000000000
55436  -7.444  -17.460  45.680 0.0000000000
53182  -6.766  -19.363  45.508 0.0000000000
53191  -6.257  -20.079  45.044 0.0000000000
52157  -6.173  -21.131  44.087 0.0000000000
51102  -4.945  -21.588  44.348 0.0000000000
51111  -5.716  -21.693  43.486 0.0000000000
51121  -5.930  -21.977  42.674 0.0000000000
50097  -5.615  -22.660  41.223 0.0000000000
56479  -12.304  -17.665  56.961 0.0000000000
55323  -14.503  -17.546  57.768 0.0000000000
53067  -15.118  -19.077  58.121 0.0000000000
114622  -15.873  -21.223  58.075 0.0000000000
51032  -16.733  -21.642  56.062 0.0000000000
51023  -16.276  -21.734  57.402 0.0000000000
120755  -15.575  -22.345  57.716 0.0000000000
48937  -15.562  -22.671  57.440 0.0000000000
47920  -15.693  -23.375  56.658 0.0000000000
47929  -15.854  -24.067  56.033 0.0000000000
59855  -36.909  -13.812  35.222 0.0000000000
58835  -37.457  -13.695  35.490 0.0000000000
59827  -37.696  -13.081  36.184 0.0000000000
55497  -37.003  -17.183  40.182 0.0000000000
59851  -32.783  -13.868  35.342 0.0000000000
59854  -35.978  -13.673  35.117 0.0000000000
50018  -24.800  -21.547  48.918 0.0000000000
128351  -25.125  -21.765  47.152 0.0000000000
50001  -30.400  -22.910  51.583 0.0000000000
49019  -29.757  -23.455  50.217 0.0000000000
49030  -28.809  -23.251  48.908 0.0000000000
113351  -29.327  -22.712  46.429 0.0000000000
112629  -28.311  -22.748  47.319 0.0000000000
49040  -28.147  -22.831  48.163 0.0000000000
50030  -26.587  -22.414  47.616 0.0000000000
112938  -25.317  -22.054  46.368 0.0000000000
50045  -24.644  -22.092  45.737 0.0000000000
113134  -24.398  -22.011  44.050 0.0000000000
72279  -50.935  -0.373  12.579 0.0000000000
73050  -51.643  0.103  11.530 0.0000000000
73054  -51.867  0.207  10.633 0.0000000000
58741  -6.599  -14.356  46.142 0.0000000000
57665  -6.626  -15.894  46.553 0.0000000000
58729  -5.721  -14.472  47.890 0.0000000000
57664  -6.065  -15.324  47.437 0.0000000000
56571  -6.397  -16.837  46.849 0.0000000000
55426  -5.815  -17.812  47.508 0.0000000000
53168  -5.238  -19.482  46.893 0.0000000000
53167  -4.732  -19.926  47.099 0.0000000000
112981  -4.480  -19.676  48.466 0.0000000000
52103  -4.420  -20.285  47.622 0.0000000000
132510  -4.150  -21.761  46.876 0.0000000000
50024  -4.224  -22.661  47.308 0.0000000000
47980  -4.604  -24.325  47.875 0.0000000000
47988  -5.751  -25.038  47.734 0.0000000000
67817  -47.006  -5.676  26.221 0.0000000000
64986  -40.189  -8.394  25.969 0.0000000000
131598  -41.494  -7.921  24.893 0.0000000000
65009  -41.864  -8.009  24.311 0.0000000000
65955  -43.984  -7.587  25.076 0.0000000000
65948  -45.228  -7.059  25.409 0.0000000000
55332  -16.385  -17.075  56.564 0.0000000000
117033  -16.483  -18.614  55.522 0.0000000000
55343  -17.139  -16.788  55.500 0.0000000000
113693  -16.624  -18.671  55.176 0.0000000000
53083  -16.601  -19.685  55.320 0.0000000000
51044  -16.968  -21.921  52.870 0.0000000000
51095  -22.655  -21.342  46.531 0.0000000000
52109  -22.456  -20.743  47.861 0.0000000000
52091  -21.370  -20.003  48.324 0.0000000000
112358  -20.547  -20.534  46.750 0.0000000000
53157  -20.719  -19.889  48.015 0.0000000000
53128  -21.160  -19.195  49.208 0.0000000000
122057  -20.533  -18.511  49.232 0.0000000000
55385  -20.250  -17.526  50.676 0.0000000000
55371  -19.625  -16.920  51.056 0.0000000000
129857  -18.030  -16.995  51.313 0.0000000000
125633  -17.180  -18.232  51.159 0.0000000000
54202  -16.874  -18.885  50.943 0.0000000000
53138  -16.567  -19.807  48.681 0.0000000000
53126  -16.445  -19.867  49.639 0.0000000000
112977  -16.378  -20.608  50.286 0.0000000000
51054  -16.346  -21.656  50.326 0.0000000000
132472  -6.162  -12.916  41.649 0.0000000000
59770  -7.404  -13.782  42.242 0.0000000000
59778  -6.943  -14.105  41.680 0.0000000000
116702  -6.057  -14.530  41.272 0.0000000000
57720  -6.334  -15.139  40.872 0.0000000000
56636  -7.434  -16.315  39.762 0.0000000000
56654  -7.964  -16.699  39.352 0.0000000000
54264  -8.435  -18.127  44.881 0.0000000000
55445  -9.290  -17.447  43.879 0.0000000000
55453  -9.453  -17.473  43.119 0.0000000000
52172  -10.030  -20.217  42.189 0.0000000000
54274  -10.026  -18.902  42.658 0.0000000000
131208  -9.605  -17.092  41.621 0.0000000000
55487  -10.005  -17.667  40.472 0.0000000000
55505  -9.816  -17.548  39.658 0.0000000000
55525  -8.975  -17.290  38.495 0.0000000000
54337  -10.541  -18.498  38.170 0.0000000000
55326  -10.985  -18.562  56.922 0.0000000000
54134  -8.726  -20.094  56.809 0.0000000000
54132  -7.106  -19.959  56.604 0.0000000000
51019  -8.708  -21.143  58.264 0.0000000000
53074  -6.953  -20.373  56.715 0.0000000000
54137  -5.804  -19.581  56.246 0.0000000000
53081  -4.522  -20.160  55.439 0.0000000000
53084  -3.714  -19.895  54.087 0.0000000000
53090  -3.517  -19.478  53.208 0.0000000000
52056  -3.746  -20.264  52.437 0.0000000000
117258  -4.538  -21.947  51.624 0.0000000000
132351  -4.450  -22.730  51.124 0.0000000000
47945  -6.598  -22.850  53.633 0.0000000000
122466  -5.456  -23.402  51.800 0.0000000000
48993  -5.171  -23.454  51.290 0.0000000000
47968  -5.909  -24.635  50.366 0.0000000000
47983  -6.933  -24.912  49.199 0.0000000000
49023  -7.833  -24.384  48.803 0.0000000000
115134  -15.905  -25.144  55.565 0.0000000000
45625  -15.732  -25.788  55.001 0.0000000000
47942  -15.311  -23.878  55.335 0.0000000000
47951  -14.798  -23.558  55.125 0.0000000000
48977  -12.978  -22.837  54.088 0.0000000000
48988  -12.674  -22.743  52.995 0.0000000000
48997  -13.213  -23.049  52.170 0.0000000000
49970  -11.486  -22.543  52.220 0.0000000000
49991  -10.464  -22.554  50.152 0.0000000000
49015  -9.402  -22.917  49.053 0.0000000000
49036  -8.724  -23.661  47.680 0.0000000000
122255  -9.258  -23.722  46.140 0.0000000000
49068  -9.800  -24.050  44.946 0.0000000000
56568  -37.417  -16.514  47.417 0.0000000000
56567  -36.422  -16.387  47.769 0.0000000000
55424  -37.459  -18.252  47.383 0.0000000000
55423  -36.658  -18.331  48.060 0.0000000000
67820  -49.441  -4.948  25.096 0.0000000000
67819  -48.621  -5.158  25.413 0.0000000000
66893  -46.982  -6.379  24.734 0.0000000000
65958  -46.406  -7.028  24.255 0.0000000000
66894  -47.990  -6.141  24.169 0.0000000000
120596  -37.623  -14.359  34.330 0.0000000000
58871  -35.984  -14.112  33.789 0.0000000000
47994  -5.657  -24.820  46.769 0.0000000000
49046  -8.030  -24.289  47.062 0.0000000000
48999  -17.437  -24.136  52.387 0.0000000000
60701  -35.668  -11.801  43.085 0.0000000000
129575  -3.285  -17.527  51.380 0.0000000000
54182  -3.540  -18.545  51.629 0.0000000000
63937  -43.346  -10.327  30.513 0.0000000000
62881  -43.786  -10.729  30.872 0.0000000000
61874  -42.095  -11.600  29.715 0.0000000000
62914  -41.630  -11.219  29.333 0.0000000000
62896  -42.388  -11.205  29.826 0.0000000000
116533  -42.639  -10.501  29.997 0.0000000000
113394  -19.461  -15.619  53.474 0.0000000000
50028  -24.358  -21.528  47.309 0.0000000000
55523  -7.239  -17.102  37.960 0.0000000000
136161  -6.892  -16.950  37.466 0.0000000000
56590  -7.341  -15.958  45.622 0.0000000000
49108  -6.649  -23.537  39.175 0.0000000000
56488  -11.991  -17.892  55.923 0.0000000000
47927  -13.840  -23.147  56.078 0.0000000000
59747  -38.892  -13.379  45.645 0.0000000000
58749  -39.047  -14.068  45.297 0.0000000000
60673  -38.544  -12.637  45.702 0.0000000000
60679  -38.834  -12.743  45.197 0.0000000000
52138  -33.970  -20.191  46.462 0.0000000000
67876  -52.034  -4.939  21.684 0.0000000000
67885  -50.922  -5.799  21.540 0.0000000000
66922  -50.457  -6.201  21.116 0.0000000000
67886  -51.455  -5.262  21.228 0.0000000000
58924  -40.824  -14.467  30.245 0.0000000000
58925  -41.939  -14.339  31.219 0.0000000000
58907  -40.593  -14.549  31.294 0.0000000000
58923  -39.302  -14.537  30.831 0.0000000000
61685  -3.855  -12.263  41.094 0.0000000000
60702  -3.700  -12.958  41.033 0.0000000000
59776  -3.982  -13.527  41.193 0.0000000000
52120  -4.885  -20.340  46.279 0.0000000000
127162  -4.831  -23.682  43.187 0.0000000000
116763  -4.634  -23.050  42.948 0.0000000000
49081  -4.551  -23.298  42.146 0.0000000000
53076  -16.337  -19.310  56.168 0.0000000000
60750  -36.577  -12.498  37.562 0.0000000000
60740  -37.000  -12.131  38.044 0.0000000000
56633  -38.475  -17.213  41.419 0.0000000000
59806  -34.338  -12.820  38.276 0.0000000000
49998  -27.685  -22.487  51.139 0.0000000000
133029  -30.759  -22.770  47.830 0.0000000000
49044  -30.923  -22.955  48.439 0.0000000000
50060  -27.369  -22.552  44.259 0.0000000000
49072  -28.067  -22.595  44.938 0.0000000000
129357  -26.694  -22.500  44.735 0.0000000000
50070  -25.938  -22.455  43.224 0.0000000000
56547  -5.076  -16.519  49.289 0.0000000000
56548  -5.381  -16.614  48.726 0.0000000000
54224  -5.020  -18.096  48.909 0.0000000000
51064  -3.789  -21.873  49.483 0.0000000000
50004  -3.591  -23.136  49.352 0.0000000000
66866  -45.252  -5.960  28.816 0.0000000000
66851  -45.106  -5.909  29.587 0.0000000000
65925  -43.371  -6.983  28.556 0.0000000000
65935  -43.226  -7.094  27.467 0.0000000000
66864  -44.176  -6.592  28.199 0.0000000000
66876  -44.662  -6.537  27.342 0.0000000000
54179  -16.860  -18.264  52.628 0.0000000000
53101  -16.793  -19.462  52.511 0.0000000000
115891  -21.405  -21.354  45.232 0.0000000000
53155  -18.889  -19.747  47.392 0.0000000000
53140  -18.313  -19.058  47.900 0.0000000000
54227  -18.875  -18.551  48.410 0.0000000000
54226  -17.816  -18.622  48.646 0.0000000000
56610  -8.955  -16.192  42.824 0.0000000000
56623  -8.850  -16.017  41.856 0.0000000000
52159  -8.174  -20.735  43.699 0.0000000000
53203  -8.621  -19.951  44.030 0.0000000000
51162  -10.830  -21.293  39.736 0.0000000000
52195  -10.706  -20.675  40.550 0.0000000000
52204  -10.976  -20.438  39.735 0.0000000000
52216  -11.163  -20.307  38.417 0.0000000000
54156  -6.933  -18.957  54.767 0.0000000000
54144  -5.255  -19.360  55.456 0.0000000000
52027  -13.088  -20.261  58.380 0.0000000000
113125  -12.321  -20.186  58.453 0.0000000000
52026  -12.240  -20.729  58.540 0.0000000000
48951  -6.767  -22.529  55.746 0.0000000000
49957  -6.354  -22.201  56.246 0.0000000000
48950  -6.012  -22.465  55.480 0.0000000000
49955  -4.729  -22.000  55.688 0.0000000000
49961  -5.309  -22.416  55.163 0.0000000000
48958  -5.280  -22.507  54.289 0.0000000000
48959  -5.878  -22.582  54.662 0.0000000000
132963  -9.891  -22.778  53.248 0.0000000000
118839  -9.188  -22.941  53.421 0.0000000000
48985  -9.685  -22.780  52.554 0.0000000000
48996  -9.037  -22.950  52.030 0.0000000000
45627  -14.587  -26.463  53.695 0.0000000000
58738  -36.901  -14.153  46.674 0.0000000000
54252  -38.883  -18.363  45.108 0.0000000000
55434  -38.609  -17.963  46.013 0.0000000000
131651  -37.818  -15.732  47.226 0.0000000000
57676  -38.471  -15.427  46.763 0.0000000000
132789  -38.515  -14.736  46.368 0.0000000000
52132  -35.294  -19.721  46.670 0.0000000000
116089  -35.696  -19.419  46.048 0.0000000000
52133  -36.191  -19.406  46.360 0.0000000000
54250  -37.775  -18.638  46.033 0.0000000000
53178  -37.392  -18.852  45.779 0.0000000000
53179  -38.053  -18.838  45.242 0.0000000000
53188  -38.414  -19.083  44.615 0.0000000000
53164  -36.152  -19.874  47.834 0.0000000000
66906  -49.997  -5.730  23.222 0.0000000000
67849  -50.470  -5.269  23.596 0.0000000000
67833  -50.089  -5.229  24.077 0.0000000000
117883  -43.657  -8.389  23.544 0.0000000000
65039  -43.811  -8.833  22.749 0.0000000000
65025  -44.468  -8.442  23.123 0.0000000000
65027  -46.384  -7.913  22.646 0.0000000000
131830  -45.399  -8.548  21.937 0.0000000000
116176  -46.112  -8.245  21.973 0.0000000000
65055  -45.927  -8.531  20.722 0.0000000000
65048  -46.499  -8.211  21.407 0.0000000000
65056  -46.781  -8.146  20.953 0.0000000000
65049  -47.119  -7.927  21.455 0.0000000000
66905  -48.877  -6.374  23.060 0.0000000000
66911  -48.856  -6.691  22.454 0.0000000000
119174  -49.466  -6.262  22.826 0.0000000000
66913  -50.077  -6.147  22.527 0.0000000000
113114  -38.560  -14.545  32.214 0.0000000000
58892  -39.144  -14.531  32.875 0.0000000000
128363  -38.830  -14.240  34.557 0.0000000000
135858  -38.992  -13.908  34.766 0.0000000000
58889  -35.722  -14.273  32.860 0.0000000000
58888  -34.908  -14.232  32.547 0.0000000000
58903  -36.044  -14.485  31.401 0.0000000000
58905  -37.775  -14.544  32.121 0.0000000000
112863  -38.343  -14.528  31.287 0.0000000000
49045  -4.845  -23.729  45.964 0.0000000000
48000  -5.550  -24.403  45.596 0.0000000000
136079  -5.386  -24.270  44.736 0.0000000000
48010  -5.950  -24.545  44.511 0.0000000000
48012  -8.488  -24.418  44.068 0.0000000000
51042  -17.254  -22.242  53.963 0.0000000000
57706  -36.487  -15.125  43.339 0.0000000000
57717  -35.588  -14.879  42.856 0.0000000000
128421  -34.589  -13.459  42.490 0.0000000000
57716  -34.750  -14.480  42.379 0.0000000000
58788  -34.128  -14.127  41.849 0.0000000000
59784  -33.850  -13.883  41.136 0.0000000000
60719  -34.409  -12.560  40.586 0.0000000000
49999  -28.431  -22.473  51.515 0.0000000000
127506  -29.051  -22.918  51.246 0.0000000000
50062  -30.557  -22.093  44.712 0.0000000000
49065  -30.213  -22.436  45.347 0.0000000000
50061  -30.120  -22.279  44.359 0.0000000000
68847  -50.134  -3.957  16.819 0.0000000000
68852  -49.044  -4.024  15.726 0.0000000000
69761  -50.567  -3.426  16.515 0.0000000000
70632  -50.986  -2.858  16.223 0.0000000000
70647  -51.396  -2.331  15.832 0.0000000000
70655  -50.213  -2.274  14.772 0.0000000000
71498  -51.333  -1.412  14.811 0.0000000000
71492  -52.444  -1.471  15.802 0.0000000000
55377  -4.104  -17.404  50.019 0.0000000000
54209  -4.459  -18.246  49.595 0.0000000000
53106  -3.854  -19.964  51.165 0.0000000000
52069  -4.125  -20.381  50.604 0.0000000000
113928  -4.244  -21.242  50.660 0.0000000000
130667  -43.489  -7.641  30.458 0.0000000000
60866  -40.016  -13.477  27.450 0.0000000000
62928  -40.208  -11.149  28.374 0.0000000000
62927  -39.530  -10.375  27.816 0.0000000000
63975  -39.762  -9.306  27.500 0.0000000000
64963  -42.592  -8.852  29.942 0.0000000000
64962  -41.956  -8.895  29.327 0.0000000000
115005  -42.727  -7.561  29.117 0.0000000000
56516  -17.895  -16.526  53.125 0.0000000000
52122  -17.736  -20.782  46.419 0.0000000000
51091  -17.163  -21.388  46.089 0.0000000000
117639  -7.916  -16.035  44.974 0.0000000000
56600  -8.768  -16.237  43.803 0.0000000000
50141  -8.599  -22.978  39.501 0.0000000000
50121  -8.261  -22.649  40.319 0.0000000000
54148  -10.138  -19.179  55.839 0.0000000000
113411  -9.354  -19.382  55.798 0.0000000000
124640  -7.886  -19.087  55.095 0.0000000000
54147  -8.525  -19.403  55.658 0.0000000000
48926  -14.262  -22.533  57.674 0.0000000000
48925  -13.407  -22.386  57.607 0.0000000000
130256  -13.928  -22.700  57.420 0.0000000000
47917  -12.506  -22.577  56.551 0.0000000000
48944  -11.733  -22.485  56.820 0.0000000000
47916  -10.745  -22.470  56.636 0.0000000000
133544  -9.284  -22.456  56.747 0.0000000000
47915  -9.843  -22.475  56.488 0.0000000000
114698  -8.824  -22.582  55.650 0.0000000000
47925  -10.886  -22.494  56.148 0.0000000000
48961  -12.110  -22.723  55.295 0.0000000000
48965  -10.712  -22.672  54.514 0.0000000000
48967  -12.768  -22.859  54.961 0.0000000000
132513  -39.133  -17.628  41.585 0.0000000000
56622  -39.188  -16.981  42.753 0.0000000000
56589  -39.401  -17.050  44.710 0.0000000000
55452  -39.485  -17.481  44.095 0.0000000000
57697  -38.428  -15.177  44.502 0.0000000000
57708  -38.222  -15.814  43.814 0.0000000000
57707  -37.495  -15.191  43.728 0.0000000000
52151  -35.907  -19.337  44.784 0.0000000000
51073  -32.470  -22.082  49.737 0.0000000000
51082  -32.709  -21.853  49.023 0.0000000000
52101  -34.660  -20.513  49.636 0.0000000000
130170  -32.772  -21.239  46.766 0.0000000000
134096  -32.292  -21.695  46.897 0.0000000000
50048  -31.265  -22.147  46.276 0.0000000000
115470  -54.029  -3.516  20.421 0.0000000000
121111  -47.823  -7.589  20.599 0.0000000000
66003  -46.553  -7.250  18.712 0.0000000000
65996  -47.397  -7.376  19.557 0.0000000000
66934  -49.190  -6.060  18.916 0.0000000000
66933  -48.526  -6.155  18.558 0.0000000000
119332  -49.125  -5.555  18.253 0.0000000000
67924  -49.126  -5.101  17.435 0.0000000000
68824  -49.945  -4.895  18.090 0.0000000000
68801  -51.970  -4.626  20.083 0.0000000000
68813  -51.845  -4.411  19.292 0.0000000000
68814  -52.496  -4.193  19.556 0.0000000000
128709  -52.957  -3.667  19.082 0.0000000000
129373  -42.453  -12.368  30.100 0.0000000000
59915  -43.054  -12.196  30.470 0.0000000000
118213  -42.753  -12.850  30.463 0.0000000000
58895  -43.037  -13.801  32.089 0.0000000000
59894  -43.645  -13.400  32.004 0.0000000000
58940  -36.340  -14.570  30.319 0.0000000000
58939  -35.634  -14.613  30.059 0.0000000000
121949  -36.954  -14.597  29.899 0.0000000000
57881  -39.097  -14.550  27.953 0.0000000000
58956  -39.831  -14.400  28.105 0.0000000000
58945  -41.725  -13.589  29.572 0.0000000000
59920  -41.609  -13.007  29.286 0.0000000000
59921  -42.024  -12.336  29.725 0.0000000000
50057  -23.615  -21.805  44.616 0.0000000000
113300  -22.938  -21.586  43.751 0.0000000000
59798  -4.323  -14.405  39.645 0.0000000000
57730  -5.039  -15.322  39.968 0.0000000000
57737  -5.073  -15.642  39.102 0.0000000000
56652  -6.214  -16.425  38.791 0.0000000000
54253  -6.389  -19.041  46.320 0.0000000000
52147  -6.654  -20.427  44.471 0.0000000000
113550  -4.585  -21.960  44.627 0.0000000000
51110  -5.137  -21.930  43.645 0.0000000000
51133  -6.271  -22.221  41.906 0.0000000000
50079  -5.345  -22.413  41.989 0.0000000000
50117  -4.897  -23.192  40.809 0.0000000000
50118  -5.223  -23.051  40.686 0.0000000000
56482  -14.300  -16.896  57.178 0.0000000000
55327  -15.250  -17.405  57.455 0.0000000000
53071  -16.162  -19.583  57.040 0.0000000000
53070  -15.819  -19.050  57.575 0.0000000000
52038  -16.040  -20.370  57.619 0.0000000000
52033  -15.454  -20.470  58.181 0.0000000000
52034  -16.186  -21.187  57.625 0.0000000000
49954  -16.475  -22.314  56.748 0.0000000000
129326  -16.556  -21.980  56.667 0.0000000000
49950  -16.323  -22.028  57.138 0.0000000000
51022  -16.019  -21.860  57.856 0.0000000000
49945  -16.110  -22.165  57.490 0.0000000000
48928  -15.931  -22.510  57.396 0.0000000000
47931  -17.421  -24.041  56.018 0.0000000000
48948  -16.221  -23.052  56.819 0.0000000000
47930  -16.506  -23.674  56.270 0.0000000000
59836  -36.580  -13.384  35.846 0.0000000000
59837  -37.283  -13.380  35.875 0.0000000000
128483  -36.964  -16.954  40.937 0.0000000000
112613  -36.142  -16.845  40.651 0.0000000000
59814  -33.058  -13.540  37.844 0.0000000000
59833  -32.676  -13.770  36.236 0.0000000000
135679  -33.381  -13.519  35.792 0.0000000000
135298  -36.134  -13.202  36.217 0.0000000000
59835  -35.451  -13.337  35.816 0.0000000000
50019  -25.541  -21.898  48.687 0.0000000000
113619  -24.917  -21.689  48.002 0.0000000000
49043  -30.153  -23.193  48.491 0.0000000000
49031  -29.627  -23.400  49.153 0.0000000000
49018  -29.157  -23.328  50.045 0.0000000000
49062  -27.881  -22.624  45.784 0.0000000000
49052  -28.523  -22.694  46.498 0.0000000000
50031  -27.477  -22.626  47.450 0.0000000000
50037  -26.819  -22.457  46.796 0.0000000000
112628  -26.200  -22.303  46.188 0.0000000000
50046  -25.599  -22.285  45.606 0.0000000000
113292  -24.438  -22.107  44.903 0.0000000000
50086  -25.104  -22.312  42.658 0.0000000000
72274  -51.269  -0.604  13.783 0.0000000000
72273  -50.668  -0.694  13.245 0.0000000000
72275  -51.851  -0.258  13.903 0.0000000000
73051  -52.433  0.578  11.310 0.0000000000
59741  -6.182  -13.689  46.791 0.0000000000
57679  -6.494  -15.039  46.650 0.0000000000
58705  -5.415  -14.649  48.898 0.0000000000
124402  -5.803  -16.077  47.841 0.0000000000
121563  -6.145  -16.217  47.303 0.0000000000
56570  -5.971  -16.930  47.494 0.0000000000
55427  -6.188  -17.664  47.032 0.0000000000
54234  -5.339  -18.769  47.550 0.0000000000
53125  -4.442  -19.275  49.349 0.0000000000
51076  -3.803  -21.748  48.496 0.0000000000
51084  -4.119  -21.173  47.590 0.0000000000
47972  -4.741  -24.105  48.954 0.0000000000
121112  -4.341  -23.501  47.745 0.0000000000
47981  -5.043  -24.830  48.331 0.0000000000
67809  -46.685  -5.638  26.872 0.0000000000
67802  -47.173  -5.260  27.467 0.0000000000
134770  -46.944  -5.260  28.156 0.0000000000
58836  -37.856  -13.860  35.376 0.0000000000
64987  -40.321  -8.498  26.982 0.0000000000
112715  -40.910  -7.973  26.202 0.0000000000
64989  -42.284  -7.645  25.825 0.0000000000
64998  -41.563  -7.796  25.589 0.0000000000
113419  -42.137  -7.745  25.046 0.0000000000
65010  -42.718  -7.867  24.506 0.0000000000
65946  -43.611  -7.455  25.703 0.0000000000
66879  -45.008  -6.554  26.746 0.0000000000
65942  -45.023  -6.787  26.110 0.0000000000
66880  -45.620  -6.407  26.562 0.0000000000
66881  -46.334  -6.133  26.240 0.0000000000
56487  -16.655  -16.359  56.458 0.0000000000
55333  -16.718  -16.860  56.170 0.0000000000
121641  -16.624  -17.448  55.891 0.0000000000
118526  -16.660  -17.564  55.604 0.0000000000
56495  -17.512  -16.018  55.782 0.0000000000
118336  -17.076  -18.845  54.154 0.0000000000
53089  -16.823  -19.221  54.715 0.0000000000
52051  -16.819  -20.268  54.644 0.0000000000
52054  -17.046  -20.619  53.900 0.0000000000
52062  -16.831  -21.076  52.130 0.0000000000
49979  -16.935  -22.660  52.031 0.0000000000
127968  -22.707  -21.491  45.958 0.0000000000
51085  -21.964  -20.809  47.345 0.0000000000
118580  -21.969  -20.447  48.060 0.0000000000
52108  -21.197  -20.366  47.497 0.0000000000
135224  -20.314  -21.112  45.606 0.0000000000
52124  -20.000  -20.758  46.114 0.0000000000
118458  -20.148  -19.449  48.107 0.0000000000
53142  -20.739  -19.352  48.601 0.0000000000
55396  -18.938  -17.500  49.625 0.0000000000
55397  -19.936  -17.730  49.784 0.0000000000
55384  -19.367  -17.273  50.317 0.0000000000
55370  -18.890  -16.562  51.519 0.0000000000
114925  -18.696  -16.989  50.777 0.0000000000
54214  -17.503  -18.453  49.553 0.0000000000
55382  -17.788  -17.608  50.805 0.0000000000
54203  -17.314  -18.336  50.430 0.0000000000
52104  -16.582  -20.718  47.595 0.0000000000
114111  -16.298  -21.137  48.059 0.0000000000
112993  -16.096  -21.729  48.857 0.0000000000
52080  -16.263  -20.483  49.057 0.0000000000
135377  -16.288  -20.526  49.602 0.0000000000
53117  -16.617  -19.675  50.630 0.0000000000
61679  -7.216  -11.576  41.785 0.0000000000
125627  -5.377  -12.263  41.573 0.0000000000
125934  -7.255  -13.072  42.555 0.0000000000
59777  -6.070  -13.688  41.554 0.0000000000
56637  -8.171  -16.252  40.232 0.0000000000
118254  -7.361  -15.917  40.345 0.0000000000
54255  -7.799  -18.055  45.337 0.0000000000
54265  -9.149  -18.262  44.266 0.0000000000
126000  -9.526  -18.009  43.545 0.0000000000
54284  -9.777  -18.168  42.860 0.0000000000
52171  -9.488  -20.671  42.613 0.0000000000
51125  -9.870  -20.874  41.847 0.0000000000
53219  -10.569  -19.577  41.220 0.0000000000
131986  -10.301  -19.772  41.848 0.0000000000
117107  -10.281  -19.154  41.950 0.0000000000
54285  -10.068  -18.383  42.086 0.0000000000
55472  -10.025  -17.813  41.369 0.0000000000
123623  -10.335  -18.326  40.773 0.0000000000
54323  -10.598  -18.851  39.206 0.0000000000
125527  -9.577  -17.491  38.998 0.0000000000
55526  -9.847  -17.660  38.347 0.0000000000
54162  -3.710  -18.567  53.623 0.0000000000
56475  -12.796  -17.556  57.367 0.0000000000
56478  -11.608  -18.129  56.646 0.0000000000
131705  -11.493  -18.306  57.319 0.0000000000
54123  -9.393  -19.926  57.719 0.0000000000
55324  -9.664  -19.641  57.294 0.0000000000
54128  -9.067  -20.098  57.219 0.0000000000
112525  -8.307  -19.910  56.244 0.0000000000
54133  -7.874  -20.119  56.574 0.0000000000
115951  -10.310  -21.740  58.478 0.0000000000
49930  -10.418  -21.586  59.704 0.0000000000
49937  -8.979  -21.467  58.256 0.0000000000
51027  -5.837  -21.190  56.517 0.0000000000
52041  -6.952  -20.834  56.860 0.0000000000
53073  -6.225  -20.417  56.575 0.0000000000
53079  -6.382  -19.946  56.592 0.0000000000
53078  -5.538  -20.034  56.420 0.0000000000
53082  -4.969  -19.770  55.901 0.0000000000
53077  -4.756  -20.324  56.064 0.0000000000
51033  -4.070  -21.294  54.874 0.0000000000
52050  -4.243  -20.359  54.840 0.0000000000
52049  -3.927  -20.768  54.268 0.0000000000
52053  -3.863  -20.691  53.433 0.0000000000
49965  -5.035  -22.224  52.920 0.0000000000
115509  -4.808  -21.977  52.487 0.0000000000
49967  -5.019  -22.441  52.164 0.0000000000
124835  -4.700  -22.542  51.563 0.0000000000
118228  -8.104  -22.834  54.339 0.0000000000
47946  -7.495  -22.952  53.994 0.0000000000
117833  -8.019  -23.120  53.891 0.0000000000
48983  -7.212  -23.742  52.178 0.0000000000
129388  -6.829  -23.503  52.737 0.0000000000
48982  -6.179  -23.605  52.154 0.0000000000
48994  -5.875  -23.806  51.403 0.0000000000
47962  -5.560  -24.015  50.812 0.0000000000
47969  -6.494  -24.350  50.821 0.0000000000
49003  -8.052  -23.707  50.160 0.0000000000
49002  -7.333  -24.330  50.323 0.0000000000
49013  -7.632  -24.368  49.622 0.0000000000
49014  -8.301  -23.815  49.270 0.0000000000
46843  -15.518  -24.897  55.192 0.0000000000
47952  -15.219  -24.389  54.820 0.0000000000
47959  -14.329  -24.657  53.674 0.0000000000
48969  -14.722  -23.854  54.396 0.0000000000
48978  -14.006  -23.539  53.863 0.0000000000
48989  -13.536  -23.269  53.051 0.0000000000
49978  -12.404  -22.663  51.959 0.0000000000
49977  -11.557  -22.555  51.420 0.0000000000
49992  -11.449  -22.604  50.489 0.0000000000
130840  -10.376  -22.690  49.184 0.0000000000
50014  -9.962  -22.913  48.450 0.0000000000
49025  -9.224  -23.199  48.284 0.0000000000
49037  -9.605  -23.281  47.432 0.0000000000
113970  -8.997  -23.662  46.826 0.0000000000
58727  -36.304  -14.952  47.106 0.0000000000
55425  -38.181  -18.168  46.875 0.0000000000
56569  -38.443  -17.330  46.899 0.0000000000
136024  -38.004  -16.885  47.257 0.0000000000
53165  -36.720  -19.449  47.228 0.0000000000
53177  -36.816  -19.229  46.408 0.0000000000
54240  -37.761  -18.782  46.784 0.0000000000
55414  -35.673  -18.365  48.808 0.0000000000
67832  -49.463  -5.371  24.301 0.0000000000
65957  -45.538  -7.271  24.649 0.0000000000
128991  -44.979  -8.072  23.436 0.0000000000
65965  -45.874  -7.475  23.970 0.0000000000
65966  -46.664  -7.422  23.359 0.0000000000
65976  -47.109  -7.553  22.594 0.0000000000
65977  -47.690  -7.366  22.274 0.0000000000
66904  -48.183  -6.550  23.351 0.0000000000
66895  -48.811  -5.943  23.776 0.0000000000
114746  -37.785  -14.502  33.004 0.0000000000
58873  -38.196  -14.478  33.881 0.0000000000
58837  -38.436  -13.876  35.118 0.0000000000
113115  -36.305  -14.444  32.264 0.0000000000
47992  -5.329  -24.281  46.008 0.0000000000
47993  -5.570  -24.499  46.425 0.0000000000
125023  -5.688  -24.552  46.061 0.0000000000
48001  -5.733  -24.556  45.446 0.0000000000
49971  -17.237  -22.842  52.832 0.0000000000
48990  -17.391  -23.689  53.025 0.0000000000
59767  -36.241  -13.522  43.352 0.0000000000
59775  -35.317  -13.230  43.025 0.0000000000
59766  -35.029  -12.554  42.802 0.0000000000
119352  -34.497  -12.591  42.060 0.0000000000
61693  -35.739  -11.338  41.746 0.0000000000
51052  -29.714  -22.322  51.890 0.0000000000
50075  -30.233  -21.997  43.414 0.0000000000
122012  -51.816  -3.470  17.680 0.0000000000
118233  -51.327  -3.264  16.983 0.0000000000
69762  -52.059  -2.904  17.193 0.0000000000
70634  -52.406  -2.373  16.785 0.0000000000
71476  -54.322  -1.314  17.014 0.0000000000
54195  -3.641  -18.414  50.799 0.0000000000
64949  -43.196  -8.521  30.495 0.0000000000
65901  -43.513  -8.071  30.907 0.0000000000
64950  -43.853  -8.898  31.188 0.0000000000
64935  -44.783  -9.438  32.221 0.0000000000
61897  -41.071  -12.409  28.704 0.0000000000
61886  -41.014  -11.674  28.812 0.0000000000
62913  -40.820  -10.737  28.819 0.0000000000
63960  -40.755  -9.707  28.604 0.0000000000
123557  -41.281  -10.355  29.091 0.0000000000
63948  -42.189  -9.661  29.653 0.0000000000
56507  -18.740  -15.266  54.048 0.0000000000
112354  -24.270  -21.221  49.121 0.0000000000
56667  -5.990  -16.685  37.930 0.0000000000
56684  -6.021  -16.694  37.298 0.0000000000
50120  -7.070  -22.771  40.433 0.0000000000
55340  -10.946  -18.668  55.857 0.0000000000
55339  -10.385  -19.127  55.912 0.0000000000
115173  -14.013  -23.024  56.935 0.0000000000
133045  -13.643  -22.815  56.842 0.0000000000
47918  -13.474  -22.826  56.648 0.0000000000
118230  -12.142  -22.580  56.157 0.0000000000
47940  -12.954  -22.804  55.786 0.0000000000
47941  -13.883  -23.139  55.560 0.0000000000
58740  -38.958  -14.953  45.434 0.0000000000
58759  -38.859  -14.023  44.833 0.0000000000
58770  -38.495  -14.007  44.428 0.0000000000
59759  -38.804  -13.268  44.742 0.0000000000
52142  -37.315  -19.208  44.831 0.0000000000
52130  -34.018  -20.435  47.263 0.0000000000
52115  -34.164  -20.567  48.015 0.0000000000
115788  -33.452  -20.730  46.871 0.0000000000
133175  -32.581  -21.150  46.064 0.0000000000
133694  -31.877  -21.452  45.326 0.0000000000
116925  -32.414  -21.085  45.309 0.0000000000
68803  -53.415  -4.046  20.852 0.0000000000
65991  -49.306  -6.920  21.085 0.0000000000
66920  -49.127  -6.852  20.337 0.0000000000
66921  -49.845  -6.534  20.693 0.0000000000
66926  -50.406  -5.951  20.243 0.0000000000
129062  -50.261  -5.598  19.524 0.0000000000
67914  -50.492  -5.056  18.957 0.0000000000
67900  -50.810  -5.267  19.749 0.0000000000
135829  -51.523  -4.979  20.566 0.0000000000
58946  -42.133  -13.589  30.095 0.0000000000
119380  -42.483  -13.371  30.397 0.0000000000
58926  -42.405  -13.903  30.670 0.0000000000
58909  -42.566  -14.090  31.625 0.0000000000
128545  -42.502  -14.068  32.791 0.0000000000
58941  -37.747  -14.540  30.336 0.0000000000
129105  -39.211  -14.540  29.744 0.0000000000
58943  -39.925  -14.501  28.966 0.0000000000
58944  -40.690  -14.362  29.236 0.0000000000
136259  -41.338  -14.165  29.502 0.0000000000
113133  -23.576  -21.652  42.999 0.0000000000
122639  -4.075  -14.263  40.355 0.0000000000
58789  -4.470  -14.705  40.379 0.0000000000
53181  -5.978  -19.751  45.782 0.0000000000
52145  -5.192  -20.987  44.786 0.0000000000
50065  -4.793  -22.626  43.297 0.0000000000
50078  -4.910  -22.558  42.116 0.0000000000
50095  -4.737  -22.888  41.549 0.0000000000
49090  -4.745  -23.293  41.088 0.0000000000
48038  -4.751  -23.900  40.659 0.0000000000
48034  -5.077  -24.445  41.067 0.0000000000
54135  -16.182  -17.832  56.670 0.0000000000
121937  -16.242  -18.792  56.538 0.0000000000
53072  -16.296  -19.976  56.597 0.0000000000
49959  -17.002  -22.895  55.736 0.0000000000
48956  -16.933  -22.937  56.128 0.0000000000
48949  -16.424  -22.694  56.755 0.0000000000
122287  -17.393  -23.779  55.817 0.0000000000
59825  -36.627  -13.095  36.398 0.0000000000
59818  -37.039  -12.824  36.808 0.0000000000
56646  -34.765  -16.394  40.301 0.0000000000
60737  -33.964  -12.905  39.185 0.0000000000
134526  -34.728  -13.173  36.235 0.0000000000
124795  -26.123  -22.231  49.371 0.0000000000
50020  -26.365  -22.323  48.465 0.0000000000
50011  -31.556  -22.933  49.752 0.0000000000
49021  -30.983  -23.248  50.034 0.0000000000
49033  -31.062  -23.213  49.108 0.0000000000
130447  -30.626  -23.166  48.620 0.0000000000
132990  -30.046  -22.970  47.993 0.0000000000
49073  -28.861  -22.595  44.745 0.0000000000
49061  -27.054  -22.473  45.988 0.0000000000
121575  -25.882  -22.401  44.770 0.0000000000
50058  -25.097  -22.232  44.403 0.0000000000
50059  -25.695  -22.359  44.003 0.0000000000
70653  -48.593  -2.982  14.028 0.0000000000
123539  -5.500  -15.098  48.553 0.0000000000
113864  -4.896  -18.963  48.303 0.0000000000
128292  -3.827  -21.057  48.994 0.0000000000
50013  -3.820  -22.788  48.372 0.0000000000
49011  -4.301  -23.649  49.405 0.0000000000
49012  -4.831  -23.931  49.826 0.0000000000
66877  -45.514  -6.217  27.393 0.0000000000
67786  -45.742  -5.811  28.276 0.0000000000
67773  -45.854  -5.579  29.167 0.0000000000
65933  -41.822  -7.954  27.899 0.0000000000
65938  -41.757  -7.824  27.198 0.0000000000
65934  -42.429  -7.547  27.504 0.0000000000
120431  -42.927  -7.330  26.811 0.0000000000
65940  -43.590  -7.195  26.539 0.0000000000
133299  -44.004  -7.243  26.132 0.0000000000
55353  -17.151  -17.136  53.879 0.0000000000
53102  -16.884  -19.933  53.235 0.0000000000
51107  -21.980  -21.468  45.006 0.0000000000
51100  -22.086  -21.347  45.834 0.0000000000
112524  -21.434  -21.208  45.987 0.0000000000
52123  -18.929  -20.686  46.193 0.0000000000
52107  -19.472  -20.355  46.821 0.0000000000
53127  -16.971  -19.120  49.133 0.0000000000
50017  -16.157  -22.411  48.606 0.0000000000
50007  -16.181  -22.209  49.478 0.0000000000
60695  -7.299  -12.371  41.962 0.0000000000
58761  -8.039  -14.824  42.759 0.0000000000
58772  -7.868  -15.087  41.770 0.0000000000
57721  -7.338  -15.425  41.001 0.0000000000
116899  -8.596  -16.075  41.040 0.0000000000
56638  -9.030  -16.509  40.563 0.0000000000
53193  -8.119  -19.462  44.553 0.0000000000
124923  -8.538  -18.792  44.663 0.0000000000
53204  -9.424  -19.654  43.577 0.0000000000
51137  -10.281  -21.177  41.138 0.0000000000
133759  -10.681  -20.127  40.899 0.0000000000
54312  -10.606  -19.003  40.628 0.0000000000
117085  -10.689  -19.161  39.952 0.0000000000
53233  -10.914  -19.463  38.599 0.0000000000
54119  -13.002  -18.641  58.313 0.0000000000
55314  -11.721  -18.554  58.054 0.0000000000
54117  -11.249  -19.242  58.248 0.0000000000
53058  -10.467  -19.880  58.378 0.0000000000
53066  -9.438  -19.985  58.111 0.0000000000
48930  -8.739  -22.194  57.388 0.0000000000
49947  -8.005  -21.604  57.468 0.0000000000
49953  -7.656  -21.996  57.027 0.0000000000
49951  -6.002  -21.678  56.462 0.0000000000
51031  -5.146  -21.451  56.200 0.0000000000
52043  -4.680  -20.920  56.108 0.0000000000
51030  -4.437  -21.382  55.862 0.0000000000
51034  -4.286  -21.685  55.394 0.0000000000
51037  -4.245  -22.049  54.505 0.0000000000
49963  -4.798  -22.373  53.859 0.0000000000
127617  -5.233  -22.415  53.138 0.0000000000
121932  -7.970  -23.331  53.532 0.0000000000
48974  -8.410  -23.246  53.113 0.0000000000
115162  -7.643  -23.863  51.552 0.0000000000
48995  -8.196  -23.537  51.086 0.0000000000
49974  -8.721  -22.958  50.459 0.0000000000
45624  -15.121  -26.217  54.537 0.0000000000
50006  -12.179  -22.929  49.980 0.0000000000
53189  -38.957  -19.098  44.304 0.0000000000
54262  -39.352  -18.747  44.236 0.0000000000
54261  -39.050  -18.717  44.595 0.0000000000
56581  -39.251  -16.484  45.556 0.0000000000
56580  -38.970  -16.952  46.301 0.0000000000
57677  -38.972  -15.947  46.307 0.0000000000
57678  -39.119  -15.645  45.640 0.0000000000
117398  -38.204  -13.966  46.260 0.0000000000
52140  -35.690  -19.345  45.505 0.0000000000
52134  -36.975  -19.013  45.643 0.0000000000
52102  -35.174  -20.180  49.325 0.0000000000
53149  -35.601  -19.739  48.918 0.0000000000
52117  -35.449  -20.181  48.248 0.0000000000
52116  -34.868  -20.240  47.525 0.0000000000
67862  -51.247  -5.260  22.716 0.0000000000
67851  -51.881  -4.851  23.214 0.0000000000
67850  -51.200  -4.954  23.594 0.0000000000
126487  -44.658  -8.683  22.297 0.0000000000
65046  -44.883  -8.918  21.518 0.0000000000
64056  -44.277  -9.316  21.012 0.0000000000
64064  -44.411  -9.317  20.255 0.0000000000
65064  -46.341  -8.215  20.255 0.0000000000
65989  -47.073  -7.877  20.400 0.0000000000
113639  -47.999  -7.574  21.273 0.0000000000
65978  -48.289  -7.135  22.103 0.0000000000
65984  -48.393  -7.280  21.653 0.0000000000
65985  -49.037  -6.964  21.635 0.0000000000
134712  -49.913  -6.426  22.109 0.0000000000
66917  -50.354  -6.238  21.898 0.0000000000
58906  -39.914  -14.550  31.631 0.0000000000
128687  -40.495  -14.527  32.131 0.0000000000
58893  -39.985  -14.506  32.743 0.0000000000
114363  -40.549  -14.210  33.763 0.0000000000
58887  -34.069  -14.309  32.323 0.0000000000
114404  -34.351  -14.469  30.881 0.0000000000
136283  -34.701  -14.528  30.478 0.0000000000
58904  -36.860  -14.519  31.733 0.0000000000
125107  -4.293  -12.395  41.387 0.0000000000
131201  -4.369  -21.614  45.970 0.0000000000
51097  -4.413  -22.225  45.351 0.0000000000
50040  -4.559  -22.856  44.834 0.0000000000
49056  -4.830  -23.712  45.161 0.0000000000
49066  -4.809  -23.556  44.508 0.0000000000
48016  -5.133  -24.038  44.205 0.0000000000
48017  -5.484  -24.269  43.391 0.0000000000
48018  -6.591  -24.657  43.250 0.0000000000
48019  -7.821  -24.796  43.174 0.0000000000
52052  -16.648  -20.832  55.173 0.0000000000
52048  -16.543  -20.425  55.637 0.0000000000
120720  -16.672  -21.892  55.063 0.0000000000
49966  -17.603  -22.976  54.000 0.0000000000
49964  -17.397  -23.514  54.463 0.0000000000
48970  -17.847  -24.245  54.672 0.0000000000
60730  -36.699  -11.826  38.807 0.0000000000
61708  -37.478  -11.362  39.261 0.0000000000
56620  -37.686  -16.401  42.694 0.0000000000
56632  -37.554  -16.770  41.679 0.0000000000
56619  -36.757  -16.297  42.291 0.0000000000
134451  -35.934  -16.082  41.880 0.0000000000
57729  -35.214  -15.408  41.944 0.0000000000
133064  -34.535  -15.892  40.731 0.0000000000
57727  -34.071  -15.228  40.828 0.0000000000
114818  -33.570  -15.127  40.086 0.0000000000
58794  -33.687  -14.457  40.608 0.0000000000
59790  -33.611  -13.704  40.355 0.0000000000
60727  -33.874  -13.020  40.056 0.0000000000
60712  -34.322  -12.745  41.330 0.0000000000
60728  -34.563  -12.478  39.717 0.0000000000
50038  -30.614  -22.500  46.306 0.0000000000
49054  -30.443  -22.789  47.192 0.0000000000
49074  -29.521  -22.489  44.512 0.0000000000
50074  -29.637  -22.331  43.736 0.0000000000
50072  -27.837  -22.534  43.461 0.0000000000
69768  -48.661  -3.827  14.966 0.0000000000
69770  -50.202  -3.109  15.822 0.0000000000
69775  -48.988  -3.211  14.678 0.0000000000
70654  -49.370  -2.583  14.408 0.0000000000
70659  -49.763  -1.918  14.089 0.0000000000
71502  -49.365  -1.583  13.254 0.0000000000
71503  -50.212  -1.307  13.690 0.0000000000
72267  -51.614  -0.805  14.444 0.0000000000
71493  -53.171  -1.198  16.087 0.0000000000
51053  -4.070  -21.929  50.333 0.0000000000
66849  -44.002  -6.770  29.266 0.0000000000
123817  -44.525  -6.507  29.885 0.0000000000
66837  -44.467  -6.886  30.707 0.0000000000
60856  -39.855  -12.763  27.583 0.0000000000
61906  -39.089  -12.450  27.080 0.0000000000
119126  -39.085  -9.609  27.109 0.0000000000
64981  -40.768  -8.522  27.607 0.0000000000
64971  -40.942  -8.842  28.306 0.0000000000
64982  -41.297  -8.254  27.776 0.0000000000
126150  -42.222  -7.837  28.432 0.0000000000
56496  -18.147  -15.327  55.531 0.0000000000
56506  -17.836  -16.095  54.150 0.0000000000
54190  -16.906  -18.582  51.742 0.0000000000
51114  -20.200  -21.446  43.848 0.0000000000
51104  -20.008  -21.415  44.389 0.0000000000
129205  -20.073  -21.327  45.036 0.0000000000
134041  -19.241  -21.334  45.123 0.0000000000
52105  -17.210  -20.322  47.098 0.0000000000
52121  -16.798  -21.023  46.843 0.0000000000
128453  -6.970  -12.560  44.418 0.0000000000
60686  -7.179  -12.845  43.530 0.0000000000
58760  -7.748  -14.327  43.357 0.0000000000
57699  -7.925  -14.856  43.967 0.0000000000
57700  -8.455  -15.515  43.340 0.0000000000
51122  -6.950  -21.700  42.524 0.0000000000
52170  -8.698  -21.129  43.036 0.0000000000
51123  -8.076  -21.522  42.405 0.0000000000
51135  -8.539  -21.809  41.656 0.0000000000
50100  -9.022  -22.180  40.959 0.0000000000
51149  -9.951  -21.885  40.764 0.0000000000
50123  -10.294  -22.035  40.005 0.0000000000
50142  -10.573  -22.020  39.313 0.0000000000
125728  -10.937  -21.593  38.838 0.0000000000
53088  -9.092  -19.244  54.252 0.0000000000
53087  -8.133  -19.126  54.144 0.0000000000
135001  -7.549  -18.972  54.420 0.0000000000
134750  -13.593  -21.987  58.033 0.0000000000
51014  -12.241  -21.240  58.468 0.0000000000
49933  -12.494  -21.782  58.151 0.0000000000
49940  -11.644  -22.020  58.041 0.0000000000
48922  -10.642  -22.152  57.807 0.0000000000
48934  -12.285  -22.465  57.113 0.0000000000
48933  -11.196  -22.399  57.225 0.0000000000
48932  -10.209  -22.355  57.385 0.0000000000
48941  -8.939  -22.402  56.970 0.0000000000
48953  -8.510  -22.456  56.587 0.0000000000
131793  -7.436  -22.592  55.940 0.0000000000
47921  -7.137  -22.662  55.099 0.0000000000
47922  -7.890  -22.647  55.601 0.0000000000
47936  -8.346  -22.636  55.083 0.0000000000
117572  -8.762  -22.623  54.923 0.0000000000
47938  -10.456  -22.543  55.538 0.0000000000
47948  -9.113  -22.721  54.483 0.0000000000
47957  -9.726  -22.735  54.336 0.0000000000
48975  -10.086  -22.766  53.847 0.0000000000
48976  -11.595  -22.636  53.766 0.0000000000
55481  -38.984  -17.608  41.278 0.0000000000
127569  -39.558  -17.928  44.119 0.0000000000
56609  -39.545  -17.328  42.982 0.0000000000
57698  -38.857  -16.033  44.296 0.0000000000
56608  -39.164  -16.715  43.461 0.0000000000
56607  -38.806  -16.522  43.260 0.0000000000
57719  -38.431  -16.441  43.055 0.0000000000
58768  -36.982  -14.276  43.556 0.0000000000
59768  -37.414  -13.361  43.708 0.0000000000
123511  -36.747  -12.730  43.545 0.0000000000
50012  -32.142  -22.365  50.523 0.0000000000
50032  -31.387  -22.548  48.116 0.0000000000
51083  -33.457  -21.366  48.994 0.0000000000
50033  -32.167  -22.041  48.198 0.0000000000
50063  -31.047  -21.774  44.575 0.0000000000
66924  -48.005  -6.726  19.062 0.0000000000
66940  -46.600  -6.356  17.153 0.0000000000
68836  -49.684  -4.522  17.195 0.0000000000
68837  -50.460  -4.234  17.517 0.0000000000
68812  -51.198  -4.695  19.096 0.0000000000
68826  -51.634  -4.043  18.418 0.0000000000
69745  -51.168  -3.845  17.663 0.0000000000
115036  -52.707  -3.394  18.369 0.0000000000
122882  -53.401  -3.167  18.589 0.0000000000
61875  -42.526  -11.515  30.029 0.0000000000
61876  -43.152  -11.587  30.412 0.0000000000
59904  -43.486  -12.792  31.120 0.0000000000
58908  -41.281  -14.500  31.971 0.0000000000
58894  -41.745  -14.330  32.949 0.0000000000
59926  -40.416  -13.579  27.894 0.0000000000
58957  -40.505  -14.191  28.400 0.0000000000
58970  -40.663  -13.739  28.250 0.0000000000
60850  -41.575  -12.396  29.225 0.0000000000
61888  -42.059  -11.845  29.722 0.0000000000
112529  -23.860  -21.807  46.072 0.0000000000
50044  -23.195  -21.681  45.538 0.0000000000
51115  -20.880  -21.412  43.873 0.0000000000
56668  -6.691  -16.821  38.296 0.0000000000
56669  -7.381  -16.882  38.633 0.0000000000
55428  -6.753  -17.579  46.383 0.0000000000
54254  -7.070  -18.431  45.906 0.0000000000
53192  -7.155  -19.726  44.796 0.0000000000
52158  -7.158  -20.935  43.922 0.0000000000
52144  -4.770  -21.267  44.987 0.0000000000
52156  -5.419  -21.359  44.207 0.0000000000
51109  -4.888  -22.156  43.841 0.0000000000
51112  -6.595  -21.490  43.364 0.0000000000
50119  -5.905  -22.993  40.563 0.0000000000
49100  -5.325  -23.453  40.083 0.0000000000
48026  -5.763  -24.628  42.398 0.0000000000
56476  -13.621  -17.310  57.371 0.0000000000
55322  -13.973  -17.686  57.873 0.0000000000
54130  -15.735  -17.991  57.434 0.0000000000
54126  -14.477  -18.368  58.159 0.0000000000
54120  -13.734  -18.655  58.317 0.0000000000
54121  -14.388  -19.300  58.295 0.0000000000
117123  -14.573  -20.184  58.308 0.0000000000
52029  -15.003  -21.128  58.316 0.0000000000
52045  -16.544  -20.710  55.970 0.0000000000
126035  -16.533  -21.048  56.321 0.0000000000
52042  -16.426  -20.967  56.724 0.0000000000
51029  -16.567  -21.580  56.536 0.0000000000
52035  -16.332  -21.263  57.218 0.0000000000
51021  -15.547  -21.873  58.078 0.0000000000
51017  -14.839  -21.752  58.201 0.0000000000
48927  -14.923  -22.216  57.878 0.0000000000
117145  -14.985  -22.641  57.602 0.0000000000
118939  -15.106  -22.928  57.352 0.0000000000
122213  -16.093  -22.741  57.041 0.0000000000
48947  -15.792  -23.055  56.960 0.0000000000
48946  -14.876  -23.134  57.018 0.0000000000
47919  -15.088  -23.553  56.261 0.0000000000
58854  -37.474  -14.106  34.994 0.0000000000
60761  -37.608  -12.726  36.575 0.0000000000
56648  -37.790  -17.192  40.820 0.0000000000
55498  -37.865  -17.400  40.190 0.0000000000
55496  -35.974  -17.071  39.908 0.0000000000
59852  -33.745  -13.657  35.003 0.0000000000
59853  -34.886  -13.610  34.962 0.0000000000
58853  -36.276  -13.919  34.544 0.0000000000
50008  -25.373  -21.876  49.740 0.0000000000
50036  -24.485  -21.776  46.551 0.0000000000
49984  -29.759  -22.827  51.743 0.0000000000
49020  -30.365  -23.392  50.393 0.0000000000
49009  -29.897  -23.290  51.211 0.0000000000
50000  -29.351  -23.043  51.445 0.0000000000
136019  -29.016  -23.118  50.724 0.0000000000
49029  -28.617  -23.078  50.006 0.0000000000
126855  -27.974  -22.892  49.094 0.0000000000
49053  -29.891  -22.888  47.350 0.0000000000
112970  -29.107  -22.828  47.281 0.0000000000
49041  -28.816  -22.924  47.970 0.0000000000
50021  -27.272  -22.619  48.300 0.0000000000
115644  -25.956  -22.129  46.976 0.0000000000
71507  -49.971  -1.006  12.979 0.0000000000
72278  -50.297  -0.661  12.246 0.0000000000
73046  -51.464  0.022  12.415 0.0000000000
72281  -50.423  -0.469  11.402 0.0000000000
73055  -52.691  0.682  10.399 0.0000000000
59748  -6.669  -13.547  45.667 0.0000000000
57663  -5.645  -15.177  48.113 0.0000000000
54243  -5.982  -18.511  46.943 0.0000000000
54242  -5.609  -18.692  47.261 0.0000000000
52119  -4.398  -20.834  46.683 0.0000000000
53151  -4.703  -19.586  47.780 0.0000000000
49034  -4.661  -23.440  46.896 0.0000000000
131141  -4.699  -23.932  47.334 0.0000000000
67818  -47.738  -5.409  25.874 0.0000000000
67811  -48.552  -4.760  26.334 0.0000000000
67810  -47.505  -5.240  26.672 0.0000000000
117729  -44.387  -10.840  31.612 0.0000000000
63996  -39.434  -8.756  25.655 0.0000000000
64997  -40.204  -8.498  25.016 0.0000000000
119151  -40.883  -8.076  25.321 0.0000000000
65008  -41.021  -8.271  24.384 0.0000000000
65023  -41.590  -8.597  23.745 0.0000000000
65024  -42.336  -8.379  23.793 0.0000000000
65011  -43.580  -7.866  24.352 0.0000000000
120322  -44.289  -7.698  24.508 0.0000000000
65947  -44.412  -7.254  25.713 0.0000000000
65956  -44.737  -7.455  24.951 0.0000000000
131340  -46.400  -6.396  25.488 0.0000000000
54136  -16.380  -17.836  56.231 0.0000000000
54142  -16.404  -18.429  55.865 0.0000000000
54151  -16.698  -17.726  55.259 0.0000000000
51041  -17.068  -21.627  53.641 0.0000000000
135104  -16.969  -22.372  52.457 0.0000000000
112639  -23.263  -21.333  47.006 0.0000000000
51086  -22.687  -21.065  47.323 0.0000000000
52081  -22.094  -20.073  48.897 0.0000000000
51093  -20.791  -21.009  46.081 0.0000000000
53143  -21.451  -19.637  48.885 0.0000000000
53129  -21.754  -19.566  49.507 0.0000000000
54217  -21.326  -18.919  49.885 0.0000000000
54204  -20.799  -18.211  50.267 0.0000000000
55372  -20.554  -17.028  51.531 0.0000000000
53109  -16.763  -19.406  51.641 0.0000000000
52061  -16.636  -20.327  51.326 0.0000000000
51046  -16.588  -21.278  51.206 0.0000000000
49994  -16.445  -22.663  50.453 0.0000000000
51055  -16.654  -22.203  51.239 0.0000000000
60704  -4.881  -13.122  41.516 0.0000000000
124968  -6.966  -13.191  41.854 0.0000000000
123335  -4.898  -14.097  41.293 0.0000000000
58780  -5.125  -14.870  40.799 0.0000000000
57731  -5.897  -15.492  40.231 0.0000000000
128654  -6.702  -15.599  40.458 0.0000000000
57732  -6.603  -16.073  39.749 0.0000000000
55437  -8.174  -17.367  45.088 0.0000000000
55444  -8.828  -17.418  44.526 0.0000000000
56592  -9.042  -16.838  44.130 0.0000000000
56611  -9.295  -16.929  42.760 0.0000000000
53205  -9.854  -19.383  43.020 0.0000000000
53212  -10.087  -19.570  42.440 0.0000000000
55461  -9.685  -17.490  42.284 0.0000000000
55471  -9.626  -17.048  40.911 0.0000000000
55486  -9.403  -17.035  40.113 0.0000000000
55504  -8.953  -17.050  39.289 0.0000000000
55544  -10.071  -17.753  37.477 0.0000000000
53239  -10.921  -19.133  37.508 0.0000000000
54170  -3.552  -18.717  52.472 0.0000000000
56483  -11.626  -18.144  56.240 0.0000000000
55331  -10.949  -18.651  56.429 0.0000000000
55335  -10.282  -19.205  56.119 0.0000000000
112824  -10.807  -18.697  57.176 0.0000000000
55330  -10.245  -19.202  56.567 0.0000000000
55334  -9.337  -19.734  56.240 0.0000000000
54140  -8.399  -19.642  56.021 0.0000000000
54139  -7.545  -19.711  56.311 0.0000000000
54138  -6.729  -19.527  56.455 0.0000000000
129206  -11.007  -21.319  60.142 0.0000000000
52023  -10.071  -20.873  58.719 0.0000000000
53064  -8.434  -20.718  57.891 0.0000000000
51025  -7.866  -21.096  57.646 0.0000000000
52037  -7.999  -20.964  57.692 0.0000000000
53069  -8.106  -20.710  57.414 0.0000000000
54143  -4.629  -19.664  54.917 0.0000000000
53085  -4.085  -19.571  54.613 0.0000000000
54152  -3.350  -19.032  54.038 0.0000000000
53097  -3.584  -19.371  52.137 0.0000000000
52059  -3.725  -19.953  51.724 0.0000000000
51039  -4.331  -21.581  53.249 0.0000000000
51043  -4.239  -21.265  52.466 0.0000000000
49973  -4.264  -22.504  50.917 0.0000000000
47934  -6.498  -22.669  54.375 0.0000000000
48972  -5.718  -22.701  53.052 0.0000000000
47954  -7.238  -23.253  53.394 0.0000000000
112419  -6.291  -23.196  52.879 0.0000000000
48981  -5.538  -23.141  52.368 0.0000000000
48980  -4.984  -22.994  51.854 0.0000000000
48992  -4.655  -23.067  51.245 0.0000000000
49000  -4.224  -23.011  50.735 0.0000000000
49001  -4.838  -23.599  50.636 0.0000000000
47967  -5.332  -24.345  50.153 0.0000000000
47975  -6.744  -24.744  50.031 0.0000000000
47974  -5.945  -24.929  49.695 0.0000000000
47982  -5.935  -24.990  48.760 0.0000000000
47989  -6.986  -24.802  48.157 0.0000000000
134820  -7.470  -24.558  47.569 0.0000000000
47943  -15.554  -24.095  55.545 0.0000000000
45620  -16.067  -26.219  55.278 0.0000000000
48968  -13.825  -23.165  54.819 0.0000000000
48987  -11.833  -22.593  52.795 0.0000000000
49969  -10.602  -22.560  51.949 0.0000000000
49975  -9.595  -22.670  50.740 0.0000000000
49990  -9.506  -22.712  49.873 0.0000000000
113222  -11.345  -22.702  49.584 0.0000000000
49024  -8.497  -23.730  48.500 0.0000000000
49035  -7.982  -24.201  47.965 0.0000000000
49047  -8.508  -24.013  46.145 0.0000000000
48013  -9.489  -24.455  44.201 0.0000000000
47923  -8.413  -22.603  56.028 0.0000000000
47924  -9.672  -22.514  55.943 0.0000000000
47949  -10.038  -22.645  54.890 0.0000000000
47955  -8.554  -23.109  53.840 0.0000000000
48921  -9.827  -22.064  57.922 0.0000000000
48923  -11.595  -22.262  57.596 0.0000000000
48929  -8.225  -22.084  57.231 0.0000000000
48931  -9.367  -22.291  57.458 0.0000000000
48935  -13.190  -22.532  57.216 0.0000000000
48939  -7.282  -22.341  56.530 0.0000000000
48942  -9.826  -22.457  56.962 0.0000000000
48952  -8.003  -22.510  56.430 0.0000000000
48964  -5.346  -22.480  53.585 0.0000000000
49008  -29.308  -23.243  50.940 0.0000000000
49048  -9.768  -23.498  46.535 0.0000000000
49098  -4.895  -23.422  40.491 0.0000000000
49931  -10.592  -21.703  59.627 0.0000000000
49935  -14.196  -21.927  58.094 0.0000000000
49936  -8.263  -21.224  57.979 0.0000000000
49938  -9.610  -21.808  58.240 0.0000000000
49939  -10.984  -22.125  57.957 0.0000000000
49941  -12.460  -22.059  57.927 0.0000000000
49942  -13.438  -22.103  57.919 0.0000000000
49944  -15.054  -21.895  58.053 0.0000000000
49948  -8.543  -21.820  57.699 0.0000000000
49952  -6.863  -21.865  56.761 0.0000000000
49976  -10.544  -22.530  51.047 0.0000000000
51010  -9.498  -21.220  58.526 0.0000000000
51011  -10.166  -21.497  59.650 0.0000000000
51012  -10.686  -21.647  59.455 0.0000000000
51013  -11.179  -21.493  58.622 0.0000000000
51015  -13.205  -20.951  58.380 0.0000000000
51016  -14.121  -21.380  58.287 0.0000000000
51018  -8.136  -21.132  57.870 0.0000000000
51020  -9.768  -21.344  59.120 0.0000000000
51024  -7.346  -21.088  57.165 0.0000000000
51026  -16.439  -21.656  56.914 0.0000000000
51028  -6.641  -21.278  56.820 0.0000000000
52024  -10.877  -21.192  59.535 0.0000000000
52025  -11.164  -20.912  58.995 0.0000000000
52028  -13.980  -20.590  58.355 0.0000000000
52030  -8.304  -20.933  58.000 0.0000000000
52031  -8.751  -20.787  58.192 0.0000000000
52032  -15.590  -19.794  57.994 0.0000000000
52036  -7.570  -20.975  57.344 0.0000000000
52040  -6.190  -20.857  56.635 0.0000000000
52161  -9.755  -20.014  42.903 0.0000000000
53056  -9.315  -20.602  58.366 0.0000000000
53057  -9.800  -20.369  58.431 0.0000000000
53059  -11.022  -20.340  58.594 0.0000000000
53060  -11.851  -19.783  58.421 0.0000000000
53062  -13.721  -19.653  58.359 0.0000000000
53063  -14.997  -19.803  58.223 0.0000000000
53065  -9.076  -20.235  58.015 0.0000000000
53068  -7.545  -20.787  57.128 0.0000000000
53075  -7.606  -20.420  56.873 0.0000000000
53190  -39.314  -19.136  44.003 0.0000000000
53229  -10.891  -19.662  39.501 0.0000000000
54115  -9.978  -19.600  58.110 0.0000000000
54116  -10.648  -19.145  58.038 0.0000000000
54118  -12.199  -18.909  58.274 0.0000000000
54124  -9.852  -19.594  57.890 0.0000000000
54127  -8.308  -20.380  57.060 0.0000000000
54129  -15.207  -18.162  57.860 0.0000000000
54241  -38.114  -18.484  46.191 0.0000000000
55316  -13.323  -18.020  58.158 0.0000000000
55317  -14.001  -17.964  58.142 0.0000000000
55318  -10.081  -19.335  57.516 0.0000000000
55319  -10.911  -18.765  57.614 0.0000000000
55320  -12.218  -17.934  57.739 0.0000000000
55321  -13.029  -17.679  57.700 0.0000000000
55325  -10.129  -19.219  56.992 0.0000000000
55329  -9.551  -19.688  56.798 0.0000000000
55337  -11.466  -18.322  55.904 0.0000000000
55515  -36.619  -17.431  39.368 0.0000000000
56473  -11.598  -18.129  56.962 0.0000000000
56474  -11.973  -17.938  57.449 0.0000000000
56477  -14.180  -17.222  57.478 0.0000000000
56634  -39.003  -17.313  42.066 0.0000000000
57728  -34.660  -15.569  41.253 0.0000000000
59826  -37.274  -13.090  36.287 0.0000000000
59882  -43.257  -13.643  32.964 0.0000000000
60721  -3.786  -13.145  40.775 0.0000000000
63949  -42.774  -9.759  30.155 0.0000000000
64972  -41.640  -8.480  28.606 0.0000000000
64988  -41.659  -7.764  26.388 0.0000000000
65000  -43.351  -7.672  25.012 0.0000000000
65012  -45.041  -7.691  24.136 0.0000000000
65040  -45.400  -8.290  22.684 0.0000000000
65047  -45.709  -8.592  21.363 0.0000000000
65063  -45.843  -8.114  19.569 0.0000000000
65945  -42.967  -7.467  26.106 0.0000000000
65967  -47.573  -7.100  22.951 0.0000000000
65979  -48.786  -6.947  22.026 0.0000000000
65983  -47.715  -7.587  21.702 0.0000000000
66836  -43.990  -7.138  30.207 0.0000000000
66886  -45.735  -6.599  25.815 0.0000000000
66887  -47.010  -5.935  25.561 0.0000000000
67834  -50.788  -4.852  24.273 0.0000000000
67874  -50.751  -5.790  22.277 0.0000000000
67887  -52.018  -4.792  20.865 0.0000000000
68802  -52.640  -4.399  20.383 0.0000000000
69746  -52.420  -3.175  17.747 0.0000000000
69760  -49.767  -3.649  16.148 0.0000000000
70646  -50.612  -2.555  15.496 0.0000000000
70658  -48.985  -2.325  13.734 0.0000000000
71491  -51.732  -1.742  15.499 0.0000000000
72282  -50.969  -0.303  11.821 0.0000000000
73042  -51.335  -0.251  13.185 0.0000000000
73058  -52.150  0.357  9.773 0.0000000000
112421  -43.005  -8.203  23.875 0.0000000000
113346  -11.406  -20.556  58.676 0.0000000000
115864  -11.702  -18.461  57.875 0.0000000000
116432  -8.881  -23.038  52.663 0.0000000000
117548  -16.386  -20.516  48.322 0.0000000000
118481  -10.538  -21.399  59.267 0.0000000000
118622  -11.532  -21.854  58.228 0.0000000000
119022  -8.874  -22.974  51.321 0.0000000000
122295  -14.738  -17.017  57.360 0.0000000000
123396  -52.170  -3.580  18.187 0.0000000000
124771  -8.380  -22.317  56.948 0.0000000000
129634  -49.654  -6.216  19.684 0.0000000000
129912  -48.329  -7.166  19.968 0.0000000000
130502  -41.287  -14.477  30.963 0.0000000000
130586  -32.508  -21.625  47.552 0.0000000000
130897  -8.804  -23.324  48.922 0.0000000000
131279  -11.032  -18.891  57.995 0.0000000000
132425  -38.814  -17.216  41.930 0.0000000000
133069  -46.099  -6.053  26.968 0.0000000000
133837  -13.356  -19.094  58.371 0.0000000000
134037  -8.780  -22.889  54.137 0.0000000000
134403  -13.378  -17.239  57.123 0.0000000000
134495  -7.098  -22.784  54.315 0.0000000000
134824  -9.769  -23.095  48.005 0.0000000000
134901  -11.077  -18.949  58.090 0.0000000000
135041  -43.667  -6.812  27.850 0.0000000000
