#!ascii label  , from subject sub-v1s21x0050426_ses-1 vox2ras=TkReg
1226
87007  -55.280  15.743  -2.398 0.0000000000
97881  -42.577  31.438  -5.851 0.0000000000
118064  -43.894  23.395  -2.675 0.0000000000
92941  -51.975  24.169  -6.441 0.0000000000
99779  -47.521  34.488  -6.465 0.0000000000
97201  -48.681  30.939  -1.015 0.0000000000
96501  -48.794  29.830  -4.618 0.0000000000
90975  -46.446  21.464  -6.645 0.0000000000
85273  -49.935  13.261  9.277 0.0000000000
122820  -52.594  17.288  3.913 0.0000000000
99182  -34.435  33.755  -10.370 0.0000000000
133077  -41.912  32.453  -10.212 0.0000000000
129305  -48.744  32.444  -12.839 0.0000000000
89466  -52.059  19.204  -3.139 0.0000000000
96422  -44.291  31.251  0.039 0.0000000000
92901  -50.456  24.959  -2.673 0.0000000000
130061  -53.383  18.391  -8.204 0.0000000000
114766  -47.767  17.672  -13.871 0.0000000000
88772  -42.080  18.459  -10.671 0.0000000000
87062  -51.644  16.805  -5.597 0.0000000000
98494  -50.102  33.539  -7.690 0.0000000000
114498  -50.250  33.567  -4.762 0.0000000000
129542  -47.647  31.498  -5.947 0.0000000000
113591  -46.316  27.669  -5.465 0.0000000000
86123  -51.803  15.175  7.195 0.0000000000
87778  -49.048  16.920  4.916 0.0000000000
100355  -31.884  35.423  -9.069 0.0000000000
115312  -45.303  32.574  -10.962 0.0000000000
88696  -49.310  18.560  -1.371 0.0000000000
135488  -47.690  21.259  -3.111 0.0000000000
97241  -39.610  29.939  -5.112 0.0000000000
96468  -43.119  30.955  -2.052 0.0000000000
95717  -51.510  28.583  -2.373 0.0000000000
95006  -49.166  27.555  -2.114 0.0000000000
93571  -52.881  24.914  -4.112 0.0000000000
123618  -53.443  22.594  -3.946 0.0000000000
91003  -52.587  21.080  -7.410 0.0000000000
88800  -51.553  17.298  -12.424 0.0000000000
90286  -49.980  19.759  -8.851 0.0000000000
130272  -44.850  20.826  -8.933 0.0000000000
116461  -44.727  32.609  -5.841 0.0000000000
97860  -45.788  31.896  -3.458 0.0000000000
99118  -48.435  33.830  -3.238 0.0000000000
97862  -50.708  31.472  -2.369 0.0000000000
95031  -50.511  27.095  -5.152 0.0000000000
91672  -48.940  22.380  -6.286 0.0000000000
113329  -47.692  25.418  -5.528 0.0000000000
116552  -45.138  24.900  -5.424 0.0000000000
134067  -52.532  13.221  6.991 0.0000000000
86145  -54.629  14.980  4.898 0.0000000000
87819  -55.636  16.633  1.931 0.0000000000
98457  -32.526  32.230  -5.856 0.0000000000
97904  -35.415  31.462  -7.411 0.0000000000
97908  -39.017  32.011  -7.431 0.0000000000
98489  -42.225  32.540  -7.309 0.0000000000
98510  -44.699  32.811  -8.624 0.0000000000
99177  -48.520  33.825  -10.133 0.0000000000
97927  -50.167  31.663  -10.781 0.0000000000
114411  -50.605  29.692  -12.907 0.0000000000
88642  -49.489  18.481  1.603 0.0000000000
88664  -52.793  18.313  0.676 0.0000000000
88702  -55.354  18.160  -1.977 0.0000000000
94254  -43.217  26.813  -2.259 0.0000000000
96444  -46.156  30.360  -1.477 0.0000000000
113582  -46.757  27.005  -2.607 0.0000000000
116607  -47.375  23.814  -2.828 0.0000000000
125668  -51.662  21.540  -4.073 0.0000000000
89485  -54.500  19.747  -3.479 0.0000000000
87898  -54.783  17.451  -5.530 0.0000000000
86253  -52.189  16.519  -9.029 0.0000000000
87968  -48.447  16.921  -11.042 0.0000000000
87978  -45.737  16.982  -11.568 0.0000000000
135865  -47.145  20.276  -8.909 0.0000000000
88796  -44.350  18.570  -12.112 0.0000000000
87138  -41.903  16.793  -11.714 0.0000000000
86195  -54.998  15.547  -1.486 0.0000000000
87020  -53.107  16.473  -2.398 0.0000000000
113492  -53.572  16.634  -3.839 0.0000000000
98512  -49.345  32.714  -8.159 0.0000000000
98492  -48.253  32.296  -6.932 0.0000000000
97910  -47.530  31.763  -7.504 0.0000000000
97278  -46.540  30.291  -6.628 0.0000000000
91636  -46.152  22.560  -2.708 0.0000000000
97262  -41.070  30.705  -5.463 0.0000000000
94278  -52.322  26.391  -4.288 0.0000000000
95010  -52.284  26.833  -2.929 0.0000000000
93588  -52.624  24.846  -5.079 0.0000000000
114217  -53.208  23.371  -6.015 0.0000000000
92323  -52.579  22.880  -6.409 0.0000000000
90272  -51.298  20.325  -8.181 0.0000000000
116728  -50.775  21.523  -7.280 0.0000000000
99134  -46.119  33.575  -5.818 0.0000000000
98460  -46.330  33.285  -4.973 0.0000000000
99136  -47.831  34.359  -5.028 0.0000000000
97872  -48.998  31.789  -4.496 0.0000000000
97861  -50.377  32.123  -2.856 0.0000000000
97249  -49.533  30.565  -4.088 0.0000000000
96503  -50.688  29.346  -3.964 0.0000000000
95733  -49.228  28.153  -4.954 0.0000000000
93584  -49.178  25.874  -5.783 0.0000000000
95029  -48.563  27.542  -5.266 0.0000000000
117006  -45.550  26.449  -5.462 0.0000000000
86959  -52.612  15.849  5.396 0.0000000000
124655  -53.812  15.102  5.975 0.0000000000
86967  -54.133  16.034  4.523 0.0000000000
86148  -55.521  15.504  3.248 0.0000000000
87808  -54.944  16.744  2.988 0.0000000000
99806  -33.004  34.117  -10.082 0.0000000000
99159  -32.961  33.222  -8.582 0.0000000000
135603  -34.595  32.862  -9.169 0.0000000000
130056  -36.733  31.605  -7.408 0.0000000000
98502  -36.422  32.417  -8.792 0.0000000000
113004  -40.275  32.507  -9.999 0.0000000000
98506  -40.605  32.515  -8.387 0.0000000000
98508  -42.246  32.511  -8.820 0.0000000000
98509  -43.731  32.633  -8.399 0.0000000000
98523  -44.009  32.564  -9.430 0.0000000000
98552  -47.158  32.886  -11.884 0.0000000000
99187  -47.027  33.283  -10.479 0.0000000000
99197  -48.306  33.556  -11.692 0.0000000000
99190  -49.558  33.421  -10.719 0.0000000000
98554  -49.763  32.787  -12.047 0.0000000000
97311  -50.546  30.558  -11.797 0.0000000000
97952  -49.591  31.833  -12.927 0.0000000000
88657  -44.307  17.845  0.257 0.0000000000
87824  -44.343  17.423  1.706 0.0000000000
87839  -45.752  17.790  0.786 0.0000000000
129293  -48.025  18.170  1.990 0.0000000000
113555  -47.671  18.232  1.007 0.0000000000
88710  -50.420  18.808  -2.309 0.0000000000
113041  -50.403  18.389  0.056 0.0000000000
88684  -52.330  18.467  -0.788 0.0000000000
88685  -53.956  18.285  -0.628 0.0000000000
88713  -53.851  19.053  -2.404 0.0000000000
96407  -42.138  30.642  0.424 0.0000000000
95701  -42.230  28.993  -1.157 0.0000000000
94997  -43.141  28.815  -1.513 0.0000000000
97852  -47.101  32.292  -1.423 0.0000000000
97839  -45.693  31.290  -1.362 0.0000000000
125491  -47.151  31.053  -1.117 0.0000000000
94259  -49.637  26.701  -2.267 0.0000000000
122008  -48.201  27.685  -2.429 0.0000000000
93547  -48.021  26.108  -2.578 0.0000000000
93545  -46.542  25.459  -2.572 0.0000000000
128159  -48.849  24.420  -2.977 0.0000000000
91647  -49.533  22.803  -3.532 0.0000000000
92292  -50.453  23.499  -3.351 0.0000000000
90250  -53.644  20.627  -6.175 0.0000000000
90238  -53.953  21.246  -3.877 0.0000000000
89499  -54.148  19.817  -5.467 0.0000000000
88735  -54.918  18.182  -5.300 0.0000000000
130368  -54.438  17.558  -6.828 0.0000000000
87091  -54.277  16.679  -7.803 0.0000000000
86275  -54.134  16.667  -9.621 0.0000000000
88812  -50.056  17.534  -13.304 0.0000000000
87144  -50.380  16.450  -12.741 0.0000000000
124709  -48.347  16.237  -13.470 0.0000000000
87966  -46.569  17.298  -10.762 0.0000000000
87155  -46.554  16.585  -13.829 0.0000000000
91671  -48.202  22.065  -6.053 0.0000000000
90256  -48.621  20.301  -7.801 0.0000000000
90255  -46.740  20.772  -7.856 0.0000000000
89531  -43.183  18.853  -9.751 0.0000000000
89546  -44.804  19.651  -10.287 0.0000000000
88785  -42.932  18.383  -11.701 0.0000000000
87984  -42.778  17.224  -12.247 0.0000000000
88783  -41.372  18.085  -11.341 0.0000000000
128552  -40.265  17.201  -10.646 0.0000000000
85333  -54.156  14.158  2.140 0.0000000000
87910  -50.498  17.542  -6.602 0.0000000000
99791  -49.250  34.679  -7.107 0.0000000000
99772  -49.436  34.631  -5.194 0.0000000000
98462  -49.955  33.698  -5.746 0.0000000000
98461  -49.214  32.673  -5.264 0.0000000000
97247  -47.826  30.351  -5.217 0.0000000000
95731  -47.350  28.609  -5.251 0.0000000000
97265  -47.014  30.125  -5.745 0.0000000000
86107  -50.662  14.823  8.373 0.0000000000
86121  -49.806  15.355  7.519 0.0000000000
135531  -50.570  17.268  4.444 0.0000000000
100362  -33.352  35.721  -11.187 0.0000000000
115650  -43.693  32.468  -10.465 0.0000000000
131787  -46.662  31.581  -12.864 0.0000000000
125648  -49.003  31.342  -13.380 0.0000000000
114295  -47.872  18.541  -0.749 0.0000000000
89463  -49.025  19.272  -2.722 0.0000000000
89479  -49.393  19.788  -3.353 0.0000000000
97195  -43.943  32.056  -0.200 0.0000000000
96449  -50.657  29.720  -1.346 0.0000000000
95704  -49.391  29.216  -1.461 0.0000000000
95716  -50.688  28.274  -1.766 0.0000000000
94260  -51.476  26.602  -2.310 0.0000000000
92902  -51.582  25.072  -2.616 0.0000000000
92294  -52.492  23.752  -3.348 0.0000000000
92296  -53.193  23.831  -3.826 0.0000000000
129502  -53.227  21.872  -6.154 0.0000000000
89524  -52.839  19.536  -7.895 0.0000000000
88788  -52.943  17.621  -10.144 0.0000000000
89536  -51.772  19.233  -9.476 0.0000000000
89552  -50.876  19.209  -10.702 0.0000000000
89562  -49.174  19.057  -11.992 0.0000000000
90999  -45.115  21.369  -8.703 0.0000000000
94252  -41.856  25.637  -2.160 0.0000000000
97882  -43.385  31.876  -6.117 0.0000000000
97868  -43.805  31.032  -4.737 0.0000000000
97884  -45.055  32.094  -5.074 0.0000000000
98442  -46.975  32.789  -3.120 0.0000000000
98429  -48.023  32.955  -1.588 0.0000000000
99748  -49.736  34.312  -3.623 0.0000000000
98437  -49.981  33.327  -2.199 0.0000000000
97844  -50.052  31.725  -1.304 0.0000000000
97232  -51.310  30.191  -2.523 0.0000000000
95728  -51.626  27.956  -3.699 0.0000000000
93586  -51.221  25.569  -5.855 0.0000000000
92321  -50.482  23.712  -6.578 0.0000000000
93598  -49.974  24.974  -6.324 0.0000000000
130080  -48.875  24.502  -5.959 0.0000000000
115327  -47.516  23.669  -5.519 0.0000000000
94292  -46.914  27.141  -5.449 0.0000000000
115326  -46.216  24.725  -5.381 0.0000000000
86110  -52.942  14.309  7.996 0.0000000000
130809  -54.165  13.924  5.997 0.0000000000
133942  -54.222  13.474  3.823 0.0000000000
85323  -55.827  14.751  2.294 0.0000000000
86174  -56.071  15.047  0.704 0.0000000000
86198  -56.398  15.708  -0.861 0.0000000000
97255  -33.784  30.610  -5.338 0.0000000000
97888  -33.809  31.400  -6.657 0.0000000000
97271  -34.961  30.602  -6.243 0.0000000000
97273  -36.734  30.716  -6.391 0.0000000000
97275  -38.535  30.936  -6.334 0.0000000000
97277  -40.306  31.678  -6.605 0.0000000000
98531  -36.610  32.774  -10.049 0.0000000000
98504  -38.856  32.436  -8.442 0.0000000000
98487  -40.368  32.371  -7.627 0.0000000000
97897  -42.000  31.899  -6.443 0.0000000000
114613  -43.764  32.879  -6.921 0.0000000000
98470  -45.140  33.340  -6.958 0.0000000000
99152  -46.699  33.956  -7.397 0.0000000000
112445  -45.459  32.718  -10.069 0.0000000000
99175  -46.841  33.482  -9.390 0.0000000000
99799  -48.097  34.316  -8.478 0.0000000000
99801  -49.910  34.409  -8.378 0.0000000000
98527  -50.053  33.458  -9.442 0.0000000000
97304  -49.222  30.492  -10.552 0.0000000000
96542  -50.221  29.801  -11.704 0.0000000000
97326  -49.829  30.108  -13.794 0.0000000000
122978  -49.939  18.166  3.789 0.0000000000
88626  -51.327  18.228  3.232 0.0000000000
88662  -49.588  18.393  0.170 0.0000000000
88643  -51.341  18.459  1.717 0.0000000000
135480  -52.798  18.024  2.510 0.0000000000
88646  -54.492  17.831  0.835 0.0000000000
87850  -55.717  17.414  -0.592 0.0000000000
87008  -56.246  16.148  -2.229 0.0000000000
114403  -43.265  25.942  -2.481 0.0000000000
97228  -44.382  31.054  -2.669 0.0000000000
97217  -44.888  31.256  -1.350 0.0000000000
114956  -44.791  30.842  -0.844 0.0000000000
96471  -47.410  29.476  -1.963 0.0000000000
95712  -46.106  28.585  -2.414 0.0000000000
95703  -44.848  29.353  -1.726 0.0000000000
94255  -44.563  27.012  -2.453 0.0000000000
93543  -44.891  25.687  -2.566 0.0000000000
117509  -45.603  23.819  -2.659 0.0000000000
91645  -47.911  22.083  -3.105 0.0000000000
125669  -49.308  21.413  -3.691 0.0000000000
89481  -51.505  19.845  -3.620 0.0000000000
90953  -53.115  22.406  -3.789 0.0000000000
90229  -53.330  20.964  -3.586 0.0000000000
89467  -53.217  19.419  -3.022 0.0000000000
88720  -54.941  19.068  -3.100 0.0000000000
87871  -55.298  17.465  -3.139 0.0000000000
114812  -54.525  16.769  -4.042 0.0000000000
87064  -53.559  16.583  -5.805 0.0000000000
87089  -52.153  16.609  -7.394 0.0000000000
87943  -50.501  17.670  -8.166 0.0000000000
87131  -52.695  16.268  -11.346 0.0000000000
120313  -50.739  16.851  -10.636 0.0000000000
87942  -49.698  17.810  -8.893 0.0000000000
120277  -47.863  18.162  -9.029 0.0000000000
121305  -45.683  17.879  -9.353 0.0000000000
90257  -49.696  20.472  -7.603 0.0000000000
90285  -48.785  19.739  -9.152 0.0000000000
89549  -47.244  19.637  -11.328 0.0000000000
90282  -45.509  20.410  -9.484 0.0000000000
89559  -45.818  19.485  -11.588 0.0000000000
88809  -46.139  18.074  -13.210 0.0000000000
87153  -44.449  17.090  -12.952 0.0000000000
87125  -43.154  16.786  -11.333 0.0000000000
86196  -55.816  15.520  -1.894 0.0000000000
87006  -54.005  16.159  -1.916 0.0000000000
87021  -54.305  16.275  -2.740 0.0000000000
115324  -53.409  16.532  -3.134 0.0000000000
97917  -48.439  32.047  -8.715 0.0000000000
97911  -48.343  32.272  -7.812 0.0000000000
130314  -47.689  31.771  -8.233 0.0000000000
133934  -45.559  22.356  -2.671 0.0000000000
92280  -45.375  22.944  -2.642 0.0000000000
97263  -42.013  30.736  -5.261 0.0000000000
97243  -41.482  30.203  -4.749 0.0000000000
97264  -42.968  30.752  -4.983 0.0000000000
93587  -52.100  25.198  -5.415 0.0000000000
94298  -52.518  25.672  -4.638 0.0000000000
92931  -52.405  24.463  -5.860 0.0000000000
92942  -52.763  23.907  -6.243 0.0000000000
129409  -52.344  23.553  -6.467 0.0000000000
90987  -51.543  21.605  -7.284 0.0000000000
91685  -51.233  22.203  -6.897 0.0000000000
99143  -46.807  34.144  -6.176 0.0000000000
99135  -46.947  33.956  -5.436 0.0000000000
99770  -47.600  34.465  -5.806 0.0000000000
97248  -48.628  30.720  -4.599 0.0000000000
96502  -49.714  29.647  -4.321 0.0000000000
95725  -48.973  28.965  -4.704 0.0000000000
95732  -48.282  28.365  -5.034 0.0000000000
85274  -50.799  13.595  9.040 0.0000000000
86966  -52.891  16.451  4.573 0.0000000000
86960  -53.657  15.586  5.294 0.0000000000
87792  -53.627  16.792  3.915 0.0000000000
86969  -54.571  16.394  3.770 0.0000000000
87807  -54.097  17.110  3.281 0.0000000000
99181  -33.661  33.810  -10.032 0.0000000000
99171  -34.148  33.342  -9.620 0.0000000000
98501  -35.395  32.512  -8.877 0.0000000000
98516  -36.047  32.704  -9.484 0.0000000000
98547  -41.008  32.401  -11.196 0.0000000000
98533  -40.483  32.464  -10.721 0.0000000000
98534  -41.124  32.449  -10.278 0.0000000000
98520  -40.838  32.519  -9.310 0.0000000000
98522  -42.445  32.495  -9.668 0.0000000000
113006  -43.101  32.536  -9.017 0.0000000000
98535  -43.162  32.494  -9.849 0.0000000000
116300  -47.629  32.747  -12.388 0.0000000000
98553  -47.947  33.298  -12.149 0.0000000000
116897  -48.480  33.007  -12.576 0.0000000000
99199  -49.381  33.327  -11.798 0.0000000000
98566  -49.125  32.657  -12.735 0.0000000000
98567  -49.638  32.405  -12.532 0.0000000000
97951  -49.127  31.951  -13.086 0.0000000000
88676  -44.288  18.290  -0.455 0.0000000000
132495  -44.687  18.113  -0.131 0.0000000000
88658  -45.076  17.940  0.190 0.0000000000
88659  -46.352  18.164  0.360 0.0000000000
88640  -46.705  17.948  0.964 0.0000000000
88711  -51.423  18.782  -2.407 0.0000000000
132135  -51.814  18.559  -1.509 0.0000000000
128295  -53.338  18.672  -1.823 0.0000000000
88712  -52.642  18.773  -2.370 0.0000000000
97182  -43.147  31.846  0.298 0.0000000000
96421  -43.226  30.890  0.304 0.0000000000
120654  -43.220  29.995  -0.626 0.0000000000
97842  -47.833  32.278  -1.021 0.0000000000
97841  -46.920  31.692  -0.955 0.0000000000
97200  -47.863  31.400  -1.001 0.0000000000
93548  -49.776  25.726  -2.528 0.0000000000
135225  -48.897  26.131  -2.549 0.0000000000
113407  -49.468  24.901  -2.799 0.0000000000
92900  -48.607  25.286  -2.727 0.0000000000
92911  -49.794  24.212  -3.073 0.0000000000
134624  -49.076  23.946  -3.156 0.0000000000
89514  -53.410  19.456  -7.163 0.0000000000
89506  -53.720  19.627  -6.441 0.0000000000
88743  -54.042  18.454  -6.801 0.0000000000
121657  -54.215  17.538  -7.457 0.0000000000
87105  -54.255  16.779  -8.186 0.0000000000
87959  -54.049  17.232  -9.091 0.0000000000
88811  -48.768  17.301  -14.236 0.0000000000
87157  -49.054  16.426  -13.998 0.0000000000
87168  -48.105  16.556  -14.290 0.0000000000
87156  -47.401  16.344  -13.814 0.0000000000
87999  -46.852  16.915  -14.324 0.0000000000
90966  -47.399  21.567  -6.193 0.0000000000
90984  -47.103  20.989  -6.890 0.0000000000
90983  -46.135  21.286  -7.623 0.0000000000
88773  -43.091  18.577  -10.812 0.0000000000
88784  -42.156  18.249  -11.562 0.0000000000
88782  -40.654  17.753  -10.894 0.0000000000
88771  -41.089  18.352  -10.487 0.0000000000
86158  -54.727  14.682  1.365 0.0000000000
126504  -51.442  16.757  -4.666 0.0000000000
87074  -51.087  17.165  -6.100 0.0000000000
99145  -50.287  34.143  -7.328 0.0000000000
99144  -50.156  34.135  -6.372 0.0000000000
98474  -49.996  33.663  -6.796 0.0000000000
98472  -48.202  32.174  -6.054 0.0000000000
97885  -48.243  31.653  -5.389 0.0000000000
97871  -48.185  31.065  -5.037 0.0000000000
117903  -47.583  30.944  -5.551 0.0000000000
96511  -47.513  29.543  -5.252 0.0000000000
96516  -46.368  29.535  -6.229 0.0000000000
115339  -48.945  15.488  7.424 0.0000000000
86964  -50.917  16.600  4.793 0.0000000000
86963  -49.953  16.795  4.867 0.0000000000
100937  -32.976  36.339  -10.842 0.0000000000
127265  -46.151  32.045  -12.710 0.0000000000
97318  -46.774  30.608  -13.127 0.0000000000
97317  -45.711  30.217  -13.317 0.0000000000
90223  -47.082  20.619  -3.014 0.0000000000
89477  -47.601  19.775  -3.006 0.0000000000
89478  -48.484  19.779  -3.171 0.0000000000
90225  -48.893  20.548  -3.474 0.0000000000
96509  -38.649  29.852  -5.114 0.0000000000
136033  -43.565  31.419  -1.134 0.0000000000
95707  -51.280  28.931  -1.954 0.0000000000
95706  -50.961  28.981  -1.658 0.0000000000
94998  -51.336  28.128  -2.091 0.0000000000
93560  -52.691  25.561  -3.529 0.0000000000
94262  -52.106  26.336  -2.671 0.0000000000
93551  -52.418  25.859  -2.951 0.0000000000
93550  -51.932  25.814  -2.595 0.0000000000
92903  -52.346  25.206  -2.876 0.0000000000
92914  -52.661  24.587  -3.288 0.0000000000
92915  -52.955  24.386  -3.634 0.0000000000
90989  -52.983  21.584  -6.727 0.0000000000
122570  -53.239  22.675  -6.013 0.0000000000
90990  -53.213  21.450  -6.542 0.0000000000
90259  -53.303  20.918  -7.038 0.0000000000
89523  -52.534  19.705  -8.147 0.0000000000
89537  -52.247  19.104  -9.114 0.0000000000
90289  -52.118  19.762  -8.464 0.0000000000
90287  -50.854  19.788  -8.888 0.0000000000
89535  -51.197  19.434  -9.732 0.0000000000
89534  -50.444  19.557  -9.830 0.0000000000
89563  -49.768  19.127  -11.631 0.0000000000
89533  -49.449  19.597  -9.927 0.0000000000
97883  -44.160  31.766  -5.507 0.0000000000
98459  -45.529  32.900  -5.402 0.0000000000
99117  -47.485  33.423  -3.653 0.0000000000
98451  -46.662  32.983  -4.085 0.0000000000
98443  -47.787  33.244  -2.623 0.0000000000
98435  -47.243  32.692  -2.192 0.0000000000
99137  -50.274  34.201  -5.131 0.0000000000
99760  -49.720  34.506  -4.335 0.0000000000
99121  -50.317  34.126  -3.866 0.0000000000
98444  -50.336  33.255  -2.945 0.0000000000
97853  -50.304  32.353  -2.036 0.0000000000
98431  -49.581  32.645  -1.479 0.0000000000
97845  -50.665  31.329  -1.750 0.0000000000
97203  -51.012  30.696  -1.678 0.0000000000
97218  -51.157  30.800  -2.104 0.0000000000
95016  -50.236  27.919  -4.860 0.0000000000
95727  -50.936  28.451  -4.237 0.0000000000
95017  -51.189  27.554  -4.487 0.0000000000
95032  -51.485  26.755  -4.749 0.0000000000
94296  -50.840  26.345  -5.519 0.0000000000
93599  -50.671  25.010  -6.328 0.0000000000
93585  -50.133  25.685  -6.040 0.0000000000
93583  -48.262  26.046  -5.585 0.0000000000
92929  -48.589  25.195  -5.752 0.0000000000
92310  -48.503  23.695  -5.813 0.0000000000
119267  -46.884  27.905  -5.344 0.0000000000
95028  -47.623  27.751  -5.274 0.0000000000
93581  -45.846  25.643  -5.423 0.0000000000
86108  -51.896  14.695  8.322 0.0000000000
86124  -52.911  14.824  7.525 0.0000000000
86143  -54.205  14.742  5.762 0.0000000000
86126  -53.825  14.587  6.595 0.0000000000
85309  -54.388  14.458  5.508 0.0000000000
84433  -54.443  13.963  5.361 0.0000000000
85314  -54.872  14.501  4.539 0.0000000000
85322  -55.106  14.231  2.782 0.0000000000
85319  -55.539  14.799  3.368 0.0000000000
86973  -55.948  15.891  2.072 0.0000000000
86150  -55.923  15.342  2.448 0.0000000000
86975  -56.234  16.085  1.387 0.0000000000
126752  -56.181  15.215  0.135 0.0000000000
86984  -56.373  16.162  0.471 0.0000000000
98456  -32.106  32.569  -5.287 0.0000000000
113737  -31.896  32.073  -4.809 0.0000000000
97876  -32.497  31.691  -5.271 0.0000000000
97867  -33.013  30.904  -5.012 0.0000000000
97877  -33.247  31.367  -5.831 0.0000000000
100352  -31.733  35.567  -8.009 0.0000000000
99797  -31.821  34.493  -8.361 0.0000000000
98481  -34.096  32.106  -7.918 0.0000000000
98480  -33.384  32.433  -7.712 0.0000000000
97903  -34.532  31.505  -7.310 0.0000000000
131914  -34.527  31.049  -6.654 0.0000000000
97889  -35.233  31.031  -6.868 0.0000000000
97272  -35.832  30.623  -6.364 0.0000000000
97890  -36.158  31.210  -7.004 0.0000000000
97906  -37.475  31.722  -7.420 0.0000000000
97892  -37.980  31.407  -6.833 0.0000000000
97893  -38.815  31.581  -6.854 0.0000000000
97276  -39.510  31.185  -6.361 0.0000000000
97894  -39.580  31.817  -6.972 0.0000000000
114072  -38.306  32.503  -9.079 0.0000000000
135835  -38.179  32.524  -9.498 0.0000000000
98488  -41.288  32.514  -7.602 0.0000000000
98467  -41.601  32.396  -6.858 0.0000000000
98468  -42.267  32.408  -6.782 0.0000000000
98469  -43.332  32.449  -6.565 0.0000000000
128116  -42.896  32.666  -6.945 0.0000000000
112564  -44.156  32.886  -7.734 0.0000000000
99161  -44.963  33.129  -7.747 0.0000000000
99151  -45.810  33.528  -7.616 0.0000000000
99162  -45.577  33.251  -8.441 0.0000000000
98550  -44.400  32.457  -11.170 0.0000000000
98536  -44.643  32.538  -10.266 0.0000000000
99176  -47.713  33.695  -9.822 0.0000000000
99164  -47.512  33.875  -8.845 0.0000000000
99807  -48.288  34.126  -9.240 0.0000000000
99800  -48.989  34.459  -8.635 0.0000000000
99808  -48.982  34.180  -9.516 0.0000000000
124452  -49.868  33.300  -10.179 0.0000000000
99178  -50.157  33.791  -9.310 0.0000000000
98539  -49.857  32.625  -10.278 0.0000000000
98526  -49.725  32.645  -9.561 0.0000000000
97923  -49.710  31.778  -10.253 0.0000000000
97305  -50.092  30.807  -10.649 0.0000000000
97313  -50.512  30.624  -12.536 0.0000000000
97310  -50.382  30.268  -11.509 0.0000000000
136206  -50.359  29.621  -12.078 0.0000000000
95794  -49.903  29.324  -12.077 0.0000000000
95809  -50.425  29.234  -12.539 0.0000000000
97320  -49.094  30.449  -13.610 0.0000000000
114328  -47.510  17.687  3.318 0.0000000000
88632  -48.955  18.342  2.392 0.0000000000
88623  -48.859  18.143  3.242 0.0000000000
88624  -49.551  18.300  3.172 0.0000000000
88625  -50.400  18.369  3.207 0.0000000000
88633  -49.932  18.466  2.422 0.0000000000
88695  -48.545  18.622  -1.071 0.0000000000
88680  -48.445  18.461  -0.244 0.0000000000
88681  -49.096  18.530  -0.473 0.0000000000
112961  -52.006  18.402  0.083 0.0000000000
113734  -50.812  18.487  0.942 0.0000000000
114910  -51.743  18.443  0.932 0.0000000000
88644  -52.521  18.255  1.691 0.0000000000
88636  -53.588  17.838  2.129 0.0000000000
114514  -53.621  18.014  1.233 0.0000000000
88686  -54.744  18.274  -0.973 0.0000000000
87849  -55.164  17.847  -0.372 0.0000000000
88687  -55.308  18.005  -1.208 0.0000000000
87855  -55.916  17.098  -1.554 0.0000000000
87861  -55.640  17.184  -2.417 0.0000000000
94996  -42.428  27.939  -1.702 0.0000000000
94253  -42.411  26.317  -2.224 0.0000000000
97859  -45.039  31.350  -3.360 0.0000000000
97246  -44.256  30.911  -3.853 0.0000000000
97198  -45.899  31.042  -1.144 0.0000000000
97197  -45.105  31.046  -1.075 0.0000000000
96443  -45.430  30.448  -1.340 0.0000000000
95715  -49.763  28.333  -1.721 0.0000000000
96472  -48.391  29.369  -1.703 0.0000000000
95714  -48.786  28.432  -1.966 0.0000000000
95005  -47.292  27.768  -2.572 0.0000000000
126362  -46.927  28.617  -2.438 0.0000000000
95004  -46.462  27.814  -2.595 0.0000000000
115661  -45.805  27.868  -2.559 0.0000000000
95002  -44.593  28.005  -2.260 0.0000000000
113020  -45.954  27.133  -2.601 0.0000000000
92899  -46.958  24.610  -2.690 0.0000000000
93544  -45.678  25.609  -2.553 0.0000000000
92897  -45.915  24.702  -2.641 0.0000000000
114150  -45.201  25.086  -2.661 0.0000000000
92898  -46.442  23.898  -2.672 0.0000000000
92282  -46.793  23.163  -2.788 0.0000000000
92283  -47.696  23.016  -3.053 0.0000000000
133027  -49.661  22.159  -3.805 0.0000000000
90950  -50.426  21.645  -4.067 0.0000000000
90227  -50.960  20.642  -3.987 0.0000000000
91649  -53.110  23.187  -3.687 0.0000000000
91648  -52.442  22.883  -3.582 0.0000000000
90231  -54.212  20.562  -3.614 0.0000000000
90230  -53.933  20.916  -3.414 0.0000000000
89483  -53.769  20.309  -3.246 0.0000000000
89484  -54.172  20.175  -3.198 0.0000000000
89468  -54.075  19.678  -2.894 0.0000000000
87899  -55.106  17.782  -4.804 0.0000000000
88726  -55.088  18.355  -4.384 0.0000000000
87883  -55.161  17.701  -3.990 0.0000000000
87870  -54.992  17.009  -3.511 0.0000000000
87051  -54.362  16.875  -5.145 0.0000000000
87050  -53.565  16.658  -4.682 0.0000000000
86243  -53.390  16.471  -8.202 0.0000000000
87090  -53.290  16.479  -7.516 0.0000000000
135317  -51.964  16.742  -8.084 0.0000000000
118284  -51.332  17.256  -7.791 0.0000000000
87102  -51.410  17.125  -8.734 0.0000000000
88787  -52.558  17.501  -11.584 0.0000000000
87147  -53.212  16.621  -11.728 0.0000000000
87146  -52.295  16.542  -12.271 0.0000000000
87128  -49.184  16.668  -11.603 0.0000000000
87129  -50.704  16.676  -11.766 0.0000000000
87115  -49.043  17.143  -10.499 0.0000000000
87116  -49.783  17.287  -9.961 0.0000000000
87958  -48.895  17.752  -9.497 0.0000000000
87957  -48.159  17.455  -10.162 0.0000000000
87965  -45.734  17.489  -10.410 0.0000000000
128987  -45.018  17.471  -10.082 0.0000000000
87977  -44.881  17.163  -11.078 0.0000000000
91673  -49.846  22.898  -6.547 0.0000000000
91684  -50.390  22.103  -6.820 0.0000000000
90976  -49.483  21.757  -6.664 0.0000000000
90269  -48.129  20.066  -8.637 0.0000000000
90284  -47.589  19.980  -9.402 0.0000000000
131931  -47.963  19.660  -10.816 0.0000000000
90297  -47.062  19.923  -10.259 0.0000000000
90266  -45.059  20.930  -9.025 0.0000000000
90281  -45.088  20.317  -9.442 0.0000000000
120846  -44.668  19.302  -11.312 0.0000000000
115603  -45.239  19.616  -10.876 0.0000000000
89558  -45.056  19.215  -11.900 0.0000000000
89570  -45.546  18.769  -12.577 0.0000000000
89569  -44.987  18.480  -12.559 0.0000000000
87996  -45.060  17.114  -13.386 0.0000000000
88807  -44.730  17.776  -12.765 0.0000000000
87976  -42.039  17.230  -12.109 0.0000000000
87151  -43.190  17.015  -12.189 0.0000000000
128495  -42.599  16.833  -11.894 0.0000000000
87952  -43.101  16.915  -10.379 0.0000000000
86185  -54.812  15.388  -0.343 0.0000000000
86994  -53.741  15.938  -0.985 0.0000000000
87019  -51.928  16.517  -2.238 0.0000000000
98493  -49.261  32.886  -7.269 0.0000000000
97900  -47.522  31.662  -6.624 0.0000000000
97279  -47.110  30.952  -6.229 0.0000000000
97899  -46.878  31.094  -7.128 0.0000000000
114937  -46.375  21.203  -2.841 0.0000000000
90942  -47.104  21.590  -2.941 0.0000000000
97242  -40.563  30.071  -4.993 0.0000000000
96486  -42.549  30.308  -3.298 0.0000000000
95012  -52.073  27.388  -3.222 0.0000000000
95009  -51.822  27.530  -2.604 0.0000000000
95019  -52.367  26.646  -3.535 0.0000000000
94279  -52.659  26.035  -3.906 0.0000000000
93589  -52.838  24.516  -4.791 0.0000000000
92312  -53.094  23.815  -5.418 0.0000000000
92324  -53.082  23.631  -6.057 0.0000000000
91675  -53.090  22.926  -6.124 0.0000000000
90988  -52.392  21.650  -7.070 0.0000000000
90273  -52.013  20.402  -7.990 0.0000000000
91002  -51.820  21.039  -7.661 0.0000000000
91001  -50.977  20.888  -7.803 0.0000000000
122937  -50.678  20.154  -8.270 0.0000000000
98471  -45.308  33.232  -6.196 0.0000000000
99126  -47.191  33.674  -4.587 0.0000000000
99127  -48.126  34.109  -4.161 0.0000000000
98452  -49.904  32.764  -4.408 0.0000000000
98453  -50.401  33.462  -3.910 0.0000000000
97229  -49.629  31.473  -3.813 0.0000000000
97230  -50.256  31.132  -3.218 0.0000000000
97231  -50.913  30.645  -2.814 0.0000000000
96487  -50.416  30.234  -3.630 0.0000000000
95726  -49.945  28.750  -4.527 0.0000000000
94295  -49.838  26.533  -5.602 0.0000000000
95030  -49.536  27.349  -5.292 0.0000000000
94294  -48.881  26.705  -5.494 0.0000000000
94293  -47.918  26.907  -5.443 0.0000000000
94291  -45.999  27.103  -5.450 0.0000000000
84391  -52.314  13.490  8.172 0.0000000000
86141  -52.201  15.440  6.326 0.0000000000
86142  -53.273  15.266  6.279 0.0000000000
86961  -54.321  15.258  5.128 0.0000000000
86968  -54.747  15.636  4.316 0.0000000000
86147  -55.117  15.263  4.006 0.0000000000
86970  -55.184  15.991  3.570 0.0000000000
132988  -55.285  16.708  2.523 0.0000000000
99141  -32.209  33.581  -5.977 0.0000000000
99805  -32.318  34.442  -9.537 0.0000000000
99169  -32.367  33.781  -8.841 0.0000000000
99170  -33.133  33.596  -9.433 0.0000000000
98500  -34.441  32.497  -8.564 0.0000000000
98482  -35.127  31.965  -8.041 0.0000000000
97905  -36.040  31.720  -7.720 0.0000000000
98483  -35.967  32.134  -8.304 0.0000000000
122298  -36.844  32.068  -8.034 0.0000000000
98484  -37.814  32.140  -7.981 0.0000000000
98532  -38.946  32.553  -10.616 0.0000000000
98518  -39.146  32.544  -9.075 0.0000000000
98507  -41.456  32.557  -8.576 0.0000000000
115353  -42.025  32.525  -8.041 0.0000000000
113775  -42.820  32.602  -8.085 0.0000000000
98551  -46.110  32.692  -11.656 0.0000000000
98537  -46.162  32.818  -10.712 0.0000000000
98538  -46.822  32.962  -11.251 0.0000000000
99196  -47.539  33.309  -11.431 0.0000000000
99188  -47.991  33.601  -10.827 0.0000000000
99816  -49.291  33.764  -10.225 0.0000000000
135122  -49.180  33.537  -11.232 0.0000000000
99200  -49.810  32.984  -11.252 0.0000000000
98555  -50.098  32.252  -11.607 0.0000000000
97928  -50.295  31.682  -11.263 0.0000000000
97932  -50.422  31.389  -11.860 0.0000000000
97942  -50.138  31.623  -12.567 0.0000000000
97953  -50.200  31.032  -13.143 0.0000000000
89445  -42.607  18.982  -1.077 0.0000000000
88675  -43.535  18.052  -0.146 0.0000000000
87836  -43.544  17.656  0.608 0.0000000000
87838  -44.827  17.576  0.875 0.0000000000
87816  -47.530  17.814  2.507 0.0000000000
88641  -47.149  17.827  1.781 0.0000000000
126500  -48.609  18.385  1.398 0.0000000000
88697  -50.046  18.592  -1.515 0.0000000000
88682  -49.800  18.593  -0.618 0.0000000000
114063  -50.459  18.482  -0.796 0.0000000000
88683  -51.244  18.474  -0.555 0.0000000000
116436  -53.004  18.280  -0.244 0.0000000000
88665  -53.746  18.105  0.298 0.0000000000
115822  -53.263  18.474  -1.100 0.0000000000
88700  -54.158  18.632  -1.586 0.0000000000
88701  -54.898  18.566  -1.771 0.0000000000
96442  -42.255  29.940  -0.077 0.0000000000
95001  -43.198  27.742  -1.979 0.0000000000
97851  -46.470  32.194  -2.491 0.0000000000
119244  -45.736  31.617  -2.357 0.0000000000
97850  -46.373  31.724  -1.489 0.0000000000
97840  -46.300  31.413  -1.105 0.0000000000
97199  -46.529  31.071  -1.095 0.0000000000
94258  -48.572  26.836  -2.441 0.0000000000
94257  -47.633  26.930  -2.581 0.0000000000
93546  -47.082  26.183  -2.525 0.0000000000
128205  -47.495  25.362  -2.644 0.0000000000
128792  -47.931  24.518  -2.826 0.0000000000
92284  -48.392  23.714  -3.068 0.0000000000
92291  -49.303  23.496  -3.299 0.0000000000
121658  -50.475  22.626  -3.715 0.0000000000
90244  -53.593  21.401  -5.748 0.0000000000
90960  -53.656  21.983  -4.203 0.0000000000
90245  -54.149  20.769  -5.128 0.0000000000
89493  -54.485  20.049  -4.306 0.0000000000
89486  -54.841  19.125  -3.858 0.0000000000
88725  -54.588  19.012  -4.819 0.0000000000
132149  -54.670  17.927  -6.144 0.0000000000
87911  -54.540  17.258  -6.536 0.0000000000
87077  -54.441  16.887  -7.250 0.0000000000
87092  -54.609  16.474  -7.911 0.0000000000
86255  -53.804  16.539  -8.544 0.0000000000
86267  -53.372  16.369  -9.307 0.0000000000
88813  -50.700  17.397  -12.732 0.0000000000
87159  -50.784  16.625  -12.892 0.0000000000
87158  -49.903  16.513  -13.436 0.0000000000
87143  -49.368  16.246  -12.943 0.0000000000
87127  -48.416  16.492  -12.160 0.0000000000
87967  -47.558  16.968  -11.184 0.0000000000
87142  -47.523  16.428  -12.673 0.0000000000
87979  -46.650  16.739  -12.040 0.0000000000
87140  -45.803  16.545  -13.016 0.0000000000
90985  -49.104  20.740  -6.959 0.0000000000
122169  -48.320  21.351  -6.517 0.0000000000
131639  -47.453  20.397  -8.209 0.0000000000
90268  -46.434  20.616  -8.688 0.0000000000
90280  -44.779  20.091  -9.277 0.0000000000
89532  -44.029  19.360  -10.058 0.0000000000
89545  -43.930  18.869  -11.211 0.0000000000
88795  -43.351  18.238  -12.166 0.0000000000
88806  -43.897  17.626  -12.514 0.0000000000
88794  -42.467  17.855  -12.124 0.0000000000
88793  -41.813  17.757  -11.805 0.0000000000
87975  -41.352  17.318  -11.584 0.0000000000
87123  -41.422  16.666  -11.131 0.0000000000
85321  -53.283  13.635  2.714 0.0000000000
119775  -48.321  34.683  -6.772 0.0000000000
99780  -48.195  34.664  -6.135 0.0000000000
99781  -49.121  34.677  -6.145 0.0000000000
98473  -49.130  32.939  -6.306 0.0000000000
96500  -48.153  29.902  -4.958 0.0000000000
95724  -48.158  29.175  -4.955 0.0000000000
96510  -46.788  29.166  -5.643 0.0000000000
95739  -46.200  28.906  -6.025 0.0000000000
86097  -50.365  14.220  8.913 0.0000000000
86106  -49.632  14.962  8.265 0.0000000000
86122  -50.838  15.221  7.431 0.0000000000
86138  -49.196  15.702  6.684 0.0000000000
86139  -50.022  15.606  6.449 0.0000000000
86140  -51.069  15.528  6.301 0.0000000000
86958  -51.465  15.943  5.421 0.0000000000
86965  -51.871  16.414  4.852 0.0000000000
87791  -51.600  17.157  4.334 0.0000000000
100932  -32.267  36.250  -9.562 0.0000000000
100358  -32.290  35.417  -9.998 0.0000000000
125483  -33.196  35.098  -10.859 0.0000000000
99814  -34.257  34.365  -10.940 0.0000000000
115651  -42.671  32.412  -10.594 0.0000000000
98564  -45.000  32.633  -11.900 0.0000000000
98565  -46.650  32.501  -12.287 0.0000000000
97940  -47.148  32.174  -12.614 0.0000000000
97941  -48.094  32.356  -12.688 0.0000000000
97950  -48.542  31.801  -13.010 0.0000000000
97949  -47.590  31.552  -12.863 0.0000000000
97319  -48.124  30.699  -13.270 0.0000000000
89462  -48.155  19.261  -2.554 0.0000000000
88708  -48.734  18.845  -1.980 0.0000000000
88709  -49.559  18.856  -2.166 0.0000000000
89464  -49.925  19.268  -2.872 0.0000000000
89465  -50.923  19.200  -3.063 0.0000000000
97837  -42.783  32.021  -0.103 0.0000000000
132091  -44.191  31.981  0.103 0.0000000000
125705  -49.731  30.856  -0.954 0.0000000000
96447  -49.028  30.117  -1.181 0.0000000000
96448  -49.958  29.891  -1.076 0.0000000000
95705  -50.272  29.098  -1.470 0.0000000000
113717  -51.644  27.292  -2.352 0.0000000000
95008  -51.117  27.461  -2.008 0.0000000000
95007  -50.170  27.515  -1.953 0.0000000000
115364  -50.497  26.328  -2.259 0.0000000000
93549  -51.023  25.727  -2.409 0.0000000000
92912  -51.004  24.330  -2.954 0.0000000000
92913  -51.893  24.475  -2.957 0.0000000000
92295  -53.013  23.850  -3.605 0.0000000000
91655  -53.513  22.821  -4.312 0.0000000000
124119  -53.079  24.183  -4.300 0.0000000000
91663  -53.288  23.115  -5.336 0.0000000000
90967  -53.542  22.224  -5.259 0.0000000000
90249  -53.370  21.251  -6.561 0.0000000000
89513  -53.137  20.083  -7.322 0.0000000000
89539  -52.999  18.708  -8.390 0.0000000000
88763  -53.408  17.905  -8.798 0.0000000000
88776  -52.898  18.166  -9.180 0.0000000000
88775  -52.452  18.350  -9.648 0.0000000000
88786  -51.675  17.985  -11.503 0.0000000000
90288  -51.528  19.763  -8.729 0.0000000000
89553  -51.445  18.866  -10.520 0.0000000000
114885  -51.045  18.058  -12.091 0.0000000000
88799  -50.509  18.053  -12.581 0.0000000000
88798  -49.861  18.336  -12.594 0.0000000000
88797  -48.689  18.261  -12.924 0.0000000000
90982  -45.348  21.687  -8.243 0.0000000000
90998  -44.666  21.394  -8.559 0.0000000000
118355  -44.536  20.930  -8.647 0.0000000000
89522  -44.156  19.813  -8.918 0.0000000000
89521  -43.093  19.225  -8.867 0.0000000000
88762  -42.137  18.536  -9.595 0.0000000000
129330  -43.378  31.362  -5.481 0.0000000000
97869  -44.602  31.422  -4.516 0.0000000000
97870  -45.263  31.793  -4.225 0.0000000000
98450  -45.831  32.472  -4.429 0.0000000000
98441  -46.332  32.428  -3.549 0.0000000000
97843  -48.936  31.889  -0.972 0.0000000000
99759  -48.820  34.574  -4.660 0.0000000000
99128  -49.073  34.360  -3.801 0.0000000000
99119  -49.344  34.062  -3.015 0.0000000000
98445  -50.386  33.842  -3.644 0.0000000000
99120  -50.104  33.947  -3.149 0.0000000000
135247  -49.533  33.710  -2.395 0.0000000000
98436  -49.138  33.270  -1.715 0.0000000000
97202  -50.537  30.892  -1.300 0.0000000000
97204  -51.401  30.113  -1.950 0.0000000000
96489  -51.455  29.373  -2.662 0.0000000000
96488  -51.172  29.835  -3.223 0.0000000000
95720  -51.370  28.912  -3.473 0.0000000000
95721  -51.754  28.297  -2.972 0.0000000000
95018  -51.976  27.130  -3.969 0.0000000000
94297  -51.860  26.031  -5.106 0.0000000000
93600  -51.588  24.797  -6.126 0.0000000000
120902  -51.402  23.640  -6.622 0.0000000000
92939  -50.211  24.418  -6.453 0.0000000000
92320  -49.719  23.841  -6.403 0.0000000000
112479  -49.367  25.138  -6.113 0.0000000000
92319  -49.131  23.297  -6.174 0.0000000000
91662  -48.462  22.818  -5.870 0.0000000000
91661  -47.648  22.318  -5.782 0.0000000000
91660  -46.703  21.887  -5.907 0.0000000000
93582  -47.327  26.246  -5.479 0.0000000000
113328  -46.414  26.364  -5.445 0.0000000000
129292  -46.779  25.570  -5.444 0.0000000000
132571  -47.149  24.933  -5.450 0.0000000000
86098  -51.378  14.238  8.873 0.0000000000
85276  -52.181  13.909  8.660 0.0000000000
84392  -52.776  13.784  8.068 0.0000000000
135268  -53.605  14.796  6.843 0.0000000000
85297  -53.657  14.241  7.086 0.0000000000
117989  -53.433  13.610  6.885 0.0000000000
84444  -53.768  13.310  4.404 0.0000000000
84459  -53.529  13.300  3.572 0.0000000000
85317  -54.248  13.651  3.071 0.0000000000
85334  -55.218  14.448  2.004 0.0000000000
85335  -55.724  14.794  1.429 0.0000000000
86159  -56.156  15.083  1.549 0.0000000000
86173  -55.374  14.932  0.597 0.0000000000
118518  -55.919  15.075  -0.125 0.0000000000
86186  -55.815  15.303  -1.058 0.0000000000
86197  -56.249  15.628  -1.590 0.0000000000
98465  -32.389  32.906  -6.445 0.0000000000
99158  -32.230  33.593  -8.031 0.0000000000
98479  -32.860  32.577  -7.176 0.0000000000
98466  -33.009  32.034  -6.558 0.0000000000
97878  -34.118  30.829  -6.081 0.0000000000
97256  -34.597  30.344  -5.543 0.0000000000
97257  -35.551  30.162  -5.621 0.0000000000
97258  -36.372  30.260  -5.816 0.0000000000
97259  -37.226  30.289  -5.769 0.0000000000
97260  -38.135  30.353  -5.734 0.0000000000
97891  -37.125  31.266  -6.884 0.0000000000
97274  -37.648  30.790  -6.348 0.0000000000
115360  -39.085  30.487  -5.737 0.0000000000
97261  -40.096  30.697  -5.705 0.0000000000
97879  -40.726  31.248  -6.059 0.0000000000
97880  -41.582  31.329  -5.923 0.0000000000
99173  -35.883  33.037  -10.091 0.0000000000
113798  -36.828  32.574  -9.360 0.0000000000
98503  -37.444  32.424  -8.754 0.0000000000
98485  -38.565  32.228  -7.921 0.0000000000
98505  -39.686  32.449  -8.294 0.0000000000
98486  -39.158  32.330  -7.909 0.0000000000
124573  -39.662  32.215  -7.545 0.0000000000
133609  -40.150  32.116  -7.125 0.0000000000
97896  -41.176  31.809  -6.490 0.0000000000
97898  -42.726  32.163  -6.460 0.0000000000
98458  -43.960  32.467  -6.264 0.0000000000
130343  -44.531  32.978  -6.548 0.0000000000
98490  -43.390  32.697  -7.591 0.0000000000
98491  -44.458  33.115  -7.127 0.0000000000
99142  -46.085  33.734  -6.716 0.0000000000
121315  -46.889  34.195  -6.762 0.0000000000
98524  -44.874  32.685  -9.504 0.0000000000
98511  -45.476  32.955  -9.236 0.0000000000
99186  -46.183  33.058  -9.812 0.0000000000
99174  -46.115  33.299  -9.042 0.0000000000
99163  -46.572  33.627  -8.374 0.0000000000
99798  -47.442  34.174  -7.982 0.0000000000
99789  -47.505  34.431  -7.163 0.0000000000
99790  -48.403  34.557  -7.704 0.0000000000
99792  -49.981  34.457  -7.576 0.0000000000
99793  -50.323  34.152  -8.119 0.0000000000
99810  -49.897  33.786  -9.682 0.0000000000
99166  -50.339  33.901  -8.704 0.0000000000
98513  -50.080  33.386  -8.651 0.0000000000
98525  -49.379  32.495  -8.911 0.0000000000
135832  -50.268  30.463  -11.158 0.0000000000
96538  -49.895  30.125  -11.150 0.0000000000
97321  -49.609  31.100  -13.377 0.0000000000
130280  -50.148  30.421  -13.507 0.0000000000
97322  -50.450  30.095  -13.300 0.0000000000
87789  -48.774  17.454  4.502 0.0000000000
88631  -48.211  18.010  2.871 0.0000000000
87802  -48.305  17.748  3.827 0.0000000000
87790  -49.749  17.593  4.378 0.0000000000
87804  -50.766  17.899  3.963 0.0000000000
87805  -51.734  17.766  3.777 0.0000000000
113758  -47.765  18.464  0.093 0.0000000000
88661  -48.431  18.367  0.533 0.0000000000
114147  -49.156  18.441  0.804 0.0000000000
88663  -49.961  18.428  0.867 0.0000000000
122362  -50.387  18.476  1.678 0.0000000000
88634  -50.859  18.447  2.463 0.0000000000
88635  -51.858  18.315  2.495 0.0000000000
87806  -53.249  17.357  3.435 0.0000000000
87817  -53.468  17.593  2.851 0.0000000000
88645  -54.462  17.625  1.763 0.0000000000
87827  -55.258  17.429  1.285 0.0000000000
88666  -54.563  17.988  -0.080 0.0000000000
130943  -55.064  17.737  0.420 0.0000000000
87840  -56.027  16.906  0.977 0.0000000000
87841  -56.103  16.849  0.005 0.0000000000
87009  -56.406  16.142  -1.380 0.0000000000
86206  -56.023  15.749  -2.490 0.0000000000
94248  -41.523  26.293  -1.920 0.0000000000
115118  -43.474  24.951  -2.625 0.0000000000
92895  -44.139  24.230  -2.762 0.0000000000
97245  -43.445  30.549  -3.866 0.0000000000
97227  -43.543  30.767  -2.737 0.0000000000
117494  -45.131  31.346  -2.156 0.0000000000
97216  -44.133  31.314  -1.366 0.0000000000
97196  -44.426  31.453  -0.370 0.0000000000
96446  -47.898  30.389  -1.364 0.0000000000
96445  -46.921  30.334  -1.534 0.0000000000
95713  -47.828  28.559  -2.308 0.0000000000
96470  -46.517  29.462  -2.010 0.0000000000
96469  -45.712  29.410  -1.910 0.0000000000
95702  -44.040  29.831  -1.144 0.0000000000
95710  -43.919  28.498  -1.882 0.0000000000
113021  -43.889  27.404  -2.235 0.0000000000
113025  -46.211  26.294  -2.523 0.0000000000
94256  -45.301  26.468  -2.518 0.0000000000
129122  -44.560  26.261  -2.499 0.0000000000
93542  -44.096  25.725  -2.579 0.0000000000
92896  -45.019  24.420  -2.716 0.0000000000
117510  -44.757  23.613  -2.701 0.0000000000
92281  -46.076  23.286  -2.651 0.0000000000
91637  -47.030  22.390  -2.885 0.0000000000
91646  -48.613  22.864  -3.307 0.0000000000
127094  -48.877  22.125  -3.493 0.0000000000
90949  -48.412  21.350  -3.339 0.0000000000
90226  -49.843  20.592  -3.786 0.0000000000
89480  -50.386  19.801  -3.535 0.0000000000
128314  -51.506  23.155  -3.456 0.0000000000
90952  -52.300  22.176  -3.889 0.0000000000
126522  -53.572  21.685  -3.804 0.0000000000
125986  -52.806  21.625  -3.822 0.0000000000
90228  -52.168  20.741  -3.868 0.0000000000
89482  -52.700  20.030  -3.493 0.0000000000
132278  -54.420  19.257  -2.613 0.0000000000
88714  -54.921  18.893  -2.490 0.0000000000
88721  -55.214  18.423  -3.480 0.0000000000
88715  -55.289  18.328  -2.690 0.0000000000
87023  -55.645  16.308  -2.821 0.0000000000
87022  -55.428  16.000  -3.000 0.0000000000
116772  -54.532  16.479  -3.371 0.0000000000
115635  -52.463  16.688  -4.988 0.0000000000
116008  -53.150  16.488  -6.617 0.0000000000
129151  -52.522  16.519  -6.832 0.0000000000
87075  -51.839  16.763  -6.513 0.0000000000
87088  -51.378  17.139  -7.010 0.0000000000
87927  -50.765  17.567  -7.328 0.0000000000
87970  -53.897  17.206  -10.627 0.0000000000
87132  -53.505  16.389  -10.848 0.0000000000
86265  -52.272  16.417  -10.273 0.0000000000
87145  -51.317  16.583  -12.394 0.0000000000
87130  -51.725  16.349  -11.371 0.0000000000
87117  -51.551  16.733  -9.971 0.0000000000
87101  -50.620  17.326  -9.396 0.0000000000
117571  -49.580  18.158  -7.886 0.0000000000
87941  -48.819  18.217  -8.473 0.0000000000
87956  -47.213  17.712  -9.979 0.0000000000
119630  -46.713  18.191  -9.096 0.0000000000
91674  -50.838  22.926  -6.692 0.0000000000
90258  -50.424  20.871  -7.583 0.0000000000
90271  -50.250  20.263  -8.005 0.0000000000
90270  -49.277  19.956  -8.293 0.0000000000
89550  -49.023  19.536  -10.984 0.0000000000
126579  -48.255  19.318  -11.750 0.0000000000
89561  -47.379  18.858  -12.554 0.0000000000
91000  -45.798  21.124  -8.455 0.0000000000
90295  -45.381  19.976  -10.061 0.0000000000
90296  -45.995  20.143  -10.116 0.0000000000
89548  -46.341  19.791  -10.850 0.0000000000
89560  -46.596  19.453  -11.769 0.0000000000
89571  -46.339  18.916  -12.606 0.0000000000
88810  -46.818  17.960  -13.474 0.0000000000
87998  -46.026  17.047  -14.007 0.0000000000
87154  -45.725  16.852  -13.736 0.0000000000
126324  -44.914  16.954  -12.134 0.0000000000
87152  -43.709  17.189  -12.417 0.0000000000
128456  -43.955  17.063  -12.482 0.0000000000
87126  -43.910  16.988  -11.706 0.0000000000
84375  -52.351  13.785  8.447 0.0000000000
84408  -52.812  13.441  7.462 0.0000000000
84409  -53.341  13.843  7.425 0.0000000000
84421  -53.868  13.947  6.689 0.0000000000
84445  -54.454  13.712  4.497 0.0000000000
85284  -52.595  14.055  8.404 0.0000000000
85285  -53.142  14.127  7.819 0.0000000000
85298  -54.022  14.349  6.296 0.0000000000
85318  -54.883  13.990  3.709 0.0000000000
86099  -52.147  14.176  8.719 0.0000000000
86109  -52.551  14.343  8.332 0.0000000000
86125  -53.399  14.444  7.363 0.0000000000
86151  -56.159  15.495  1.676 0.0000000000
86175  -56.291  15.408  0.840 0.0000000000
86187  -56.140  15.352  -0.610 0.0000000000
86188  -56.350  15.601  -0.084 0.0000000000
86244  -53.896  16.602  -8.008 0.0000000000
86245  -54.467  16.533  -7.831 0.0000000000
86246  -54.555  16.368  -7.968 0.0000000000
86254  -53.008  16.396  -8.737 0.0000000000
86256  -54.278  16.749  -8.071 0.0000000000
86266  -52.714  16.389  -9.478 0.0000000000
86268  -54.050  16.678  -8.771 0.0000000000
86273  -52.856  16.307  -10.337 0.0000000000
86274  -53.713  16.330  -9.919 0.0000000000
86971  -55.566  16.149  2.750 0.0000000000
86995  -56.427  16.151  -0.472 0.0000000000
87063  -52.485  16.563  -6.059 0.0000000000
87065  -54.375  16.902  -6.198 0.0000000000
87076  -53.954  16.621  -6.872 0.0000000000
87103  -52.613  16.468  -8.170 0.0000000000
87104  -54.189  16.768  -8.395 0.0000000000
87118  -54.302  16.934  -9.135 0.0000000000
87133  -53.943  16.530  -10.374 0.0000000000
87134  -54.224  16.928  -10.327 0.0000000000
87139  -43.254  16.871  -11.988 0.0000000000
87141  -46.922  16.397  -13.049 0.0000000000
87160  -51.653  16.627  -12.714 0.0000000000
87166  -46.473  16.854  -14.134 0.0000000000
87167  -47.193  16.728  -14.294 0.0000000000
87803  -49.209  18.004  3.884 0.0000000000
87818  -54.360  17.375  2.563 0.0000000000
87837  -44.140  17.525  0.920 0.0000000000
87856  -56.168  16.732  -0.810 0.0000000000
87882  -54.866  17.271  -4.533 0.0000000000
87928  -54.492  17.055  -7.264 0.0000000000
87944  -53.870  17.530  -8.256 0.0000000000
87945  -54.401  16.934  -7.799 0.0000000000
87954  -44.648  17.532  -9.377 0.0000000000
87955  -46.400  17.809  -9.883 0.0000000000
87960  -54.311  17.002  -8.611 0.0000000000
87963  -40.772  17.071  -11.161 0.0000000000
87969  -53.519  17.179  -11.570 0.0000000000
87980  -52.151  16.808  -12.715 0.0000000000
87981  -52.898  16.896  -12.411 0.0000000000
87985  -44.446  17.155  -13.048 0.0000000000
87986  -44.941  16.951  -13.332 0.0000000000
87987  -48.698  16.856  -14.483 0.0000000000
87988  -49.529  17.060  -14.051 0.0000000000
87989  -50.331  16.964  -13.307 0.0000000000
87990  -51.222  16.822  -12.777 0.0000000000
87997  -45.516  16.962  -13.661 0.0000000000
88000  -47.809  16.934  -14.519 0.0000000000
88627  -52.441  17.882  3.218 0.0000000000
88698  -50.855  18.618  -1.550 0.0000000000
88699  -52.676  18.535  -1.527 0.0000000000
88734  -54.327  18.768  -5.835 0.0000000000
88752  -53.619  18.453  -7.652 0.0000000000
88774  -52.010  18.382  -10.307 0.0000000000
88789  -53.552  17.487  -9.630 0.0000000000
88801  -52.338  17.247  -12.392 0.0000000000
88805  -43.146  17.573  -12.351 0.0000000000
88808  -45.335  17.804  -13.049 0.0000000000
88818  -45.683  17.207  -13.649 0.0000000000
88819  -46.411  17.254  -13.925 0.0000000000
89469  -54.495  19.499  -2.952 0.0000000000
89525  -53.162  19.161  -7.751 0.0000000000
89538  -52.617  18.967  -8.700 0.0000000000
89547  -45.703  19.826  -10.596 0.0000000000
89551  -50.062  19.416  -10.814 0.0000000000
89564  -50.523  18.727  -11.688 0.0000000000
89565  -51.115  18.602  -11.297 0.0000000000
90224  -47.994  20.540  -3.234 0.0000000000
90239  -54.228  20.861  -4.246 0.0000000000
90260  -53.413  20.488  -6.899 0.0000000000
90274  -52.572  20.404  -7.693 0.0000000000
90275  -52.921  20.345  -7.466 0.0000000000
90298  -48.295  19.704  -10.052 0.0000000000
90941  -45.744  21.781  -2.723 0.0000000000
90951  -51.449  22.347  -3.873 0.0000000000
90968  -53.987  21.450  -4.699 0.0000000000
90986  -50.059  21.242  -7.146 0.0000000000
91004  -53.091  21.062  -7.176 0.0000000000
91650  -53.339  23.304  -3.848 0.0000000000
91686  -52.102  22.240  -6.792 0.0000000000
91687  -52.790  22.191  -6.431 0.0000000000
91688  -53.091  22.077  -6.153 0.0000000000
92293  -51.555  23.845  -3.197 0.0000000000
92302  -53.274  23.521  -4.436 0.0000000000
92308  -46.831  22.745  -5.593 0.0000000000
92309  -47.906  23.053  -5.623 0.0000000000
92311  -49.189  24.000  -6.153 0.0000000000
92322  -51.760  22.902  -6.636 0.0000000000
92904  -52.591  25.255  -3.184 0.0000000000
92930  -49.553  24.498  -6.274 0.0000000000
92932  -52.881  24.124  -5.683 0.0000000000
92940  -51.043  24.340  -6.532 0.0000000000
93541  -42.548  25.341  -2.388 0.0000000000
93561  -52.762  24.959  -3.450 0.0000000000
93570  -52.735  25.333  -4.291 0.0000000000
94261  -52.022  26.834  -2.606 0.0000000000
94269  -52.480  26.243  -3.258 0.0000000000
95003  -45.220  27.469  -2.507 0.0000000000
95711  -45.353  28.432  -2.335 0.0000000000
96450  -51.167  29.594  -1.688 0.0000000000
96473  -51.421  29.355  -2.097 0.0000000000
96507  -36.730  29.879  -5.266 0.0000000000
96543  -50.615  29.983  -12.116 0.0000000000
97187  -43.710  31.691  0.279 0.0000000000
97306  -50.453  30.862  -11.204 0.0000000000
97836  -42.885  32.073  0.091 0.0000000000
97838  -43.600  32.099  0.123 0.0000000000
97873  -50.117  32.500  -3.659 0.0000000000
97895  -40.813  32.276  -6.991 0.0000000000
97907  -38.289  31.839  -7.411 0.0000000000
98430  -48.669  32.699  -1.234 0.0000000000
98449  -31.772  32.965  -4.735 0.0000000000
98499  -33.577  32.655  -8.297 0.0000000000
98519  -39.997  32.547  -9.139 0.0000000000
98521  -41.651  32.484  -9.491 0.0000000000
98540  -50.020  32.434  -10.919 0.0000000000
98568  -50.072  32.142  -12.168 0.0000000000
99113  -48.737  33.562  -2.331 0.0000000000
99129  -50.449  34.005  -4.264 0.0000000000
99133  -32.186  33.486  -5.167 0.0000000000
99150  -32.824  32.930  -7.844 0.0000000000
99153  -50.381  33.975  -7.238 0.0000000000
99160  -33.810  32.983  -8.974 0.0000000000
99165  -50.443  33.935  -7.956 0.0000000000
99172  -35.141  33.103  -9.722 0.0000000000
99183  -35.367  33.482  -10.535 0.0000000000
99189  -48.719  33.642  -11.062 0.0000000000
99198  -48.895  33.609  -11.861 0.0000000000
99205  -48.549  33.429  -12.208 0.0000000000
99206  -48.997  33.314  -12.378 0.0000000000
99207  -49.382  32.993  -12.387 0.0000000000
99749  -50.088  34.310  -3.866 0.0000000000
99761  -50.202  34.293  -4.371 0.0000000000
99771  -48.508  34.648  -5.497 0.0000000000
99773  -49.859  34.388  -5.704 0.0000000000
99782  -49.868  34.418  -6.696 0.0000000000
99802  -50.246  34.080  -8.903 0.0000000000
99809  -49.683  34.200  -9.223 0.0000000000
99812  -32.771  34.797  -10.365 0.0000000000
99813  -33.585  34.401  -10.567 0.0000000000
99818  -33.834  35.012  -11.160 0.0000000000
100361  -32.774  35.578  -10.663 0.0000000000
100936  -32.514  36.110  -10.317 0.0000000000
112644  -45.773  18.203  -0.031 0.0000000000
112844  -50.015  34.488  -4.913 0.0000000000
113026  -43.925  26.506  -2.446 0.0000000000
113342  -48.934  18.482  0.182 0.0000000000
113401  -44.892  16.843  -13.175 0.0000000000
113587  -39.779  32.475  -10.686 0.0000000000
114151  -44.471  25.019  -2.704 0.0000000000
114285  -49.875  16.776  -11.043 0.0000000000
114896  -49.526  17.629  -13.668 0.0000000000
116536  -38.212  32.365  -8.428 0.0000000000
117252  -54.211  17.067  -9.796 0.0000000000
118922  -52.550  17.763  -10.600 0.0000000000
119210  -55.095  16.509  -3.139 0.0000000000
119579  -50.602  26.911  -2.081 0.0000000000
120048  -46.481  21.918  -2.802 0.0000000000
120449  -32.188  32.945  -5.731 0.0000000000
121321  -55.561  17.436  0.323 0.0000000000
121501  -33.583  31.949  -7.266 0.0000000000
122192  -54.534  18.916  -2.223 0.0000000000
123289  -43.570  18.658  -0.989 0.0000000000
124043  -49.918  16.620  -12.046 0.0000000000
124955  -42.699  18.328  -0.439 0.0000000000
125244  -55.040  17.154  2.238 0.0000000000
126748  -53.139  16.306  -11.187 0.0000000000
127288  -47.878  20.636  -7.301 0.0000000000
127291  -53.906  16.478  -9.143 0.0000000000
127596  -50.944  30.262  -1.448 0.0000000000
128214  -49.350  34.584  -7.864 0.0000000000
129110  -47.130  17.205  -14.231 0.0000000000
131417  -53.756  16.801  -11.021 0.0000000000
132855  -50.402  30.338  -1.147 0.0000000000
132862  -32.138  33.660  -6.681 0.0000000000
133115  -51.198  18.453  0.320 0.0000000000
133128  -42.857  32.623  -7.472 0.0000000000
134003  -52.881  23.436  -6.233 0.0000000000
134025  -51.761  16.911  -7.546 0.0000000000
134648  -47.329  18.635  -1.110 0.0000000000
135193  -52.285  26.431  -2.880 0.0000000000
135881  -40.158  31.194  -6.200 0.0000000000
136345  -36.162  29.984  -5.408 0.0000000000
