#!ascii label  , from subject sub-v1s21x0050387_ses-1 vox2ras=TkReg
249
65379  32.246  -8.155  -43.628 0.0000000000
62197  27.844  -11.073  -34.350 0.0000000000
71387  29.946  -2.464  -46.036 0.0000000000
79940  28.260  7.678  -42.757 0.0000000000
61172  25.549  -12.051  -33.154 0.0000000000
73259  31.410  -0.302  -44.011 0.0000000000
75749  30.791  2.654  -43.434 0.0000000000
67356  30.229  -7.438  -39.661 0.0000000000
64298  30.488  -9.170  -38.572 0.0000000000
64315  32.471  -9.712  -41.278 0.0000000000
68323  33.362  -6.141  -43.333 0.0000000000
63293  34.609  -10.357  -43.829 0.0000000000
68344  30.657  -5.764  -45.195 0.0000000000
126481  32.618  -3.044  -43.244 0.0000000000
78258  27.942  5.512  -44.087 0.0000000000
77461  29.762  5.134  -43.961 0.0000000000
63233  30.056  -10.103  -36.316 0.0000000000
74925  30.018  1.663  -45.430 0.0000000000
76606  29.574  3.180  -45.300 0.0000000000
133663  31.691  -7.689  -41.947 0.0000000000
65360  31.488  -8.558  -40.884 0.0000000000
64322  32.345  -9.165  -42.448 0.0000000000
62181  26.669  -11.708  -33.762 0.0000000000
133816  29.990  -4.078  -45.193 0.0000000000
69410  31.857  -4.347  -44.189 0.0000000000
71380  31.655  -2.267  -44.753 0.0000000000
74104  31.679  1.067  -42.112 0.0000000000
74108  32.302  -0.286  -42.276 0.0000000000
79933  27.496  7.346  -40.931 0.0000000000
78251  28.005  5.656  -43.297 0.0000000000
79100  28.320  6.187  -43.322 0.0000000000
80768  30.825  8.224  -43.208 0.0000000000
120774  30.550  7.526  -42.847 0.0000000000
79104  29.543  6.582  -43.477 0.0000000000
79090  31.165  6.235  -42.181 0.0000000000
77449  30.928  4.939  -42.096 0.0000000000
64297  31.280  -9.317  -38.418 0.0000000000
64276  29.953  -10.003  -37.190 0.0000000000
134396  25.186  -12.259  -32.636 0.0000000000
73265  31.404  -0.925  -44.793 0.0000000000
74121  30.319  0.659  -45.110 0.0000000000
74919  30.762  1.204  -44.113 0.0000000000
75748  31.228  2.419  -42.428 0.0000000000
65344  28.991  -8.418  -37.949 0.0000000000
65342  30.020  -8.687  -39.158 0.0000000000
125916  31.419  -9.347  -40.016 0.0000000000
63264  32.890  -10.079  -39.688 0.0000000000
67396  32.467  -7.200  -44.566 0.0000000000
64327  33.266  -9.557  -44.549 0.0000000000
66387  34.440  -7.907  -43.535 0.0000000000
67379  31.050  -6.501  -42.443 0.0000000000
119501  30.094  -6.131  -44.082 0.0000000000
67397  31.122  -6.709  -45.091 0.0000000000
133555  32.417  -5.617  -44.338 0.0000000000
69403  32.780  -4.465  -42.831 0.0000000000
70412  33.105  -2.983  -42.303 0.0000000000
73258  32.045  -1.112  -43.881 0.0000000000
72348  32.909  -1.665  -42.431 0.0000000000
77468  27.835  4.879  -45.378 0.0000000000
130060  28.912  7.403  -43.403 0.0000000000
79105  28.953  6.721  -43.555 0.0000000000
77462  29.105  5.237  -44.709 0.0000000000
130278  28.717  4.679  -45.295 0.0000000000
115210  30.227  4.237  -43.720 0.0000000000
76596  30.846  3.408  -42.841 0.0000000000
123071  27.450  -10.593  -36.134 0.0000000000
64288  28.905  -9.782  -37.635 0.0000000000
134422  33.520  -10.648  -43.388 0.0000000000
62240  33.240  -12.046  -41.818 0.0000000000
75758  28.575  2.959  -46.058 0.0000000000
76607  28.562  3.890  -45.759 0.0000000000
66388  31.790  -7.792  -42.741 0.0000000000
65367  31.863  -8.341  -41.889 0.0000000000
65372  32.201  -8.451  -42.791 0.0000000000
60236  24.730  -13.023  -31.201 0.0000000000
61131  25.160  -12.602  -31.945 0.0000000000
62198  27.091  -11.340  -34.409 0.0000000000
127062  30.253  -3.404  -45.447 0.0000000000
70426  31.038  -3.487  -44.955 0.0000000000
71381  30.966  -2.750  -45.371 0.0000000000
74907  31.611  1.764  -41.749 0.0000000000
79941  27.869  7.496  -41.881 0.0000000000
79091  27.850  6.708  -41.566 0.0000000000
125150  28.183  6.920  -42.571 0.0000000000
79096  31.285  6.919  -42.312 0.0000000000
64296  32.162  -9.585  -38.142 0.0000000000
64285  31.481  -9.544  -37.553 0.0000000000
62211  25.757  -10.852  -34.641 0.0000000000
119785  30.182  -0.054  -45.348 0.0000000000
74126  29.615  0.438  -45.935 0.0000000000
75753  30.412  2.348  -44.548 0.0000000000
74913  31.023  1.895  -43.324 0.0000000000
80765  27.598  8.135  -41.123 0.0000000000
66360  28.967  -7.734  -38.372 0.0000000000
65352  30.254  -8.519  -39.700 0.0000000000
64316  32.056  -9.085  -41.500 0.0000000000
64312  31.776  -9.157  -40.688 0.0000000000
64311  32.311  -9.622  -40.293 0.0000000000
63272  32.972  -10.208  -40.746 0.0000000000
61154  25.818  -12.380  -32.540 0.0000000000
67386  32.970  -6.663  -44.164 0.0000000000
66394  33.498  -8.190  -44.476 0.0000000000
67385  33.675  -7.102  -43.615 0.0000000000
68309  30.583  -5.950  -41.730 0.0000000000
68345  29.892  -5.717  -45.081 0.0000000000
67389  29.958  -6.075  -44.875 0.0000000000
67398  30.689  -6.662  -44.672 0.0000000000
67406  30.577  -6.278  -45.115 0.0000000000
132371  31.798  -6.891  -44.893 0.0000000000
68333  31.372  -6.132  -45.128 0.0000000000
70420  32.144  -3.500  -43.821 0.0000000000
120673  32.467  -3.978  -43.429 0.0000000000
124404  32.779  -3.675  -42.736 0.0000000000
72358  31.738  -1.588  -44.627 0.0000000000
73253  32.361  -1.072  -42.792 0.0000000000
71365  33.200  -2.214  -42.031 0.0000000000
77463  27.767  5.155  -44.166 0.0000000000
76609  27.661  4.759  -45.027 0.0000000000
78263  28.084  5.328  -44.886 0.0000000000
79939  29.906  8.075  -43.440 0.0000000000
78255  29.949  5.879  -43.516 0.0000000000
78256  29.081  6.030  -44.148 0.0000000000
136850  29.421  5.631  -44.135 0.0000000000
122584  29.512  4.698  -44.569 0.0000000000
77448  31.333  4.970  -41.165 0.0000000000
129163  30.729  4.293  -42.668 0.0000000000
76590  31.194  4.036  -41.750 0.0000000000
76595  31.282  3.128  -41.881 0.0000000000
63237  26.721  -10.174  -36.009 0.0000000000
65333  29.321  -9.004  -37.850 0.0000000000
65334  28.496  -9.148  -37.543 0.0000000000
64287  29.664  -9.509  -37.729 0.0000000000
136871  30.437  -9.961  -36.751 0.0000000000
63248  29.044  -10.230  -37.405 0.0000000000
63234  29.305  -10.372  -36.896 0.0000000000
116327  29.145  -10.400  -35.991 0.0000000000
65376  34.002  -9.623  -44.328 0.0000000000
63295  33.268  -10.166  -43.922 0.0000000000
63294  33.783  -10.276  -44.058 0.0000000000
74932  29.514  1.163  -45.977 0.0000000000
75757  29.542  2.451  -45.682 0.0000000000
116838  30.325  3.290  -44.124 0.0000000000
66381  31.411  -7.622  -41.233 0.0000000000
66374  30.780  -8.151  -40.326 0.0000000000
136470  32.316  -9.687  -41.944 0.0000000000
62182  25.949  -11.772  -33.743 0.0000000000
61171  26.256  -12.074  -33.154 0.0000000000
62160  27.815  -11.699  -32.917 0.0000000000
68315  33.441  -5.735  -42.375 0.0000000000
67377  33.771  -6.460  -42.677 0.0000000000
69430  29.689  -4.777  -45.130 0.0000000000
69419  30.506  -4.304  -45.011 0.0000000000
69418  31.156  -5.058  -44.951 0.0000000000
121594  31.207  -4.128  -44.607 0.0000000000
70421  31.650  -3.496  -44.348 0.0000000000
71374  32.154  -2.756  -44.109 0.0000000000
74114  31.353  0.404  -43.485 0.0000000000
73254  31.897  -0.334  -43.173 0.0000000000
74109  31.806  0.403  -42.629 0.0000000000
74103  32.181  0.437  -41.776 0.0000000000
79097  30.394  6.654  -42.819 0.0000000000
78250  30.721  5.731  -42.529 0.0000000000
77455  30.418  5.019  -43.068 0.0000000000
78245  31.280  5.633  -41.718 0.0000000000
64286  30.549  -9.393  -37.749 0.0000000000
132876  30.836  -9.735  -37.037 0.0000000000
61155  24.529  -12.293  -32.467 0.0000000000
61173  24.831  -11.911  -33.056 0.0000000000
62183  25.202  -11.626  -33.657 0.0000000000
62200  25.625  -11.380  -34.146 0.0000000000
62199  26.352  -11.383  -34.385 0.0000000000
62209  26.876  -11.078  -34.855 0.0000000000
72366  29.662  -1.419  -46.203 0.0000000000
72359  30.927  -1.779  -45.389 0.0000000000
73266  30.510  -0.788  -45.426 0.0000000000
73260  30.766  -0.187  -44.727 0.0000000000
74115  30.885  0.334  -44.200 0.0000000000
74918  31.341  1.107  -43.004 0.0000000000
130833  31.378  1.645  -42.496 0.0000000000
75744  31.591  2.533  -41.412 0.0000000000
118549  27.102  7.836  -40.523 0.0000000000
65343  29.542  -8.342  -38.544 0.0000000000
64306  30.289  -9.033  -39.279 0.0000000000
135982  30.253  -8.881  -39.607 0.0000000000
64305  30.941  -9.238  -39.328 0.0000000000
64304  32.015  -9.488  -39.220 0.0000000000
63256  32.799  -9.997  -38.670 0.0000000000
135649  32.699  -8.144  -44.531 0.0000000000
65385  32.669  -8.525  -44.373 0.0000000000
65384  32.859  -8.781  -44.877 0.0000000000
65377  33.527  -9.052  -44.747 0.0000000000
66393  34.321  -8.822  -44.244 0.0000000000
64320  34.988  -8.701  -43.288 0.0000000000
64326  34.988  -9.505  -43.719 0.0000000000
67371  31.160  -6.639  -41.408 0.0000000000
67378  31.492  -7.169  -42.107 0.0000000000
67387  31.339  -7.147  -43.167 0.0000000000
67388  30.743  -6.654  -43.642 0.0000000000
66396  31.125  -7.143  -44.138 0.0000000000
66403  31.554  -7.155  -44.611 0.0000000000
118126  32.285  -6.282  -44.700 0.0000000000
68324  32.805  -5.811  -43.946 0.0000000000
69417  31.972  -5.415  -44.630 0.0000000000
69409  32.512  -4.956  -43.804 0.0000000000
68316  33.042  -5.302  -43.080 0.0000000000
69397  32.984  -3.979  -41.961 0.0000000000
72354  32.264  -1.928  -44.106 0.0000000000
71373  32.609  -2.314  -43.552 0.0000000000
72353  32.614  -1.730  -43.312 0.0000000000
71369  32.983  -2.300  -42.870 0.0000000000
77476  27.894  4.539  -45.739 0.0000000000
79946  28.676  7.847  -43.231 0.0000000000
79099  28.622  6.961  -43.193 0.0000000000
78257  28.508  5.911  -44.006 0.0000000000
78262  28.477  5.548  -44.709 0.0000000000
77467  28.180  5.141  -45.267 0.0000000000
76601  29.555  3.998  -44.847 0.0000000000
63220  26.904  -10.721  -35.413 0.0000000000
63205  27.476  -10.843  -35.184 0.0000000000
63249  28.226  -10.218  -37.388 0.0000000000
63236  27.425  -10.235  -36.865 0.0000000000
115111  27.947  -10.574  -36.811 0.0000000000
63219  28.161  -10.656  -36.002 0.0000000000
64328  32.852  -9.346  -44.360 0.0000000000
65371  32.860  -9.665  -43.326 0.0000000000
123391  32.620  -10.284  -42.070 0.0000000000
62246  33.987  -11.654  -43.275 0.0000000000
62241  32.990  -11.145  -42.200 0.0000000000
63280  32.802  -10.490  -41.585 0.0000000000
63271  33.215  -11.070  -41.276 0.0000000000
62253  33.748  -10.854  -43.614 0.0000000000
63286  33.536  -11.120  -42.971 0.0000000000
63287  33.172  -10.388  -42.862 0.0000000000
64299  29.920  -8.970  -38.452 0.0000000000
64321  32.673  -9.857  -42.463 0.0000000000
65351  30.702  -9.010  -40.084 0.0000000000
65378  32.561  -8.888  -43.519 0.0000000000
65386  32.306  -7.788  -44.312 0.0000000000
66395  31.716  -7.562  -43.857 0.0000000000
66401  32.762  -7.982  -44.602 0.0000000000
66402  32.318  -7.536  -44.497 0.0000000000
67395  33.049  -7.455  -44.387 0.0000000000
68325  30.420  -5.918  -42.853 0.0000000000
69429  30.361  -5.187  -45.116 0.0000000000
77469  27.839  5.136  -44.884 0.0000000000
127461  31.528  -2.926  -44.729 0.0000000000
131385  29.920  -8.115  -39.185 0.0000000000
133543  35.298  -9.180  -43.104 0.0000000000
135814  30.143  -9.140  -38.068 0.0000000000
