#!ascii label  , from subject sub-v1s21x0050427_ses-1 vox2ras=TkReg
955
51456  -36.081  -13.636  43.322 0.0000000000
51430  -19.804  -13.555  45.649 0.0000000000
53366  -27.881  -10.872  43.076 0.0000000000
128994  -45.459  4.757  22.769 0.0000000000
66319  -50.340  2.787  17.754 0.0000000000
51314  -12.731  -12.993  50.913 0.0000000000
68070  -41.914  4.480  26.213 0.0000000000
54293  -38.774  -10.617  41.134 0.0000000000
50417  -31.207  -14.304  43.049 0.0000000000
52387  -15.546  -12.387  47.590 0.0000000000
49318  -15.352  -15.401  51.753 0.0000000000
53420  -33.134  -11.990  40.604 0.0000000000
54306  -34.790  -10.758  39.003 0.0000000000
54275  -23.993  -10.293  43.175 0.0000000000
54277  -30.676  -10.332  41.824 0.0000000000
58932  -39.665  -5.158  28.649 0.0000000000
118310  -42.824  -2.016  27.189 0.0000000000
64385  -45.068  0.367  25.459 0.0000000000
46093  -8.926  -18.668  54.717 0.0000000000
45015  -6.666  -20.499  58.219 0.0000000000
56117  -34.326  -8.517  36.808 0.0000000000
57134  -34.443  -6.867  34.384 0.0000000000
111844  -37.039  -7.325  31.390 0.0000000000
47232  -12.152  -17.337  52.536 0.0000000000
51378  -20.093  -13.854  48.020 0.0000000000
51380  -22.737  -13.899  47.879 0.0000000000
50420  -34.234  -14.436  43.322 0.0000000000
54201  -18.889  -9.710  45.878 0.0000000000
52401  -17.416  -12.627  46.223 0.0000000000
51376  -17.806  -14.143  48.037 0.0000000000
126449  -33.921  -11.290  42.184 0.0000000000
53418  -31.398  -11.886  40.637 0.0000000000
62451  -38.826  -1.698  28.103 0.0000000000
60713  -41.139  -3.435  27.648 0.0000000000
63379  -40.086  0.314  27.856 0.0000000000
65317  -42.513  1.950  24.279 0.0000000000
66278  -43.843  2.207  22.479 0.0000000000
64411  -46.595  0.038  23.968 0.0000000000
65351  -45.674  1.625  21.247 0.0000000000
64451  -47.569  0.935  20.661 0.0000000000
57023  -33.644  -7.156  40.027 0.0000000000
55245  -34.456  -9.738  38.018 0.0000000000
57979  -31.793  -6.408  38.898 0.0000000000
59722  -31.867  -4.279  34.334 0.0000000000
59745  -32.993  -4.294  32.750 0.0000000000
57183  -35.246  -7.510  32.848 0.0000000000
59760  -35.472  -4.848  31.135 0.0000000000
59778  -36.840  -4.956  30.218 0.0000000000
55191  -26.183  -9.079  43.287 0.0000000000
109519  -10.490  -16.013  52.494 0.0000000000
49325  -11.838  -15.387  50.735 0.0000000000
41357  -6.642  -22.846  59.653 0.0000000000
41352  -5.010  -23.121  60.539 0.0000000000
66238  -40.279  2.598  28.675 0.0000000000
126024  -38.818  -9.449  39.911 0.0000000000
52447  -29.033  -13.040  43.161 0.0000000000
52361  -14.089  -12.307  49.342 0.0000000000
50346  -13.420  -14.611  49.250 0.0000000000
124836  -15.848  -14.556  48.797 0.0000000000
111287  -51.862  1.876  16.242 0.0000000000
51477  -34.894  -13.561  41.135 0.0000000000
52483  -35.297  -12.392  40.147 0.0000000000
54299  -34.756  -11.046  39.853 0.0000000000
54240  -19.904  -10.411  44.110 0.0000000000
52433  -22.685  -12.683  44.319 0.0000000000
55202  -22.360  -9.509  42.507 0.0000000000
56063  -25.308  -7.725  42.358 0.0000000000
120535  -27.406  -8.366  42.126 0.0000000000
56066  -29.630  -8.249  42.234 0.0000000000
54288  -28.873  -10.481  41.023 0.0000000000
51472  -29.772  -13.130  41.362 0.0000000000
51474  -32.384  -13.946  40.837 0.0000000000
57209  -40.951  -7.248  31.042 0.0000000000
131482  -41.105  0.909  26.660 0.0000000000
63399  -44.366  -0.275  26.478 0.0000000000
64454  -49.843  0.183  19.966 0.0000000000
46058  -7.701  -19.547  56.274 0.0000000000
116239  -8.225  -21.965  57.893 0.0000000000
121402  -36.613  -11.413  39.331 0.0000000000
54315  -37.272  -10.342  38.475 0.0000000000
56119  -36.836  -8.071  36.788 0.0000000000
58830  -31.323  -5.485  36.698 0.0000000000
57109  -33.674  -6.594  35.685 0.0000000000
57089  -37.435  -7.572  36.390 0.0000000000
57114  -38.141  -7.769  35.894 0.0000000000
56153  -38.910  -8.339  34.167 0.0000000000
117578  -39.979  -7.713  32.020 0.0000000000
58097  -38.381  -6.642  30.030 0.0000000000
61588  -37.638  -3.170  29.063 0.0000000000
52403  -24.548  -12.810  46.919 0.0000000000
49282  -9.744  -16.058  54.902 0.0000000000
46111  -10.480  -18.005  53.285 0.0000000000
48290  -14.026  -16.132  51.873 0.0000000000
42340  -3.324  -22.629  61.049 0.0000000000
51399  -20.176  -13.912  46.989 0.0000000000
51379  -21.052  -13.712  48.287 0.0000000000
109742  -20.841  -13.859  46.527 0.0000000000
124421  -35.574  -14.039  43.680 0.0000000000
125873  -18.791  -12.132  44.925 0.0000000000
53331  -18.358  -11.600  45.212 0.0000000000
51413  -19.023  -13.393  45.786 0.0000000000
113141  -18.739  -13.737  46.575 0.0000000000
63377  -38.863  -0.482  28.918 0.0000000000
62452  -39.590  -1.470  27.782 0.0000000000
64351  -39.412  0.953  28.822 0.0000000000
68943  -44.584  5.187  23.740 0.0000000000
68098  -43.577  3.713  23.626 0.0000000000
67200  -44.328  3.350  22.361 0.0000000000
66288  -44.636  2.465  21.891 0.0000000000
67210  -45.293  3.642  21.922 0.0000000000
66290  -45.959  3.562  21.343 0.0000000000
111384  -32.301  -6.835  39.323 0.0000000000
61511  -33.094  -2.598  33.186 0.0000000000
59758  -34.117  -4.761  31.789 0.0000000000
60656  -35.032  -3.160  31.810 0.0000000000
119891  -35.934  -3.431  31.828 0.0000000000
55192  -27.064  -9.298  43.308 0.0000000000
55157  -26.758  -9.392  45.151 0.0000000000
54244  -28.091  -9.930  44.753 0.0000000000
50299  -11.653  -13.970  51.971 0.0000000000
51331  -12.292  -13.839  50.435 0.0000000000
65381  -50.110  1.871  18.259 0.0000000000
42345  -5.584  -22.590  60.090 0.0000000000
53389  -39.212  -10.940  42.774 0.0000000000
54301  -38.709  -10.208  40.449 0.0000000000
129519  -30.127  -13.806  43.231 0.0000000000
50393  -30.977  -14.117  44.788 0.0000000000
122490  -16.077  -10.668  47.428 0.0000000000
122053  -15.151  -10.834  48.364 0.0000000000
54166  -14.654  -10.650  49.071 0.0000000000
52375  -15.000  -12.350  48.155 0.0000000000
114446  -14.761  -13.696  48.390 0.0000000000
51374  -15.364  -13.192  47.955 0.0000000000
51356  -18.614  -14.042  49.404 0.0000000000
50334  -17.592  -14.318  50.088 0.0000000000
51491  -33.865  -13.311  40.561 0.0000000000
120324  -34.060  -12.508  40.308 0.0000000000
53421  -34.156  -11.845  40.268 0.0000000000
56038  -21.376  -8.818  44.684 0.0000000000
54256  -21.245  -10.707  43.043 0.0000000000
56049  -22.332  -8.356  43.201 0.0000000000
57941  -24.980  -6.481  42.908 0.0000000000
130057  -26.283  -6.741  42.434 0.0000000000
56064  -26.166  -7.931  42.320 0.0000000000
56996  -27.621  -7.263  42.225 0.0000000000
54260  -30.838  -10.255  42.893 0.0000000000
55210  -30.402  -9.545  42.105 0.0000000000
55209  -29.671  -8.938  41.515 0.0000000000
54289  -29.725  -10.472  40.839 0.0000000000
52464  -29.280  -12.133  41.169 0.0000000000
53402  -30.155  -11.358  40.712 0.0000000000
53419  -32.159  -12.026  40.718 0.0000000000
52479  -31.736  -12.522  40.511 0.0000000000
51490  -32.879  -13.300  40.477 0.0000000000
51475  -33.258  -13.978  40.930 0.0000000000
58114  -40.335  -6.262  29.726 0.0000000000
58116  -41.975  -6.264  30.070 0.0000000000
58933  -40.549  -5.203  28.803 0.0000000000
116777  -42.022  -2.220  27.229 0.0000000000
123129  -42.926  -4.037  27.865 0.0000000000
120991  -41.200  3.702  27.761 0.0000000000
66251  -40.519  2.473  26.777 0.0000000000
66252  -41.047  2.813  26.203 0.0000000000
64394  -43.399  0.639  24.723 0.0000000000
64383  -43.256  0.443  25.460 0.0000000000
64371  -44.781  0.237  26.052 0.0000000000
62472  -45.640  -1.003  26.816 0.0000000000
65361  -48.097  1.177  20.236 0.0000000000
65366  -48.002  2.215  19.789 0.0000000000
65367  -48.769  1.959  19.267 0.0000000000
47182  -8.699  -18.040  55.115 0.0000000000
47172  -8.375  -17.845  56.188 0.0000000000
46077  -8.391  -18.895  55.351 0.0000000000
43231  -8.706  -21.450  57.174 0.0000000000
42346  -8.109  -22.353  60.108 0.0000000000
52496  -35.163  -11.729  39.537 0.0000000000
52497  -35.851  -12.080  39.868 0.0000000000
53437  -35.387  -11.400  38.970 0.0000000000
56116  -33.927  -9.044  37.643 0.0000000000
54320  -35.403  -10.439  37.855 0.0000000000
55253  -35.396  -9.691  37.343 0.0000000000
55255  -37.092  -9.178  37.311 0.0000000000
55259  -35.282  -8.828  36.850 0.0000000000
60590  -31.257  -3.731  36.597 0.0000000000
58846  -32.708  -5.573  34.186 0.0000000000
58043  -32.562  -5.739  34.934 0.0000000000
58031  -33.851  -6.446  35.292 0.0000000000
109550  -35.781  -6.979  36.095 0.0000000000
57112  -36.073  -7.079  35.654 0.0000000000
57113  -37.183  -7.442  35.918 0.0000000000
119776  -35.940  -7.275  34.807 0.0000000000
57184  -36.563  -7.584  32.102 0.0000000000
56169  -36.957  -8.083  32.942 0.0000000000
56186  -37.701  -8.100  32.621 0.0000000000
56188  -38.849  -8.160  32.732 0.0000000000
57206  -38.633  -7.561  31.304 0.0000000000
114324  -39.063  -7.134  30.528 0.0000000000
58096  -37.518  -6.570  30.262 0.0000000000
60676  -37.365  -3.792  31.147 0.0000000000
59788  -37.336  -4.770  29.521 0.0000000000
61574  -37.592  -3.263  29.681 0.0000000000
53364  -23.278  -11.380  43.201 0.0000000000
51434  -23.638  -13.326  45.720 0.0000000000
127929  -24.028  -11.974  44.813 0.0000000000
48298  -11.077  -16.705  51.717 0.0000000000
47213  -10.599  -17.432  52.732 0.0000000000
46128  -10.928  -17.800  52.720 0.0000000000
49335  -14.684  -15.302  49.786 0.0000000000
129734  -13.518  -15.755  50.424 0.0000000000
49317  -14.582  -15.766  51.346 0.0000000000
51357  -19.463  -13.886  49.160 0.0000000000
51337  -21.209  -13.631  50.040 0.0000000000
118838  -22.108  -13.793  49.540 0.0000000000
128576  -22.916  -13.975  48.781 0.0000000000
50419  -32.889  -14.493  43.178 0.0000000000
110318  -32.442  -14.541  44.140 0.0000000000
54200  -18.126  -9.994  46.295 0.0000000000
129925  -16.966  -10.944  46.557 0.0000000000
52400  -16.767  -12.236  46.523 0.0000000000
51375  -16.689  -13.783  47.598 0.0000000000
51396  -17.463  -13.847  47.408 0.0000000000
129218  -19.187  -13.990  48.157 0.0000000000
54279  -33.876  -11.291  41.320 0.0000000000
54291  -34.068  -11.353  40.597 0.0000000000
131697  -31.097  -10.833  42.524 0.0000000000
53403  -31.068  -11.255  40.779 0.0000000000
53387  -33.144  -11.589  41.978 0.0000000000
60705  -39.071  -3.733  27.835 0.0000000000
59818  -40.707  -4.065  27.997 0.0000000000
131546  -39.907  -2.604  27.558 0.0000000000
62453  -40.331  -1.245  27.568 0.0000000000
63385  -41.531  -0.637  27.186 0.0000000000
66266  -41.874  3.171  24.939 0.0000000000
67190  -43.116  3.586  24.280 0.0000000000
120690  -42.923  1.714  23.766 0.0000000000
64409  -44.290  0.440  23.696 0.0000000000
64396  -46.320  0.350  24.740 0.0000000000
64431  -44.470  0.532  22.948 0.0000000000
63441  -45.818  -0.137  22.236 0.0000000000
63456  -47.035  -0.380  21.734 0.0000000000
65352  -46.229  1.119  21.056 0.0000000000
67216  -46.498  3.551  20.944 0.0000000000
45052  -9.651  -19.441  54.632 0.0000000000
44096  -9.306  -20.329  55.590 0.0000000000
45034  -10.425  -19.790  56.364 0.0000000000
125212  -34.276  -9.057  39.226 0.0000000000
54313  -34.817  -10.547  38.306 0.0000000000
56098  -33.287  -8.409  38.829 0.0000000000
56097  -32.466  -8.158  38.287 0.0000000000
56106  -31.999  -7.967  37.835 0.0000000000
60602  -31.534  -3.198  35.532 0.0000000000
60618  -31.877  -3.274  34.390 0.0000000000
59733  -32.555  -4.079  33.362 0.0000000000
58056  -33.086  -5.791  33.482 0.0000000000
57182  -34.513  -7.207  33.250 0.0000000000
58065  -34.139  -6.603  32.615 0.0000000000
58080  -34.653  -6.233  31.900 0.0000000000
58081  -36.280  -6.398  30.851 0.0000000000
58095  -36.869  -6.278  30.412 0.0000000000
59777  -36.158  -4.955  30.722 0.0000000000
55175  -24.950  -9.741  43.814 0.0000000000
113027  -24.639  -10.516  45.050 0.0000000000
55156  -25.829  -9.511  44.966 0.0000000000
49316  -11.340  -15.593  51.281 0.0000000000
48299  -11.568  -16.465  51.431 0.0000000000
43224  -6.469  -21.802  58.403 0.0000000000
115683  -6.577  -19.489  59.636 0.0000000000
44072  -5.908  -21.356  59.548 0.0000000000
44067  -5.281  -21.003  60.187 0.0000000000
44062  -4.555  -20.128  60.958 0.0000000000
56101  -39.419  -8.006  39.668 0.0000000000
121693  -28.195  -11.783  43.136 0.0000000000
120219  -28.467  -11.242  43.869 0.0000000000
54155  -14.388  -10.643  50.086 0.0000000000
52360  -13.596  -12.762  49.639 0.0000000000
51332  -12.911  -13.296  49.952 0.0000000000
51355  -13.409  -13.687  49.247 0.0000000000
50347  -14.309  -14.902  49.092 0.0000000000
119953  -15.465  -15.118  49.910 0.0000000000
50349  -16.603  -14.546  48.914 0.0000000000
50333  -16.807  -14.627  50.205 0.0000000000
110631  -16.602  -14.713  50.913 0.0000000000
66330  -50.961  3.012  17.002 0.0000000000
122621  -35.393  -13.685  41.966 0.0000000000
52467  -36.217  -12.945  41.564 0.0000000000
52466  -35.506  -12.967  40.850 0.0000000000
52482  -34.625  -12.106  39.998 0.0000000000
52495  -34.812  -11.413  39.599 0.0000000000
119970  -34.800  -10.606  40.342 0.0000000000
109816  -34.740  -10.047  39.534 0.0000000000
56088  -34.972  -9.079  39.963 0.0000000000
57024  -34.597  -7.663  40.281 0.0000000000
52431  -20.369  -12.402  44.255 0.0000000000
111924  -21.156  -13.155  44.670 0.0000000000
52432  -21.303  -12.346  44.045 0.0000000000
53383  -22.210  -10.990  42.569 0.0000000000
54274  -23.321  -10.224  42.668 0.0000000000
56978  -23.462  -7.104  43.308 0.0000000000
56061  -23.453  -8.289  42.516 0.0000000000
55204  -24.063  -9.431  42.800 0.0000000000
55205  -25.760  -8.517  42.687 0.0000000000
55206  -26.714  -8.540  42.520 0.0000000000
55207  -27.418  -9.040  42.310 0.0000000000
56980  -28.644  -7.145  42.920 0.0000000000
127729  -28.619  -7.862  41.984 0.0000000000
55221  -28.482  -9.673  41.314 0.0000000000
54276  -28.101  -10.557  41.894 0.0000000000
52454  -28.604  -12.164  41.938 0.0000000000
52455  -28.963  -12.881  42.071 0.0000000000
125673  -30.420  -13.802  41.762 0.0000000000
53417  -30.786  -11.847  40.603 0.0000000000
51463  -31.053  -14.030  41.313 0.0000000000
114626  -31.713  -14.390  42.432 0.0000000000
50431  -33.230  -14.415  42.347 0.0000000000
50432  -34.056  -14.322  42.348 0.0000000000
54221  -19.473  -9.996  44.762 0.0000000000
59803  -41.914  -4.691  28.487 0.0000000000
64352  -39.908  1.150  28.057 0.0000000000
64359  -41.067  0.126  27.155 0.0000000000
64360  -42.113  -0.215  26.932 0.0000000000
65309  -42.016  1.595  24.966 0.0000000000
64369  -43.004  0.186  26.168 0.0000000000
63386  -43.053  -0.573  26.948 0.0000000000
62458  -45.133  -1.821  27.005 0.0000000000
131241  -49.982  0.658  19.414 0.0000000000
65368  -49.657  1.393  19.036 0.0000000000
66318  -49.630  2.796  18.392 0.0000000000
46043  -7.953  -18.199  57.536 0.0000000000
46042  -7.575  -19.231  57.065 0.0000000000
44089  -8.278  -20.796  56.026 0.0000000000
43235  -7.412  -21.223  56.852 0.0000000000
43229  -7.086  -21.557  57.405 0.0000000000
42356  -7.051  -22.417  58.289 0.0000000000
52468  -36.931  -12.424  41.642 0.0000000000
113064  -37.187  -11.909  40.928 0.0000000000
53423  -37.606  -11.414  40.360 0.0000000000
54314  -35.346  -11.038  38.412 0.0000000000
54307  -36.912  -10.991  38.888 0.0000000000
54308  -37.684  -10.584  39.209 0.0000000000
128016  -38.036  -9.918  38.819 0.0000000000
55247  -38.280  -9.159  38.581 0.0000000000
56109  -38.550  -8.329  38.349 0.0000000000
58006  -31.411  -6.638  37.601 0.0000000000
57084  -32.240  -7.324  36.429 0.0000000000
59711  -31.477  -4.661  35.499 0.0000000000
57108  -32.740  -6.589  35.872 0.0000000000
57085  -33.152  -7.276  36.133 0.0000000000
56130  -35.316  -7.673  36.416 0.0000000000
128295  -36.977  -7.475  36.458 0.0000000000
57159  -36.331  -7.770  33.902 0.0000000000
57137  -38.511  -8.159  35.020 0.0000000000
57208  -40.237  -7.458  31.381 0.0000000000
58098  -39.765  -6.705  30.134 0.0000000000
58921  -39.159  -5.682  29.032 0.0000000000
58906  -37.252  -5.712  29.889 0.0000000000
58919  -37.815  -5.288  29.218 0.0000000000
59799  -38.454  -4.278  28.347 0.0000000000
61589  -38.029  -2.826  28.617 0.0000000000
62437  -38.240  -1.603  29.548 0.0000000000
51417  -22.222  -13.815  46.165 0.0000000000
51402  -23.462  -13.761  47.209 0.0000000000
53320  -24.595  -11.795  46.346 0.0000000000
48264  -9.527  -16.907  54.393 0.0000000000
49292  -10.298  -15.793  53.466 0.0000000000
124313  -9.839  -17.137  53.701 0.0000000000
129119  -9.953  -18.199  53.687 0.0000000000
128754  -10.573  -18.733  54.140 0.0000000000
49333  -12.761  -15.070  49.745 0.0000000000
48310  -12.462  -15.977  50.668 0.0000000000
48289  -13.002  -16.858  52.409 0.0000000000
41345  -4.570  -23.555  61.276 0.0000000000
42341  -4.055  -22.901  61.040 0.0000000000
122013  -4.142  -19.973  61.062 0.0000000000
51457  -36.578  -13.276  42.995 0.0000000000
51415  -20.230  -13.830  46.247 0.0000000000
51431  -20.730  -13.719  45.579 0.0000000000
52416  -19.261  -12.901  45.152 0.0000000000
51414  -19.571  -13.817  46.423 0.0000000000
64345  -39.146  0.920  29.767 0.0000000000
63371  -38.953  0.196  29.345 0.0000000000
124518  -44.823  4.662  23.179 0.0000000000
128131  -44.203  3.960  23.037 0.0000000000
68099  -45.012  4.174  22.612 0.0000000000
126265  -45.713  4.506  22.304 0.0000000000
61533  -34.184  -3.007  32.200 0.0000000000
54258  -27.811  -9.815  43.741 0.0000000000
54259  -28.276  -10.380  44.034 0.0000000000
52335  -12.655  -12.731  51.902 0.0000000000
51313  -12.168  -13.505  51.434 0.0000000000
112493  -50.807  1.166  18.045 0.0000000000
65390  -50.844  1.982  17.329 0.0000000000
54282  -39.133  -10.697  41.840 0.0000000000
54294  -39.265  -10.122  41.162 0.0000000000
50416  -30.587  -14.025  43.747 0.0000000000
50406  -31.474  -14.350  43.980 0.0000000000
53305  -15.781  -11.571  47.388 0.0000000000
128955  -15.574  -11.001  47.851 0.0000000000
53294  -15.286  -11.625  47.981 0.0000000000
52481  -33.331  -12.537  40.418 0.0000000000
56048  -21.743  -8.781  43.599 0.0000000000
57930  -26.706  -6.072  43.600 0.0000000000
57943  -26.565  -6.406  42.752 0.0000000000
56995  -26.812  -6.901  42.319 0.0000000000
57945  -27.963  -6.787  42.667 0.0000000000
55223  -30.041  -9.850  41.125 0.0000000000
54290  -30.497  -10.623  40.918 0.0000000000
52480  -32.493  -12.544  40.486 0.0000000000
58922  -40.017  -5.718  29.187 0.0000000000
58923  -40.882  -5.751  29.348 0.0000000000
61601  -42.683  -2.821  27.263 0.0000000000
61602  -43.600  -2.490  27.194 0.0000000000
67168  -41.537  4.086  27.045 0.0000000000
67167  -40.788  3.293  27.099 0.0000000000
67174  -41.349  3.693  26.236 0.0000000000
64395  -44.227  0.419  24.659 0.0000000000
64384  -44.142  0.362  25.459 0.0000000000
63413  -45.638  0.290  26.014 0.0000000000
67235  -48.137  3.356  19.830 0.0000000000
45051  -8.954  -19.288  54.843 0.0000000000
53436  -34.952  -11.167  38.891 0.0000000000
122014  -33.302  -8.504  37.164 0.0000000000
55252  -34.664  -9.401  37.370 0.0000000000
58045  -33.763  -6.458  34.710 0.0000000000
58044  -33.226  -6.133  34.869 0.0000000000
58032  -34.515  -6.566  35.247 0.0000000000
57111  -35.190  -6.695  35.697 0.0000000000
57135  -35.265  -6.788  35.061 0.0000000000
57185  -37.372  -7.786  32.072 0.0000000000
57186  -38.235  -7.923  32.114 0.0000000000
113817  -37.793  -7.486  31.383 0.0000000000
57227  -38.117  -7.128  30.681 0.0000000000
57226  -37.439  -7.100  30.858 0.0000000000
53365  -23.945  -11.029  43.540 0.0000000000
53346  -23.641  -11.681  44.025 0.0000000000
112407  -24.229  -11.183  44.433 0.0000000000
47231  -11.377  -17.494  52.382 0.0000000000
47230  -10.963  -17.290  52.133 0.0000000000
46129  -11.477  -17.831  52.956 0.0000000000
47214  -12.168  -17.653  53.411 0.0000000000
49329  -15.221  -15.386  50.695 0.0000000000
46026  -7.439  -18.869  58.119 0.0000000000
45008  -7.013  -19.523  58.805 0.0000000000
116807  -38.546  -11.361  42.312 0.0000000000
51358  -20.399  -13.678  49.720 0.0000000000
116007  -20.439  -13.730  48.880 0.0000000000
110944  -21.772  -13.819  47.663 0.0000000000
116476  -21.953  -13.805  48.557 0.0000000000
113485  -33.600  -14.459  43.041 0.0000000000
50407  -33.498  -14.565  43.938 0.0000000000
52414  -17.871  -12.114  45.621 0.0000000000
53319  -17.847  -11.021  45.720 0.0000000000
53318  -17.226  -11.552  46.205 0.0000000000
52389  -16.857  -13.133  46.878 0.0000000000
51412  -17.821  -13.487  46.694 0.0000000000
51398  -19.392  -13.943  47.297 0.0000000000
53367  -31.642  -11.356  42.539 0.0000000000
53405  -32.919  -11.661  40.979 0.0000000000
61597  -38.557  -2.507  28.029 0.0000000000
60712  -39.678  -3.145  27.638 0.0000000000
61598  -39.343  -2.341  27.677 0.0000000000
63383  -39.859  -0.628  27.892 0.0000000000
62454  -41.211  -1.501  27.331 0.0000000000
63384  -40.697  -0.569  27.441 0.0000000000
67185  -42.620  3.831  24.904 0.0000000000
117252  -43.233  4.166  24.741 0.0000000000
114088  -43.561  3.066  22.942 0.0000000000
66268  -43.022  2.718  23.725 0.0000000000
66277  -43.256  1.928  23.176 0.0000000000
65328  -43.397  0.945  23.803 0.0000000000
65329  -43.776  1.071  22.967 0.0000000000
65344  -45.088  1.441  21.743 0.0000000000
64439  -45.637  0.616  21.666 0.0000000000
64440  -46.304  0.066  21.645 0.0000000000
64441  -46.971  0.526  21.119 0.0000000000
67212  -46.629  4.383  21.461 0.0000000000
56099  -33.951  -8.102  39.582 0.0000000000
57039  -33.194  -7.759  39.408 0.0000000000
57037  -31.936  -7.152  38.811 0.0000000000
57038  -32.464  -7.686  38.989 0.0000000000
57052  -31.932  -7.634  38.373 0.0000000000
57993  -31.607  -6.937  38.320 0.0000000000
60635  -32.980  -3.437  32.942 0.0000000000
58859  -32.716  -4.976  33.368 0.0000000000
58871  -33.179  -5.197  32.721 0.0000000000
58064  -33.522  -5.997  32.737 0.0000000000
58872  -33.754  -5.335  32.171 0.0000000000
59759  -34.746  -4.734  31.496 0.0000000000
58887  -34.389  -5.436  31.783 0.0000000000
58888  -35.061  -5.594  31.399 0.0000000000
119328  -35.501  -6.529  31.476 0.0000000000
58889  -35.767  -5.697  30.934 0.0000000000
60675  -36.136  -4.081  31.289 0.0000000000
55176  -25.619  -9.453  43.994 0.0000000000
54243  -25.034  -9.824  44.629 0.0000000000
55158  -27.478  -9.653  45.191 0.0000000000
50330  -11.610  -14.982  50.894 0.0000000000
50316  -11.354  -14.776  51.578 0.0000000000
128168  -11.303  -16.214  51.425 0.0000000000
48309  -11.817  -15.975  50.935 0.0000000000
44073  -6.282  -21.124  58.780 0.0000000000
43218  -6.149  -21.935  59.070 0.0000000000
43217  -5.634  -21.986  59.745 0.0000000000
43211  -5.010  -22.115  60.245 0.0000000000
43203  -4.643  -21.068  60.684 0.0000000000
55233  -39.301  -9.515  40.640 0.0000000000
56081  -39.817  -8.920  40.863 0.0000000000
55241  -39.319  -8.807  40.149 0.0000000000
52446  -28.486  -12.382  42.736 0.0000000000
52435  -28.773  -12.279  43.735 0.0000000000
52436  -29.267  -12.958  44.025 0.0000000000
53282  -14.345  -11.542  49.332 0.0000000000
53272  -13.938  -11.809  50.126 0.0000000000
51373  -14.134  -13.132  48.855 0.0000000000
117538  -14.952  -14.458  48.665 0.0000000000
50348  -15.231  -14.911  49.248 0.0000000000
50371  -17.186  -14.154  47.966 0.0000000000
50362  -16.508  -14.250  48.286 0.0000000000
50363  -17.382  -14.384  48.631 0.0000000000
50350  -17.086  -14.520  49.428 0.0000000000
51478  -35.641  -13.339  41.560 0.0000000000
126502  -34.458  -10.831  40.969 0.0000000000
54292  -35.013  -10.299  41.074 0.0000000000
55232  -35.606  -9.114  40.472 0.0000000000
127420  -34.672  -8.408  39.885 0.0000000000
53344  -19.826  -11.509  44.077 0.0000000000
53345  -20.533  -11.589  43.840 0.0000000000
55188  -21.887  -9.113  42.838 0.0000000000
53382  -21.716  -11.053  42.785 0.0000000000
53384  -22.918  -10.949  42.627 0.0000000000
54273  -22.591  -10.256  42.489 0.0000000000
56993  -24.753  -7.065  42.476 0.0000000000
56992  -23.794  -7.386  42.631 0.0000000000
56062  -24.306  -7.915  42.418 0.0000000000
125785  -23.929  -8.686  42.480 0.0000000000
111841  -24.771  -8.604  42.570 0.0000000000
56065  -26.952  -7.686  42.191 0.0000000000
56067  -30.210  -8.669  42.551 0.0000000000
113795  -30.069  -8.132  44.068 0.0000000000
56051  -29.871  -7.935  43.070 0.0000000000
56981  -29.226  -7.512  43.193 0.0000000000
56998  -29.116  -7.693  42.437 0.0000000000
56079  -29.064  -8.283  41.732 0.0000000000
55222  -29.272  -9.671  40.993 0.0000000000
114434  -28.798  -8.922  41.289 0.0000000000
53385  -28.190  -11.635  42.405 0.0000000000
53400  -28.646  -11.413  41.495 0.0000000000
51462  -29.733  -13.538  42.575 0.0000000000
51473  -31.530  -13.779  40.858 0.0000000000
51488  -31.382  -13.164  40.585 0.0000000000
50442  -31.826  -14.278  41.532 0.0000000000
50430  -32.426  -14.427  42.360 0.0000000000
50443  -32.785  -14.306  41.524 0.0000000000
51476  -34.093  -14.026  41.328 0.0000000000
50444  -33.503  -14.260  41.642 0.0000000000
51464  -34.804  -14.045  42.022 0.0000000000
55173  -20.618  -9.595  44.446 0.0000000000
55154  -20.066  -9.486  45.021 0.0000000000
121100  -41.576  -7.349  31.825 0.0000000000
58101  -42.718  -6.280  30.346 0.0000000000
59802  -41.063  -4.669  28.428 0.0000000000
59819  -41.507  -4.137  28.031 0.0000000000
65286  -39.838  1.865  28.568 0.0000000000
65299  -40.975  1.893  26.276 0.0000000000
65298  -40.338  1.706  26.980 0.0000000000
129653  -41.566  0.259  26.800 0.0000000000
66261  -42.021  2.405  24.690 0.0000000000
64370  -43.893  0.145  26.082 0.0000000000
63398  -43.526  -0.252  26.582 0.0000000000
63397  -42.792  -0.126  26.667 0.0000000000
63387  -43.901  -0.789  26.888 0.0000000000
62471  -44.763  -0.930  26.779 0.0000000000
62459  -46.045  -1.924  27.165 0.0000000000
115621  -45.809  0.136  23.946 0.0000000000
64452  -48.312  0.244  20.807 0.0000000000
64453  -48.975  0.423  20.315 0.0000000000
66307  -48.392  2.806  19.355 0.0000000000
66308  -48.952  2.828  18.913 0.0000000000
65380  -49.343  2.176  18.731 0.0000000000
46059  -7.982  -18.730  56.389 0.0000000000
129334  -8.196  -18.049  56.862 0.0000000000
45024  -7.409  -20.107  56.618 0.0000000000
44091  -9.723  -20.423  56.138 0.0000000000
44095  -8.623  -20.361  55.572 0.0000000000
44090  -9.041  -20.758  56.014 0.0000000000
43236  -7.976  -21.258  56.524 0.0000000000
43230  -7.748  -21.684  57.186 0.0000000000
44083  -7.043  -20.903  57.041 0.0000000000
42355  -6.800  -22.024  58.010 0.0000000000
42357  -7.648  -22.339  58.429 0.0000000000
120182  -7.378  -22.787  59.722 0.0000000000
52484  -36.264  -12.416  40.668 0.0000000000
53429  -35.948  -11.664  39.385 0.0000000000
53422  -36.706  -11.774  40.001 0.0000000000
53430  -37.311  -11.206  39.607 0.0000000000
55254  -36.212  -9.915  37.508 0.0000000000
54321  -36.290  -10.674  38.176 0.0000000000
54309  -38.358  -10.093  39.571 0.0000000000
111883  -37.616  -9.588  38.117 0.0000000000
56108  -37.925  -8.794  37.808 0.0000000000
56120  -37.567  -8.294  37.224 0.0000000000
58821  -31.123  -5.013  37.059 0.0000000000
58822  -31.229  -5.681  37.458 0.0000000000
57083  -31.618  -7.143  36.917 0.0000000000
109659  -31.436  -6.308  36.830 0.0000000000
60617  -31.438  -4.022  34.964 0.0000000000
123150  -31.368  -4.038  35.799 0.0000000000
59721  -31.652  -4.689  34.824 0.0000000000
111007  -33.138  -6.204  35.358 0.0000000000
58030  -32.199  -5.941  35.644 0.0000000000
57086  -34.127  -7.077  36.068 0.0000000000
120139  -34.465  -7.567  36.337 0.0000000000
57087  -34.945  -6.884  36.107 0.0000000000
120670  -36.631  -7.209  36.164 0.0000000000
57088  -36.294  -7.439  36.413 0.0000000000
57067  -37.710  -7.693  36.888 0.0000000000
57158  -35.320  -7.428  33.879 0.0000000000
111037  -35.973  -7.828  32.926 0.0000000000
56170  -37.788  -8.245  33.277 0.0000000000
56152  -38.101  -8.218  34.128 0.0000000000
56189  -39.662  -8.016  32.752 0.0000000000
56173  -40.118  -8.141  33.542 0.0000000000
57161  -40.611  -7.822  32.828 0.0000000000
109669  -40.776  -7.548  31.912 0.0000000000
120358  -39.076  -6.606  29.920 0.0000000000
58113  -39.506  -6.213  29.560 0.0000000000
58112  -38.715  -6.160  29.477 0.0000000000
58905  -36.513  -5.709  30.466 0.0000000000
60698  -37.520  -3.882  29.284 0.0000000000
59798  -37.803  -4.499  28.880 0.0000000000
58930  -38.203  -4.967  28.745 0.0000000000
60704  -37.880  -3.640  28.663 0.0000000000
60711  -38.422  -3.332  28.102 0.0000000000
51445  -21.938  -12.900  44.325 0.0000000000
51432  -21.802  -13.669  45.302 0.0000000000
126122  -22.403  -13.294  44.793 0.0000000000
52419  -24.276  -12.822  46.014 0.0000000000
51419  -24.007  -13.431  46.573 0.0000000000
51381  -23.717  -13.942  48.115 0.0000000000
51403  -24.283  -13.509  47.479 0.0000000000
54223  -25.127  -9.959  45.622 0.0000000000
54222  -24.777  -10.704  46.056 0.0000000000
54245  -28.506  -10.808  44.686 0.0000000000
48252  -9.289  -16.574  55.312 0.0000000000
50297  -10.721  -15.133  52.992 0.0000000000
50274  -10.677  -14.956  54.044 0.0000000000
48277  -10.227  -16.783  53.066 0.0000000000
47212  -10.136  -17.613  53.388 0.0000000000
128697  -10.232  -18.558  53.787 0.0000000000
46095  -10.074  -19.072  54.170 0.0000000000
51354  -12.712  -14.257  49.656 0.0000000000
48312  -13.767  -15.993  51.073 0.0000000000
48311  -13.039  -16.123  50.828 0.0000000000
48301  -13.187  -16.476  51.623 0.0000000000
48300  -12.293  -16.447  51.282 0.0000000000
120959  -51.423  2.408  16.558 0.0000000000
43202  -3.716  -21.853  61.061 0.0000000000
44061  -3.614  -20.820  61.112 0.0000000000
110945  -20.916  -13.797  47.386 0.0000000000
51400  -21.597  -13.846  46.815 0.0000000000
50421  -34.972  -14.335  43.547 0.0000000000
53332  -18.743  -11.221  44.804 0.0000000000
54219  -18.458  -10.561  45.418 0.0000000000
52415  -18.585  -12.592  45.378 0.0000000000
52402  -18.191  -13.093  45.916 0.0000000000
54263  -34.503  -11.072  42.906 0.0000000000
62443  -38.586  -1.182  28.801 0.0000000000
62444  -39.154  -0.916  28.340 0.0000000000
63378  -39.350  -0.053  28.549 0.0000000000
68089  -43.600  4.278  24.286 0.0000000000
112838  -44.124  4.476  23.678 0.0000000000
65343  -44.381  1.265  22.331 0.0000000000
66289  -45.435  2.566  21.398 0.0000000000
67211  -45.971  4.268  21.830 0.0000000000
131441  -32.851  -7.223  39.573 0.0000000000
57981  -32.880  -6.474  39.921 0.0000000000
57980  -32.245  -5.947  39.553 0.0000000000
60654  -33.542  -3.639  32.350 0.0000000000
59746  -33.582  -4.499  32.168 0.0000000000
60655  -34.308  -3.895  31.770 0.0000000000
60674  -35.253  -3.960  31.427 0.0000000000
55177  -26.529  -9.237  44.234 0.0000000000
55178  -27.365  -9.501  44.427 0.0000000000
50317  -11.806  -14.304  51.054 0.0000000000
50331  -12.105  -14.810  50.274 0.0000000000
64475  -50.521  0.741  18.824 0.0000000000
64476  -51.310  0.372  18.348 0.0000000000
42348  -6.137  -22.457  59.597 0.0000000000
41353  -5.935  -23.013  60.194 0.0000000000
122784  -5.686  -23.394  60.809 0.0000000000
51447  -29.791  -13.500  43.740 0.0000000000
51448  -30.289  -13.713  44.479 0.0000000000
54198  -16.857  -10.354  46.990 0.0000000000
54182  -16.449  -9.622  47.761 0.0000000000
54181  -15.607  -10.191  48.047 0.0000000000
54167  -15.105  -9.901  48.688 0.0000000000
53293  -14.811  -11.560  48.613 0.0000000000
52374  -14.518  -12.318  48.765 0.0000000000
116394  -14.727  -12.969  48.350 0.0000000000
50361  -15.568  -14.053  48.247 0.0000000000
50351  -17.916  -14.283  49.347 0.0000000000
50335  -18.314  -14.047  49.999 0.0000000000
51333  -18.079  -14.044  50.737 0.0000000000
54241  -20.617  -10.610  43.627 0.0000000000
55174  -21.242  -9.669  43.536 0.0000000000
57928  -24.768  -6.267  43.648 0.0000000000
57929  -25.725  -6.120  43.344 0.0000000000
57942  -25.665  -6.665  42.545 0.0000000000
129302  -25.422  -7.097  42.333 0.0000000000
56994  -26.074  -7.183  42.280 0.0000000000
56077  -27.766  -8.026  41.941 0.0000000000
55193  -30.631  -9.416  43.199 0.0000000000
53401  -29.299  -11.164  40.907 0.0000000000
51489  -32.052  -13.256  40.514 0.0000000000
58099  -40.618  -6.754  30.323 0.0000000000
58100  -41.466  -6.720  30.482 0.0000000000
58115  -41.177  -6.285  29.888 0.0000000000
114954  -41.728  -5.766  29.509 0.0000000000
61600  -41.892  -3.077  27.366 0.0000000000
60714  -41.865  -3.688  27.684 0.0000000000
60715  -42.489  -3.552  27.550 0.0000000000
67159  -40.622  3.221  28.108 0.0000000000
66244  -40.197  2.484  27.675 0.0000000000
65318  -42.916  1.212  24.220 0.0000000000
65310  -42.663  1.036  24.774 0.0000000000
113942  -45.229  -0.237  26.428 0.0000000000
63400  -46.089  -0.278  26.431 0.0000000000
65360  -47.425  2.020  20.232 0.0000000000
65362  -48.559  1.331  19.857 0.0000000000
64460  -49.279  0.978  19.643 0.0000000000
47173  -8.819  -17.137  55.738 0.0000000000
45033  -7.966  -19.434  55.775 0.0000000000
54319  -34.870  -10.076  37.761 0.0000000000
55246  -36.926  -10.005  37.838 0.0000000000
56118  -36.162  -9.055  36.944 0.0000000000
129828  -35.989  -8.145  36.645 0.0000000000
59702  -31.286  -4.644  36.431 0.0000000000
58845  -32.093  -5.106  34.484 0.0000000000
57110  -34.460  -6.582  35.698 0.0000000000
57136  -36.735  -7.473  35.001 0.0000000000
57204  -35.749  -7.303  32.112 0.0000000000
56187  -38.213  -8.219  32.802 0.0000000000
56172  -39.303  -8.252  33.452 0.0000000000
57187  -39.141  -7.862  32.018 0.0000000000
57207  -39.507  -7.527  31.301 0.0000000000
59761  -36.711  -4.281  30.802 0.0000000000
60692  -37.284  -4.117  30.165 0.0000000000
52445  -22.957  -12.007  43.732 0.0000000000
51446  -23.203  -13.133  44.939 0.0000000000
52434  -23.415  -12.423  44.494 0.0000000000
52418  -23.860  -12.728  45.222 0.0000000000
132265  -24.266  -12.179  45.548 0.0000000000
48287  -10.644  -16.788  52.195 0.0000000000
46112  -10.916  -18.293  53.423 0.0000000000
46097  -11.572  -18.075  53.582 0.0000000000
49334  -13.625  -15.330  49.703 0.0000000000
49328  -14.246  -15.659  50.456 0.0000000000
53407  -38.419  -11.188  41.479 0.0000000000
51335  -19.593  -13.698  50.521 0.0000000000
51336  -20.548  -13.598  50.492 0.0000000000
51359  -21.189  -13.669  49.179 0.0000000000
50418  -32.030  -14.451  43.210 0.0000000000
54199  -17.520  -9.934  46.846 0.0000000000
122579  -17.427  -10.602  46.413 0.0000000000
53306  -16.485  -11.374  46.794 0.0000000000
52388  -16.151  -12.343  46.989 0.0000000000
51395  -16.078  -13.121  47.445 0.0000000000
51397  -18.431  -13.981  47.542 0.0000000000
51377  -18.429  -14.149  48.623 0.0000000000
118068  -18.944  -13.856  49.921 0.0000000000
54278  -31.075  -10.931  41.509 0.0000000000
115377  -31.529  -11.405  41.486 0.0000000000
53386  -32.152  -11.778  41.865 0.0000000000
53404  -31.753  -11.707  40.979 0.0000000000
59800  -39.323  -4.502  28.193 0.0000000000
59801  -40.201  -4.610  28.309 0.0000000000
59817  -39.881  -3.947  27.890 0.0000000000
119421  -40.371  -3.509  27.716 0.0000000000
61599  -40.418  -2.890  27.535 0.0000000000
122182  -40.263  -2.083  27.498 0.0000000000
116514  -41.161  -2.546  27.409 0.0000000000
62455  -42.343  -1.192  27.174 0.0000000000
67184  -41.840  3.926  25.460 0.0000000000
66267  -42.493  2.947  24.391 0.0000000000
118336  -45.262  0.296  24.551 0.0000000000
64410  -45.093  0.193  23.425 0.0000000000
63425  -45.905  -0.238  23.058 0.0000000000
64432  -45.094  0.324  22.432 0.0000000000
65353  -46.889  1.691  20.656 0.0000000000
66295  -46.155  2.476  20.843 0.0000000000
66296  -46.902  2.991  20.446 0.0000000000
45042  -9.946  -19.946  55.318 0.0000000000
55240  -34.552  -9.909  38.669 0.0000000000
55239  -33.981  -9.085  38.370 0.0000000000
56107  -33.140  -8.666  38.014 0.0000000000
56115  -32.511  -8.264  37.555 0.0000000000
60634  -32.486  -3.230  33.586 0.0000000000
59732  -32.167  -3.891  33.851 0.0000000000
58858  -32.312  -4.687  33.893 0.0000000000
112695  -33.230  -6.137  34.261 0.0000000000
58057  -33.679  -6.566  33.631 0.0000000000
58066  -34.894  -7.058  32.296 0.0000000000
57205  -36.317  -7.027  31.394 0.0000000000
57225  -36.880  -6.827  30.803 0.0000000000
55189  -24.521  -9.821  43.362 0.0000000000
54242  -24.523  -10.388  43.971 0.0000000000
55142  -26.006  -9.708  46.043 0.0000000000
49304  -10.903  -15.368  52.044 0.0000000000
49315  -10.861  -16.162  51.758 0.0000000000
47246  -11.647  -17.017  51.826 0.0000000000
115932  -16.051  -14.924  52.230 0.0000000000
45007  -6.527  -20.227  59.047 0.0000000000
44068  -6.040  -20.372  59.760 0.0000000000
44997  -5.435  -19.842  60.493 0.0000000000
44063  -4.992  -20.292  60.765 0.0000000000
67146  -40.930  3.047  29.017 0.0000000000
67169  -41.905  4.132  27.948 0.0000000000
68064  -42.420  4.662  27.169 0.0000000000
53347  -28.814  -11.699  44.612 0.0000000000
111059  -31.755  -14.427  44.739 0.0000000000
120209  -14.149  -11.153  50.859 0.0000000000
53262  -13.906  -11.813  51.156 0.0000000000
52349  -13.383  -12.484  50.522 0.0000000000
50360  -14.127  -14.120  48.828 0.0000000000
129596  -16.046  -13.705  47.884 0.0000000000
111985  -16.161  -14.804  49.525 0.0000000000
50332  -16.048  -14.973  50.423 0.0000000000
50318  -16.017  -14.998  51.298 0.0000000000
51466  -36.039  -13.407  42.370 0.0000000000
51492  -34.670  -12.852  40.386 0.0000000000
55231  -35.181  -9.793  40.343 0.0000000000
52417  -20.060  -13.123  44.868 0.0000000000
53362  -21.376  -11.517  43.398 0.0000000000
53363  -21.971  -11.463  42.944 0.0000000000
52444  -22.132  -12.123  43.631 0.0000000000
118255  -22.554  -11.508  43.005 0.0000000000
54257  -23.520  -10.837  42.932 0.0000000000
56966  -22.825  -7.668  43.708 0.0000000000
56050  -23.035  -7.852  42.897 0.0000000000
56979  -24.186  -6.687  43.012 0.0000000000
55203  -23.153  -9.307  42.469 0.0000000000
55190  -25.142  -9.242  43.158 0.0000000000
110751  -27.569  -9.869  42.651 0.0000000000
57932  -28.155  -6.703  43.407 0.0000000000
56997  -28.368  -7.372  42.312 0.0000000000
57010  -28.146  -7.764  41.991 0.0000000000
56078  -28.395  -8.289  41.694 0.0000000000
55220  -28.006  -8.842  41.660 0.0000000000
55208  -27.898  -9.601  41.883 0.0000000000
50428  -30.491  -14.021  42.753 0.0000000000
52465  -30.242  -12.436  40.739 0.0000000000
52478  -31.012  -12.548  40.552 0.0000000000
51487  -30.717  -13.373  40.898 0.0000000000
50429  -31.065  -14.263  42.084 0.0000000000
50433  -34.713  -14.233  42.816 0.0000000000
51465  -35.377  -13.888  42.832 0.0000000000
55153  -19.508  -9.523  45.491 0.0000000000
54220  -18.977  -10.234  45.069 0.0000000000
54239  -19.220  -10.866  44.394 0.0000000000
52430  -19.358  -12.098  44.478 0.0000000000
131539  -42.173  -6.629  30.593 0.0000000000
58934  -41.416  -5.213  28.956 0.0000000000
127878  -42.294  -5.222  29.079 0.0000000000
59820  -42.268  -4.149  27.997 0.0000000000
65285  -39.554  1.596  29.519 0.0000000000
65291  -39.993  1.640  27.719 0.0000000000
64358  -40.383  0.916  27.377 0.0000000000
112560  -41.416  3.221  25.569 0.0000000000
65308  -41.455  2.322  25.404 0.0000000000
65300  -41.639  1.282  25.847 0.0000000000
64382  -42.388  0.742  25.550 0.0000000000
64368  -42.047  0.374  26.358 0.0000000000
62456  -43.353  -1.412  27.103 0.0000000000
62457  -44.238  -1.663  27.035 0.0000000000
64461  -50.552  0.054  19.557 0.0000000000
67254  -50.204  3.527  18.327 0.0000000000
45016  -7.122  -20.003  57.603 0.0000000000
45041  -9.081  -19.941  55.093 0.0000000000
45040  -8.337  -19.808  55.420 0.0000000000
45032  -7.742  -20.041  55.896 0.0000000000
43237  -8.692  -21.117  56.432 0.0000000000
44088  -7.655  -20.677  56.345 0.0000000000
129349  -6.825  -20.721  57.605 0.0000000000
44078  -6.676  -21.297  57.836 0.0000000000
42349  -6.630  -22.375  58.747 0.0000000000
42351  -7.902  -22.454  59.210 0.0000000000
42350  -7.088  -22.692  58.893 0.0000000000
52456  -36.729  -12.920  42.368 0.0000000000
127675  -37.863  -11.501  41.058 0.0000000000
53424  -38.299  -11.008  40.718 0.0000000000
53438  -36.065  -11.284  38.805 0.0000000000
54300  -38.082  -10.822  39.947 0.0000000000
131246  -38.479  -9.470  39.232 0.0000000000
56100  -38.834  -8.705  39.266 0.0000000000
58797  -31.732  -5.366  38.946 0.0000000000
59680  -31.423  -4.534  38.438 0.0000000000
127019  -31.312  -5.312  38.142 0.0000000000
58811  -31.418  -6.084  38.261 0.0000000000
57066  -31.673  -7.430  37.721 0.0000000000
56114  -31.956  -7.835  37.123 0.0000000000
56128  -32.720  -7.943  36.749 0.0000000000
118132  -31.625  -5.311  35.952 0.0000000000
58836  -31.817  -5.284  35.138 0.0000000000
115340  -31.669  -5.935  36.262 0.0000000000
58018  -31.890  -6.602  36.277 0.0000000000
56129  -33.634  -7.883  36.488 0.0000000000
57053  -38.198  -8.095  37.606 0.0000000000
57054  -38.848  -7.526  38.110 0.0000000000
58007  -38.327  -7.667  36.933 0.0000000000
110522  -37.640  -7.823  35.059 0.0000000000
57160  -37.266  -8.014  34.027 0.0000000000
57228  -40.017  -7.173  30.758 0.0000000000
58111  -37.948  -6.046  29.554 0.0000000000
58920  -38.401  -5.554  29.057 0.0000000000
58931  -38.815  -5.071  28.583 0.0000000000
61582  -37.863  -2.534  29.255 0.0000000000
121213  -38.263  -2.013  28.670 0.0000000000
63370  -38.607  -0.607  29.505 0.0000000000
64330  -38.777  0.130  30.037 0.0000000000
51416  -21.429  -13.857  46.076 0.0000000000
51401  -22.491  -13.803  47.018 0.0000000000
51433  -22.785  -13.581  45.501 0.0000000000
51418  -23.159  -13.701  46.338 0.0000000000
53333  -24.385  -11.356  45.388 0.0000000000
54202  -24.954  -10.937  47.005 0.0000000000
53307  -24.914  -11.862  47.408 0.0000000000
52390  -24.859  -12.889  47.839 0.0000000000
47183  -9.118  -17.446  54.784 0.0000000000
47195  -9.124  -18.179  54.481 0.0000000000
48265  -9.930  -16.365  53.974 0.0000000000
47196  -9.543  -17.812  53.981 0.0000000000
46094  -9.555  -18.687  54.237 0.0000000000
111951  -10.292  -19.293  54.679 0.0000000000
46096  -11.311  -18.414  54.131 0.0000000000
49326  -12.321  -15.491  50.410 0.0000000000
49327  -12.929  -15.661  50.222 0.0000000000
48288  -12.451  -16.854  51.918 0.0000000000
49305  -14.729  -15.772  52.252 0.0000000000
114305  -13.570  -16.599  52.994 0.0000000000
126179  -5.161  -23.484  61.009 0.0000000000
41344  -3.763  -23.679  61.311 0.0000000000
43210  -4.314  -22.082  60.683 0.0000000000
119694  -4.184  -20.975  60.994 0.0000000000
43201  -3.078  -21.637  61.076 0.0000000000
120372  -2.953  -20.630  61.012 0.0000000000
42360  -7.382  -22.096  57.805 0.0000000000
44094  -8.018  -20.340  55.768 0.0000000000
54168  -15.798  -9.457  48.444 0.0000000000
55201  -21.811  -10.224  42.613 0.0000000000
56060  -22.628  -8.689  42.588 0.0000000000
56171  -38.534  -8.297  33.398 0.0000000000
57944  -27.291  -6.688  42.568 0.0000000000
65401  -51.914  2.522  16.039 0.0000000000
120439  -34.070  -5.948  32.205 0.0000000000
125541  -38.965  -3.017  27.735 0.0000000000
131418  -21.839  -13.315  44.724 0.0000000000
