#!ascii label  , from subject sub-v1s21x0050427_ses-1 vox2ras=TkReg
1492
44016  9.611  -22.654  58.095 0.0000000000
58664  44.016  -6.881  27.042 0.0000000000
48893  26.096  -17.100  46.072 0.0000000000
48848  34.776  -16.836  48.940 0.0000000000
50840  18.818  -15.309  46.122 0.0000000000
48751  16.540  -17.793  57.677 0.0000000000
64189  52.223  -1.560  20.701 0.0000000000
64941  51.819  -0.666  29.383 0.0000000000
56649  35.852  -9.615  39.344 0.0000000000
65105  55.639  -1.131  13.369 0.0000000000
120340  25.562  -14.948  50.749 0.0000000000
46976  12.230  -20.088  57.617 0.0000000000
65821  51.720  0.389  24.285 0.0000000000
63336  47.092  -1.479  23.570 0.0000000000
111015  44.774  -8.476  31.832 0.0000000000
58585  49.822  -7.094  31.961 0.0000000000
56740  40.157  -9.204  33.033 0.0000000000
48936  32.601  -17.476  42.854 0.0000000000
47107  30.572  -19.066  46.991 0.0000000000
52697  21.443  -13.821  51.844 0.0000000000
51628  20.150  -14.733  56.806 0.0000000000
132010  17.550  -16.677  51.746 0.0000000000
47037  13.679  -19.645  52.294 0.0000000000
53698  22.493  -13.652  45.927 0.0000000000
66728  55.745  1.790  19.827 0.0000000000
130225  56.219  3.160  24.991 0.0000000000
61463  48.733  -4.786  28.121 0.0000000000
56660  40.314  -9.118  38.483 0.0000000000
52809  36.890  -14.183  42.917 0.0000000000
63413  53.161  -3.005  16.087 0.0000000000
64256  56.725  -2.019  15.364 0.0000000000
127022  58.901  -4.556  13.530 0.0000000000
130740  24.799  -14.173  53.891 0.0000000000
46040  11.061  -21.064  58.375 0.0000000000
116896  11.920  -19.640  61.176 0.0000000000
45055  10.497  -20.997  61.232 0.0000000000
64180  46.559  -1.056  22.442 0.0000000000
57663  45.232  -8.292  34.899 0.0000000000
112007  47.164  -7.676  35.101 0.0000000000
41308  5.271  -25.668  61.141 0.0000000000
56813  39.398  -9.157  29.563 0.0000000000
48916  26.243  -17.790  44.006 0.0000000000
126231  29.019  -18.547  44.702 0.0000000000
112481  28.307  -19.070  47.117 0.0000000000
51741  20.526  -14.255  48.729 0.0000000000
51686  19.732  -14.771  51.708 0.0000000000
50784  18.674  -15.740  49.256 0.0000000000
52773  20.846  -13.626  46.180 0.0000000000
52741  21.780  -14.106  48.215 0.0000000000
49742  18.463  -16.488  56.859 0.0000000000
65863  54.024  -0.074  20.329 0.0000000000
68369  55.906  3.727  21.763 0.0000000000
66694  52.885  2.344  22.067 0.0000000000
64969  51.968  -0.365  26.735 0.0000000000
66645  53.833  1.172  27.183 0.0000000000
60527  43.411  -5.038  24.786 0.0000000000
61512  46.304  -4.552  24.805 0.0000000000
60485  46.677  -6.041  27.299 0.0000000000
57633  35.708  -8.625  37.340 0.0000000000
56693  38.390  -8.838  36.346 0.0000000000
56646  38.189  -9.249  39.912 0.0000000000
48903  34.008  -17.650  45.361 0.0000000000
50882  35.347  -15.906  43.204 0.0000000000
49868  36.076  -16.218  46.198 0.0000000000
115131  49.938  -2.048  17.855 0.0000000000
64260  50.724  -1.410  16.104 0.0000000000
63387  51.991  -2.201  18.198 0.0000000000
65060  54.701  -0.809  17.609 0.0000000000
63467  59.010  -3.180  11.979 0.0000000000
62609  57.322  -3.775  12.678 0.0000000000
63438  58.782  -3.330  14.287 0.0000000000
62599  55.605  -3.957  13.195 0.0000000000
50800  26.173  -15.703  48.999 0.0000000000
47939  27.750  -18.431  49.143 0.0000000000
49803  27.643  -16.689  51.828 0.0000000000
47845  14.593  -18.848  57.180 0.0000000000
48728  16.050  -17.869  61.328 0.0000000000
47822  13.831  -18.566  60.615 0.0000000000
63363  49.185  -2.508  20.582 0.0000000000
65835  50.958  0.798  22.365 0.0000000000
65021  48.871  -0.521  22.386 0.0000000000
64991  49.853  -0.630  23.969 0.0000000000
63299  50.193  -2.261  25.997 0.0000000000
113897  44.601  -8.045  29.767 0.0000000000
58607  47.301  -7.146  30.164 0.0000000000
58587  47.513  -7.690  32.625 0.0000000000
53810  34.676  -12.032  38.367 0.0000000000
50777  37.486  -15.016  50.178 0.0000000000
43111  8.003  -24.149  58.482 0.0000000000
113932  8.931  -22.873  61.050 0.0000000000
42208  7.220  -24.412  61.087 0.0000000000
58647  41.738  -7.482  27.365 0.0000000000
114316  42.100  -8.798  29.524 0.0000000000
57696  42.378  -8.730  32.254 0.0000000000
126457  43.300  -8.747  35.379 0.0000000000
48939  30.010  -17.926  42.059 0.0000000000
128439  31.680  -18.421  45.347 0.0000000000
47968  33.059  -18.296  48.018 0.0000000000
110355  30.069  -20.160  50.069 0.0000000000
125797  32.289  -19.901  50.718 0.0000000000
131398  22.778  -13.706  53.884 0.0000000000
52633  21.998  -13.434  57.430 0.0000000000
51656  20.354  -14.133  54.002 0.0000000000
50719  18.844  -15.817  54.493 0.0000000000
48782  17.209  -17.330  55.062 0.0000000000
48855  16.319  -17.544  49.263 0.0000000000
47917  15.707  -18.049  51.648 0.0000000000
47868  15.423  -18.665  55.031 0.0000000000
110454  13.415  -19.793  54.956 0.0000000000
46071  11.533  -20.750  55.222 0.0000000000
116711  9.525  -22.197  55.276 0.0000000000
49896  24.659  -16.132  44.033 0.0000000000
113225  23.582  -13.909  44.098 0.0000000000
51788  24.539  -14.761  45.674 0.0000000000
51740  24.240  -14.340  48.217 0.0000000000
52708  23.640  -13.862  50.909 0.0000000000
67511  57.505  2.009  25.172 0.0000000000
67516  53.654  2.200  25.032 0.0000000000
63321  45.776  -2.511  23.865 0.0000000000
62492  48.589  -3.693  25.233 0.0000000000
63260  50.839  -2.771  29.033 0.0000000000
59489  49.107  -5.995  29.911 0.0000000000
61437  51.218  -4.797  30.597 0.0000000000
122897  37.873  -9.628  33.561 0.0000000000
57632  40.244  -8.797  36.154 0.0000000000
56641  43.400  -9.331  38.969 0.0000000000
51856  35.013  -14.201  40.826 0.0000000000
53770  36.961  -12.306  41.430 0.0000000000
51765  38.258  -14.516  46.736 0.0000000000
53736  38.768  -12.560  43.967 0.0000000000
55612  38.534  -10.124  42.264 0.0000000000
126665  39.984  -9.548  41.725 0.0000000000
57563  43.186  -8.909  41.672 0.0000000000
64266  54.047  -2.105  13.906 0.0000000000
63411  54.977  -2.923  16.012 0.0000000000
65058  56.284  -0.035  17.069 0.0000000000
51635  26.388  -14.828  55.797 0.0000000000
45095  10.033  -22.014  57.725 0.0000000000
46032  10.848  -21.113  59.714 0.0000000000
132005  10.123  -21.874  60.056 0.0000000000
57626  45.526  -8.585  36.726 0.0000000000
57625  46.546  -8.271  36.814 0.0000000000
40265  4.096  -26.533  59.796 0.0000000000
115060  26.385  -17.628  45.606 0.0000000000
48006  27.338  -18.306  45.073 0.0000000000
48877  27.108  -18.133  46.880 0.0000000000
114449  19.794  -14.606  48.093 0.0000000000
50802  19.197  -15.278  48.602 0.0000000000
50821  18.670  -15.636  47.742 0.0000000000
52801  20.049  -13.981  44.748 0.0000000000
51775  19.558  -14.562  46.475 0.0000000000
51757  20.656  -14.141  47.691 0.0000000000
48750  17.091  -17.484  57.291 0.0000000000
48743  17.352  -17.323  58.938 0.0000000000
65027  53.406  -0.528  20.890 0.0000000000
66718  53.910  1.194  21.215 0.0000000000
65016  52.943  0.037  21.497 0.0000000000
64953  51.669  -0.478  28.479 0.0000000000
64952  52.174  0.071  28.155 0.0000000000
59550  43.393  -6.096  25.855 0.0000000000
59548  44.887  -6.108  25.999 0.0000000000
59518  45.349  -6.729  27.510 0.0000000000
118751  35.157  -9.396  38.789 0.0000000000
56664  35.806  -8.856  38.630 0.0000000000
57610  36.921  -8.760  38.566 0.0000000000
124233  36.984  -9.337  39.899 0.0000000000
48890  34.591  -17.253  46.612 0.0000000000
49881  35.160  -16.903  45.337 0.0000000000
49856  35.538  -16.400  47.680 0.0000000000
63372  51.160  -2.231  19.322 0.0000000000
63388  51.321  -2.228  18.473 0.0000000000
64198  52.392  -1.714  19.668 0.0000000000
64197  53.079  -1.398  19.306 0.0000000000
64289  57.175  -1.565  12.871 0.0000000000
64290  56.405  -2.446  12.553 0.0000000000
62610  56.461  -4.008  12.743 0.0000000000
64277  55.440  -2.246  12.902 0.0000000000
50782  25.768  -15.246  49.583 0.0000000000
115841  26.956  -16.396  50.220 0.0000000000
50750  26.573  -15.706  51.675 0.0000000000
47839  13.553  -19.113  58.327 0.0000000000
123498  13.917  -18.811  58.855 0.0000000000
127447  13.330  -18.998  59.111 0.0000000000
46938  12.036  -19.411  62.915 0.0000000000
46937  12.796  -18.979  62.848 0.0000000000
112659  47.882  -2.511  19.931 0.0000000000
64177  49.285  -1.194  21.831 0.0000000000
63354  47.820  -1.808  21.560 0.0000000000
64159  46.990  -0.714  22.863 0.0000000000
65001  47.853  -0.525  22.861 0.0000000000
111879  49.050  -1.775  24.086 0.0000000000
63317  50.235  -2.150  24.999 0.0000000000
63318  49.501  -2.418  24.578 0.0000000000
110529  44.970  -8.422  31.063 0.0000000000
58598  45.682  -8.068  30.804 0.0000000000
57692  45.996  -8.155  32.107 0.0000000000
63391  48.589  -2.200  18.748 0.0000000000
43105  7.935  -24.194  59.379 0.0000000000
42218  6.694  -25.022  59.464 0.0000000000
58649  40.128  -7.561  27.417 0.0000000000
118243  41.766  -8.213  28.233 0.0000000000
57761  41.092  -8.341  28.350 0.0000000000
56776  39.757  -9.517  31.063 0.0000000000
128505  41.247  -9.218  31.368 0.0000000000
57697  41.627  -8.855  32.615 0.0000000000
57681  43.024  -8.554  33.574 0.0000000000
57667  41.354  -8.754  34.190 0.0000000000
48049  29.151  -17.923  41.885 0.0000000000
47989  30.028  -18.845  45.891 0.0000000000
48012  30.537  -18.424  44.483 0.0000000000
48003  31.510  -18.558  46.031 0.0000000000
127640  32.785  -18.298  46.604 0.0000000000
47970  31.843  -18.815  47.352 0.0000000000
47927  28.232  -18.785  50.526 0.0000000000
129270  28.545  -19.468  50.107 0.0000000000
47048  29.371  -19.419  51.496 0.0000000000
46119  31.829  -20.198  51.639 0.0000000000
47924  33.674  -18.563  50.510 0.0000000000
52685  21.654  -13.776  52.751 0.0000000000
52670  21.474  -13.711  53.758 0.0000000000
122909  20.963  -13.778  53.104 0.0000000000
50753  18.547  -15.783  51.832 0.0000000000
50739  19.270  -15.271  53.104 0.0000000000
50729  18.120  -16.252  53.265 0.0000000000
49767  17.721  -16.817  54.591 0.0000000000
49780  17.072  -17.102  53.332 0.0000000000
117176  16.863  -16.989  47.972 0.0000000000
112810  13.945  -19.329  50.737 0.0000000000
47931  15.150  -18.475  50.962 0.0000000000
132088  14.811  -18.809  52.046 0.0000000000
47885  15.293  -18.596  53.190 0.0000000000
47886  14.641  -19.020  53.500 0.0000000000
47870  14.201  -19.371  55.138 0.0000000000
47020  13.489  -19.780  53.112 0.0000000000
132242  10.101  -21.569  54.629 0.0000000000
49907  24.648  -16.578  42.812 0.0000000000
49908  24.142  -15.971  42.589 0.0000000000
53725  22.218  -12.976  44.844 0.0000000000
113201  23.395  -13.633  45.030 0.0000000000
51803  24.153  -14.516  44.785 0.0000000000
51789  23.893  -13.966  45.722 0.0000000000
50819  24.611  -14.569  47.305 0.0000000000
52754  23.576  -14.110  47.271 0.0000000000
114715  21.493  -13.840  50.050 0.0000000000
132803  22.810  -13.857  49.321 0.0000000000
113018  22.080  -13.743  51.369 0.0000000000
52683  23.317  -13.792  52.495 0.0000000000
51627  20.695  -14.040  56.732 0.0000000000
43989  8.274  -22.224  63.460 0.0000000000
113732  8.914  -21.554  63.763 0.0000000000
67568  57.511  3.139  20.595 0.0000000000
68348  55.680  3.689  23.565 0.0000000000
68346  56.804  3.064  23.820 0.0000000000
67527  56.895  2.564  25.204 0.0000000000
67512  57.033  2.019  26.044 0.0000000000
66686  50.886  1.042  22.835 0.0000000000
113213  51.906  1.717  23.216 0.0000000000
65820  52.444  0.655  24.652 0.0000000000
111329  54.696  1.672  27.045 0.0000000000
132779  47.462  -5.134  26.529 0.0000000000
61511  47.013  -4.238  24.847 0.0000000000
62481  48.557  -4.153  26.529 0.0000000000
63291  49.505  -2.988  27.054 0.0000000000
62457  49.652  -3.725  28.149 0.0000000000
58595  48.578  -7.312  31.453 0.0000000000
59480  48.146  -6.766  30.215 0.0000000000
59467  50.018  -6.708  31.297 0.0000000000
56743  36.991  -9.766  33.824 0.0000000000
56677  38.929  -8.783  37.219 0.0000000000
56692  39.326  -8.836  36.176 0.0000000000
56675  40.500  -8.883  37.393 0.0000000000
57608  42.087  -9.009  37.348 0.0000000000
56659  41.638  -9.417  38.833 0.0000000000
48968  31.970  -17.041  41.135 0.0000000000
49925  33.378  -16.317  41.519 0.0000000000
50881  36.048  -15.399  43.301 0.0000000000
127175  34.931  -15.230  41.914 0.0000000000
51826  36.170  -14.452  42.272 0.0000000000
52852  35.911  -13.160  40.783 0.0000000000
52825  37.237  -13.407  42.567 0.0000000000
51733  37.741  -14.863  48.123 0.0000000000
54644  39.587  -11.352  44.531 0.0000000000
54671  38.481  -10.982  42.660 0.0000000000
56577  39.533  -10.119  43.482 0.0000000000
55611  39.231  -9.880  42.647 0.0000000000
129230  39.813  -9.757  43.313 0.0000000000
64259  51.812  -2.316  16.249 0.0000000000
63442  53.062  -3.050  15.132 0.0000000000
62568  54.223  -3.485  14.856 0.0000000000
63412  54.090  -3.080  16.070 0.0000000000
65872  54.847  0.269  18.865 0.0000000000
65059  55.473  -0.392  17.303 0.0000000000
65870  56.416  0.941  18.260 0.0000000000
65869  57.242  1.132  18.059 0.0000000000
62595  59.023  -4.415  12.411 0.0000000000
63423  58.199  -2.530  14.784 0.0000000000
64241  58.686  -1.053  16.145 0.0000000000
65071  57.796  -0.526  16.280 0.0000000000
51667  25.357  -14.638  52.230 0.0000000000
50737  26.566  -15.587  52.563 0.0000000000
51653  26.058  -14.961  53.902 0.0000000000
46039  11.645  -20.563  58.219 0.0000000000
46963  12.052  -19.861  59.576 0.0000000000
46031  11.465  -20.472  59.852 0.0000000000
126004  10.996  -20.552  61.233 0.0000000000
46002  10.715  -20.166  63.158 0.0000000000
64181  45.773  -1.348  22.402 0.0000000000
64147  45.683  -1.022  23.134 0.0000000000
57679  45.248  -8.155  34.072 0.0000000000
58580  45.974  -7.971  33.710 0.0000000000
58562  46.477  -7.940  35.251 0.0000000000
58551  47.301  -7.844  36.515 0.0000000000
41314  6.026  -25.465  59.837 0.0000000000
41315  5.336  -25.833  60.193 0.0000000000
41309  4.549  -25.902  61.525 0.0000000000
125658  39.548  -8.498  28.554 0.0000000000
118590  39.119  -9.580  31.714 0.0000000000
48027  28.645  -18.299  43.092 0.0000000000
48014  27.555  -18.344  44.262 0.0000000000
48005  28.801  -18.713  45.376 0.0000000000
47108  29.679  -19.457  47.162 0.0000000000
52711  20.704  -14.003  50.427 0.0000000000
115815  20.234  -14.307  51.180 0.0000000000
51705  20.047  -14.401  50.398 0.0000000000
50767  18.727  -15.602  50.263 0.0000000000
50768  18.035  -16.185  50.615 0.0000000000
47038  12.860  -20.068  52.412 0.0000000000
46124  12.011  -20.457  51.060 0.0000000000
52785  21.310  -12.976  44.846 0.0000000000
53700  21.692  -13.547  45.978 0.0000000000
129632  22.212  -14.112  47.039 0.0000000000
52757  21.413  -13.917  46.980 0.0000000000
52742  21.200  -14.118  48.444 0.0000000000
50688  19.136  -15.961  57.436 0.0000000000
66729  54.985  1.182  20.172 0.0000000000
67570  55.778  2.584  20.580 0.0000000000
67571  54.971  2.292  21.053 0.0000000000
67561  54.526  2.831  21.675 0.0000000000
67536  54.118  3.320  23.656 0.0000000000
64979  51.994  -0.557  25.245 0.0000000000
65802  52.830  0.185  25.884 0.0000000000
116261  52.648  0.202  26.654 0.0000000000
65778  53.909  1.258  28.704 0.0000000000
62506  44.424  -3.429  24.183 0.0000000000
60526  44.358  -5.090  24.781 0.0000000000
60509  46.456  -5.500  25.870 0.0000000000
60483  48.044  -5.203  27.824 0.0000000000
59457  51.209  -6.762  32.521 0.0000000000
56710  35.156  -9.203  35.674 0.0000000000
56709  37.065  -9.221  35.498 0.0000000000
56679  36.492  -8.702  36.920 0.0000000000
110226  38.019  -8.667  37.924 0.0000000000
56645  39.071  -9.168  39.367 0.0000000000
48924  33.719  -17.427  43.871 0.0000000000
49914  33.997  -16.560  42.714 0.0000000000
48923  34.466  -16.957  43.912 0.0000000000
49893  35.678  -16.443  44.724 0.0000000000
50868  36.978  -15.161  44.445 0.0000000000
65075  49.201  -0.851  16.563 0.0000000000
113147  50.103  0.125  15.605 0.0000000000
64247  50.412  -1.902  16.684 0.0000000000
63414  51.649  -2.408  16.901 0.0000000000
63400  52.896  -2.603  17.024 0.0000000000
63399  53.711  -2.584  16.752 0.0000000000
64213  53.222  -1.623  18.376 0.0000000000
65034  54.199  -0.256  19.343 0.0000000000
65120  58.065  -1.440  12.644 0.0000000000
63468  58.358  -3.500  12.485 0.0000000000
62596  58.633  -4.315  12.711 0.0000000000
62579  59.046  -4.023  13.857 0.0000000000
124379  57.598  -4.317  13.113 0.0000000000
62581  56.846  -4.234  13.349 0.0000000000
63425  56.234  -3.146  15.043 0.0000000000
49857  26.449  -16.614  47.421 0.0000000000
48866  26.887  -17.179  48.040 0.0000000000
48852  27.040  -16.970  48.919 0.0000000000
48836  27.787  -17.721  50.521 0.0000000000
47898  28.571  -17.916  51.994 0.0000000000
48753  15.071  -18.480  57.678 0.0000000000
116614  15.817  -17.867  59.229 0.0000000000
48737  15.201  -18.025  59.653 0.0000000000
47813  14.620  -18.258  61.242 0.0000000000
47823  13.086  -18.814  60.976 0.0000000000
47804  13.580  -18.795  62.723 0.0000000000
64191  50.737  -2.025  21.106 0.0000000000
64174  51.737  -0.991  21.493 0.0000000000
64176  50.085  -1.692  21.455 0.0000000000
65848  50.067  0.163  22.361 0.0000000000
65828  49.914  0.316  22.880 0.0000000000
64179  47.509  -0.855  22.413 0.0000000000
64999  49.258  -0.176  23.160 0.0000000000
123242  50.797  -0.574  24.292 0.0000000000
64123  51.380  -1.089  24.991 0.0000000000
116262  51.265  -0.706  27.021 0.0000000000
64099  50.715  -1.614  28.103 0.0000000000
58634  44.225  -7.532  28.320 0.0000000000
59507  45.792  -6.842  28.277 0.0000000000
57743  45.564  -7.714  29.876 0.0000000000
111223  47.214  -7.671  31.024 0.0000000000
58586  48.442  -7.438  32.295 0.0000000000
58578  47.485  -7.571  33.715 0.0000000000
58577  48.305  -7.360  33.268 0.0000000000
59449  49.946  -6.822  33.591 0.0000000000
54733  35.521  -11.125  39.311 0.0000000000
49829  36.074  -15.947  49.185 0.0000000000
65061  48.505  -0.624  17.017 0.0000000000
64233  48.977  -1.460  17.121 0.0000000000
112651  49.823  -2.287  18.750 0.0000000000
65930  57.443  0.496  14.422 0.0000000000
65947  56.672  0.110  14.351 0.0000000000
43110  9.007  -23.288  58.464 0.0000000000
126009  9.404  -22.851  59.717 0.0000000000
43104  8.584  -23.738  59.208 0.0000000000
43097  8.358  -23.519  60.945 0.0000000000
43990  7.558  -22.730  63.835 0.0000000000
42209  6.528  -24.822  61.390 0.0000000000
59533  42.803  -6.572  26.432 0.0000000000
59535  41.030  -6.556  26.480 0.0000000000
58665  43.094  -7.117  27.074 0.0000000000
58635  43.384  -7.831  28.390 0.0000000000
111177  43.747  -8.364  29.764 0.0000000000
57726  43.528  -8.581  30.539 0.0000000000
56811  41.337  -9.049  29.758 0.0000000000
57727  42.687  -8.791  30.684 0.0000000000
57694  43.830  -8.559  32.103 0.0000000000
131479  43.787  -8.423  34.032 0.0000000000
113231  43.862  -8.622  34.903 0.0000000000
57628  43.899  -8.879  36.551 0.0000000000
48937  31.719  -17.675  42.497 0.0000000000
48026  29.493  -18.309  43.443 0.0000000000
48024  31.219  -18.207  43.872 0.0000000000
48925  32.516  -17.815  43.566 0.0000000000
48904  33.115  -17.942  45.175 0.0000000000
48891  33.944  -17.668  46.868 0.0000000000
48863  34.297  -17.337  48.296 0.0000000000
47955  27.675  -18.569  48.288 0.0000000000
47094  28.752  -19.633  48.432 0.0000000000
111332  30.130  -19.877  48.680 0.0000000000
46120  30.972  -20.188  51.507 0.0000000000
110330  30.931  -20.261  50.059 0.0000000000
47076  31.968  -19.281  48.808 0.0000000000
47937  32.719  -18.983  49.292 0.0000000000
48850  33.709  -18.049  49.351 0.0000000000
48833  34.696  -16.947  49.973 0.0000000000
52643  23.568  -13.640  55.517 0.0000000000
113222  22.131  -13.482  55.366 0.0000000000
52646  21.182  -13.495  55.472 0.0000000000
51639  20.239  -14.418  55.904 0.0000000000
51670  19.796  -14.734  52.600 0.0000000000
51648  19.881  -14.688  54.425 0.0000000000
50711  19.629  -15.226  55.914 0.0000000000
49755  18.408  -16.432  55.891 0.0000000000
49756  17.787  -16.877  55.449 0.0000000000
117596  16.815  -17.685  56.231 0.0000000000
49846  18.006  -16.213  47.987 0.0000000000
49834  17.473  -16.685  49.268 0.0000000000
49823  16.928  -17.076  50.599 0.0000000000
47960  15.111  -18.367  49.087 0.0000000000
48841  15.729  -17.969  50.592 0.0000000000
48810  16.463  -17.504  52.049 0.0000000000
48795  16.449  -17.751  53.712 0.0000000000
48784  15.929  -18.247  54.431 0.0000000000
47857  15.486  -18.600  55.893 0.0000000000
47858  14.777  -18.887  56.331 0.0000000000
47859  14.066  -19.239  56.612 0.0000000000
46988  12.758  -19.927  56.351 0.0000000000
46082  12.445  -20.330  53.843 0.0000000000
46070  12.234  -20.387  55.171 0.0000000000
47000  12.120  -20.418  55.948 0.0000000000
46061  11.112  -21.034  56.675 0.0000000000
45107  10.449  -21.641  56.302 0.0000000000
44028  9.427  -22.594  56.592 0.0000000000
44029  8.717  -23.038  56.308 0.0000000000
116129  8.341  -23.582  56.849 0.0000000000
48941  25.729  -17.447  42.535 0.0000000000
49906  25.319  -17.057  43.766 0.0000000000
49882  25.332  -16.387  45.125 0.0000000000
131759  24.305  -15.628  43.735 0.0000000000
49883  24.901  -15.974  44.741 0.0000000000
50838  25.560  -15.807  46.482 0.0000000000
50818  25.430  -15.253  47.260 0.0000000000
51756  25.172  -14.799  48.056 0.0000000000
51704  24.699  -14.302  49.905 0.0000000000
131498  22.823  -14.153  48.104 0.0000000000
52724  23.946  -14.008  49.527 0.0000000000
51684  24.841  -14.292  51.472 0.0000000000
52682  24.030  -13.907  52.367 0.0000000000
52655  24.075  -13.876  53.883 0.0000000000
43997  9.506  -22.274  61.197 0.0000000000
45998  10.076  -20.524  63.718 0.0000000000
68367  57.294  3.349  22.062 0.0000000000
66708  51.928  1.377  21.995 0.0000000000
67537  53.176  3.005  23.375 0.0000000000
67515  54.455  2.818  25.037 0.0000000000
120227  53.859  1.291  25.650 0.0000000000
66656  54.660  1.767  26.155 0.0000000000
67502  56.010  2.543  26.322 0.0000000000
64148  44.928  -1.287  23.212 0.0000000000
127560  46.149  -1.520  23.491 0.0000000000
62505  45.301  -3.527  24.147 0.0000000000
62504  47.334  -3.406  24.421 0.0000000000
112114  48.278  -3.276  24.577 0.0000000000
63300  49.573  -2.883  26.307 0.0000000000
123191  50.243  -2.069  27.656 0.0000000000
63280  51.097  -2.055  28.903 0.0000000000
59505  47.358  -6.289  28.866 0.0000000000
59504  48.058  -5.969  29.035 0.0000000000
60470  49.088  -5.039  28.825 0.0000000000
59466  50.685  -6.299  31.255 0.0000000000
60445  50.575  -5.628  30.650 0.0000000000
61451  49.727  -4.615  29.132 0.0000000000
62438  50.901  -3.438  29.485 0.0000000000
63259  51.455  -2.607  29.721 0.0000000000
117002  37.707  -9.868  32.085 0.0000000000
56741  39.330  -9.272  33.550 0.0000000000
56725  37.670  -9.433  34.586 0.0000000000
56723  39.296  -9.129  34.392 0.0000000000
57668  40.623  -8.864  34.448 0.0000000000
57650  41.549  -8.745  35.474 0.0000000000
123674  43.244  -8.956  36.778 0.0000000000
56656  44.117  -9.051  37.888 0.0000000000
50904  33.836  -15.709  41.187 0.0000000000
128872  35.254  -12.776  39.654 0.0000000000
53801  35.692  -11.943  39.721 0.0000000000
54720  36.517  -10.821  40.433 0.0000000000
50814  36.645  -15.680  47.667 0.0000000000
50832  37.286  -15.314  46.294 0.0000000000
51798  37.717  -14.582  44.826 0.0000000000
52780  38.949  -13.337  45.453 0.0000000000
133207  37.853  -13.706  43.841 0.0000000000
53751  37.687  -12.580  42.618 0.0000000000
54687  37.406  -11.268  41.565 0.0000000000
55634  37.194  -9.960  40.722 0.0000000000
56612  38.024  -9.721  41.100 0.0000000000
116668  39.163  -9.540  41.234 0.0000000000
111228  40.622  -9.516  40.171 0.0000000000
56576  41.271  -9.246  43.821 0.0000000000
114461  41.598  -9.458  41.789 0.0000000000
56627  41.527  -9.553  40.269 0.0000000000
56625  42.998  -9.343  39.740 0.0000000000
65092  55.213  -0.476  13.870 0.0000000000
65106  54.864  -1.507  13.554 0.0000000000
62600  54.903  -3.607  13.660 0.0000000000
62567  54.856  -3.604  14.708 0.0000000000
64257  55.814  -2.470  15.687 0.0000000000
64228  55.023  -1.271  16.907 0.0000000000
65073  55.825  -0.818  16.591 0.0000000000
65072  56.784  -0.435  16.373 0.0000000000
65902  58.051  0.139  16.946 0.0000000000
52642  24.359  -13.770  56.052 0.0000000000
52641  25.084  -14.032  56.723 0.0000000000
44021  9.651  -22.511  57.317 0.0000000000
45084  10.051  -21.996  58.737 0.0000000000
125508  45.319  -8.663  37.630 0.0000000000
57604  46.079  -8.520  37.613 0.0000000000
48892  26.611  -17.617  46.409 0.0000000000
50820  19.210  -15.042  47.219 0.0000000000
130838  19.223  -15.138  47.930 0.0000000000
50841  18.559  -15.647  46.873 0.0000000000
51758  19.887  -14.367  47.275 0.0000000000
48742  17.230  -17.345  58.014 0.0000000000
126462  16.780  -17.633  58.477 0.0000000000
65028  52.633  -0.823  21.248 0.0000000000
121849  52.172  0.052  29.120 0.0000000000
59532  43.674  -6.535  26.457 0.0000000000
59531  44.471  -6.462  26.479 0.0000000000
59519  44.717  -6.722  27.022 0.0000000000
56665  35.062  -8.934  38.501 0.0000000000
128592  35.582  -9.118  38.957 0.0000000000
56648  36.359  -9.218  39.372 0.0000000000
132123  36.314  -9.599  39.691 0.0000000000
48862  34.897  -16.808  48.005 0.0000000000
48874  35.053  -16.799  47.143 0.0000000000
64199  51.690  -1.987  19.980 0.0000000000
64188  52.938  -1.209  20.304 0.0000000000
64276  56.209  -1.445  12.962 0.0000000000
50765  25.955  -15.335  50.369 0.0000000000
50751  26.016  -15.304  51.157 0.0000000000
122562  12.982  -19.591  57.798 0.0000000000
129562  12.991  -19.422  58.637 0.0000000000
63376  47.201  -2.313  19.626 0.0000000000
63364  48.271  -2.463  20.660 0.0000000000
63365  47.303  -2.409  20.673 0.0000000000
63335  47.391  -0.734  23.148 0.0000000000
64134  48.106  -1.390  23.723 0.0000000000
63319  48.698  -2.495  24.288 0.0000000000
57710  45.547  -8.285  31.599 0.0000000000
57693  45.385  -8.310  32.371 0.0000000000
42217  7.374  -24.649  58.990 0.0000000000
58669  39.592  -7.104  26.995 0.0000000000
124157  39.416  -7.593  27.493 0.0000000000
57780  40.584  -7.980  27.870 0.0000000000
57781  39.672  -8.045  27.974 0.0000000000
118073  39.961  -9.406  32.017 0.0000000000
56759  40.885  -9.167  32.189 0.0000000000
57698  40.948  -8.979  33.001 0.0000000000
57683  41.485  -8.780  33.421 0.0000000000
128158  30.090  -19.093  46.528 0.0000000000
47988  30.718  -18.792  46.250 0.0000000000
47987  31.314  -18.764  46.774 0.0000000000
47106  31.144  -19.041  47.380 0.0000000000
47914  28.682  -18.793  51.377 0.0000000000
47926  28.870  -19.437  50.758 0.0000000000
52686  20.865  -13.880  52.379 0.0000000000
50754  17.996  -16.233  51.439 0.0000000000
50740  18.631  -15.778  52.727 0.0000000000
49791  17.950  -16.344  52.352 0.0000000000
128086  17.615  -16.703  53.023 0.0000000000
47052  13.875  -19.459  51.529 0.0000000000
47918  14.548  -18.947  51.364 0.0000000000
111546  14.317  -19.184  52.142 0.0000000000
47904  14.763  -18.910  52.690 0.0000000000
47036  14.161  -19.345  52.913 0.0000000000
47019  13.994  -19.474  53.722 0.0000000000
53710  22.113  -13.390  45.585 0.0000000000
53724  22.655  -13.360  45.270 0.0000000000
52784  23.096  -13.615  45.864 0.0000000000
51774  23.457  -13.885  46.435 0.0000000000
52771  22.783  -13.913  46.618 0.0000000000
52710  21.375  -13.789  50.952 0.0000000000
133300  22.019  -13.722  50.598 0.0000000000
113241  22.091  -13.797  52.102 0.0000000000
45048  7.954  -22.227  64.359 0.0000000000
45047  8.461  -21.860  64.309 0.0000000000
66727  56.609  2.061  19.385 0.0000000000
67578  57.115  2.722  19.861 0.0000000000
67579  56.370  2.483  19.992 0.0000000000
68341  55.683  3.455  24.406 0.0000000000
121610  56.206  3.444  24.103 0.0000000000
67513  56.459  2.592  25.807 0.0000000000
65826  51.112  0.926  23.610 0.0000000000
66678  51.751  1.196  23.933 0.0000000000
61474  48.419  -4.583  27.269 0.0000000000
61484  47.858  -4.703  26.383 0.0000000000
62468  48.965  -4.026  27.114 0.0000000000
61473  49.159  -4.226  27.733 0.0000000000
131175  49.088  -7.221  31.966 0.0000000000
59468  49.275  -6.964  31.346 0.0000000000
56744  36.119  -9.919  33.978 0.0000000000
56676  39.877  -8.895  37.847 0.0000000000
110227  40.832  -9.058  38.056 0.0000000000
126376  41.283  -9.261  38.429 0.0000000000
110618  40.918  -9.294  38.735 0.0000000000
48951  32.308  -17.240  41.942 0.0000000000
49926  32.740  -16.696  41.387 0.0000000000
49915  33.206  -16.803  42.204 0.0000000000
51813  36.679  -14.902  43.551 0.0000000000
50893  36.284  -14.850  42.887 0.0000000000
52826  36.634  -13.718  42.145 0.0000000000
54635  39.869  -11.764  45.390 0.0000000000
54658  39.278  -10.875  43.698 0.0000000000
55590  39.818  -10.463  44.238 0.0000000000
56559  40.041  -9.842  43.983 0.0000000000
63429  52.444  -2.632  15.765 0.0000000000
64258  51.867  -1.832  15.563 0.0000000000
64268  52.604  -2.072  14.921 0.0000000000
63428  53.745  -3.289  15.321 0.0000000000
65861  55.252  0.979  19.326 0.0000000000
65871  55.600  0.663  18.518 0.0000000000
66739  56.086  1.331  18.993 0.0000000000
66738  56.934  1.616  18.675 0.0000000000
113881  59.206  -4.861  13.735 0.0000000000
64255  57.621  -1.775  15.284 0.0000000000
64254  58.407  -1.744  15.485 0.0000000000
65082  57.926  -1.142  15.727 0.0000000000
64242  57.151  -1.060  15.697 0.0000000000
51654  25.253  -14.504  53.289 0.0000000000
51666  25.957  -15.048  52.896 0.0000000000
46049  11.122  -21.063  57.640 0.0000000000
116591  11.242  -20.817  59.014 0.0000000000
45064  10.406  -21.482  60.413 0.0000000000
46023  10.939  -20.822  60.528 0.0000000000
46939  11.310  -19.875  62.561 0.0000000000
46012  10.736  -20.488  62.079 0.0000000000
113795  45.021  -1.730  22.190 0.0000000000
64160  46.153  -0.891  22.903 0.0000000000
64161  45.389  -1.123  22.912 0.0000000000
58570  45.912  -8.028  34.591 0.0000000000
58563  45.814  -8.210  35.283 0.0000000000
41320  5.353  -25.960  59.191 0.0000000000
122367  4.548  -26.172  60.542 0.0000000000
41316  3.982  -26.302  61.147 0.0000000000
48029  26.912  -18.121  43.711 0.0000000000
48015  26.797  -18.078  44.518 0.0000000000
47991  27.711  -18.652  46.548 0.0000000000
113077  27.899  -18.625  45.664 0.0000000000
47990  28.603  -18.946  46.255 0.0000000000
47115  29.426  -19.136  46.412 0.0000000000
47116  28.929  -19.359  46.893 0.0000000000
51724  20.353  -14.270  49.651 0.0000000000
50783  19.317  -15.161  49.571 0.0000000000
49821  18.060  -16.178  49.737 0.0000000000
52786  20.702  -13.429  45.261 0.0000000000
52772  21.314  -13.323  45.696 0.0000000000
53711  21.737  -13.100  45.239 0.0000000000
117448  21.366  -13.710  46.408 0.0000000000
52728  20.974  -14.029  49.390 0.0000000000
49731  18.560  -16.500  57.908 0.0000000000
65853  54.368  0.683  20.655 0.0000000000
66716  55.217  1.860  20.489 0.0000000000
66706  53.334  1.892  21.591 0.0000000000
66705  54.151  2.087  21.323 0.0000000000
67562  53.639  2.630  21.885 0.0000000000
67547  54.034  3.204  22.585 0.0000000000
64974  52.330  -0.338  25.938 0.0000000000
127964  52.217  0.009  27.347 0.0000000000
65779  52.928  0.579  28.694 0.0000000000
61515  43.965  -4.312  24.422 0.0000000000
60494  46.176  -5.977  26.536 0.0000000000
60495  45.590  -5.862  25.857 0.0000000000
60493  47.039  -5.541  26.673 0.0000000000
60484  47.383  -5.655  27.541 0.0000000000
128745  35.665  -8.812  36.501 0.0000000000
126603  36.574  -8.944  36.145 0.0000000000
56678  37.200  -8.653  37.430 0.0000000000
56663  37.952  -8.986  39.084 0.0000000000
56662  38.945  -8.840  38.315 0.0000000000
48913  34.251  -17.385  44.563 0.0000000000
129264  34.612  -17.279  45.122 0.0000000000
49880  35.732  -16.543  45.559 0.0000000000
49879  36.242  -16.086  45.326 0.0000000000
50869  36.338  -15.799  44.568 0.0000000000
113174  36.760  -15.646  45.098 0.0000000000
64232  49.647  -1.709  16.933 0.0000000000
65074  49.949  -1.108  16.310 0.0000000000
118350  50.316  -2.102  17.298 0.0000000000
63402  51.482  -2.308  17.650 0.0000000000
63401  52.179  -2.413  17.367 0.0000000000
64231  52.660  -2.120  17.842 0.0000000000
65035  53.578  -0.769  19.850 0.0000000000
65046  53.765  -1.006  18.897 0.0000000000
65862  54.603  0.458  19.784 0.0000000000
63469  57.553  -2.667  12.463 0.0000000000
62608  57.933  -4.184  12.856 0.0000000000
62597  57.045  -4.252  12.912 0.0000000000
62611  56.002  -4.093  12.797 0.0000000000
62582  56.004  -4.108  13.643 0.0000000000
63440  56.592  -3.762  14.203 0.0000000000
126183  26.273  -16.063  47.772 0.0000000000
49844  26.547  -16.296  48.354 0.0000000000
132648  27.013  -16.302  50.820 0.0000000000
131944  27.338  -17.067  50.174 0.0000000000
49819  27.404  -16.810  50.907 0.0000000000
48822  28.018  -17.361  51.411 0.0000000000
48745  15.240  -18.205  58.553 0.0000000000
47838  14.382  -18.742  58.161 0.0000000000
47831  13.858  -18.679  59.622 0.0000000000
47821  14.533  -18.314  60.156 0.0000000000
117926  14.786  -18.358  62.130 0.0000000000
46954  11.827  -19.889  60.324 0.0000000000
46962  12.464  -19.387  60.366 0.0000000000
132529  12.529  -19.148  61.278 0.0000000000
63362  50.124  -2.383  20.590 0.0000000000
65020  49.607  -0.328  22.180 0.0000000000
65007  49.390  -0.185  22.570 0.0000000000
63355  46.955  -1.739  21.676 0.0000000000
65000  48.475  -0.407  23.059 0.0000000000
64998  50.103  0.135  23.611 0.0000000000
64132  50.595  -1.399  24.625 0.0000000000
64124  50.838  -1.640  25.575 0.0000000000
64113  50.612  -1.448  26.920 0.0000000000
58620  44.849  -7.624  29.029 0.0000000000
58597  46.380  -7.954  31.432 0.0000000000
58608  46.452  -7.655  30.472 0.0000000000
130381  47.122  -7.812  31.784 0.0000000000
58596  47.831  -7.606  31.639 0.0000000000
115160  46.743  -7.778  34.313 0.0000000000
58579  46.728  -7.841  33.259 0.0000000000
58569  47.508  -7.522  34.526 0.0000000000
58568  48.156  -7.233  34.236 0.0000000000
59440  48.817  -6.944  34.768 0.0000000000
59450  48.986  -6.969  33.861 0.0000000000
59438  50.570  -6.416  34.288 0.0000000000
54748  34.524  -11.006  37.983 0.0000000000
55656  34.769  -10.072  38.444 0.0000000000
54734  35.024  -11.093  38.689 0.0000000000
64215  48.494  -1.341  17.526 0.0000000000
63374  49.594  -2.497  19.648 0.0000000000
126776  49.163  -2.326  18.926 0.0000000000
63373  50.417  -2.386  19.531 0.0000000000
43117  8.432  -23.734  57.758 0.0000000000
131465  8.537  -23.755  58.487 0.0000000000
114756  7.790  -24.009  60.792 0.0000000000
43098  7.753  -23.788  61.711 0.0000000000
43994  7.849  -23.078  62.717 0.0000000000
43093  7.334  -23.789  62.528 0.0000000000
42215  5.980  -25.352  60.807 0.0000000000
42210  5.826  -25.131  61.671 0.0000000000
59551  42.488  -5.964  25.809 0.0000000000
59552  41.534  -5.974  25.982 0.0000000000
58668  40.542  -7.094  26.916 0.0000000000
58667  41.391  -7.077  26.890 0.0000000000
58666  42.219  -7.059  26.932 0.0000000000
123724  42.396  -7.440  27.392 0.0000000000
58646  42.846  -7.638  27.787 0.0000000000
57778  42.103  -7.832  27.823 0.0000000000
111305  41.737  -8.625  28.882 0.0000000000
57760  42.498  -8.175  28.455 0.0000000000
131986  42.469  -8.540  29.129 0.0000000000
57745  42.831  -8.650  29.816 0.0000000000
57747  39.904  -8.837  29.027 0.0000000000
56812  40.317  -9.184  29.705 0.0000000000
56774  41.763  -8.981  31.800 0.0000000000
56773  41.879  -9.060  30.909 0.0000000000
57712  42.501  -8.794  31.476 0.0000000000
119621  43.002  -8.628  31.951 0.0000000000
117785  43.819  -8.424  33.107 0.0000000000
57695  43.056  -8.574  32.669 0.0000000000
57665  42.961  -8.647  34.600 0.0000000000
57648  43.925  -8.766  35.732 0.0000000000
48953  30.611  -17.642  41.453 0.0000000000
48952  31.459  -17.467  41.679 0.0000000000
48938  30.858  -17.797  42.266 0.0000000000
48013  28.611  -18.404  44.006 0.0000000000
114509  29.650  -18.433  44.237 0.0000000000
48011  31.424  -18.352  44.658 0.0000000000
48926  31.881  -17.923  43.294 0.0000000000
48023  32.053  -18.102  44.059 0.0000000000
48915  32.928  -17.868  44.217 0.0000000000
48010  32.268  -18.202  44.874 0.0000000000
47969  32.581  -18.505  47.285 0.0000000000
48001  33.396  -17.934  46.160 0.0000000000
47985  33.265  -18.090  47.103 0.0000000000
48876  33.785  -17.759  47.711 0.0000000000
48851  27.292  -17.809  48.625 0.0000000000
48865  27.175  -18.003  47.752 0.0000000000
47064  29.179  -19.860  50.100 0.0000000000
47080  28.737  -19.674  49.361 0.0000000000
133571  29.317  -19.832  48.821 0.0000000000
47079  29.628  -19.961  49.416 0.0000000000
47062  31.326  -20.227  50.780 0.0000000000
125901  31.618  -20.055  50.121 0.0000000000
47077  31.406  -19.919  49.427 0.0000000000
47061  32.176  -19.636  49.717 0.0000000000
48834  34.097  -17.711  50.154 0.0000000000
52656  23.279  -13.703  54.417 0.0000000000
130109  22.849  -13.565  55.153 0.0000000000
52659  20.885  -13.734  54.420 0.0000000000
52658  21.565  -13.585  54.654 0.0000000000
51638  20.706  -13.812  55.914 0.0000000000
51647  20.402  -14.047  55.030 0.0000000000
51685  20.304  -14.280  52.066 0.0000000000
50728  18.740  -15.780  53.613 0.0000000000
50727  19.338  -15.262  53.997 0.0000000000
50718  19.452  -15.302  54.890 0.0000000000
50712  18.956  -15.859  55.411 0.0000000000
48773  17.267  -17.349  55.875 0.0000000000
48774  16.698  -17.758  55.571 0.0000000000
49848  16.783  -17.119  48.765 0.0000000000
49835  16.890  -17.090  49.702 0.0000000000
47976  14.998  -18.228  48.154 0.0000000000
48826  16.371  -17.542  51.088 0.0000000000
115958  16.627  -17.475  52.859 0.0000000000
48811  15.933  -18.002  52.784 0.0000000000
47877  15.200  -18.717  54.141 0.0000000000
48775  16.070  -18.215  55.316 0.0000000000
47869  14.816  -18.926  55.526 0.0000000000
47008  13.880  -19.562  54.437 0.0000000000
127735  14.299  -19.244  55.906 0.0000000000
46998  13.578  -19.645  55.914 0.0000000000
46999  12.781  -20.015  55.502 0.0000000000
46110  11.973  -20.523  51.995 0.0000000000
47021  12.843  -20.075  53.270 0.0000000000
46083  11.307  -20.806  54.404 0.0000000000
130358  11.977  -20.524  54.495 0.0000000000
46060  11.720  -20.623  56.542 0.0000000000
123002  11.487  -20.809  56.025 0.0000000000
45123  10.141  -21.687  55.317 0.0000000000
45124  9.780  -22.122  56.015 0.0000000000
45108  9.976  -22.060  56.865 0.0000000000
43122  7.890  -23.570  55.886 0.0000000000
112178  24.894  -16.631  43.576 0.0000000000
48929  25.186  -17.070  43.081 0.0000000000
49895  25.214  -16.673  44.382 0.0000000000
51818  23.533  -14.384  43.104 0.0000000000
50888  23.997  -15.407  43.143 0.0000000000
125687  24.005  -14.923  43.854 0.0000000000
51802  24.680  -15.289  44.998 0.0000000000
50859  25.132  -15.675  45.585 0.0000000000
50839  24.997  -15.028  46.439 0.0000000000
51739  24.929  -14.589  48.705 0.0000000000
51722  25.138  -14.666  49.359 0.0000000000
51723  24.431  -14.312  49.105 0.0000000000
52740  22.305  -14.174  47.924 0.0000000000
52725  23.311  -13.817  49.960 0.0000000000
52707  24.261  -14.060  50.565 0.0000000000
52694  24.190  -13.979  51.549 0.0000000000
52668  23.174  -13.763  53.393 0.0000000000
52667  23.823  -13.880  53.042 0.0000000000
120181  24.164  -13.810  54.951 0.0000000000
52632  22.812  -13.389  57.436 0.0000000000
48736  16.070  -17.784  60.246 0.0000000000
110497  16.643  -17.669  59.360 0.0000000000
130025  16.633  -17.808  60.874 0.0000000000
44002  9.458  -22.638  60.398 0.0000000000
45999  9.463  -20.974  64.200 0.0000000000
45046  9.509  -21.110  63.031 0.0000000000
45993  10.066  -20.711  64.672 0.0000000000
67559  56.111  3.300  21.065 0.0000000000
68368  56.757  3.427  21.322 0.0000000000
68356  56.463  3.672  22.269 0.0000000000
67526  57.211  2.555  24.439 0.0000000000
65018  51.058  -0.052  21.888 0.0000000000
65846  51.401  0.760  22.018 0.0000000000
66676  52.908  2.427  24.301 0.0000000000
66684  52.478  2.331  23.350 0.0000000000
67529  53.660  2.963  24.342 0.0000000000
65801  53.448  0.669  26.247 0.0000000000
66657  54.140  1.248  26.361 0.0000000000
67488  55.458  2.116  26.732 0.0000000000
67503  55.206  2.546  25.795 0.0000000000
67487  56.132  2.176  27.222 0.0000000000
67501  56.586  2.121  26.603 0.0000000000
63338  44.441  -1.681  23.669 0.0000000000
64149  44.006  -1.514  23.319 0.0000000000
63337  45.263  -1.565  23.531 0.0000000000
61513  45.617  -4.460  24.569 0.0000000000
62493  47.842  -3.965  24.996 0.0000000000
62503  49.080  -3.131  24.835 0.0000000000
62491  49.155  -3.350  25.678 0.0000000000
62466  49.845  -2.861  27.795 0.0000000000
63281  50.481  -2.431  28.373 0.0000000000
58619  46.459  -7.189  29.619 0.0000000000
59506  46.538  -6.666  28.749 0.0000000000
59492  47.074  -6.733  29.408 0.0000000000
59490  48.428  -6.239  29.684 0.0000000000
60458  48.756  -5.659  29.246 0.0000000000
60456  50.307  -4.927  29.875 0.0000000000
61449  50.883  -4.184  29.893 0.0000000000
61450  50.338  -4.087  29.294 0.0000000000
128327  37.192  -9.904  32.859 0.0000000000
56762  38.008  -9.709  32.825 0.0000000000
56761  38.516  -9.639  32.335 0.0000000000
123899  38.621  -9.489  33.181 0.0000000000
56708  37.973  -9.105  35.577 0.0000000000
56706  39.295  -8.972  35.250 0.0000000000
57652  39.884  -8.871  35.546 0.0000000000
57669  39.945  -8.943  34.807 0.0000000000
57651  40.636  -8.802  35.339 0.0000000000
113386  41.222  -8.764  34.850 0.0000000000
115035  41.081  -8.765  36.105 0.0000000000
56673  42.547  -9.263  37.926 0.0000000000
57607  42.914  -9.107  37.337 0.0000000000
57606  43.695  -9.020  37.315 0.0000000000
56657  43.360  -9.263  38.124 0.0000000000
49904  34.639  -16.471  43.245 0.0000000000
49924  33.938  -16.163  41.957 0.0000000000
50883  34.694  -15.874  42.464 0.0000000000
51843  35.453  -14.571  41.628 0.0000000000
50911  34.577  -14.996  41.192 0.0000000000
51857  34.403  -14.567  40.389 0.0000000000
52854  34.747  -13.963  40.182 0.0000000000
52853  35.335  -13.459  40.330 0.0000000000
53785  36.338  -12.488  40.847 0.0000000000
53786  35.788  -12.647  40.266 0.0000000000
54704  36.196  -11.777  40.334 0.0000000000
54703  36.780  -11.555  40.913 0.0000000000
50778  36.764  -15.515  49.680 0.0000000000
50796  36.647  -15.623  48.580 0.0000000000
51749  37.879  -14.828  47.253 0.0000000000
51766  37.720  -14.941  46.675 0.0000000000
51783  37.893  -14.663  45.871 0.0000000000
53719  39.208  -12.411  44.831 0.0000000000
52793  38.674  -13.304  44.577 0.0000000000
52807  38.217  -13.250  43.885 0.0000000000
52808  37.681  -13.453  43.269 0.0000000000
53737  38.233  -12.597  43.315 0.0000000000
54672  37.816  -11.532  42.348 0.0000000000
55613  37.907  -10.541  42.063 0.0000000000
55622  37.616  -10.292  41.312 0.0000000000
128333  37.723  -9.882  41.028 0.0000000000
55621  38.073  -9.947  41.633 0.0000000000
121683  39.294  -9.659  42.086 0.0000000000
56610  40.059  -9.522  40.901 0.0000000000
56557  41.486  -9.221  44.698 0.0000000000
56575  42.053  -8.974  44.141 0.0000000000
111595  42.368  -9.122  42.417 0.0000000000
56608  42.418  -9.335  41.309 0.0000000000
110519  41.810  -9.532  40.969 0.0000000000
56626  42.340  -9.461  40.414 0.0000000000
56607  43.081  -9.149  40.724 0.0000000000
110384  55.318  1.065  14.242 0.0000000000
65085  50.399  -0.550  15.788 0.0000000000
114170  50.724  0.084  15.286 0.0000000000
65093  54.306  -0.866  13.994 0.0000000000
117396  54.696  -2.498  13.427 0.0000000000
63456  54.283  -3.090  13.888 0.0000000000
63427  54.501  -3.367  15.393 0.0000000000
63426  55.326  -3.339  15.283 0.0000000000
64229  54.255  -1.772  17.263 0.0000000000
65888  55.917  0.336  17.768 0.0000000000
64243  56.254  -1.367  15.952 0.0000000000
65903  57.120  0.212  16.964 0.0000000000
130739  57.419  -0.106  16.618 0.0000000000
126039  57.991  1.137  17.979 0.0000000000
64287  58.917  -1.835  11.749 0.0000000000
51637  24.934  -14.058  55.511 0.0000000000
45083  10.629  -21.554  58.101 0.0000000000
115570  10.718  -21.397  58.921 0.0000000000
45073  10.361  -21.715  59.598 0.0000000000
57646  45.327  -8.466  35.729 0.0000000000
57645  46.089  -8.288  35.954 0.0000000000
48905  26.241  -17.662  44.806 0.0000000000
48007  26.744  -17.976  45.194 0.0000000000
47992  27.066  -18.179  45.918 0.0000000000
117402  19.868  -14.673  49.083 0.0000000000
50803  18.517  -15.839  48.487 0.0000000000
52787  19.989  -14.041  45.744 0.0000000000
120658  21.066  -13.838  46.931 0.0000000000
52774  20.337  -13.994  46.754 0.0000000000
49732  17.740  -16.974  57.343 0.0000000000
49725  17.912  -16.859  58.442 0.0000000000
49710  17.435  -17.383  59.774 0.0000000000
65854  53.711  0.294  21.146 0.0000000000
65844  53.112  1.007  21.518 0.0000000000
64970  51.693  -0.351  27.593 0.0000000000
60511  43.916  -5.650  25.293 0.0000000000
59549  44.209  -6.091  25.886 0.0000000000
59530  45.302  -6.357  26.600 0.0000000000
59529  45.954  -6.326  27.132 0.0000000000
57612  35.276  -8.684  38.004 0.0000000000
57611  36.218  -8.633  37.838 0.0000000000
57581  37.059  -9.053  39.484 0.0000000000
56647  37.512  -9.270  39.956 0.0000000000
48902  34.648  -17.278  45.807 0.0000000000
48889  35.297  -16.798  46.227 0.0000000000
49869  35.709  -16.409  46.892 0.0000000000
132040  36.134  -16.117  46.786 0.0000000000
63389  50.600  -2.266  18.650 0.0000000000
63403  50.775  -2.218  17.858 0.0000000000
63371  51.843  -2.043  19.059 0.0000000000
64214  52.508  -1.867  18.740 0.0000000000
63470  56.676  -3.331  12.534 0.0000000000
63471  55.854  -3.444  12.658 0.0000000000
49832  26.736  -16.299  49.330 0.0000000000
50781  26.400  -15.776  49.874 0.0000000000
49820  26.593  -15.845  50.777 0.0000000000
49804  27.082  -16.222  51.368 0.0000000000
47846  13.801  -19.168  57.480 0.0000000000
47832  13.160  -18.896  59.981 0.0000000000
129009  11.769  -19.632  62.041 0.0000000000
46947  12.326  -19.251  62.028 0.0000000000
63375  48.674  -2.507  19.628 0.0000000000
63352  49.522  -2.114  21.268 0.0000000000
63353  48.747  -2.009  21.432 0.0000000000
64178  48.358  -1.005  22.060 0.0000000000
112628  48.065  -0.636  23.201 0.0000000000
64146  48.927  -0.867  23.583 0.0000000000
64133  49.760  -1.588  24.293 0.0000000000
63307  49.656  -2.754  25.368 0.0000000000
57724  45.063  -8.156  30.405 0.0000000000
58588  46.625  -7.945  32.330 0.0000000000
110294  48.024  -7.326  35.249 0.0000000000
43118  7.739  -24.188  57.511 0.0000000000
42213  7.429  -24.466  60.059 0.0000000000
58648  40.959  -7.526  27.363 0.0000000000
57779  41.377  -7.908  27.818 0.0000000000
56791  40.367  -9.391  30.485 0.0000000000
56775  40.564  -9.386  31.292 0.0000000000
117554  42.290  -8.662  33.077 0.0000000000
57682  42.188  -8.625  33.953 0.0000000000
57666  41.979  -8.692  34.789 0.0000000000
112009  29.752  -18.611  45.108 0.0000000000
48004  30.809  -18.588  45.377 0.0000000000
48002  32.430  -18.287  45.832 0.0000000000
47986  32.117  -18.563  46.642 0.0000000000
48835  27.850  -18.333  49.890 0.0000000000
47938  28.147  -19.053  49.661 0.0000000000
111200  29.666  -19.878  50.778 0.0000000000
46118  32.821  -19.963  51.753 0.0000000000
47925  32.935  -19.215  50.141 0.0000000000
52669  22.325  -13.732  53.452 0.0000000000
52657  22.335  -13.639  54.357 0.0000000000
52671  20.761  -13.844  53.654 0.0000000000
113673  19.118  -15.275  51.206 0.0000000000
50752  19.175  -15.265  52.197 0.0000000000
49778  18.232  -16.294  54.114 0.0000000000
49779  17.663  -16.758  53.753 0.0000000000
49768  17.113  -17.252  54.195 0.0000000000
133359  16.288  -17.526  48.680 0.0000000000
47932  14.548  -18.859  50.424 0.0000000000
47944  14.512  -18.770  49.529 0.0000000000
127285  15.109  -18.550  51.677 0.0000000000
47903  15.284  -18.494  52.343 0.0000000000
123497  14.809  -18.951  54.834 0.0000000000
47878  14.463  -19.191  54.304 0.0000000000
47009  13.253  -19.883  54.010 0.0000000000
46097  10.773  -21.003  53.877 0.0000000000
46084  10.685  -21.195  54.738 0.0000000000
50887  24.422  -16.103  43.326 0.0000000000
52797  22.852  -13.086  44.287 0.0000000000
51773  24.209  -14.301  46.489 0.0000000000
52739  23.315  -14.132  48.130 0.0000000000
52727  21.702  -13.945  49.127 0.0000000000
52726  22.384  -13.967  48.855 0.0000000000
52709  22.376  -13.791  49.817 0.0000000000
111704  22.830  -13.722  50.869 0.0000000000
52695  23.485  -13.806  51.669 0.0000000000
52696  22.742  -13.750  51.858 0.0000000000
52684  22.554  -13.763  52.670 0.0000000000
127155  8.496  -22.565  62.518 0.0000000000
45052  8.911  -21.911  62.754 0.0000000000
45042  8.985  -21.515  64.650 0.0000000000
68357  55.743  3.838  22.633 0.0000000000
68347  56.281  3.666  23.227 0.0000000000
66663  57.291  1.514  25.874 0.0000000000
66696  51.503  1.290  22.467 0.0000000000
66685  51.377  1.327  23.215 0.0000000000
66677  52.351  1.679  24.148 0.0000000000
65819  53.056  1.408  24.928 0.0000000000
131373  53.828  1.270  27.926 0.0000000000
119695  54.426  1.607  27.983 0.0000000000
63322  44.869  -2.420  23.934 0.0000000000
61496  46.721  -4.912  25.325 0.0000000000
61495  47.491  -4.570  25.515 0.0000000000
61494  48.202  -4.203  25.746 0.0000000000
113493  48.737  -3.820  25.959 0.0000000000
62480  49.128  -3.547  26.599 0.0000000000
62467  49.383  -3.567  27.423 0.0000000000
62456  50.255  -3.319  28.709 0.0000000000
58606  47.997  -7.338  30.845 0.0000000000
59491  47.723  -6.510  29.564 0.0000000000
129183  48.762  -6.489  30.234 0.0000000000
59478  49.415  -6.472  30.634 0.0000000000
62415  51.965  -4.261  31.205 0.0000000000
55697  36.471  -10.043  33.273 0.0000000000
56691  39.915  -8.798  36.925 0.0000000000
57631  40.730  -8.830  36.782 0.0000000000
57630  41.568  -8.854  36.724 0.0000000000
57609  41.238  -8.960  37.401 0.0000000000
56674  41.744  -9.218  38.104 0.0000000000
56658  42.552  -9.425  38.745 0.0000000000
50894  35.599  -15.220  42.488 0.0000000000
52842  35.698  -13.782  41.109 0.0000000000
51842  36.058  -13.961  41.717 0.0000000000
112131  36.395  -13.233  41.417 0.0000000000
53752  37.072  -12.923  42.024 0.0000000000
50795  37.296  -15.224  48.949 0.0000000000
51715  37.974  -14.664  49.405 0.0000000000
51732  38.474  -14.332  48.667 0.0000000000
51748  38.373  -14.442  47.611 0.0000000000
54645  39.134  -11.781  44.073 0.0000000000
54659  38.773  -11.696  43.345 0.0000000000
131972  38.952  -10.992  43.127 0.0000000000
55600  39.064  -10.411  42.922 0.0000000000
56594  40.028  -9.563  42.674 0.0000000000
127754  51.322  -1.795  15.950 0.0000000000
65084  51.227  -0.883  15.499 0.0000000000
64267  53.453  -2.680  14.482 0.0000000000
63441  53.809  -3.255  14.637 0.0000000000
65044  55.087  0.036  17.989 0.0000000000
65887  56.734  0.583  17.581 0.0000000000
125603  59.070  -4.862  12.631 0.0000000000
64240  59.420  -1.490  16.501 0.0000000000
51683  25.452  -14.785  51.395 0.0000000000
50738  25.996  -15.149  51.987 0.0000000000
51644  26.348  -14.954  54.822 0.0000000000
46968  12.333  -19.893  58.602 0.0000000000
113415  11.751  -20.326  59.046 0.0000000000
46022  11.428  -20.270  60.778 0.0000000000
46011  11.342  -20.067  61.622 0.0000000000
46929  11.403  -19.813  63.499 0.0000000000
63356  46.162  -1.911  21.632 0.0000000000
112696  46.524  -0.863  23.112 0.0000000000
116005  45.301  -8.205  33.207 0.0000000000
121922  46.935  -7.823  35.513 0.0000000000
58552  46.773  -7.976  35.963 0.0000000000
58561  47.356  -7.701  35.751 0.0000000000
41319  6.011  -25.549  58.839 0.0000000000
41321  4.708  -26.301  59.573 0.0000000000
41303  4.402  -25.743  62.416 0.0000000000
56792  39.583  -9.413  30.234 0.0000000000
48028  27.742  -18.278  43.420 0.0000000000
113429  28.184  -18.524  44.839 0.0000000000
110325  29.329  -18.862  45.787 0.0000000000
52698  20.778  -13.945  51.484 0.0000000000
128120  19.743  -14.760  50.975 0.0000000000
51725  19.816  -14.636  49.821 0.0000000000
50766  19.464  -14.966  50.374 0.0000000000
116930  18.468  -15.807  51.072 0.0000000000
47067  13.932  -19.213  49.905 0.0000000000
114047  13.453  -19.729  51.002 0.0000000000
47053  13.228  -19.875  51.626 0.0000000000
47054  12.596  -20.228  51.598 0.0000000000
53726  21.814  -12.805  44.597 0.0000000000
53699  22.083  -13.826  46.271 0.0000000000
52756  21.690  -13.902  46.742 0.0000000000
113202  21.701  -14.065  47.422 0.0000000000
111183  21.350  -14.051  47.584 0.0000000000
67560  55.406  3.081  21.355 0.0000000000
68358  55.086  3.414  22.161 0.0000000000
68349  54.947  3.511  23.108 0.0000000000
68342  54.997  3.420  23.989 0.0000000000
128414  52.141  -0.079  24.768 0.0000000000
64978  52.501  0.015  25.300 0.0000000000
65793  53.160  0.702  27.091 0.0000000000
115329  52.712  0.428  27.620 0.0000000000
127005  53.367  0.895  27.859 0.0000000000
61514  44.794  -4.366  24.417 0.0000000000
60525  45.106  -5.037  24.795 0.0000000000
60510  44.855  -5.645  25.337 0.0000000000
61497  45.831  -5.228  25.150 0.0000000000
60508  47.176  -5.073  26.040 0.0000000000
61475  47.731  -5.173  27.023 0.0000000000
59458  50.335  -6.979  32.674 0.0000000000
56727  35.644  -9.631  34.797 0.0000000000
56726  36.599  -9.555  34.711 0.0000000000
111973  36.129  -9.273  35.552 0.0000000000
56694  37.402  -8.851  36.403 0.0000000000
110617  38.007  -8.688  37.049 0.0000000000
56661  39.704  -9.050  38.622 0.0000000000
56644  40.229  -9.312  39.256 0.0000000000
115132  33.053  -17.571  43.502 0.0000000000
130766  34.057  -16.924  43.358 0.0000000000
49903  35.171  -16.471  43.914 0.0000000000
50870  35.840  -15.915  43.933 0.0000000000
111258  36.391  -15.445  43.947 0.0000000000
63415  50.948  -2.274  17.130 0.0000000000
64246  51.138  -2.128  16.500 0.0000000000
63430  52.410  -2.602  16.600 0.0000000000
64230  53.432  -2.068  17.540 0.0000000000
64212  53.954  -1.263  17.985 0.0000000000
65045  54.423  -0.468  18.416 0.0000000000
65119  58.604  -1.086  12.212 0.0000000000
64288  58.558  -2.269  12.201 0.0000000000
62580  58.186  -4.038  13.159 0.0000000000
63439  57.735  -3.720  13.916 0.0000000000
63424  57.246  -2.760  14.738 0.0000000000
49871  26.035  -16.499  46.626 0.0000000000
48878  26.772  -17.437  47.201 0.0000000000
127089  27.420  -17.609  49.569 0.0000000000
49831  27.107  -16.850  49.643 0.0000000000
48821  28.222  -18.150  51.181 0.0000000000
49787  27.209  -16.083  52.238 0.0000000000
49786  27.968  -16.601  52.938 0.0000000000
48806  28.166  -17.152  52.155 0.0000000000
48752  15.728  -18.120  57.697 0.0000000000
48744  16.094  -17.845  58.469 0.0000000000
47830  14.528  -18.513  59.152 0.0000000000
48729  15.288  -17.956  60.766 0.0000000000
48721  15.382  -18.076  61.763 0.0000000000
46967  12.739  -19.442  59.377 0.0000000000
47815  12.993  -18.821  61.962 0.0000000000
47814  13.878  -18.547  61.787 0.0000000000
64190  51.433  -1.835  21.005 0.0000000000
64175  50.766  -1.123  21.620 0.0000000000
65019  50.297  -0.153  22.044 0.0000000000
65847  50.689  0.400  22.225 0.0000000000
65836  50.465  0.609  22.587 0.0000000000
65827  50.455  0.693  23.247 0.0000000000
65822  50.875  0.304  24.002 0.0000000000
65022  48.243  -0.560  22.590 0.0000000000
64990  51.585  -0.366  24.568 0.0000000000
64118  51.537  -0.975  26.035 0.0000000000
64112  51.142  -0.904  27.814 0.0000000000
64098  51.334  -1.222  28.704 0.0000000000
58644  44.493  -7.090  27.617 0.0000000000
58633  45.062  -7.203  28.263 0.0000000000
58632  45.727  -7.190  28.990 0.0000000000
58589  45.996  -8.034  32.835 0.0000000000
58576  49.274  -7.142  32.802 0.0000000000
55655  35.319  -10.228  39.052 0.0000000000
55647  35.776  -10.357  39.553 0.0000000000
49830  35.429  -16.425  49.680 0.0000000000
49843  35.458  -16.392  48.592 0.0000000000
116254  36.229  -15.882  50.646 0.0000000000
131612  49.364  -1.858  17.399 0.0000000000
63390  49.042  -1.969  18.008 0.0000000000
63361  50.966  -2.243  20.266 0.0000000000
65948  56.033  -0.486  13.831 0.0000000000
44022  9.052  -23.067  57.340 0.0000000000
44008  9.567  -22.768  59.013 0.0000000000
44003  8.889  -23.272  60.117 0.0000000000
43101  8.183  -23.883  60.100 0.0000000000
43998  8.412  -23.071  61.804 0.0000000000
42214  6.653  -24.921  60.460 0.0000000000
43099  6.982  -24.266  61.967 0.0000000000
43090  7.164  -23.417  63.316 0.0000000000
43991  6.929  -23.153  64.252 0.0000000000
60513  42.594  -5.324  25.123 0.0000000000
60512  43.176  -5.654  25.344 0.0000000000
59534  41.908  -6.543  26.436 0.0000000000
58645  43.665  -7.378  27.671 0.0000000000
57744  43.989  -7.980  29.043 0.0000000000
57759  43.155  -8.291  29.082 0.0000000000
57725  44.369  -8.384  30.469 0.0000000000
111373  44.159  -8.554  31.220 0.0000000000
57762  40.264  -8.418  28.449 0.0000000000
57746  40.785  -8.784  29.004 0.0000000000
120278  41.132  -9.274  30.600 0.0000000000
132440  41.627  -9.124  30.334 0.0000000000
56810  42.096  -8.971  30.147 0.0000000000
57711  43.282  -8.651  31.316 0.0000000000
115000  44.621  -8.387  32.693 0.0000000000
57680  44.555  -8.301  33.586 0.0000000000
57664  44.546  -8.389  34.450 0.0000000000
57647  44.594  -8.563  35.305 0.0000000000
57627  44.649  -8.700  36.208 0.0000000000
57605  44.576  -8.831  37.200 0.0000000000
48969  31.171  -17.336  40.833 0.0000000000
48039  28.635  -18.111  42.387 0.0000000000
112813  29.370  -18.145  42.634 0.0000000000
48038  30.203  -18.077  42.873 0.0000000000
48025  30.366  -18.268  43.673 0.0000000000
48037  31.060  -18.008  43.064 0.0000000000
48914  33.632  -17.697  44.617 0.0000000000
111139  34.139  -17.597  46.164 0.0000000000
48875  34.438  -17.288  47.439 0.0000000000
47972  27.652  -18.644  47.427 0.0000000000
47954  28.155  -19.165  48.811 0.0000000000
47971  28.189  -19.208  47.933 0.0000000000
47109  28.846  -19.544  47.583 0.0000000000
47093  29.540  -19.722  48.079 0.0000000000
114440  30.540  -19.550  47.821 0.0000000000
47047  30.181  -19.883  51.471 0.0000000000
47063  30.532  -20.181  50.742 0.0000000000
47078  30.561  -20.050  49.364 0.0000000000
111545  31.058  -19.767  48.644 0.0000000000
47092  31.485  -19.224  47.994 0.0000000000
47952  32.665  -18.763  48.595 0.0000000000
47951  33.231  -18.458  48.886 0.0000000000
47936  33.342  -18.595  49.649 0.0000000000
48864  33.712  -17.880  48.557 0.0000000000
48849  34.182  -17.423  49.191 0.0000000000
52644  22.979  -13.420  56.272 0.0000000000
52645  22.030  -13.359  56.448 0.0000000000
52634  21.270  -13.532  56.579 0.0000000000
51669  20.386  -14.112  53.042 0.0000000000
51657  19.849  -14.699  53.517 0.0000000000
118922  19.902  -14.722  55.209 0.0000000000
50701  19.040  -15.915  56.391 0.0000000000
49766  18.310  -16.340  54.987 0.0000000000
49743  17.821  -16.937  56.332 0.0000000000
48763  17.243  -17.395  56.645 0.0000000000
48764  16.673  -17.779  56.851 0.0000000000
49833  18.003  -16.202  48.855 0.0000000000
49847  17.430  -16.663  48.372 0.0000000000
49822  17.532  -16.705  50.155 0.0000000000
49808  17.526  -16.679  51.006 0.0000000000
48869  15.758  -17.883  48.653 0.0000000000
47943  15.126  -18.385  50.040 0.0000000000
48856  15.729  -17.945  49.632 0.0000000000
48840  16.345  -17.545  50.146 0.0000000000
49809  16.965  -17.020  51.491 0.0000000000
49792  17.153  -16.940  52.414 0.0000000000
48796  15.773  -18.273  53.656 0.0000000000
48783  16.593  -17.780  54.714 0.0000000000
48765  16.184  -18.086  56.251 0.0000000000
111750  16.103  -18.049  57.056 0.0000000000
47844  15.449  -18.505  56.870 0.0000000000
46987  13.321  -19.593  56.874 0.0000000000
46975  12.676  -19.861  57.085 0.0000000000
120437  12.690  -20.158  54.668 0.0000000000
46989  12.198  -20.245  56.798 0.0000000000
46048  11.677  -20.602  57.251 0.0000000000
46072  10.888  -21.157  55.720 0.0000000000
45094  10.596  -21.602  57.218 0.0000000000
44041  9.152  -22.588  55.734 0.0000000000
128780  8.042  -23.866  57.204 0.0000000000
43123  7.601  -24.023  56.677 0.0000000000
42231  6.918  -24.531  56.986 0.0000000000
48927  26.339  -17.779  43.185 0.0000000000
48928  25.720  -17.436  43.484 0.0000000000
48917  25.702  -17.322  44.276 0.0000000000
48906  25.750  -17.073  45.165 0.0000000000
50875  24.461  -15.451  44.348 0.0000000000
50858  25.638  -16.452  45.830 0.0000000000
49858  25.969  -15.950  47.271 0.0000000000
49845  25.931  -15.554  48.067 0.0000000000
50801  25.545  -15.099  48.795 0.0000000000
121068  25.349  -14.811  50.110 0.0000000000
52755  22.806  -14.136  47.508 0.0000000000
112257  23.068  -13.971  48.822 0.0000000000
52738  23.735  -14.121  48.774 0.0000000000
116270  25.041  -14.442  50.708 0.0000000000
51668  24.700  -14.195  52.337 0.0000000000
51655  24.463  -14.067  53.122 0.0000000000
51646  24.695  -14.052  54.557 0.0000000000
45074  9.852  -22.278  59.721 0.0000000000
45065  9.892  -22.032  60.500 0.0000000000
112473  9.970  -21.602  61.223 0.0000000000
45056  9.504  -21.767  62.014 0.0000000000
46013  9.984  -21.018  62.022 0.0000000000
46003  10.176  -20.613  62.799 0.0000000000
45997  10.736  -20.173  64.090 0.0000000000
67569  56.621  3.055  20.504 0.0000000000
68373  57.548  3.310  21.324 0.0000000000
65017  51.972  0.005  21.692 0.0000000000
65845  52.221  0.918  21.743 0.0000000000
66707  52.548  1.651  21.828 0.0000000000
66695  52.253  1.956  22.407 0.0000000000
67548  53.241  2.834  22.486 0.0000000000
67528  54.389  3.206  24.365 0.0000000000
68327  55.078  3.266  24.706 0.0000000000
65808  53.053  0.643  25.420 0.0000000000
66664  54.390  2.049  25.572 0.0000000000
117920  55.262  3.061  25.234 0.0000000000
67514  55.831  3.034  25.578 0.0000000000
64162  44.606  -1.443  22.794 0.0000000000
114537  46.300  -3.649  24.322 0.0000000000
112205  46.735  -2.495  23.968 0.0000000000
63320  47.727  -2.438  24.108 0.0000000000
63290  49.886  -2.310  26.985 0.0000000000
64079  51.623  -1.567  29.557 0.0000000000
59517  46.256  -6.468  27.845 0.0000000000
59516  47.010  -6.146  28.111 0.0000000000
60472  47.702  -5.761  28.329 0.0000000000
60471  48.394  -5.396  28.560 0.0000000000
112222  50.643  -6.835  31.872 0.0000000000
59477  50.111  -6.196  30.805 0.0000000000
60444  51.254  -5.699  31.223 0.0000000000
60446  49.832  -5.767  30.220 0.0000000000
60457  49.472  -5.336  29.520 0.0000000000
61462  49.389  -4.410  28.444 0.0000000000
61461  49.887  -4.035  28.735 0.0000000000
62424  51.571  -3.628  30.333 0.0000000000
56777  38.260  -9.746  31.425 0.0000000000
56760  39.290  -9.428  32.666 0.0000000000
56707  38.711  -8.959  35.668 0.0000000000
56724  38.601  -9.175  34.908 0.0000000000
56742  38.583  -9.358  34.023 0.0000000000
56722  39.999  -9.046  33.971 0.0000000000
57684  40.728  -8.920  33.675 0.0000000000
57649  42.484  -8.755  35.582 0.0000000000
57629  42.484  -8.887  36.568 0.0000000000
113232  43.225  -8.837  36.098 0.0000000000
50903  34.404  -15.601  41.740 0.0000000000
110940  34.020  -15.168  40.592 0.0000000000
53809  35.142  -12.005  39.105 0.0000000000
54721  35.965  -10.981  39.939 0.0000000000
55646  36.218  -10.048  40.007 0.0000000000
49842  36.051  -15.980  48.158 0.0000000000
49855  36.112  -16.053  47.315 0.0000000000
50833  36.634  -15.796  46.756 0.0000000000
118238  37.125  -15.351  48.072 0.0000000000
50813  37.321  -15.305  47.243 0.0000000000
50853  36.734  -15.736  45.839 0.0000000000
50852  37.271  -15.222  45.379 0.0000000000
51812  37.454  -14.311  43.855 0.0000000000
52766  38.860  -13.892  47.056 0.0000000000
52765  39.180  -13.372  46.327 0.0000000000
112560  38.609  -14.005  46.081 0.0000000000
51782  38.382  -14.016  45.164 0.0000000000
51797  38.056  -13.861  44.354 0.0000000000
53769  37.425  -12.136  41.993 0.0000000000
54660  38.189  -11.880  42.857 0.0000000000
55623  37.036  -10.586  40.935 0.0000000000
55635  36.743  -10.136  40.446 0.0000000000
56630  36.740  -9.656  40.079 0.0000000000
56629  37.449  -9.636  40.451 0.0000000000
56628  37.954  -9.480  40.551 0.0000000000
56611  38.588  -9.770  41.775 0.0000000000
116870  38.378  -9.607  41.085 0.0000000000
112359  38.687  -9.409  40.424 0.0000000000
111784  39.643  -9.427  40.210 0.0000000000
56558  40.755  -9.590  44.324 0.0000000000
129253  40.475  -9.530  43.522 0.0000000000
56593  41.175  -9.337  42.833 0.0000000000
56592  41.922  -9.089  43.336 0.0000000000
118708  40.716  -9.487  42.062 0.0000000000
56609  40.915  -9.553  41.133 0.0000000000
56643  41.190  -9.475  39.450 0.0000000000
56642  42.063  -9.518  39.564 0.0000000000
57574  43.622  -9.047  40.258 0.0000000000
57580  43.850  -9.108  39.565 0.0000000000
65931  55.658  0.282  14.210 0.0000000000
63455  55.076  -3.214  13.194 0.0000000000
62584  54.523  -3.511  14.289 0.0000000000
62583  55.229  -3.871  13.988 0.0000000000
62566  55.658  -3.721  14.480 0.0000000000
64245  54.588  -2.297  16.587 0.0000000000
64244  55.405  -1.852  16.300 0.0000000000
65886  57.602  0.671  17.518 0.0000000000
65885  58.600  0.661  17.716 0.0000000000
44009  9.115  -23.207  59.312 0.0000000000
45057  8.967  -22.427  61.881 0.0000000000
47953  32.263  -18.787  48.017 0.0000000000
49870  26.402  -17.058  46.742 0.0000000000
49894  34.893  -16.918  44.590 0.0000000000
49905  33.441  -17.135  43.077 0.0000000000
59479  48.708  -6.929  30.772 0.0000000000
62598  56.282  -4.312  13.007 0.0000000000
65008  48.609  -0.394  22.767 0.0000000000
66717  54.637  1.478  20.866 0.0000000000
67538  52.773  2.574  22.680 0.0000000000
68326  55.634  3.266  24.990 0.0000000000
123141  49.968  -0.830  21.854 0.0000000000
126298  56.684  2.981  24.535 0.0000000000
126601  41.832  -8.771  36.111 0.0000000000
130612  21.916  -14.089  47.273 0.0000000000
132743  33.699  -18.224  49.881 0.0000000000
133380  40.795  -9.265  30.101 0.0000000000
