#!ascii label  , from subject sub-v1s21x0050410_ses-1 vox2ras=TkReg
1365
140168  -42.247  -17.457  27.025 0.0000000000
64715  -56.700  -9.165  16.768 0.0000000000
61632  -48.387  -12.590  21.337 0.0000000000
34804  -17.652  -38.682  50.065 0.0000000000
56141  -38.627  -16.996  33.934 0.0000000000
38651  -34.468  -34.874  46.578 0.0000000000
41760  -39.787  -31.425  44.466 0.0000000000
49961  -41.511  -23.738  39.629 0.0000000000
54143  -41.971  -19.225  38.345 0.0000000000
37640  -25.307  -35.679  44.361 0.0000000000
35766  -30.220  -37.522  48.556 0.0000000000
38708  -29.576  -34.299  43.524 0.0000000000
43610  -35.821  -29.977  40.090 0.0000000000
47768  -37.847  -25.806  40.078 0.0000000000
57147  -45.403  -16.741  33.373 0.0000000000
58206  -46.995  -14.836  30.522 0.0000000000
61670  -53.436  -11.827  19.448 0.0000000000
58282  -45.130  -15.253  23.426 0.0000000000
64773  -54.143  -9.466  11.081 0.0000000000
122013  -13.426  -40.583  48.972 0.0000000000
57101  -42.185  -15.877  36.865 0.0000000000
57199  -40.738  -16.914  30.715 0.0000000000
39818  -33.636  -33.930  40.158 0.0000000000
37664  -37.935  -36.032  43.561 0.0000000000
61576  -49.759  -12.935  26.541 0.0000000000
71192  -59.365  -2.202  8.004 0.0000000000
48901  -40.140  -24.291  37.863 0.0000000000
51089  -41.240  -22.198  37.484 0.0000000000
37660  -27.460  -35.151  43.775 0.0000000000
47800  -35.825  -25.941  38.042 0.0000000000
122316  -38.255  -25.391  37.740 0.0000000000
47788  -40.230  -25.357  39.748 0.0000000000
57200  -43.716  -16.921  30.294 0.0000000000
58176  -46.394  -16.130  31.982 0.0000000000
57222  -44.909  -15.790  28.699 0.0000000000
63695  -54.688  -10.248  18.477 0.0000000000
133049  -56.663  -11.634  21.689 0.0000000000
64730  -58.989  -9.905  15.760 0.0000000000
126157  -17.914  -37.335  45.744 0.0000000000
124474  -16.058  -39.789  49.827 0.0000000000
55125  -40.624  -17.643  36.438 0.0000000000
57072  -41.707  -16.501  38.162 0.0000000000
57116  -40.275  -16.335  35.450 0.0000000000
128889  -41.683  -16.028  34.106 0.0000000000
57158  -39.509  -16.082  32.990 0.0000000000
36659  -32.118  -36.334  47.810 0.0000000000
36607  -32.304  -37.248  50.342 0.0000000000
37549  -34.256  -35.860  49.417 0.0000000000
37564  -35.948  -35.359  48.714 0.0000000000
39831  -31.492  -33.409  39.207 0.0000000000
40864  -33.246  -32.770  38.307 0.0000000000
42696  -37.887  -30.623  42.136 0.0000000000
39805  -37.050  -33.434  41.680 0.0000000000
39771  -39.020  -33.925  43.032 0.0000000000
37629  -39.991  -35.918  45.458 0.0000000000
36651  -21.849  -36.194  47.875 0.0000000000
35740  -23.734  -37.318  49.949 0.0000000000
35685  -22.981  -37.441  52.291 0.0000000000
60471  -46.220  -13.228  22.549 0.0000000000
59284  -47.407  -14.493  25.398 0.0000000000
61610  -48.721  -12.714  24.204 0.0000000000
71218  -59.971  -2.247  6.645 0.0000000000
32861  -16.058  -40.278  52.828 0.0000000000
128222  -42.311  -22.921  42.180 0.0000000000
124302  -42.475  -20.643  41.604 0.0000000000
52158  -42.044  -21.245  39.565 0.0000000000
132587  -41.604  -20.135  37.115 0.0000000000
137696  -26.086  -37.230  47.248 0.0000000000
35745  -28.518  -37.711  49.264 0.0000000000
36673  -27.818  -36.956  46.252 0.0000000000
37623  -30.289  -35.634  45.421 0.0000000000
37646  -31.873  -34.651  44.773 0.0000000000
42750  -34.190  -30.214  37.531 0.0000000000
45627  -34.676  -27.652  38.055 0.0000000000
44590  -36.399  -28.286  40.389 0.0000000000
45586  -37.988  -27.957  42.059 0.0000000000
46693  -39.473  -26.486  42.570 0.0000000000
47753  -42.100  -25.407  41.873 0.0000000000
37638  -23.643  -35.372  44.608 0.0000000000
57105  -46.333  -16.263  36.301 0.0000000000
58114  -49.379  -14.662  38.236 0.0000000000
57137  -48.049  -16.127  34.627 0.0000000000
140618  -49.314  -15.081  32.872 0.0000000000
123953  -50.471  -12.572  20.582 0.0000000000
62679  -51.568  -11.732  22.914 0.0000000000
62681  -53.643  -11.630  22.289 0.0000000000
138497  -8.559  -41.961  50.063 0.0000000000
57244  -44.199  -16.475  25.673 0.0000000000
60481  -44.104  -13.870  21.515 0.0000000000
61666  -47.853  -12.555  19.115 0.0000000000
61695  -49.801  -12.014  18.001 0.0000000000
63725  -51.774  -10.420  16.359 0.0000000000
136290  -54.096  -10.156  15.255 0.0000000000
63768  -55.546  -10.267  13.712 0.0000000000
63778  -52.548  -10.394  12.387 0.0000000000
120033  -13.816  -40.550  53.090 0.0000000000
32856  -11.552  -40.603  52.657 0.0000000000
32873  -9.295  -40.910  51.814 0.0000000000
58078  -45.197  -15.161  41.159 0.0000000000
56073  -42.801  -17.547  40.562 0.0000000000
57064  -43.257  -15.913  39.708 0.0000000000
58122  -44.362  -15.729  38.055 0.0000000000
137659  -43.606  -16.248  34.831 0.0000000000
57162  -43.105  -16.869  32.467 0.0000000000
120489  -41.204  -17.553  28.964 0.0000000000
35727  -30.309  -37.870  51.400 0.0000000000
39788  -32.138  -33.605  41.974 0.0000000000
121925  -34.055  -34.652  43.845 0.0000000000
40853  -35.010  -32.312  39.791 0.0000000000
38737  -35.855  -35.254  41.996 0.0000000000
37625  -35.914  -35.480  45.129 0.0000000000
37587  -38.308  -35.666  47.672 0.0000000000
36630  -19.059  -36.585  47.295 0.0000000000
36631  -20.016  -36.375  48.510 0.0000000000
35721  -19.513  -37.423  50.250 0.0000000000
58245  -46.106  -15.329  26.592 0.0000000000
59256  -48.056  -14.009  28.382 0.0000000000
120563  -50.802  -12.154  29.925 0.0000000000
62644  -50.862  -11.730  25.359 0.0000000000
63783  -57.534  -9.952  12.483 0.0000000000
65707  -58.780  -8.444  11.456 0.0000000000
134175  -60.147  -5.899  11.317 0.0000000000
70215  -57.770  -3.528  9.171 0.0000000000
67546  -61.319  -6.145  10.545 0.0000000000
48910  -39.312  -24.551  36.615 0.0000000000
49994  -40.175  -23.277  36.690 0.0000000000
50008  -39.349  -23.596  35.051 0.0000000000
47826  -37.228  -25.415  36.715 0.0000000000
48909  -38.647  -24.921  36.275 0.0000000000
48900  -39.508  -24.729  37.485 0.0000000000
56216  -43.178  -17.069  28.754 0.0000000000
125281  -44.382  -16.430  29.992 0.0000000000
57229  -43.645  -16.589  28.118 0.0000000000
64702  -55.618  -9.585  17.758 0.0000000000
63684  -56.906  -10.495  19.423 0.0000000000
63698  -57.263  -9.669  18.980 0.0000000000
64705  -58.270  -8.929  17.531 0.0000000000
64729  -57.948  -9.584  15.842 0.0000000000
34826  -17.433  -38.393  47.990 0.0000000000
34825  -16.785  -38.815  47.516 0.0000000000
33827  -16.845  -39.187  49.742 0.0000000000
56130  -40.068  -17.078  35.721 0.0000000000
56122  -40.626  -16.583  36.216 0.0000000000
56129  -39.628  -16.741  35.038 0.0000000000
57142  -39.689  -16.061  33.868 0.0000000000
57141  -38.895  -16.399  33.605 0.0000000000
137351  -25.752  -37.485  51.501 0.0000000000
119973  -33.035  -35.295  47.111 0.0000000000
37561  -32.829  -36.059  48.202 0.0000000000
37563  -34.263  -35.444  48.432 0.0000000000
123646  -35.060  -35.538  49.140 0.0000000000
138520  -34.956  -35.018  47.327 0.0000000000
41770  -38.685  -31.351  43.304 0.0000000000
40799  -38.633  -32.307  43.093 0.0000000000
40794  -39.644  -32.450  43.955 0.0000000000
138799  -40.493  -34.396  44.041 0.0000000000
35778  -24.853  -37.201  48.136 0.0000000000
35741  -24.376  -37.400  49.730 0.0000000000
35707  -24.523  -37.451  51.033 0.0000000000
59120  -47.583  -14.333  40.752 0.0000000000
137029  -46.857  -12.789  22.127 0.0000000000
61609  -48.039  -12.769  23.498 0.0000000000
61619  -48.386  -12.567  22.792 0.0000000000
122421  -41.958  -22.974  41.293 0.0000000000
51055  -41.978  -22.152  40.793 0.0000000000
51066  -41.609  -22.698  39.323 0.0000000000
52187  -41.319  -21.501  37.001 0.0000000000
53193  -40.703  -20.765  35.807 0.0000000000
54176  -40.343  -19.322  35.199 0.0000000000
36685  -26.238  -36.482  45.778 0.0000000000
36672  -26.983  -36.901  46.387 0.0000000000
133908  -26.680  -36.114  45.013 0.0000000000
38707  -28.707  -34.303  43.454 0.0000000000
37643  -28.792  -35.382  44.452 0.0000000000
38682  -29.877  -34.690  44.150 0.0000000000
37645  -30.939  -34.942  45.007 0.0000000000
38684  -31.189  -34.524  44.223 0.0000000000
45635  -34.171  -27.591  37.235 0.0000000000
46725  -36.915  -25.822  39.030 0.0000000000
46718  -35.672  -26.938  39.241 0.0000000000
45608  -36.699  -27.321  40.367 0.0000000000
44579  -37.656  -28.412  41.379 0.0000000000
143429  -37.811  -26.921  41.333 0.0000000000
45587  -38.574  -27.534  42.501 0.0000000000
46705  -38.321  -26.366  41.459 0.0000000000
48869  -41.261  -24.633  39.703 0.0000000000
47771  -40.650  -25.529  40.576 0.0000000000
48852  -41.884  -24.928  41.022 0.0000000000
48846  -42.508  -24.489  42.472 0.0000000000
37639  -24.466  -35.554  44.457 0.0000000000
120959  -45.600  -16.482  34.929 0.0000000000
57106  -47.180  -16.228  36.173 0.0000000000
57149  -46.730  -16.440  33.839 0.0000000000
58188  -46.669  -15.485  31.173 0.0000000000
57167  -47.950  -15.909  32.847 0.0000000000
58190  -48.089  -14.941  31.886 0.0000000000
59204  -49.521  -14.127  32.399 0.0000000000
59232  -48.705  -13.972  31.391 0.0000000000
61668  -51.704  -12.353  19.610 0.0000000000
123680  -52.082  -12.372  21.137 0.0000000000
61637  -53.667  -12.274  20.956 0.0000000000
62686  -58.707  -11.411  22.589 0.0000000000
61681  -48.262  -12.377  18.342 0.0000000000
62754  -47.866  -11.613  17.255 0.0000000000
63723  -50.179  -10.751  16.254 0.0000000000
122599  -50.865  -10.533  14.914 0.0000000000
130711  -52.805  -10.226  15.888 0.0000000000
119856  -52.022  -10.570  14.129 0.0000000000
63766  -53.167  -10.505  13.070 0.0000000000
32963  -14.898  -40.010  47.631 0.0000000000
121012  -12.733  -40.590  49.066 0.0000000000
32827  -15.566  -40.433  54.547 0.0000000000
32860  -15.298  -40.501  52.599 0.0000000000
121490  -13.948  -40.733  54.045 0.0000000000
32839  -11.466  -40.943  53.622 0.0000000000
32837  -9.863  -40.918  53.153 0.0000000000
130973  -10.060  -40.591  51.682 0.0000000000
31966  -9.243  -41.230  52.616 0.0000000000
128787  -8.808  -41.878  51.748 0.0000000000
54114  -42.467  -19.983  40.054 0.0000000000
133693  -42.729  -19.187  41.424 0.0000000000
55099  -42.235  -18.545  39.277 0.0000000000
132876  -41.988  -15.896  37.774 0.0000000000
57073  -42.167  -15.952  38.685 0.0000000000
58108  -42.565  -15.714  38.294 0.0000000000
126164  -43.917  -15.489  38.868 0.0000000000
57085  -43.845  -15.828  37.355 0.0000000000
57103  -44.364  -16.043  36.500 0.0000000000
122070  -42.801  -15.980  36.099 0.0000000000
57160  -41.201  -16.294  32.185 0.0000000000
57144  -42.495  -16.482  33.274 0.0000000000
120009  -41.974  -16.733  31.706 0.0000000000
56159  -42.223  -17.099  31.064 0.0000000000
119620  -40.980  -17.278  29.875 0.0000000000
35746  -29.379  -37.665  48.874 0.0000000000
127041  -28.903  -37.672  50.363 0.0000000000
35747  -30.019  -37.617  49.571 0.0000000000
39832  -32.371  -33.562  39.372 0.0000000000
39816  -31.780  -33.456  40.284 0.0000000000
38747  -32.906  -34.072  41.670 0.0000000000
131468  -33.095  -34.284  42.947 0.0000000000
38748  -33.674  -34.503  41.433 0.0000000000
43616  -34.996  -30.032  38.915 0.0000000000
41822  -34.591  -31.856  39.189 0.0000000000
41823  -35.210  -31.351  39.664 0.0000000000
38739  -37.741  -34.871  42.293 0.0000000000
38751  -36.626  -34.535  41.682 0.0000000000
37663  -36.565  -35.941  43.279 0.0000000000
37662  -35.732  -35.737  43.376 0.0000000000
120647  -36.804  -36.007  44.844 0.0000000000
37603  -36.899  -35.474  46.630 0.0000000000
120099  -38.321  -35.995  45.969 0.0000000000
45559  -40.624  -27.675  45.167 0.0000000000
141854  -21.390  -36.254  48.313 0.0000000000
36618  -21.334  -36.710  49.492 0.0000000000
36616  -19.808  -36.776  49.189 0.0000000000
35659  -22.916  -38.107  54.729 0.0000000000
58265  -44.506  -16.105  24.312 0.0000000000
58243  -44.816  -16.072  25.977 0.0000000000
58256  -46.068  -15.409  25.718 0.0000000000
60432  -48.652  -13.568  25.639 0.0000000000
59276  -48.102  -13.973  26.990 0.0000000000
60409  -48.584  -13.673  27.720 0.0000000000
60386  -49.298  -13.192  29.043 0.0000000000
61553  -49.750  -12.893  28.165 0.0000000000
62667  -52.284  -11.261  23.420 0.0000000000
62654  -50.712  -11.392  24.100 0.0000000000
62656  -51.960  -10.761  24.776 0.0000000000
140941  -54.792  -10.112  12.252 0.0000000000
63782  -56.761  -10.007  12.744 0.0000000000
64774  -55.562  -9.668  11.506 0.0000000000
65721  -57.800  -8.366  10.335 0.0000000000
66677  -57.913  -7.401  10.405 0.0000000000
66651  -59.915  -7.125  12.285 0.0000000000
67544  -58.016  -6.385  10.539 0.0000000000
71203  -57.129  -2.142  7.911 0.0000000000
71189  -56.482  -2.407  8.698 0.0000000000
71176  -58.201  -2.925  8.624 0.0000000000
69296  -59.561  -3.796  9.918 0.0000000000
69297  -60.574  -4.302  9.569 0.0000000000
69301  -60.605  -4.052  8.889 0.0000000000
69320  -60.870  -5.192  6.877 0.0000000000
49967  -40.728  -23.794  38.277 0.0000000000
49968  -41.270  -23.284  38.745 0.0000000000
51088  -40.690  -22.730  37.160 0.0000000000
51105  -40.441  -22.469  36.387 0.0000000000
37659  -26.569  -35.282  43.709 0.0000000000
47813  -36.517  -25.603  37.416 0.0000000000
47802  -37.562  -25.569  38.393 0.0000000000
47785  -37.717  -25.658  39.196 0.0000000000
47769  -38.711  -25.623  40.226 0.0000000000
47804  -39.201  -25.384  38.782 0.0000000000
48882  -40.399  -24.563  38.607 0.0000000000
57181  -44.776  -16.842  31.943 0.0000000000
57165  -45.851  -16.604  32.680 0.0000000000
121516  -44.980  -16.627  31.258 0.0000000000
58204  -45.628  -15.650  30.014 0.0000000000
58218  -46.214  -15.144  29.483 0.0000000000
62737  -53.600  -11.135  18.700 0.0000000000
62708  -54.706  -11.902  20.067 0.0000000000
62725  -55.543  -11.482  19.788 0.0000000000
62711  -57.168  -11.553  20.562 0.0000000000
63744  -60.199  -9.852  15.289 0.0000000000
127603  -15.643  -39.606  47.641 0.0000000000
32919  -15.029  -40.238  49.297 0.0000000000
55114  -41.527  -18.230  37.770 0.0000000000
139680  -41.804  -18.194  38.611 0.0000000000
129531  -41.073  -17.633  37.169 0.0000000000
56123  -40.876  -16.840  37.017 0.0000000000
57100  -41.326  -16.131  36.648 0.0000000000
57134  -41.816  -15.869  35.065 0.0000000000
57133  -40.814  -15.911  34.894 0.0000000000
127360  -40.438  -15.965  33.099 0.0000000000
57176  -40.468  -16.438  31.570 0.0000000000
36637  -31.554  -36.873  48.274 0.0000000000
143846  -31.031  -37.270  48.694 0.0000000000
36638  -32.316  -36.560  48.724 0.0000000000
133456  -33.526  -36.670  50.350 0.0000000000
37541  -36.180  -35.860  50.114 0.0000000000
40863  -32.464  -33.016  38.005 0.0000000000
39833  -33.227  -33.567  39.503 0.0000000000
42708  -36.820  -30.731  41.139 0.0000000000
41811  -36.184  -31.260  40.750 0.0000000000
40805  -37.385  -32.314  41.820 0.0000000000
141265  -38.521  -34.008  42.667 0.0000000000
37665  -38.795  -35.568  43.205 0.0000000000
37651  -39.356  -36.028  44.777 0.0000000000
138710  -40.098  -34.946  43.650 0.0000000000
37596  -23.217  -35.801  46.045 0.0000000000
139969  -22.622  -36.307  47.571 0.0000000000
36605  -22.565  -37.151  50.401 0.0000000000
36596  -22.094  -37.204  51.162 0.0000000000
35706  -23.449  -37.372  51.463 0.0000000000
59317  -45.494  -14.526  23.194 0.0000000000
59297  -46.467  -14.610  24.404 0.0000000000
60450  -46.949  -13.807  24.112 0.0000000000
60452  -48.318  -13.480  24.876 0.0000000000
61601  -48.900  -13.078  25.060 0.0000000000
65717  -53.148  -8.209  10.421 0.0000000000
126641  -55.305  -9.077  10.312 0.0000000000
66687  -54.109  -7.321  9.848 0.0000000000
72158  -57.656  -1.582  7.287 0.0000000000
71206  -59.889  -2.487  7.681 0.0000000000
72171  -58.794  -1.066  6.544 0.0000000000
72185  -59.598  -1.799  5.710 0.0000000000
134599  -18.315  -38.670  51.462 0.0000000000
33812  -17.309  -39.448  51.658 0.0000000000
53126  -42.750  -21.212  43.299 0.0000000000
52125  -42.454  -21.440  42.251 0.0000000000
137200  -42.238  -20.752  39.996 0.0000000000
53173  -42.158  -20.251  38.544 0.0000000000
52175  -41.583  -21.535  37.774 0.0000000000
53172  -41.905  -20.892  38.089 0.0000000000
122999  -41.876  -20.136  37.781 0.0000000000
122805  -40.752  -18.902  36.128 0.0000000000
55135  -40.261  -18.173  35.583 0.0000000000
35763  -26.107  -37.556  48.480 0.0000000000
130011  -26.540  -37.624  49.203 0.0000000000
35781  -27.316  -37.577  47.649 0.0000000000
35782  -28.174  -37.618  47.512 0.0000000000
35783  -29.062  -37.503  47.364 0.0000000000
37620  -27.589  -36.088  44.995 0.0000000000
36687  -28.943  -36.425  45.626 0.0000000000
36657  -30.479  -36.758  46.963 0.0000000000
36677  -31.224  -36.014  46.601 0.0000000000
37599  -32.021  -35.196  46.239 0.0000000000
38649  -32.798  -34.680  45.824 0.0000000000
44614  -34.709  -28.675  38.144 0.0000000000
43625  -35.030  -29.107  38.869 0.0000000000
46724  -35.388  -26.553  38.485 0.0000000000
45617  -35.417  -27.760  39.419 0.0000000000
44589  -35.921  -29.054  40.090 0.0000000000
43604  -36.889  -29.746  40.875 0.0000000000
43595  -37.958  -29.734  42.070 0.0000000000
43586  -38.768  -29.548  43.456 0.0000000000
42669  -39.864  -29.639  44.652 0.0000000000
44539  -39.046  -28.657  43.654 0.0000000000
45577  -39.582  -27.359  43.783 0.0000000000
46680  -39.992  -27.034  44.349 0.0000000000
47751  -39.793  -25.788  41.280 0.0000000000
47736  -40.888  -25.956  42.440 0.0000000000
47721  -41.507  -25.738  43.883 0.0000000000
48840  -42.472  -24.817  43.307 0.0000000000
37597  -23.867  -35.887  45.765 0.0000000000
126446  -47.032  -15.721  37.861 0.0000000000
58125  -47.700  -15.606  37.553 0.0000000000
58141  -48.570  -15.570  36.422 0.0000000000
119006  -49.763  -15.518  35.451 0.0000000000
134217  -47.375  -16.251  33.270 0.0000000000
57151  -48.773  -16.001  34.073 0.0000000000
121338  -49.641  -12.596  20.656 0.0000000000
121832  -49.637  -12.357  22.026 0.0000000000
61635  -51.008  -12.374  21.417 0.0000000000
62680  -52.377  -11.741  22.539 0.0000000000
62668  -53.912  -11.135  23.169 0.0000000000
130219  -55.107  -11.767  21.558 0.0000000000
63658  -55.524  -10.686  23.815 0.0000000000
56243  -41.633  -17.817  25.570 0.0000000000
56233  -43.106  -16.956  26.606 0.0000000000
57255  -42.766  -17.281  24.222 0.0000000000
138822  -43.216  -16.874  23.783 0.0000000000
124334  -44.039  -15.883  22.963 0.0000000000
59316  -44.862  -14.809  22.750 0.0000000000
60470  -45.461  -13.514  22.239 0.0000000000
60483  -45.868  -13.010  21.833 0.0000000000
61630  -46.458  -12.813  21.180 0.0000000000
119860  -47.968  -12.641  20.562 0.0000000000
61667  -49.296  -12.543  19.456 0.0000000000
122600  -50.022  -12.492  19.177 0.0000000000
62736  -51.278  -11.919  18.417 0.0000000000
139180  -49.065  -11.310  16.711 0.0000000000
62772  -50.706  -10.991  16.892 0.0000000000
62758  -52.154  -10.984  17.570 0.0000000000
63713  -53.616  -10.180  17.451 0.0000000000
124655  -54.194  -9.878  16.903 0.0000000000
63729  -55.610  -9.650  15.870 0.0000000000
63740  -56.325  -9.720  15.425 0.0000000000
63754  -55.208  -10.214  14.535 0.0000000000
122275  -54.033  -10.416  12.997 0.0000000000
63801  -53.769  -9.991  11.675 0.0000000000
64787  -52.809  -8.840  10.970 0.0000000000
33810  -15.980  -40.231  51.299 0.0000000000
133410  -15.112  -40.512  50.982 0.0000000000
127791  -13.495  -40.675  50.910 0.0000000000
119526  -12.485  -40.943  54.371 0.0000000000
32857  -12.629  -40.556  52.445 0.0000000000
127069  -12.694  -40.649  50.885 0.0000000000
127070  -11.770  -40.573  50.814 0.0000000000
137215  -10.665  -40.591  49.862 0.0000000000
32891  -9.258  -41.151  50.411 0.0000000000
31973  -8.884  -41.833  50.616 0.0000000000
58079  -46.221  -15.009  40.267 0.0000000000
56060  -43.473  -17.083  41.952 0.0000000000
56081  -42.346  -17.361  39.751 0.0000000000
57052  -42.777  -16.808  40.223 0.0000000000
58093  -43.854  -15.879  40.360 0.0000000000
58095  -45.481  -15.450  39.588 0.0000000000
58110  -45.868  -15.652  38.668 0.0000000000
57087  -45.573  -15.912  37.251 0.0000000000
57120  -44.929  -16.250  35.692 0.0000000000
127095  -45.005  -16.621  34.112 0.0000000000
127097  -42.861  -16.252  34.267 0.0000000000
57145  -43.522  -16.716  33.304 0.0000000000
57163  -44.103  -16.946  32.417 0.0000000000
57179  -43.524  -17.015  31.683 0.0000000000
56200  -42.638  -17.377  29.431 0.0000000000
56214  -41.756  -17.599  28.259 0.0000000000
57157  -37.979  -16.566  32.431 0.0000000000
57175  -38.467  -16.356  32.078 0.0000000000
57197  -38.754  -16.450  31.300 0.0000000000
56180  -39.135  -16.795  30.355 0.0000000000
56197  -39.505  -17.300  29.507 0.0000000000
132456  -40.501  -17.638  28.591 0.0000000000
55199  -40.643  -18.096  27.204 0.0000000000
56231  -41.136  -18.023  26.378 0.0000000000
131188  -31.242  -37.916  51.322 0.0000000000
39785  -29.448  -33.413  42.103 0.0000000000
131462  -30.862  -33.429  41.658 0.0000000000
38732  -30.903  -34.038  42.847 0.0000000000
132665  -31.883  -34.371  44.024 0.0000000000
38685  -32.564  -34.400  44.227 0.0000000000
38663  -34.355  -34.718  45.462 0.0000000000
41850  -33.948  -31.132  37.720 0.0000000000
40865  -33.964  -32.374  38.681 0.0000000000
39819  -34.387  -33.885  40.281 0.0000000000
40814  -35.968  -33.045  40.982 0.0000000000
39803  -35.574  -33.771  40.828 0.0000000000
38749  -34.326  -34.679  41.363 0.0000000000
37675  -34.572  -35.253  42.528 0.0000000000
38688  -35.155  -34.976  45.027 0.0000000000
38664  -35.219  -34.969  45.855 0.0000000000
38645  -36.142  -35.139  47.001 0.0000000000
37566  -37.559  -35.530  48.375 0.0000000000
35776  -18.057  -37.729  47.223 0.0000000000
132747  -18.728  -37.587  49.013 0.0000000000
37577  -20.515  -35.559  47.114 0.0000000000
37576  -19.651  -35.554  46.364 0.0000000000
35759  -19.302  -36.861  48.431 0.0000000000
35739  -19.356  -37.243  49.505 0.0000000000
35720  -18.801  -37.801  50.069 0.0000000000
34797  -18.977  -38.224  51.567 0.0000000000
35684  -21.800  -37.487  52.750 0.0000000000
57237  -44.208  -16.347  26.575 0.0000000000
58226  -45.541  -15.442  28.119 0.0000000000
131341  -46.295  -15.021  28.461 0.0000000000
129405  -47.055  -14.798  25.938 0.0000000000
59267  -47.443  -14.472  27.413 0.0000000000
59255  -47.486  -14.323  28.809 0.0000000000
60368  -49.197  -13.426  30.066 0.0000000000
61612  -49.772  -11.958  23.420 0.0000000000
61603  -50.223  -11.846  24.673 0.0000000000
61590  -50.201  -12.445  25.669 0.0000000000
63741  -57.258  -9.954  15.023 0.0000000000
63757  -59.008  -10.396  14.288 0.0000000000
63772  -59.539  -10.099  13.528 0.0000000000
64791  -56.708  -9.259  10.565 0.0000000000
64777  -58.574  -9.218  11.505 0.0000000000
64747  -60.532  -8.569  13.895 0.0000000000
65692  -60.584  -7.340  13.029 0.0000000000
66652  -61.003  -6.596  12.617 0.0000000000
69294  -57.379  -4.376  9.641 0.0000000000
69285  -58.966  -4.506  10.286 0.0000000000
68456  -60.676  -5.945  11.127 0.0000000000
69313  -60.716  -4.234  8.082 0.0000000000
48919  -39.073  -24.375  35.670 0.0000000000
123610  -39.662  -23.862  36.136 0.0000000000
56226  -42.957  -16.980  27.915 0.0000000000
64703  -56.382  -9.285  17.586 0.0000000000
119780  -56.823  -9.215  18.336 0.0000000000
64704  -57.207  -8.874  17.583 0.0000000000
122613  -57.685  -9.123  18.346 0.0000000000
64716  -57.589  -9.003  16.691 0.0000000000
34815  -17.485  -38.542  49.115 0.0000000000
56136  -39.100  -17.224  34.536 0.0000000000
57131  -39.225  -16.546  34.366 0.0000000000
121027  -26.367  -37.515  50.970 0.0000000000
35743  -25.992  -37.543  49.886 0.0000000000
37601  -33.615  -35.002  46.947 0.0000000000
37582  -33.456  -35.506  47.734 0.0000000000
130415  -34.291  -35.106  47.514 0.0000000000
37583  -35.041  -35.122  48.167 0.0000000000
41759  -39.187  -30.909  44.018 0.0000000000
41771  -39.164  -31.831  43.721 0.0000000000
40795  -40.237  -32.270  44.534 0.0000000000
35726  -25.166  -37.494  50.561 0.0000000000
119861  -47.904  -12.580  22.088 0.0000000000
120517  -48.819  -12.515  22.077 0.0000000000
141456  -41.724  -23.802  40.243 0.0000000000
51054  -41.762  -23.043  40.286 0.0000000000
52195  -40.303  -21.312  35.165 0.0000000000
37641  -26.178  -35.718  44.339 0.0000000000
38681  -29.122  -34.763  44.009 0.0000000000
38683  -30.519  -34.700  44.364 0.0000000000
38709  -30.503  -34.357  43.645 0.0000000000
46719  -37.223  -26.026  39.626 0.0000000000
121587  -36.520  -26.590  39.623 0.0000000000
46712  -37.196  -26.509  40.242 0.0000000000
45609  -37.367  -27.149  40.851 0.0000000000
46704  -37.783  -26.421  40.809 0.0000000000
46713  -38.257  -25.900  40.756 0.0000000000
48859  -41.641  -24.402  40.280 0.0000000000
49955  -41.910  -23.963  40.924 0.0000000000
37618  -24.953  -35.923  45.067 0.0000000000
127025  -45.881  -16.581  34.046 0.0000000000
120958  -46.395  -16.498  34.582 0.0000000000
58189  -47.490  -15.045  31.338 0.0000000000
59214  -48.210  -14.479  31.299 0.0000000000
59230  -47.757  -14.453  30.552 0.0000000000
61669  -52.533  -12.139  19.464 0.0000000000
133916  -53.076  -12.338  20.327 0.0000000000
62672  -58.110  -11.160  23.299 0.0000000000
122598  -51.708  -10.461  14.980 0.0000000000
63750  -51.262  -10.555  14.272 0.0000000000
63764  -51.283  -10.512  13.399 0.0000000000
128515  -14.271  -40.389  47.964 0.0000000000
121270  -13.754  -40.496  47.794 0.0000000000
32940  -13.107  -40.587  48.171 0.0000000000
136693  -14.759  -40.666  54.308 0.0000000000
135595  -13.943  -40.709  55.159 0.0000000000
31098  -8.801  -42.445  52.749 0.0000000000
54128  -42.368  -19.610  39.163 0.0000000000
132840  -42.509  -19.141  39.780 0.0000000000
57084  -42.809  -15.761  37.555 0.0000000000
58121  -43.352  -15.609  38.218 0.0000000000
57102  -43.302  -15.941  36.663 0.0000000000
57177  -41.395  -16.787  31.276 0.0000000000
56182  -41.613  -17.202  30.489 0.0000000000
137624  -29.484  -37.641  48.086 0.0000000000
119956  -32.789  -33.817  40.150 0.0000000000
38758  -33.256  -34.136  40.821 0.0000000000
42725  -35.351  -30.440  39.569 0.0000000000
42714  -35.743  -30.859  40.159 0.0000000000
37679  -37.948  -35.520  42.798 0.0000000000
37678  -37.078  -35.538  42.543 0.0000000000
140278  -37.321  -35.936  43.164 0.0000000000
128007  -37.053  -36.134  43.920 0.0000000000
37649  -37.725  -36.294  44.540 0.0000000000
37627  -37.512  -35.989  45.627 0.0000000000
120974  -38.437  -36.295  45.123 0.0000000000
45560  -40.745  -27.166  45.353 0.0000000000
36595  -21.103  -36.994  51.063 0.0000000000
58266  -45.196  -15.644  24.310 0.0000000000
58255  -45.403  -15.755  25.341 0.0000000000
60418  -48.855  -13.480  26.601 0.0000000000
130259  -49.386  -13.210  27.426 0.0000000000
63655  -52.647  -10.656  24.292 0.0000000000
119468  -51.896  -10.945  24.104 0.0000000000
63802  -54.682  -9.874  11.679 0.0000000000
138678  -55.321  -9.975  12.236 0.0000000000
122947  -54.999  -9.412  10.930 0.0000000000
67566  -57.144  -6.798  10.104 0.0000000000
142611  -57.509  -5.937  10.297 0.0000000000
71191  -58.621  -2.219  8.112 0.0000000000
137522  -57.564  -2.441  8.217 0.0000000000
71177  -59.247  -2.799  8.547 0.0000000000
70217  -59.878  -3.289  9.245 0.0000000000
137312  -60.282  -3.515  9.078 0.0000000000
70227  -59.901  -2.765  8.293 0.0000000000
49979  -40.440  -23.513  37.505 0.0000000000
50009  -39.945  -23.030  35.783 0.0000000000
51129  -40.220  -22.183  35.507 0.0000000000
47825  -36.327  -25.463  36.584 0.0000000000
47827  -38.090  -25.311  36.891 0.0000000000
47814  -37.409  -25.508  37.559 0.0000000000
47803  -38.405  -25.489  38.566 0.0000000000
47815  -39.043  -25.268  37.971 0.0000000000
48881  -39.715  -24.927  38.287 0.0000000000
57180  -44.269  -16.929  31.527 0.0000000000
57201  -44.379  -16.752  30.761 0.0000000000
57212  -44.379  -16.260  29.206 0.0000000000
57202  -45.027  -16.254  30.440 0.0000000000
57213  -44.952  -15.914  29.583 0.0000000000
58217  -45.567  -15.440  29.066 0.0000000000
62738  -54.310  -10.891  18.896 0.0000000000
62724  -54.636  -11.421  19.469 0.0000000000
63682  -55.109  -10.762  19.119 0.0000000000
128619  -57.923  -11.420  20.449 0.0000000000
62699  -58.049  -11.560  21.067 0.0000000000
62712  -58.802  -11.384  20.781 0.0000000000
64718  -59.649  -9.443  16.456 0.0000000000
64731  -60.356  -9.513  16.059 0.0000000000
134720  -59.717  -9.877  15.688 0.0000000000
33826  -16.201  -39.526  49.041 0.0000000000
33841  -16.192  -39.332  48.093 0.0000000000
33840  -15.485  -39.875  48.538 0.0000000000
33825  -15.663  -39.927  49.311 0.0000000000
55126  -41.192  -18.572  36.903 0.0000000000
57117  -41.041  -15.957  35.751 0.0000000000
134261  -40.603  -15.900  34.018 0.0000000000
57159  -40.205  -16.112  32.362 0.0000000000
36658  -31.358  -36.558  47.399 0.0000000000
37562  -33.520  -35.834  48.729 0.0000000000
36639  -32.964  -36.226  49.045 0.0000000000
36622  -33.550  -36.275  49.623 0.0000000000
37551  -35.726  -35.643  49.778 0.0000000000
37552  -36.473  -35.647  49.513 0.0000000000
39845  -32.836  -33.296  38.770 0.0000000000
41796  -37.422  -31.181  41.658 0.0000000000
134126  -38.925  -33.066  43.158 0.0000000000
39790  -38.399  -33.287  42.712 0.0000000000
38740  -38.550  -34.734  42.689 0.0000000000
38714  -39.433  -34.892  43.166 0.0000000000
37666  -39.694  -35.541  43.838 0.0000000000
38689  -41.117  -34.584  44.631 0.0000000000
36669  -23.093  -36.161  46.908 0.0000000000
36652  -23.356  -36.611  47.737 0.0000000000
35760  -23.658  -37.210  49.290 0.0000000000
36606  -23.076  -37.159  49.800 0.0000000000
35723  -22.852  -37.263  51.009 0.0000000000
35724  -23.401  -37.302  50.563 0.0000000000
119908  -25.038  -37.479  51.588 0.0000000000
119909  -24.279  -37.435  51.624 0.0000000000
60463  -45.804  -13.789  22.936 0.0000000000
59318  -46.139  -14.148  23.668 0.0000000000
60464  -46.540  -13.517  23.258 0.0000000000
133476  -47.794  -13.263  24.168 0.0000000000
61602  -49.498  -12.561  24.882 0.0000000000
66676  -53.370  -7.477  10.078 0.0000000000
130647  -56.663  -1.991  7.411 0.0000000000
71216  -57.169  -1.832  6.505 0.0000000000
72170  -58.084  -1.279  6.782 0.0000000000
72182  -58.082  -1.473  6.049 0.0000000000
34790  -17.887  -39.021  52.030 0.0000000000
32816  -15.615  -40.041  55.653 0.0000000000
135449  -42.453  -22.250  42.441 0.0000000000
133496  -42.656  -21.938  43.012 0.0000000000
127943  -42.178  -22.175  41.692 0.0000000000
51067  -41.818  -22.035  39.908 0.0000000000
52149  -42.104  -21.371  40.364 0.0000000000
53164  -42.278  -20.487  39.320 0.0000000000
52166  -42.052  -21.040  38.806 0.0000000000
51078  -41.481  -22.284  38.382 0.0000000000
53194  -41.260  -20.642  36.538 0.0000000000
53183  -41.644  -20.824  37.361 0.0000000000
54155  -41.604  -19.347  37.409 0.0000000000
54167  -41.289  -19.609  36.633 0.0000000000
35780  -26.472  -37.494  47.764 0.0000000000
35796  -27.580  -37.362  46.912 0.0000000000
35797  -28.364  -37.333  46.799 0.0000000000
35798  -28.988  -37.162  46.696 0.0000000000
37642  -27.076  -35.669  44.357 0.0000000000
122990  -27.957  -35.575  44.379 0.0000000000
37622  -29.399  -35.728  45.069 0.0000000000
36688  -29.728  -36.269  45.804 0.0000000000
139359  -29.928  -36.655  46.394 0.0000000000
36676  -30.458  -36.161  46.155 0.0000000000
133511  -31.627  -35.019  45.453 0.0000000000
37624  -32.195  -34.789  45.464 0.0000000000
37600  -32.921  -34.955  46.549 0.0000000000
44625  -34.400  -28.300  37.534 0.0000000000
44615  -34.941  -28.129  38.889 0.0000000000
46733  -34.970  -26.198  37.675 0.0000000000
45618  -36.019  -27.506  39.884 0.0000000000
44604  -35.776  -28.234  39.905 0.0000000000
123432  -36.493  -29.110  40.521 0.0000000000
44578  -37.046  -28.797  40.859 0.0000000000
44566  -37.975  -28.849  42.094 0.0000000000
42684  -38.193  -30.081  42.857 0.0000000000
43596  -38.233  -29.286  42.792 0.0000000000
141366  -38.578  -28.991  43.133 0.0000000000
44567  -38.470  -28.476  42.769 0.0000000000
46692  -38.724  -26.730  42.209 0.0000000000
45576  -39.025  -27.806  43.315 0.0000000000
45588  -39.130  -27.071  42.977 0.0000000000
124867  -39.785  -26.796  43.442 0.0000000000
47787  -39.381  -25.466  39.575 0.0000000000
47770  -39.610  -25.590  40.389 0.0000000000
126146  -41.458  -25.486  41.191 0.0000000000
47752  -40.722  -25.801  41.582 0.0000000000
137073  -41.506  -25.788  41.944 0.0000000000
119545  -40.998  -25.997  43.216 0.0000000000
47737  -41.800  -25.786  42.729 0.0000000000
47722  -42.128  -25.406  43.305 0.0000000000
47738  -42.344  -25.269  42.605 0.0000000000
49943  -42.501  -23.593  42.597 0.0000000000
51033  -42.665  -22.845  43.219 0.0000000000
37616  -23.389  -35.562  45.319 0.0000000000
36654  -25.453  -36.940  47.016 0.0000000000
57088  -46.911  -16.007  37.044 0.0000000000
57123  -47.535  -16.237  35.423 0.0000000000
57107  -47.897  -16.048  36.073 0.0000000000
57124  -48.363  -15.968  35.539 0.0000000000
138723  -49.042  -15.664  35.730 0.0000000000
57125  -49.095  -15.986  34.896 0.0000000000
124919  -46.642  -16.414  32.905 0.0000000000
57166  -47.201  -16.021  32.487 0.0000000000
58178  -48.435  -15.350  32.480 0.0000000000
58165  -48.684  -15.765  33.242 0.0000000000
58166  -49.416  -15.754  33.696 0.0000000000
58157  -49.961  -15.728  34.446 0.0000000000
127882  -50.258  -15.419  33.512 0.0000000000
59205  -50.303  -14.678  32.905 0.0000000000
119016  -50.212  -13.855  32.570 0.0000000000
61634  -50.067  -12.503  21.334 0.0000000000
62695  -53.332  -12.084  21.657 0.0000000000
62694  -52.586  -12.119  21.794 0.0000000000
139842  -52.992  -11.788  22.218 0.0000000000
120423  -53.036  -11.379  22.835 0.0000000000
62709  -55.367  -11.870  20.619 0.0000000000
61638  -54.497  -12.031  20.806 0.0000000000
62683  -55.953  -11.655  22.039 0.0000000000
62670  -55.972  -11.260  22.948 0.0000000000
31977  -8.160  -41.797  49.366 0.0000000000
58280  -43.214  -16.406  23.061 0.0000000000
136173  -43.907  -16.402  23.830 0.0000000000
58295  -43.339  -15.643  22.291 0.0000000000
58296  -44.240  -15.198  22.356 0.0000000000
59336  -44.484  -14.361  22.133 0.0000000000
59337  -45.120  -14.077  22.563 0.0000000000
60469  -44.810  -13.801  22.016 0.0000000000
60482  -44.990  -13.416  21.486 0.0000000000
61629  -45.567  -12.958  20.994 0.0000000000
120095  -46.833  -12.616  19.842 0.0000000000
119859  -47.525  -12.606  19.834 0.0000000000
61648  -48.503  -12.580  19.827 0.0000000000
122601  -48.670  -12.533  19.072 0.0000000000
61694  -48.971  -12.117  17.852 0.0000000000
61682  -49.322  -12.394  18.634 0.0000000000
136122  -50.093  -12.270  18.559 0.0000000000
61683  -50.681  -12.278  18.828 0.0000000000
61696  -50.579  -11.923  18.140 0.0000000000
63724  -51.015  -10.583  16.299 0.0000000000
62773  -51.517  -10.745  16.933 0.0000000000
142917  -52.725  -10.879  17.800 0.0000000000
63712  -52.792  -10.418  17.260 0.0000000000
63738  -53.445  -10.190  15.565 0.0000000000
63727  -53.333  -10.093  16.520 0.0000000000
123101  -54.121  -9.980  16.012 0.0000000000
63728  -54.899  -9.745  16.383 0.0000000000
63739  -54.848  -9.997  15.405 0.0000000000
63753  -54.422  -10.277  14.637 0.0000000000
63779  -53.439  -10.311  12.313 0.0000000000
32960  -11.619  -40.558  47.531 0.0000000000
33811  -16.600  -39.922  52.090 0.0000000000
129194  -16.714  -39.710  51.275 0.0000000000
32859  -14.443  -40.598  52.283 0.0000000000
122673  -15.250  -40.537  51.765 0.0000000000
143248  -14.605  -40.615  51.484 0.0000000000
131146  -14.293  -40.631  50.872 0.0000000000
32876  -13.903  -40.653  51.571 0.0000000000
32813  -12.542  -41.042  55.191 0.0000000000
32840  -12.352  -40.740  53.381 0.0000000000
120896  -12.155  -40.541  51.681 0.0000000000
32874  -11.113  -40.476  51.672 0.0000000000
136851  -10.664  -40.595  50.729 0.0000000000
129809  -9.681  -40.913  50.998 0.0000000000
32892  -9.880  -40.818  50.168 0.0000000000
32872  -9.262  -41.478  51.033 0.0000000000
30222  -9.485  -43.098  51.294 0.0000000000
59109  -45.636  -14.640  41.810 0.0000000000
59110  -46.389  -14.453  41.549 0.0000000000
59118  -45.915  -14.647  41.034 0.0000000000
53134  -42.688  -20.520  42.585 0.0000000000
121801  -42.652  -19.869  41.929 0.0000000000
55073  -42.802  -18.388  40.971 0.0000000000
55065  -42.949  -18.424  41.981 0.0000000000
55066  -43.319  -17.706  42.151 0.0000000000
56059  -43.035  -17.658  41.443 0.0000000000
56093  -41.646  -17.373  38.407 0.0000000000
55098  -41.888  -17.565  39.072 0.0000000000
56094  -41.922  -16.698  39.010 0.0000000000
57063  -42.575  -16.257  39.538 0.0000000000
133951  -43.242  -16.331  40.285 0.0000000000
139442  -44.543  -15.532  39.399 0.0000000000
58109  -44.891  -15.556  38.769 0.0000000000
58123  -45.301  -15.863  37.960 0.0000000000
57119  -43.775  -16.130  35.690 0.0000000000
57104  -45.420  -16.118  36.503 0.0000000000
120960  -44.515  -16.361  34.883 0.0000000000
57135  -42.803  -16.029  35.308 0.0000000000
57161  -42.187  -16.595  32.398 0.0000000000
56199  -41.831  -17.473  29.681 0.0000000000
56183  -42.416  -17.298  30.289 0.0000000000
128719  -42.003  -17.618  28.994 0.0000000000
125456  -38.681  -16.348  32.774 0.0000000000
57174  -37.831  -16.580  31.590 0.0000000000
56179  -38.164  -16.714  30.615 0.0000000000
56212  -39.814  -17.657  28.710 0.0000000000
56198  -40.356  -17.412  29.295 0.0000000000
55188  -39.335  -18.034  28.057 0.0000000000
35744  -27.465  -37.697  49.253 0.0000000000
127042  -27.951  -37.623  50.241 0.0000000000
127752  -29.766  -37.717  50.458 0.0000000000
36620  -31.757  -37.102  49.400 0.0000000000
35728  -31.537  -37.593  50.376 0.0000000000
39802  -31.597  -33.394  41.365 0.0000000000
120888  -30.905  -33.216  40.918 0.0000000000
39787  -31.284  -33.634  42.157 0.0000000000
38710  -31.436  -34.251  43.464 0.0000000000
38733  -31.809  -33.910  42.741 0.0000000000
38712  -33.224  -34.384  43.636 0.0000000000
38686  -33.339  -34.471  44.468 0.0000000000
130393  -33.981  -34.602  44.722 0.0000000000
40852  -34.347  -32.782  39.339 0.0000000000
40834  -34.741  -33.229  39.926 0.0000000000
40815  -36.610  -32.728  41.307 0.0000000000
40836  -36.037  -32.209  40.905 0.0000000000
38750  -35.672  -34.601  41.351 0.0000000000
38760  -34.839  -34.332  40.962 0.0000000000
37690  -34.953  -35.124  41.747 0.0000000000
37676  -35.335  -35.519  42.570 0.0000000000
37648  -35.430  -35.379  44.255 0.0000000000
139113  -35.391  -35.033  46.755 0.0000000000
37602  -36.011  -35.256  46.170 0.0000000000
37604  -37.867  -35.777  46.686 0.0000000000
37586  -37.457  -35.540  47.439 0.0000000000
37628  -39.093  -36.085  45.772 0.0000000000
133202  -39.937  -29.025  44.692 0.0000000000
35758  -18.690  -37.301  47.830 0.0000000000
37579  -22.134  -35.856  47.096 0.0000000000
37594  -21.534  -35.394  46.491 0.0000000000
37578  -21.295  -35.647  47.228 0.0000000000
36632  -20.900  -36.300  48.630 0.0000000000
36650  -21.019  -35.877  47.902 0.0000000000
36649  -20.272  -35.900  47.727 0.0000000000
36648  -19.516  -36.111  47.288 0.0000000000
36602  -19.969  -36.929  49.940 0.0000000000
34796  -18.617  -38.291  50.831 0.0000000000
35701  -19.281  -37.788  50.871 0.0000000000
119952  -22.239  -37.372  52.008 0.0000000000
141506  -22.405  -37.456  52.534 0.0000000000
59142  -49.929  -14.388  38.775 0.0000000000
57243  -43.613  -16.723  26.229 0.0000000000
58244  -45.466  -15.704  26.292 0.0000000000
58235  -45.495  -15.558  27.197 0.0000000000
58236  -46.163  -15.168  27.477 0.0000000000
59298  -47.061  -14.390  24.775 0.0000000000
59283  -46.686  -14.898  25.268 0.0000000000
59268  -47.972  -14.088  27.732 0.0000000000
135976  -47.614  -14.309  28.128 0.0000000000
59248  -48.026  -14.032  29.182 0.0000000000
130783  -48.043  -14.102  29.910 0.0000000000
60385  -48.636  -13.745  29.566 0.0000000000
61519  -49.871  -12.656  29.758 0.0000000000
61621  -50.090  -12.075  22.653 0.0000000000
62665  -50.632  -11.692  23.295 0.0000000000
139821  -50.909  -11.432  24.717 0.0000000000
63755  -56.219  -10.120  14.519 0.0000000000
63770  -57.527  -10.171  13.315 0.0000000000
63771  -58.586  -10.227  13.439 0.0000000000
63785  -59.136  -9.973  12.827 0.0000000000
64790  -55.834  -9.326  10.741 0.0000000000
65719  -56.033  -8.892  9.996 0.0000000000
64793  -58.264  -8.799  10.851 0.0000000000
64778  -59.237  -8.962  12.059 0.0000000000
65684  -59.839  -9.340  12.877 0.0000000000
136607  -60.344  -8.255  13.214 0.0000000000
65691  -59.862  -8.247  12.577 0.0000000000
124293  -59.575  -6.497  11.628 0.0000000000
66665  -60.495  -6.361  11.812 0.0000000000
66653  -61.765  -6.596  12.765 0.0000000000
67532  -61.243  -6.462  11.807 0.0000000000
71175  -57.029  -2.852  8.791 0.0000000000
70214  -56.569  -3.419  9.236 0.0000000000
69284  -58.094  -4.701  10.122 0.0000000000
69295  -58.481  -4.035  9.763 0.0000000000
69287  -60.451  -4.574  10.267 0.0000000000
69286  -59.901  -4.335  10.481 0.0000000000
68464  -60.816  -5.441  10.531 0.0000000000
67533  -61.439  -6.471  11.318 0.0000000000
125603  -60.085  -2.660  7.284 0.0000000000
125483  -60.278  -3.212  8.178 0.0000000000
70238  -60.484  -3.625  7.357 0.0000000000
49993  -39.892  -24.062  37.051 0.0000000000
47840  -37.012  -25.271  35.829 0.0000000000
47841  -37.891  -25.197  36.017 0.0000000000
48899  -38.858  -25.084  37.142 0.0000000000
57211  -43.390  -17.009  29.535 0.0000000000
141598  -43.933  -16.649  29.605 0.0000000000
57220  -43.809  -16.641  28.941 0.0000000000
57221  -44.304  -16.206  28.381 0.0000000000
63715  -55.012  -9.824  18.003 0.0000000000
63697  -56.438  -9.891  18.837 0.0000000000
64689  -58.668  -9.423  18.363 0.0000000000
64690  -59.706  -9.615  18.465 0.0000000000
64706  -60.026  -9.455  17.823 0.0000000000
123952  -59.149  -9.323  17.852 0.0000000000
64717  -58.587  -9.207  16.608 0.0000000000
34835  -17.380  -38.257  46.587 0.0000000000
34814  -16.789  -38.906  48.635 0.0000000000
57132  -39.920  -16.125  34.695 0.0000000000
35688  -25.750  -37.509  52.465 0.0000000000
37581  -32.656  -35.759  47.448 0.0000000000
37550  -34.953  -35.955  50.030 0.0000000000
41782  -37.856  -31.531  42.271 0.0000000000
41783  -38.225  -31.694  42.813 0.0000000000
132352  -39.486  -33.252  43.470 0.0000000000
39772  -39.825  -34.171  43.492 0.0000000000
39760  -40.193  -33.317  44.053 0.0000000000
39761  -40.950  -33.695  44.527 0.0000000000
35761  -24.419  -37.303  48.794 0.0000000000
35725  -24.188  -37.403  50.454 0.0000000000
60472  -46.864  -13.023  22.850 0.0000000000
60465  -47.268  -13.149  23.462 0.0000000000
61618  -47.550  -12.781  22.806 0.0000000000
121191  -48.694  -12.494  23.399 0.0000000000
52165  -41.827  -21.808  39.053 0.0000000000
139732  -40.962  -22.104  36.827 0.0000000000
52186  -40.732  -21.561  36.200 0.0000000000
54166  -40.848  -19.947  35.893 0.0000000000
36655  -26.165  -36.887  46.621 0.0000000000
35795  -26.775  -37.277  47.071 0.0000000000
134389  -27.245  -36.559  45.642 0.0000000000
37661  -28.317  -34.972  43.874 0.0000000000
143961  -29.466  -35.151  44.473 0.0000000000
37644  -30.091  -35.144  44.736 0.0000000000
133232  -36.140  -26.219  38.808 0.0000000000
44591  -37.094  -27.934  40.898 0.0000000000
45597  -37.708  -27.601  41.387 0.0000000000
45598  -38.038  -27.098  41.934 0.0000000000
46706  -39.107  -26.073  41.847 0.0000000000
47789  -40.933  -25.194  39.864 0.0000000000
47772  -41.411  -25.101  40.369 0.0000000000
47754  -42.426  -25.077  42.123 0.0000000000
48853  -42.254  -24.689  41.681 0.0000000000
49949  -42.227  -23.758  41.850 0.0000000000
37617  -24.162  -35.734  45.183 0.0000000000
36684  -25.399  -36.250  45.583 0.0000000000
57121  -45.786  -16.396  35.768 0.0000000000
57122  -46.573  -16.423  35.410 0.0000000000
57136  -47.128  -16.359  34.657 0.0000000000
134205  -47.080  -15.636  31.816 0.0000000000
58177  -47.697  -15.501  32.138 0.0000000000
59215  -48.722  -14.437  32.076 0.0000000000
59216  -49.167  -13.682  31.798 0.0000000000
61650  -51.387  -12.477  20.462 0.0000000000
141566  -52.599  -12.445  20.734 0.0000000000
61636  -52.928  -12.430  21.123 0.0000000000
62696  -54.129  -11.897  21.582 0.0000000000
62685  -57.469  -11.467  22.270 0.0000000000
62684  -56.594  -11.467  22.386 0.0000000000
65678  -61.965  -7.619  14.836 0.0000000000
61680  -47.253  -12.391  18.476 0.0000000000
61693  -47.537  -12.107  17.766 0.0000000000
134734  -48.242  -12.032  17.666 0.0000000000
134517  -48.637  -11.679  17.251 0.0000000000
63735  -50.471  -10.535  15.639 0.0000000000
63736  -51.323  -10.435  15.697 0.0000000000
63726  -52.492  -10.299  16.461 0.0000000000
63737  -52.121  -10.306  15.760 0.0000000000
63751  -52.671  -10.363  15.005 0.0000000000
63752  -53.646  -10.350  14.626 0.0000000000
119855  -52.934  -10.519  13.959 0.0000000000
63765  -52.258  -10.568  13.197 0.0000000000
32939  -12.206  -40.592  48.305 0.0000000000
32916  -11.890  -40.563  49.161 0.0000000000
32844  -16.267  -40.253  53.782 0.0000000000
32843  -15.458  -40.495  53.524 0.0000000000
32842  -14.640  -40.573  53.273 0.0000000000
32824  -11.458  -41.248  54.220 0.0000000000
32838  -10.670  -40.873  53.352 0.0000000000
32855  -10.481  -40.612  52.476 0.0000000000
32854  -9.694  -40.781  52.363 0.0000000000
31970  -8.926  -41.402  51.854 0.0000000000
31962  -8.821  -41.786  52.371 0.0000000000
31102  -8.782  -42.487  51.995 0.0000000000
124261  -42.600  -19.947  41.024 0.0000000000
54102  -42.643  -19.187  40.537 0.0000000000
55083  -42.617  -18.374  40.104 0.0000000000
57074  -42.969  -15.636  39.015 0.0000000000
119957  -43.830  -15.677  39.566 0.0000000000
57086  -44.823  -15.925  37.250 0.0000000000
57143  -41.464  -16.178  33.170 0.0000000000
57178  -42.715  -16.962  31.698 0.0000000000
137308  -29.308  -37.662  49.684 0.0000000000
35730  -32.980  -37.092  50.754 0.0000000000
35729  -32.164  -37.676  50.919 0.0000000000
39817  -32.429  -33.680  41.047 0.0000000000
38734  -32.616  -34.027  42.519 0.0000000000
38735  -33.368  -34.464  42.216 0.0000000000
38713  -33.824  -34.721  42.884 0.0000000000
43624  -34.639  -29.629  38.191 0.0000000000
42734  -34.461  -30.567  38.318 0.0000000000
42724  -34.781  -30.924  39.065 0.0000000000
38752  -37.407  -34.172  42.008 0.0000000000
133852  -37.103  -34.902  42.081 0.0000000000
38738  -36.564  -35.242  42.164 0.0000000000
37677  -36.171  -35.646  42.645 0.0000000000
127533  -36.215  -35.888  44.126 0.0000000000
37626  -36.613  -35.685  45.674 0.0000000000
36633  -21.887  -36.602  48.748 0.0000000000
36617  -20.461  -36.649  49.347 0.0000000000
35722  -20.130  -37.267  50.829 0.0000000000
35670  -23.229  -37.752  53.955 0.0000000000
57257  -44.093  -16.523  24.788 0.0000000000
58254  -44.717  -16.116  25.060 0.0000000000
60431  -48.000  -13.997  25.520 0.0000000000
59275  -47.647  -14.445  26.291 0.0000000000
60417  -48.269  -13.923  26.190 0.0000000000
60398  -48.620  -13.662  28.683 0.0000000000
60399  -49.126  -13.338  28.207 0.0000000000
61538  -49.976  -12.566  28.856 0.0000000000
62666  -51.386  -11.312  23.694 0.0000000000
62655  -51.353  -11.097  24.399 0.0000000000
128215  -51.420  -11.136  25.124 0.0000000000
63780  -54.916  -10.275  12.876 0.0000000000
63769  -56.490  -10.192  13.573 0.0000000000
63781  -55.857  -10.096  12.903 0.0000000000
64754  -56.151  -9.823  12.142 0.0000000000
64755  -57.043  -9.793  11.939 0.0000000000
66690  -57.164  -7.890  10.000 0.0000000000
66678  -58.442  -7.931  10.837 0.0000000000
137042  -59.023  -7.418  11.643 0.0000000000
128119  -58.650  -6.740  11.069 0.0000000000
67545  -58.672  -5.853  10.891 0.0000000000
71202  -56.227  -2.292  8.335 0.0000000000
70216  -58.930  -3.411  9.213 0.0000000000
70203  -60.188  -3.881  9.848 0.0000000000
69288  -60.794  -4.901  9.966 0.0000000000
69298  -60.914  -4.946  9.442 0.0000000000
70244  -60.304  -3.080  6.458 0.0000000000
69312  -60.746  -4.591  7.306 0.0000000000
69319  -60.635  -4.389  6.511 0.0000000000
49980  -41.024  -22.973  37.915 0.0000000000
38706  -27.829  -34.440  43.366 0.0000000000
38729  -28.208  -33.741  42.953 0.0000000000
38730  -29.186  -33.805  42.856 0.0000000000
47824  -35.549  -25.532  36.502 0.0000000000
47812  -35.628  -25.701  37.243 0.0000000000
47801  -36.715  -25.738  38.225 0.0000000000
47786  -38.539  -25.553  39.396 0.0000000000
47805  -39.956  -25.168  39.022 0.0000000000
48868  -40.678  -24.890  39.289 0.0000000000
48883  -41.029  -24.170  39.016 0.0000000000
57164  -45.022  -16.858  32.611 0.0000000000
57182  -45.487  -16.570  31.904 0.0000000000
57203  -45.793  -16.017  31.021 0.0000000000
58205  -46.319  -15.311  30.362 0.0000000000
58219  -46.698  -14.799  29.863 0.0000000000
61652  -53.938  -12.113  20.224 0.0000000000
61671  -54.152  -11.798  19.694 0.0000000000
62710  -56.244  -11.699  20.481 0.0000000000
63683  -56.012  -10.696  19.274 0.0000000000
62726  -56.571  -11.310  19.840 0.0000000000
139323  -56.686  -11.722  21.036 0.0000000000
132061  -58.106  -11.543  21.757 0.0000000000
124819  -60.123  -9.328  17.210 0.0000000000
124200  -60.934  -9.144  15.708 0.0000000000
34834  -16.711  -38.689  46.533 0.0000000000
33889  -15.712  -39.080  46.261 0.0000000000
32942  -14.623  -40.317  48.570 0.0000000000
32918  -14.135  -40.550  49.345 0.0000000000
56109  -41.324  -17.130  37.664 0.0000000000
57083  -41.506  -16.412  37.377 0.0000000000
142385  -41.725  -16.054  37.153 0.0000000000
57118  -41.926  -15.852  35.975 0.0000000000
36636  -30.792  -37.183  47.853 0.0000000000
36621  -32.784  -36.732  49.790 0.0000000000
39844  -32.032  -33.383  38.532 0.0000000000
42715  -36.267  -30.361  40.603 0.0000000000
41795  -36.750  -31.714  41.281 0.0000000000
40806  -38.011  -32.403  42.497 0.0000000000
39789  -37.741  -33.274  42.153 0.0000000000
129734  -38.075  -34.067  42.370 0.0000000000
37650  -38.690  -36.095  44.114 0.0000000000
123312  -40.149  -35.702  44.590 0.0000000000
37652  -40.576  -35.182  44.330 0.0000000000
37630  -40.790  -35.595  45.103 0.0000000000
37595  -22.394  -35.620  46.314 0.0000000000
121827  -22.685  -36.617  48.245 0.0000000000
36619  -22.240  -36.927  49.633 0.0000000000
35705  -22.725  -37.336  51.559 0.0000000000
139668  -23.968  -37.389  51.012 0.0000000000
35686  -23.904  -37.456  52.334 0.0000000000
119912  -23.531  -37.539  53.133 0.0000000000
59296  -45.749  -14.920  23.953 0.0000000000
60451  -47.622  -13.949  24.794 0.0000000000
60433  -49.314  -13.038  25.718 0.0000000000
64788  -53.651  -8.886  10.657 0.0000000000
64789  -54.534  -8.974  10.433 0.0000000000
141042  -54.106  -8.169  10.095 0.0000000000
65729  -54.958  -7.563  9.704 0.0000000000
71204  -58.960  -1.685  7.598 0.0000000000
71205  -59.523  -2.055  7.565 0.0000000000
72159  -58.524  -1.299  7.184 0.0000000000
72160  -59.169  -1.410  7.118 0.0000000000
72172  -59.292  -1.420  6.626 0.0000000000
71229  -57.355  -2.219  5.483 0.0000000000
72183  -58.741  -1.195  5.735 0.0000000000
72173  -59.633  -1.774  6.351 0.0000000000
34795  -17.961  -38.692  50.799 0.0000000000
143686  -17.735  -38.996  51.346 0.0000000000
52141  -42.271  -21.408  41.220 0.0000000000
53156  -42.381  -20.689  40.700 0.0000000000
136540  -41.762  -21.505  38.419 0.0000000000
55134  -39.681  -17.608  35.066 0.0000000000
35764  -26.966  -37.651  48.440 0.0000000000
35765  -27.880  -37.721  48.358 0.0000000000
138338  -28.757  -37.717  48.209 0.0000000000
35784  -29.967  -37.394  47.574 0.0000000000
36686  -28.116  -36.543  45.590 0.0000000000
37621  -28.464  -35.970  45.017 0.0000000000
36674  -28.590  -36.881  46.206 0.0000000000
36656  -29.631  -37.085  46.863 0.0000000000
37580  -31.960  -35.849  47.077 0.0000000000
37598  -31.098  -35.503  45.801 0.0000000000
132968  -32.518  -35.385  46.889 0.0000000000
38650  -33.580  -34.674  46.151 0.0000000000
44624  -34.088  -28.413  36.873 0.0000000000
43637  -34.340  -29.206  37.345 0.0000000000
43617  -35.415  -29.540  39.521 0.0000000000
45637  -34.875  -26.849  38.156 0.0000000000
45628  -35.041  -27.259  38.808 0.0000000000
44603  -35.382  -28.628  39.489 0.0000000000
43611  -36.267  -29.645  40.454 0.0000000000
42709  -37.540  -30.232  41.454 0.0000000000
43605  -37.631  -29.306  41.361 0.0000000000
42685  -38.704  -30.477  43.432 0.0000000000
123151  -39.795  -30.420  44.615 0.0000000000
42668  -39.215  -30.042  44.165 0.0000000000
43570  -39.370  -29.260  44.249 0.0000000000
44540  -39.728  -28.549  44.424 0.0000000000
45567  -39.615  -27.950  44.063 0.0000000000
131592  -39.941  -27.509  44.403 0.0000000000
46666  -40.552  -26.831  44.951 0.0000000000
47750  -38.891  -25.780  41.054 0.0000000000
47735  -39.957  -25.985  42.157 0.0000000000
46694  -40.236  -26.270  42.966 0.0000000000
46681  -40.551  -26.429  44.003 0.0000000000
47706  -41.752  -25.509  44.810 0.0000000000
135412  -42.499  -24.266  43.984 0.0000000000
37615  -22.596  -35.390  45.532 0.0000000000
36670  -23.920  -36.228  46.410 0.0000000000
36683  -24.630  -36.172  45.857 0.0000000000
126081  -24.697  -36.600  46.699 0.0000000000
35762  -25.313  -37.437  48.615 0.0000000000
58112  -47.602  -15.338  38.419 0.0000000000
58140  -47.775  -15.867  36.748 0.0000000000
58126  -48.352  -15.420  37.219 0.0000000000
58127  -49.176  -14.926  37.314 0.0000000000
123854  -49.463  -15.134  36.348 0.0000000000
57148  -46.110  -16.583  33.373 0.0000000000
139963  -47.470  -16.258  34.023 0.0000000000
57150  -48.055  -16.070  33.683 0.0000000000
61633  -49.243  -12.531  21.347 0.0000000000
134273  -50.339  -12.256  21.953 0.0000000000
61622  -50.899  -12.027  22.380 0.0000000000
61623  -51.756  -12.070  22.035 0.0000000000
123774  -53.064  -10.887  23.520 0.0000000000
63656  -53.590  -10.593  24.112 0.0000000000
62682  -54.506  -11.535  22.349 0.0000000000
134635  -55.313  -11.506  22.404 0.0000000000
62669  -54.970  -11.191  23.115 0.0000000000
63657  -54.544  -10.672  23.940 0.0000000000
32913  -9.068  -40.920  49.570 0.0000000000
56232  -41.938  -17.660  26.424 0.0000000000
130984  -42.605  -17.320  26.491 0.0000000000
56244  -42.416  -17.503  25.730 0.0000000000
56261  -42.938  -17.262  25.091 0.0000000000
124901  -43.570  -16.846  25.375 0.0000000000
57256  -43.433  -16.895  24.505 0.0000000000
58281  -44.596  -15.818  23.606 0.0000000000
138176  -44.604  -15.440  23.003 0.0000000000
61631  -47.446  -12.682  21.290 0.0000000000
61647  -47.057  -12.687  20.477 0.0000000000
120096  -48.845  -12.572  20.639 0.0000000000
61649  -49.247  -12.578  20.103 0.0000000000
119858  -49.914  -12.601  19.934 0.0000000000
120255  -50.780  -12.489  19.665 0.0000000000
120706  -51.287  -12.249  19.046 0.0000000000
61684  -51.918  -12.004  18.818 0.0000000000
62770  -48.293  -11.173  16.751 0.0000000000
62755  -49.439  -11.663  17.335 0.0000000000
62771  -49.858  -11.192  16.805 0.0000000000
62756  -50.289  -11.524  17.465 0.0000000000
62757  -51.222  -11.380  17.630 0.0000000000
120687  -51.871  -11.560  18.155 0.0000000000
62723  -52.688  -11.420  18.478 0.0000000000
63694  -53.946  -10.478  18.221 0.0000000000
134364  -54.375  -9.977  17.738 0.0000000000
63714  -54.966  -9.714  17.272 0.0000000000
64714  -55.775  -9.502  16.818 0.0000000000
64727  -56.270  -9.404  16.133 0.0000000000
135892  -55.638  -9.960  15.144 0.0000000000
140949  -54.118  -10.403  14.203 0.0000000000
63767  -54.582  -10.387  13.811 0.0000000000
136384  -54.266  -10.220  12.261 0.0000000000
64772  -53.277  -9.509  11.240 0.0000000000
33820  -17.251  -39.231  50.779 0.0000000000
33819  -16.428  -39.735  50.565 0.0000000000
32877  -15.860  -40.368  52.088 0.0000000000
33818  -15.660  -40.195  50.434 0.0000000000
32897  -14.793  -40.432  50.135 0.0000000000
32896  -13.856  -40.632  50.210 0.0000000000
32826  -13.166  -40.818  54.805 0.0000000000
32841  -13.163  -40.740  53.762 0.0000000000
120288  -13.104  -40.545  52.990 0.0000000000
127904  -11.994  -41.123  53.980 0.0000000000
32858  -13.504  -40.584  52.324 0.0000000000
32875  -13.073  -40.625  51.628 0.0000000000
32895  -13.153  -40.633  50.327 0.0000000000
32917  -13.287  -40.599  49.663 0.0000000000
32894  -12.437  -40.569  49.988 0.0000000000
32912  -8.732  -41.545  50.056 0.0000000000
31969  -8.986  -41.834  51.204 0.0000000000
31108  -8.971  -42.274  50.578 0.0000000000
59111  -47.150  -14.404  41.340 0.0000000000
59119  -46.722  -14.433  40.884 0.0000000000
53127  -43.081  -20.277  43.740 0.0000000000
54096  -42.833  -19.211  42.188 0.0000000000
56074  -43.218  -16.851  41.049 0.0000000000
57041  -43.742  -16.532  41.796 0.0000000000
58077  -44.455  -15.674  41.210 0.0000000000
58094  -44.717  -15.576  40.248 0.0000000000
138705  -45.519  -15.231  40.440 0.0000000000
58096  -46.476  -15.327  39.416 0.0000000000
58111  -46.765  -15.575  38.567 0.0000000000
58124  -46.220  -15.834  37.748 0.0000000000
132905  -46.083  -15.955  36.943 0.0000000000
127096  -44.015  -16.485  34.102 0.0000000000
57146  -44.512  -16.813  33.319 0.0000000000
135654  -43.803  -17.032  31.050 0.0000000000
56160  -43.082  -17.210  30.907 0.0000000000
56184  -43.048  -17.205  30.109 0.0000000000
56215  -42.481  -17.397  28.523 0.0000000000
56225  -42.308  -17.396  27.704 0.0000000000
124947  -39.378  -16.214  32.023 0.0000000000
57198  -39.771  -16.604  30.999 0.0000000000
56181  -40.092  -17.039  30.115 0.0000000000
56196  -38.591  -17.212  29.692 0.0000000000
55189  -40.168  -17.960  27.970 0.0000000000
56213  -40.967  -17.727  28.044 0.0000000000
56224  -41.576  -17.732  27.297 0.0000000000
127043  -26.948  -37.585  50.118 0.0000000000
121026  -27.430  -37.561  51.258 0.0000000000
35748  -30.854  -37.479  49.507 0.0000000000
131488  -30.637  -37.719  50.465 0.0000000000
144129  -29.761  -33.700  42.559 0.0000000000
38731  -30.050  -33.967  42.963 0.0000000000
38711  -32.370  -34.211  43.379 0.0000000000
38661  -32.703  -34.582  45.010 0.0000000000
38662  -33.449  -34.573  45.297 0.0000000000
41833  -33.614  -32.003  37.974 0.0000000000
41834  -34.239  -31.484  38.479 0.0000000000
40851  -33.621  -33.083  39.028 0.0000000000
39834  -34.025  -33.513  39.642 0.0000000000
41810  -35.663  -31.820  40.225 0.0000000000
40835  -35.487  -32.898  40.379 0.0000000000
39804  -36.301  -33.714  41.242 0.0000000000
39820  -35.043  -33.683  40.408 0.0000000000
38759  -34.030  -34.334  40.775 0.0000000000
38736  -34.128  -34.948  41.943 0.0000000000
142167  -34.338  -34.999  43.162 0.0000000000
37647  -34.872  -35.287  43.427 0.0000000000
38687  -34.666  -34.865  44.465 0.0000000000
37584  -35.687  -35.098  47.638 0.0000000000
37585  -36.654  -35.294  47.799 0.0000000000
37565  -36.807  -35.449  48.764 0.0000000000
37605  -38.767  -35.878  46.763 0.0000000000
35757  -18.078  -37.968  48.505 0.0000000000
34816  -18.159  -38.166  49.537 0.0000000000
34805  -18.244  -38.344  50.268 0.0000000000
35669  -21.913  -37.740  53.702 0.0000000000
57236  -43.485  -16.643  27.165 0.0000000000
57230  -44.224  -16.229  27.491 0.0000000000
58234  -44.843  -15.940  26.891 0.0000000000
58225  -44.880  -15.837  27.797 0.0000000000
59246  -46.822  -14.664  29.119 0.0000000000
58267  -45.967  -15.247  24.797 0.0000000000
136808  -46.576  -15.121  26.059 0.0000000000
59274  -46.810  -14.865  26.782 0.0000000000
59266  -46.744  -14.810  27.687 0.0000000000
59254  -47.061  -14.591  28.278 0.0000000000
59247  -47.366  -14.403  29.720 0.0000000000
59231  -48.534  -13.982  30.531 0.0000000000
128162  -49.105  -13.527  30.994 0.0000000000
60369  -49.584  -13.086  30.578 0.0000000000
61620  -49.246  -12.355  22.846 0.0000000000
61611  -49.163  -12.286  23.602 0.0000000000
134536  -50.111  -11.667  23.923 0.0000000000
127243  -49.538  -12.087  24.123 0.0000000000
61577  -50.588  -12.434  26.564 0.0000000000
61564  -50.196  -12.705  27.336 0.0000000000
64728  -56.986  -9.268  15.909 0.0000000000
63742  -58.463  -10.228  15.061 0.0000000000
63756  -57.080  -10.223  14.140 0.0000000000
129974  -57.970  -10.312  14.215 0.0000000000
63743  -59.440  -10.268  15.081 0.0000000000
63758  -59.931  -10.112  14.457 0.0000000000
64746  -60.124  -9.559  13.848 0.0000000000
64775  -56.435  -9.567  11.344 0.0000000000
64776  -57.318  -9.473  11.192 0.0000000000
65720  -56.987  -8.750  10.062 0.0000000000
131656  -57.984  -9.302  11.120 0.0000000000
64756  -57.997  -9.656  11.825 0.0000000000
65685  -60.942  -7.501  13.844 0.0000000000
66638  -61.678  -7.142  14.184 0.0000000000
66643  -61.389  -6.802  13.432 0.0000000000
66644  -62.084  -6.782  13.540 0.0000000000
124221  -56.834  -5.062  9.782 0.0000000000
68461  -57.450  -5.214  10.116 0.0000000000
68462  -58.258  -5.368  10.495 0.0000000000
68463  -59.289  -5.067  10.809 0.0000000000
68455  -60.188  -5.167  10.879 0.0000000000
31958  -11.161  -41.447  54.780 0.0000000000
32941  -13.889  -40.537  48.497 0.0000000000
36675  -29.304  -36.772  46.263 0.0000000000
40800  -39.170  -32.577  43.453 0.0000000000
42697  -38.173  -30.943  42.850 0.0000000000
46665  -40.309  -27.331  44.908 0.0000000000
56245  -43.059  -17.122  25.929 0.0000000000
61651  -52.236  -12.402  20.288 0.0000000000
62697  -56.026  -11.825  21.225 0.0000000000
62698  -57.329  -11.604  21.358 0.0000000000
62759  -53.225  -10.727  17.974 0.0000000000
62774  -52.150  -10.507  16.914 0.0000000000
63784  -58.318  -9.986  12.637 0.0000000000
64688  -56.148  -9.565  18.237 0.0000000000
64757  -58.935  -9.619  12.206 0.0000000000
64792  -57.571  -9.096  10.576 0.0000000000
65708  -59.260  -8.021  12.074 0.0000000000
67531  -59.398  -5.792  11.210 0.0000000000
67562  -53.634  -6.662  9.814 0.0000000000
68457  -61.069  -6.128  11.022 0.0000000000
71190  -58.128  -1.789  7.678 0.0000000000
71217  -59.682  -1.922  7.060 0.0000000000
72184  -59.203  -1.326  5.890 0.0000000000
119370  -54.014  -11.415  19.259 0.0000000000
120445  -22.619  -37.570  53.183 0.0000000000
122823  -15.452  -40.139  49.803 0.0000000000
123394  -22.534  -37.815  54.050 0.0000000000
123721  -42.621  -23.936  43.278 0.0000000000
129649  -42.784  -17.106  27.162 0.0000000000
137065  -53.762  -10.464  13.766 0.0000000000
141049  -49.314  -15.917  34.282 0.0000000000
