#!ascii label  , from subject sub-v1s21x0050410_ses-1 vox2ras=TkReg
1099
39196  6.560  -31.674  56.310 0.0000000000
40376  -2.660  -29.852  44.789 0.0000000000
36306  -0.563  -35.000  56.760 0.0000000000
42378  -1.076  -28.340  55.146 0.0000000000
121112  0.136  -22.417  48.099 0.0000000000
123286  2.370  -33.662  57.198 0.0000000000
41313  1.507  -30.015  56.690 0.0000000000
124838  9.275  -32.366  59.050 0.0000000000
35235  6.609  -35.259  58.415 0.0000000000
31371  2.173  -37.774  57.163 0.0000000000
48032  -3.011  -22.744  57.521 0.0000000000
46266  1.533  -24.476  52.518 0.0000000000
51109  -4.633  -19.622  53.549 0.0000000000
35297  -3.399  -35.900  54.255 0.0000000000
39237  -4.766  -31.735  53.037 0.0000000000
40233  -2.402  -30.416  56.211 0.0000000000
44296  0.434  -26.660  59.132 0.0000000000
43428  -2.688  -27.702  50.241 0.0000000000
44439  1.481  -26.760  45.176 0.0000000000
48220  1.045  -22.327  40.292 0.0000000000
130883  -2.326  -20.414  46.007 0.0000000000
38235  4.563  -32.760  56.063 0.0000000000
39215  3.473  -31.461  54.933 0.0000000000
133867  8.020  -31.160  58.275 0.0000000000
37301  7.873  -33.637  58.174 0.0000000000
38221  6.074  -33.419  58.126 0.0000000000
37309  4.613  -34.246  58.183 0.0000000000
49029  -4.692  -21.689  55.150 0.0000000000
35257  -2.699  -35.461  56.349 0.0000000000
37325  -4.371  -33.393  56.363 0.0000000000
37323  -1.581  -33.078  56.612 0.0000000000
43356  2.519  -27.479  58.020 0.0000000000
41295  1.683  -29.472  59.467 0.0000000000
34224  0.686  -36.283  57.507 0.0000000000
30473  -0.074  -38.069  56.375 0.0000000000
34227  -0.889  -36.635  56.543 0.0000000000
33246  -1.879  -37.469  55.514 0.0000000000
42381  -3.373  -28.877  53.886 0.0000000000
41385  -4.620  -29.458  51.568 0.0000000000
42417  -1.432  -28.210  52.447 0.0000000000
47178  1.698  -23.267  50.757 0.0000000000
136827  3.010  -26.317  48.772 0.0000000000
46298  3.153  -24.056  46.770 0.0000000000
45416  2.262  -25.437  42.100 0.0000000000
48170  1.552  -22.900  43.988 0.0000000000
37317  1.002  -33.756  57.091 0.0000000000
38239  0.200  -32.754  56.403 0.0000000000
39198  1.973  -31.758  55.764 0.0000000000
141752  3.021  -29.003  55.936 0.0000000000
38223  10.067  -32.370  57.311 0.0000000000
37340  9.502  -33.454  54.845 0.0000000000
36308  8.514  -34.515  56.501 0.0000000000
128350  7.691  -36.133  56.363 0.0000000000
33211  4.015  -37.039  57.546 0.0000000000
36292  2.131  -35.837  57.968 0.0000000000
142961  -1.029  -25.564  56.591 0.0000000000
44349  0.683  -26.339  54.199 0.0000000000
46246  -1.619  -24.193  55.058 0.0000000000
48080  -2.408  -22.829  53.180 0.0000000000
48108  -1.948  -21.601  51.652 0.0000000000
42363  7.518  -28.991  56.648 0.0000000000
39193  12.780  -31.040  56.662 0.0000000000
40201  13.605  -29.888  59.181 0.0000000000
40195  10.438  -30.150  59.179 0.0000000000
41287  9.154  -29.544  58.883 0.0000000000
34284  -2.920  -36.635  52.653 0.0000000000
36388  -3.941  -34.947  52.142 0.0000000000
36360  -3.997  -33.623  54.561 0.0000000000
120754  -4.222  -30.656  55.317 0.0000000000
41323  -2.205  -29.188  55.739 0.0000000000
135639  -0.239  -30.823  56.366 0.0000000000
41297  -0.216  -29.113  58.222 0.0000000000
123302  -1.310  -28.023  57.039 0.0000000000
143827  -0.792  -24.680  58.068 0.0000000000
38296  -3.660  -32.581  50.657 0.0000000000
129776  -4.375  -31.064  48.537 0.0000000000
42501  -4.296  -28.612  46.670 0.0000000000
43425  0.963  -27.449  50.744 0.0000000000
43482  -0.179  -27.144  47.656 0.0000000000
44443  -2.372  -26.913  45.513 0.0000000000
139334  -2.029  -26.475  43.217 0.0000000000
45444  -2.060  -24.892  40.674 0.0000000000
53126  -2.916  -17.444  51.906 0.0000000000
50138  -0.916  -19.840  49.868 0.0000000000
52160  -2.692  -18.494  49.226 0.0000000000
120139  -2.187  -21.865  47.485 0.0000000000
48182  -2.354  -23.051  43.241 0.0000000000
39197  5.893  -32.040  56.013 0.0000000000
39213  5.571  -31.774  55.440 0.0000000000
40268  6.378  -30.767  55.003 0.0000000000
39185  6.837  -31.817  57.273 0.0000000000
39175  7.442  -32.062  58.026 0.0000000000
38233  6.175  -32.338  56.803 0.0000000000
38226  5.564  -32.978  57.346 0.0000000000
39374  -3.150  -31.424  43.361 0.0000000000
40377  -3.735  -29.767  43.964 0.0000000000
35256  -1.751  -35.435  56.500 0.0000000000
120444  -2.686  -33.932  56.544 0.0000000000
120236  -1.928  -33.849  56.680 0.0000000000
39223  10.138  -31.724  54.625 0.0000000000
35246  -0.033  -35.976  56.961 0.0000000000
34226  -0.263  -36.886  57.117 0.0000000000
34239  -0.968  -36.181  56.548 0.0000000000
34240  -1.943  -36.261  56.329 0.0000000000
42398  -2.106  -28.406  54.073 0.0000000000
130162  -2.099  -28.433  53.062 0.0000000000
125439  -1.305  -28.241  53.245 0.0000000000
48121  0.709  -22.365  49.570 0.0000000000
134137  2.693  -24.006  48.411 0.0000000000
134313  1.457  -22.990  47.711 0.0000000000
47211  2.081  -23.054  45.496 0.0000000000
48148  0.316  -22.970  46.537 0.0000000000
37316  1.642  -33.872  57.282 0.0000000000
38228  1.505  -33.175  56.842 0.0000000000
140471  2.251  -32.975  56.561 0.0000000000
40249  2.873  -30.611  55.480 0.0000000000
43370  3.996  -27.445  55.594 0.0000000000
143159  9.717  -32.350  58.656 0.0000000000
37312  9.370  -33.056  57.069 0.0000000000
37305  8.981  -33.258  57.450 0.0000000000
123477  7.022  -34.733  58.558 0.0000000000
36301  7.952  -35.260  57.355 0.0000000000
34217  7.393  -36.108  57.476 0.0000000000
34205  5.341  -35.931  57.807 0.0000000000
37310  3.670  -34.424  57.834 0.0000000000
36297  2.962  -35.242  57.805 0.0000000000
36302  2.836  -34.544  57.614 0.0000000000
36299  1.817  -35.348  57.806 0.0000000000
122292  -1.982  -24.390  57.115 0.0000000000
45320  -1.476  -24.929  56.354 0.0000000000
46231  -3.039  -24.357  56.198 0.0000000000
120380  -4.935  -21.284  53.856 0.0000000000
47154  -3.572  -23.250  53.977 0.0000000000
49065  -3.297  -21.878  52.871 0.0000000000
48094  -1.588  -22.259  51.891 0.0000000000
49064  -2.669  -21.148  52.299 0.0000000000
39165  11.468  -30.825  58.915 0.0000000000
34276  -3.009  -36.101  53.291 0.0000000000
35298  -3.786  -35.442  53.564 0.0000000000
36346  -3.629  -34.807  54.842 0.0000000000
39203  -3.480  -31.434  56.294 0.0000000000
39218  -4.571  -31.726  55.900 0.0000000000
40251  -3.649  -30.516  55.780 0.0000000000
41324  -3.346  -29.688  55.455 0.0000000000
41315  -1.971  -29.865  56.305 0.0000000000
40231  0.689  -30.939  56.349 0.0000000000
39200  0.253  -31.788  56.245 0.0000000000
39186  0.438  -30.271  57.023 0.0000000000
42347  0.887  -28.441  59.682 0.0000000000
41296  0.892  -29.510  59.054 0.0000000000
42354  -0.320  -28.410  58.302 0.0000000000
42361  -0.753  -28.652  57.880 0.0000000000
43348  -0.252  -27.493  58.196 0.0000000000
44312  -0.750  -26.075  57.417 0.0000000000
124090  -0.285  -26.069  58.356 0.0000000000
137357  8.650  -34.478  53.962 0.0000000000
37350  8.762  -33.791  53.393 0.0000000000
31383  3.237  -38.552  56.496 0.0000000000
30479  3.094  -38.937  55.409 0.0000000000
30462  2.449  -38.335  56.350 0.0000000000
30483  -0.098  -38.564  55.796 0.0000000000
29528  0.322  -39.190  55.193 0.0000000000
34264  -3.172  -36.750  55.460 0.0000000000
33259  -2.626  -37.373  54.003 0.0000000000
38276  -4.617  -32.536  52.887 0.0000000000
37392  -3.611  -33.197  51.168 0.0000000000
125958  -4.541  -31.925  51.672 0.0000000000
42455  -4.066  -28.231  50.644 0.0000000000
40304  -4.901  -30.125  50.150 0.0000000000
42470  -4.547  -28.675  49.294 0.0000000000
41415  -4.557  -29.860  47.811 0.0000000000
43466  -3.511  -27.674  48.713 0.0000000000
45340  1.139  -25.686  53.394 0.0000000000
43398  0.653  -27.311  52.887 0.0000000000
45356  1.778  -26.192  51.803 0.0000000000
43479  2.332  -27.158  46.994 0.0000000000
126135  1.428  -27.515  48.242 0.0000000000
43498  0.662  -27.160  46.865 0.0000000000
138240  -1.109  -26.835  46.549 0.0000000000
44441  -0.248  -26.783  45.074 0.0000000000
138039  -2.013  -26.673  43.882 0.0000000000
44465  -0.116  -26.799  44.054 0.0000000000
46342  2.016  -24.468  40.764 0.0000000000
128581  0.988  -25.706  41.199 0.0000000000
46351  -0.123  -24.131  39.758 0.0000000000
125398  -1.020  -17.656  51.765 0.0000000000
119737  -1.920  -19.753  51.207 0.0000000000
128461  -1.639  -18.934  50.817 0.0000000000
52183  -1.702  -17.777  47.226 0.0000000000
51159  -1.544  -18.763  48.246 0.0000000000
124936  -1.566  -19.714  47.945 0.0000000000
49118  -2.432  -21.019  46.603 0.0000000000
47222  -2.119  -23.187  45.461 0.0000000000
48183  -3.524  -22.179  44.608 0.0000000000
37320  4.064  -33.344  56.705 0.0000000000
38236  3.721  -32.858  55.766 0.0000000000
38249  4.300  -32.465  55.199 0.0000000000
134124  8.319  -31.068  58.904 0.0000000000
38214  8.442  -32.776  58.461 0.0000000000
38219  7.642  -32.695  58.265 0.0000000000
38216  7.314  -33.577  58.514 0.0000000000
37304  6.464  -34.628  58.633 0.0000000000
36288  5.757  -35.051  58.669 0.0000000000
37313  5.304  -33.631  58.016 0.0000000000
37314  4.719  -33.460  57.502 0.0000000000
49016  -2.739  -21.559  56.486 0.0000000000
47106  -4.097  -23.122  56.397 0.0000000000
50076  -3.183  -20.686  55.952 0.0000000000
51083  -4.457  -19.552  55.698 0.0000000000
121196  -4.518  -18.792  55.148 0.0000000000
35277  -3.357  -35.459  55.977 0.0000000000
36330  -3.715  -34.385  55.799 0.0000000000
36311  -3.196  -34.534  56.356 0.0000000000
140787  -3.134  -33.105  56.613 0.0000000000
123023  -2.032  -32.221  56.416 0.0000000000
42360  2.193  -29.027  58.075 0.0000000000
41303  1.832  -29.606  58.699 0.0000000000
43346  2.198  -28.318  59.301 0.0000000000
44294  1.901  -27.561  59.663 0.0000000000
45284  1.210  -26.219  59.455 0.0000000000
46193  0.330  -24.643  59.227 0.0000000000
34215  0.614  -36.945  58.588 0.0000000000
31377  0.939  -37.229  56.496 0.0000000000
32284  0.056  -37.142  57.290 0.0000000000
32292  -0.154  -37.473  57.091 0.0000000000
31386  -0.325  -38.124  56.282 0.0000000000
32312  -1.568  -38.075  55.273 0.0000000000
33234  -1.235  -37.031  56.235 0.0000000000
34251  -2.479  -36.859  55.794 0.0000000000
126113  -4.385  -30.006  53.243 0.0000000000
130731  -4.759  -30.291  52.209 0.0000000000
42400  -3.490  -28.854  53.094 0.0000000000
42437  -2.874  -28.187  51.774 0.0000000000
43410  -2.239  -27.880  51.020 0.0000000000
124559  1.704  -23.995  51.910 0.0000000000
45355  2.098  -25.474  51.367 0.0000000000
46282  2.586  -24.788  49.992 0.0000000000
45369  3.363  -25.290  47.774 0.0000000000
45390  3.010  -25.926  45.700 0.0000000000
44462  2.178  -25.866  44.058 0.0000000000
46316  3.081  -24.503  44.232 0.0000000000
47234  2.279  -23.325  43.466 0.0000000000
133417  1.104  -22.237  42.698 0.0000000000
121433  -1.209  -19.116  46.001 0.0000000000
50178  -3.572  -20.218  44.683 0.0000000000
51207  -2.816  -18.970  43.805 0.0000000000
138172  -0.100  -34.498  56.766 0.0000000000
37318  -0.954  -33.948  56.776 0.0000000000
38229  0.773  -33.167  56.655 0.0000000000
38238  0.945  -32.504  56.409 0.0000000000
40230  1.533  -30.855  56.162 0.0000000000
39216  2.788  -31.698  55.392 0.0000000000
40229  2.276  -31.055  55.776 0.0000000000
127698  2.118  -30.250  56.187 0.0000000000
43365  2.817  -28.203  57.362 0.0000000000
38231  10.233  -32.294  56.729 0.0000000000
38247  9.806  -32.884  55.456 0.0000000000
38232  9.702  -32.922  56.313 0.0000000000
36293  8.449  -34.051  57.414 0.0000000000
35242  8.140  -35.195  56.430 0.0000000000
35287  7.832  -35.987  54.686 0.0000000000
31373  3.889  -38.340  56.892 0.0000000000
32267  2.878  -37.357  57.478 0.0000000000
36289  3.933  -35.375  57.874 0.0000000000
35230  3.192  -36.412  58.147 0.0000000000
35232  2.319  -36.397  58.471 0.0000000000
35241  1.085  -35.968  57.784 0.0000000000
35245  0.666  -35.774  57.455 0.0000000000
44332  -0.498  -27.129  56.138 0.0000000000
43381  0.225  -27.223  54.671 0.0000000000
45318  -0.245  -26.205  55.740 0.0000000000
45332  -0.458  -25.147  55.373 0.0000000000
47131  -0.127  -23.843  54.228 0.0000000000
47118  -3.467  -23.830  55.518 0.0000000000
47133  -2.016  -23.654  54.441 0.0000000000
47150  0.241  -23.640  53.398 0.0000000000
48093  -0.265  -22.927  51.887 0.0000000000
48106  -0.762  -22.345  51.392 0.0000000000
49084  -0.367  -21.632  50.104 0.0000000000
41312  7.121  -30.188  56.293 0.0000000000
39209  11.928  -31.087  56.332 0.0000000000
39171  15.737  -30.378  57.744 0.0000000000
40200  14.431  -29.951  59.016 0.0000000000
39180  14.404  -30.583  57.867 0.0000000000
39181  13.322  -31.022  57.346 0.0000000000
39182  12.323  -31.125  57.589 0.0000000000
39183  11.371  -31.385  57.469 0.0000000000
38213  10.070  -31.820  59.036 0.0000000000
39167  9.399  -31.394  59.281 0.0000000000
40197  9.435  -30.005  59.014 0.0000000000
125132  8.987  -30.855  59.258 0.0000000000
137410  8.332  -30.539  58.503 0.0000000000
40216  7.469  -30.133  57.331 0.0000000000
119317  -4.353  -33.979  53.382 0.0000000000
38269  -4.533  -32.330  53.918 0.0000000000
119511  -4.997  -33.981  56.400 0.0000000000
38262  -4.244  -32.598  55.180 0.0000000000
137130  -4.552  -31.083  54.467 0.0000000000
41343  -3.541  -29.271  54.558 0.0000000000
41342  -2.996  -28.974  55.280 0.0000000000
42371  -1.553  -29.020  55.875 0.0000000000
133739  -0.367  -32.293  56.279 0.0000000000
39201  -0.651  -31.603  56.086 0.0000000000
39187  -1.110  -30.877  56.074 0.0000000000
41305  0.397  -29.744  58.079 0.0000000000
41306  -0.808  -29.707  57.412 0.0000000000
41307  -1.413  -29.913  56.743 0.0000000000
41314  -1.494  -29.489  56.898 0.0000000000
42366  -1.532  -28.916  56.901 0.0000000000
119182  -1.144  -28.468  56.171 0.0000000000
43366  -0.970  -27.132  56.741 0.0000000000
45299  -1.119  -24.649  57.464 0.0000000000
47086  -1.924  -22.989  57.835 0.0000000000
47076  -0.654  -23.495  58.557 0.0000000000
48020  -1.686  -22.781  57.894 0.0000000000
122782  -1.675  -22.176  57.671 0.0000000000
30496  2.195  -39.867  54.245 0.0000000000
29527  1.114  -38.658  55.157 0.0000000000
130438  -4.810  -30.978  50.487 0.0000000000
39258  -4.341  -31.658  49.797 0.0000000000
41439  -3.932  -29.632  45.661 0.0000000000
42396  0.091  -27.628  53.495 0.0000000000
136874  -0.012  -28.023  51.894 0.0000000000
134299  -0.672  -27.706  50.421 0.0000000000
43423  1.930  -27.247  49.655 0.0000000000
43443  0.421  -27.566  49.509 0.0000000000
43465  -1.377  -27.317  48.822 0.0000000000
43484  -2.562  -27.097  47.856 0.0000000000
43501  -3.510  -27.447  46.471 0.0000000000
42524  -3.967  -28.238  44.677 0.0000000000
42537  -3.936  -28.221  43.888 0.0000000000
44504  0.840  -26.326  42.757 0.0000000000
44527  -2.092  -25.921  42.010 0.0000000000
53110  -4.039  -17.778  53.608 0.0000000000
54035  -2.765  -16.917  52.856 0.0000000000
51118  -3.899  -19.123  52.003 0.0000000000
50119  -2.531  -20.299  51.870 0.0000000000
49086  -1.441  -21.087  50.908 0.0000000000
49093  -0.579  -20.983  49.534 0.0000000000
51151  -2.088  -18.723  49.704 0.0000000000
50137  -0.929  -20.551  48.735 0.0000000000
49108  -0.575  -22.318  47.530 0.0000000000
48162  -0.695  -23.308  45.669 0.0000000000
48181  -0.451  -23.074  43.762 0.0000000000
49149  0.188  -21.682  41.496 0.0000000000
49165  -2.088  -22.066  41.204 0.0000000000
39212  6.205  -31.458  55.546 0.0000000000
40228  6.997  -30.983  56.810 0.0000000000
135310  -2.183  -30.585  44.551 0.0000000000
40396  -2.823  -30.462  43.963 0.0000000000
36307  -1.423  -34.687  56.662 0.0000000000
39211  10.466  -31.572  55.521 0.0000000000
40246  10.398  -31.003  54.822 0.0000000000
35247  -0.874  -35.589  56.653 0.0000000000
118770  -1.223  -28.155  54.159 0.0000000000
48128  0.784  -22.507  48.684 0.0000000000
48127  1.420  -22.936  48.408 0.0000000000
133156  0.821  -22.725  47.884 0.0000000000
48135  1.142  -22.808  47.007 0.0000000000
48136  0.207  -22.753  47.355 0.0000000000
38218  9.237  -32.714  58.169 0.0000000000
36286  7.261  -35.187  58.289 0.0000000000
35234  7.116  -35.791  58.040 0.0000000000
33214  7.071  -36.753  57.179 0.0000000000
34212  6.492  -35.995  57.955 0.0000000000
33209  6.082  -36.531  57.657 0.0000000000
34204  6.137  -35.685  58.087 0.0000000000
37315  3.341  -33.796  57.323 0.0000000000
36303  2.069  -34.509  57.590 0.0000000000
46210  -2.872  -24.094  57.138 0.0000000000
46218  -2.191  -24.587  56.634 0.0000000000
46219  -3.275  -23.953  56.672 0.0000000000
132914  -4.633  -20.480  53.524 0.0000000000
135406  -4.534  -21.012  53.493 0.0000000000
50100  -4.093  -20.699  53.112 0.0000000000
130935  -2.422  -31.288  56.304 0.0000000000
40234  -3.041  -30.712  56.277 0.0000000000
40250  -3.055  -30.151  56.063 0.0000000000
40217  1.015  -30.275  56.670 0.0000000000
43340  0.702  -27.581  59.382 0.0000000000
43347  0.217  -27.984  58.776 0.0000000000
44297  -0.080  -26.712  58.468 0.0000000000
45286  -0.094  -25.943  58.712 0.0000000000
31375  2.451  -38.173  56.923 0.0000000000
31384  2.916  -38.503  56.703 0.0000000000
30482  -0.048  -39.358  55.257 0.0000000000
130389  -3.198  -36.781  54.703 0.0000000000
34275  -2.761  -36.634  53.583 0.0000000000
38286  -4.471  -32.588  52.062 0.0000000000
40291  -4.794  -31.262  52.331 0.0000000000
43429  -3.595  -27.873  50.118 0.0000000000
139676  -4.198  -28.248  49.955 0.0000000000
43447  -3.926  -27.974  49.373 0.0000000000
43446  -3.102  -27.584  49.475 0.0000000000
46257  1.144  -24.738  53.335 0.0000000000
45349  1.461  -26.030  52.600 0.0000000000
136144  1.462  -25.241  52.828 0.0000000000
44419  1.940  -26.987  46.050 0.0000000000
43497  1.535  -27.230  46.629 0.0000000000
43514  1.097  -27.111  45.965 0.0000000000
44420  0.193  -26.824  45.995 0.0000000000
44440  0.654  -26.856  45.344 0.0000000000
44464  0.663  -26.726  44.597 0.0000000000
47274  1.642  -23.407  40.262 0.0000000000
46350  1.373  -24.355  40.187 0.0000000000
127642  0.874  -23.851  39.608 0.0000000000
54045  -0.909  -17.339  52.293 0.0000000000
52133  -0.938  -17.832  51.252 0.0000000000
52144  -1.249  -18.296  51.068 0.0000000000
53138  -1.006  -17.903  50.888 0.0000000000
139275  -1.364  -19.432  46.427 0.0000000000
52171  -1.443  -18.442  47.501 0.0000000000
50161  -1.662  -19.938  46.484 0.0000000000
137692  -1.650  -20.012  47.140 0.0000000000
48173  -3.350  -22.057  45.724 0.0000000000
49126  -3.139  -21.171  46.011 0.0000000000
39225  5.565  -31.229  54.871 0.0000000000
39169  7.947  -31.847  58.630 0.0000000000
38225  6.514  -32.658  57.676 0.0000000000
38220  6.913  -33.061  58.376 0.0000000000
37307  6.590  -33.923  58.559 0.0000000000
37308  5.687  -34.333  58.490 0.0000000000
38227  4.853  -33.009  56.798 0.0000000000
51072  -4.319  -19.042  56.327 0.0000000000
52084  -4.421  -18.332  56.545 0.0000000000
52093  -4.636  -18.125  55.872 0.0000000000
135826  -2.664  -33.044  56.523 0.0000000000
38241  -2.848  -32.078  56.485 0.0000000000
123733  2.300  -28.551  58.449 0.0000000000
45283  2.139  -26.566  59.019 0.0000000000
143589  1.720  -26.719  59.491 0.0000000000
123033  1.906  -25.834  59.152 0.0000000000
46192  1.346  -25.057  59.321 0.0000000000
34219  0.084  -37.286  58.509 0.0000000000
33213  0.687  -37.245  58.131 0.0000000000
34220  -0.158  -37.796  58.044 0.0000000000
33224  -0.525  -37.058  56.832 0.0000000000
33223  -0.034  -37.032  57.344 0.0000000000
32293  -0.557  -37.546  56.651 0.0000000000
32301  -0.954  -37.675  55.925 0.0000000000
34252  -3.049  -36.257  56.049 0.0000000000
41363  -3.850  -29.348  53.587 0.0000000000
42418  -2.885  -28.482  52.686 0.0000000000
134175  -2.193  -28.291  52.339 0.0000000000
42436  -1.768  -28.084  51.746 0.0000000000
47172  1.420  -23.449  51.534 0.0000000000
47171  2.013  -23.920  51.272 0.0000000000
47177  2.195  -23.937  50.384 0.0000000000
47193  2.657  -23.690  47.467 0.0000000000
46291  3.198  -24.429  47.608 0.0000000000
45383  3.294  -25.906  46.536 0.0000000000
128774  3.357  -25.329  46.047 0.0000000000
45389  3.286  -25.230  45.286 0.0000000000
46315  3.327  -24.482  44.952 0.0000000000
48160  1.367  -22.867  44.999 0.0000000000
134829  2.352  -23.259  44.506 0.0000000000
48179  1.674  -22.750  43.058 0.0000000000
48180  0.772  -22.598  43.450 0.0000000000
52182  -1.385  -17.797  46.418 0.0000000000
52194  -1.051  -18.688  45.556 0.0000000000
51199  -2.818  -19.441  44.611 0.0000000000
52205  -1.864  -18.925  44.619 0.0000000000
36305  0.628  -34.488  57.101 0.0000000000
36309  0.142  -33.693  56.626 0.0000000000
38237  1.722  -32.437  56.226 0.0000000000
39199  1.157  -31.697  56.155 0.0000000000
38250  3.512  -32.309  55.106 0.0000000000
123825  2.711  -32.519  55.808 0.0000000000
41321  2.556  -29.607  56.085 0.0000000000
42365  2.678  -28.991  56.900 0.0000000000
42364  3.196  -28.359  56.292 0.0000000000
37311  9.673  -32.800  56.819 0.0000000000
128762  8.806  -33.885  56.952 0.0000000000
37319  9.142  -33.586  56.559 0.0000000000
36327  8.772  -34.363  56.057 0.0000000000
37306  8.441  -33.377  57.856 0.0000000000
126511  7.999  -34.184  57.871 0.0000000000
35243  7.943  -35.538  56.655 0.0000000000
35255  7.904  -35.729  56.207 0.0000000000
35276  8.043  -35.706  55.898 0.0000000000
34262  7.799  -36.246  55.600 0.0000000000
33232  7.477  -37.038  55.880 0.0000000000
33245  6.594  -37.540  55.775 0.0000000000
32271  4.438  -37.578  57.444 0.0000000000
32281  3.651  -38.048  57.288 0.0000000000
141983  3.171  -37.147  57.529 0.0000000000
36295  4.867  -34.994  58.526 0.0000000000
36284  4.951  -35.371  58.216 0.0000000000
36291  2.883  -35.981  58.248 0.0000000000
36290  3.098  -35.682  57.856 0.0000000000
35237  2.894  -36.073  58.574 0.0000000000
35231  2.942  -36.321  58.708 0.0000000000
35238  2.199  -36.317  58.368 0.0000000000
126047  1.075  -36.635  58.404 0.0000000000
35240  1.645  -35.902  57.905 0.0000000000
36304  1.359  -34.503  57.475 0.0000000000
35244  1.082  -35.370  57.609 0.0000000000
123758  0.269  -35.235  57.073 0.0000000000
45308  -0.769  -26.293  56.449 0.0000000000
46229  -1.223  -24.725  55.649 0.0000000000
46245  -0.717  -24.316  54.901 0.0000000000
46244  0.125  -24.665  54.614 0.0000000000
48054  -4.466  -22.786  55.921 0.0000000000
47119  -4.218  -23.354  55.858 0.0000000000
47120  -4.399  -22.935  55.268 0.0000000000
126547  -3.069  -22.947  53.435 0.0000000000
47153  -2.592  -23.309  53.837 0.0000000000
47152  -1.609  -23.184  53.631 0.0000000000
47151  -0.609  -23.353  53.614 0.0000000000
48078  -1.069  -23.028  52.978 0.0000000000
47166  -0.332  -23.229  52.671 0.0000000000
120459  -0.254  -22.192  50.634 0.0000000000
48115  -0.696  -21.849  50.791 0.0000000000
41311  7.389  -29.570  56.701 0.0000000000
41318  7.323  -29.324  55.800 0.0000000000
40227  12.615  -30.772  55.906 0.0000000000
40265  12.470  -30.058  55.194 0.0000000000
40191  13.980  -29.876  59.702 0.0000000000
39162  13.860  -30.145  58.763 0.0000000000
39172  14.458  -30.244  58.421 0.0000000000
127546  13.756  -30.491  58.325 0.0000000000
136357  13.723  -30.800  57.802 0.0000000000
39174  12.162  -30.973  58.250 0.0000000000
131524  11.924  -31.194  56.963 0.0000000000
39166  10.705  -31.003  59.106 0.0000000000
124360  10.017  -30.969  59.209 0.0000000000
41284  9.795  -29.262  59.222 0.0000000000
40206  8.735  -30.272  58.894 0.0000000000
41288  8.480  -29.760  58.512 0.0000000000
42359  7.939  -28.863  57.856 0.0000000000
41294  7.965  -29.559  57.981 0.0000000000
41302  7.665  -29.268  57.328 0.0000000000
34295  -3.393  -36.513  52.063 0.0000000000
34285  -3.350  -36.083  52.739 0.0000000000
36359  -4.166  -34.489  54.103 0.0000000000
36373  -4.259  -34.811  53.065 0.0000000000
37351  -4.440  -33.167  53.599 0.0000000000
37341  -4.266  -33.008  54.472 0.0000000000
137447  -4.501  -35.226  56.030 0.0000000000
34253  -5.614  -35.619  56.247 0.0000000000
119762  -4.589  -33.767  56.384 0.0000000000
39217  -4.285  -31.206  55.864 0.0000000000
38251  -4.576  -32.010  55.629 0.0000000000
39228  -4.486  -31.263  55.250 0.0000000000
125940  -4.530  -31.772  54.704 0.0000000000
40272  -4.383  -30.522  54.699 0.0000000000
41344  -4.175  -29.876  54.193 0.0000000000
40271  -3.994  -29.985  55.024 0.0000000000
41316  -2.676  -29.714  55.910 0.0000000000
125591  -2.431  -28.655  54.948 0.0000000000
37322  -0.623  -33.035  56.513 0.0000000000
128465  1.321  -29.753  58.859 0.0000000000
43357  -0.819  -27.981  57.722 0.0000000000
120884  -1.204  -28.558  57.464 0.0000000000
120416  -0.928  -27.142  57.229 0.0000000000
45298  -0.612  -25.596  58.032 0.0000000000
46201  -1.269  -23.746  57.881 0.0000000000
142001  -0.331  -24.220  58.858 0.0000000000
38260  9.857  -32.594  54.459 0.0000000000
37349  9.416  -33.250  53.882 0.0000000000
30480  2.548  -38.920  55.351 0.0000000000
30488  2.351  -39.396  54.853 0.0000000000
31378  0.128  -37.517  56.627 0.0000000000
30464  1.127  -37.543  56.019 0.0000000000
128351  0.534  -38.275  55.580 0.0000000000
33284  -3.849  -37.304  52.117 0.0000000000
126670  -3.185  -34.005  50.886 0.0000000000
137462  -3.150  -33.195  50.468 0.0000000000
37411  -3.393  -32.576  49.930 0.0000000000
129910  -4.851  -31.172  51.514 0.0000000000
40297  -4.958  -30.227  51.113 0.0000000000
131201  -4.860  -30.031  49.380 0.0000000000
40312  -4.668  -30.833  49.412 0.0000000000
39272  -4.217  -31.642  48.875 0.0000000000
38328  -3.578  -31.918  48.711 0.0000000000
39271  -3.961  -31.572  48.075 0.0000000000
129802  -4.389  -29.185  47.256 0.0000000000
40328  -4.133  -30.327  47.169 0.0000000000
123961  -4.212  -29.753  47.001 0.0000000000
41425  -3.673  -29.890  46.450 0.0000000000
41426  -4.284  -29.337  46.436 0.0000000000
141840  0.164  -27.449  54.068 0.0000000000
43390  0.526  -27.125  53.765 0.0000000000
43407  0.669  -27.611  52.036 0.0000000000
133350  0.487  -27.654  51.270 0.0000000000
43408  -0.273  -27.848  51.158 0.0000000000
43426  0.279  -27.643  50.424 0.0000000000
45360  2.420  -25.637  50.494 0.0000000000
44364  2.024  -26.328  50.974 0.0000000000
44371  2.318  -26.566  50.102 0.0000000000
43481  0.780  -27.437  47.734 0.0000000000
43442  1.284  -27.520  49.120 0.0000000000
43463  0.406  -27.487  48.543 0.0000000000
126261  -0.392  -27.481  49.139 0.0000000000
43464  -0.531  -27.296  48.439 0.0000000000
141500  -1.891  -27.069  48.203 0.0000000000
119643  -1.140  -27.009  48.006 0.0000000000
44422  -1.620  -26.856  46.065 0.0000000000
44423  -2.387  -26.916  46.358 0.0000000000
44444  -3.065  -26.985  46.024 0.0000000000
43529  -4.145  -28.141  45.432 0.0000000000
43528  -3.591  -27.556  45.029 0.0000000000
44468  -2.963  -26.978  44.834 0.0000000000
44507  -2.574  -26.392  42.595 0.0000000000
45406  2.400  -25.460  43.120 0.0000000000
44524  1.444  -25.928  41.905 0.0000000000
45443  -0.512  -24.921  40.563 0.0000000000
45430  -0.079  -25.649  41.275 0.0000000000
45431  -1.355  -25.525  41.294 0.0000000000
45432  -2.717  -25.516  41.266 0.0000000000
54034  -1.850  -17.163  52.897 0.0000000000
53114  -2.745  -16.976  52.337 0.0000000000
120831  -3.460  -17.449  52.511 0.0000000000
52125  -3.847  -18.111  51.936 0.0000000000
131808  -2.983  -18.786  51.772 0.0000000000
50128  -1.399  -20.267  50.697 0.0000000000
50127  -0.821  -20.554  50.178 0.0000000000
139753  -0.803  -20.306  49.444 0.0000000000
53166  -3.230  -17.917  49.607 0.0000000000
52152  -2.972  -18.599  50.078 0.0000000000
49109  -1.834  -20.952  47.647 0.0000000000
125933  -1.517  -20.391  48.062 0.0000000000
49100  -1.360  -20.984  48.095 0.0000000000
48130  -1.032  -21.601  47.917 0.0000000000
48137  -1.513  -22.048  47.482 0.0000000000
48149  -1.042  -22.652  46.886 0.0000000000
47213  -1.445  -23.125  46.216 0.0000000000
47236  -2.340  -23.161  44.336 0.0000000000
47235  -1.364  -23.319  44.575 0.0000000000
134254  -1.554  -23.193  43.701 0.0000000000
48192  0.117  -22.207  42.581 0.0000000000
128266  -1.194  -22.761  42.826 0.0000000000
49141  -3.698  -21.247  44.062 0.0000000000
38234  5.393  -32.578  56.427 0.0000000000
38248  5.124  -32.265  55.677 0.0000000000
41339  5.895  -30.485  54.325 0.0000000000
39184  7.496  -31.084  57.705 0.0000000000
40397  -3.590  -30.572  43.315 0.0000000000
41471  -3.875  -29.812  43.093 0.0000000000
36310  -2.307  -34.631  56.533 0.0000000000
34225  -0.193  -36.738  57.663 0.0000000000
119885  -0.342  -36.427  56.921 0.0000000000
42380  -2.961  -28.672  54.453 0.0000000000
42399  -2.865  -28.575  53.575 0.0000000000
48113  1.254  -22.733  50.196 0.0000000000
47185  1.899  -23.274  49.849 0.0000000000
47189  2.049  -23.327  48.906 0.0000000000
128160  2.054  -23.326  48.020 0.0000000000
47201  2.523  -23.459  46.778 0.0000000000
46306  2.719  -23.586  45.976 0.0000000000
47202  1.897  -23.062  46.408 0.0000000000
48147  1.205  -22.841  45.997 0.0000000000
41320  3.334  -29.676  55.269 0.0000000000
42370  3.611  -28.667  55.343 0.0000000000
43371  3.627  -27.959  55.749 0.0000000000
42369  3.987  -28.023  55.181 0.0000000000
125530  10.080  -32.203  58.166 0.0000000000
38224  9.591  -32.711  57.612 0.0000000000
36285  7.580  -34.471  58.311 0.0000000000
36294  7.875  -35.026  57.828 0.0000000000
35239  7.601  -35.526  57.760 0.0000000000
34223  7.506  -36.474  56.715 0.0000000000
33210  5.122  -36.813  57.596 0.0000000000
33204  4.735  -36.444  57.624 0.0000000000
36296  3.995  -35.007  58.052 0.0000000000
36298  2.459  -35.373  57.856 0.0000000000
45309  -1.202  -25.052  56.843 0.0000000000
46230  -2.089  -24.588  55.836 0.0000000000
49040  -4.926  -21.927  54.328 0.0000000000
48067  -4.460  -22.733  54.304 0.0000000000
49051  -4.696  -22.067  53.798 0.0000000000
48081  -3.863  -22.508  53.443 0.0000000000
48096  -3.030  -22.526  53.021 0.0000000000
48079  -1.729  -22.726  52.704 0.0000000000
48095  -2.416  -22.166  52.484 0.0000000000
138863  13.288  -30.840  56.131 0.0000000000
40192  13.362  -29.640  59.625 0.0000000000
40204  11.191  -30.181  59.177 0.0000000000
36347  -3.582  -34.069  55.164 0.0000000000
38242  -3.616  -32.493  56.384 0.0000000000
38243  -4.311  -32.745  56.321 0.0000000000
39204  -4.302  -31.961  56.191 0.0000000000
42346  1.614  -28.861  60.016 0.0000000000
42353  0.439  -28.797  58.920 0.0000000000
130158  -1.090  -29.046  57.515 0.0000000000
119817  -0.580  -27.122  57.709 0.0000000000
44302  -0.373  -26.565  58.062 0.0000000000
45292  -0.439  -25.280  58.439 0.0000000000
36345  9.128  -34.023  54.299 0.0000000000
30469  3.243  -38.649  56.015 0.0000000000
30470  2.690  -38.581  55.969 0.0000000000
30481  2.039  -38.838  55.249 0.0000000000
130715  0.111  -38.618  55.638 0.0000000000
33247  -2.883  -37.418  55.007 0.0000000000
32313  -2.351  -37.997  54.775 0.0000000000
33270  -2.744  -37.385  53.041 0.0000000000
122093  -4.395  -33.392  52.526 0.0000000000
36387  -3.939  -34.013  51.696 0.0000000000
37376  -4.162  -33.158  51.737 0.0000000000
37393  -4.099  -32.541  51.347 0.0000000000
39251  -4.308  -31.866  50.801 0.0000000000
42439  -4.431  -28.776  51.068 0.0000000000
41394  -4.804  -29.415  50.660 0.0000000000
42456  -4.560  -28.728  50.250 0.0000000000
41400  -4.828  -29.396  49.775 0.0000000000
41406  -4.804  -29.532  48.852 0.0000000000
40320  -4.663  -30.347  48.652 0.0000000000
42482  -4.640  -28.903  48.153 0.0000000000
43486  -3.835  -27.871  47.908 0.0000000000
137943  1.000  -26.596  53.170 0.0000000000
43397  1.308  -26.944  52.202 0.0000000000
43406  1.155  -27.299  51.379 0.0000000000
44389  2.702  -26.974  48.387 0.0000000000
43441  2.069  -27.354  48.752 0.0000000000
43462  2.182  -27.343  47.900 0.0000000000
43480  1.538  -27.399  47.394 0.0000000000
43500  -1.059  -26.890  47.227 0.0000000000
43499  -0.361  -26.848  46.717 0.0000000000
44421  -0.747  -26.793  45.940 0.0000000000
44442  -1.354  -26.844  45.266 0.0000000000
44467  -2.095  -26.848  44.664 0.0000000000
44466  -1.116  -26.731  44.397 0.0000000000
44488  -0.976  -26.520  43.469 0.0000000000
46341  2.529  -24.668  41.594 0.0000000000
45429  1.872  -25.314  41.292 0.0000000000
45442  1.322  -25.069  40.628 0.0000000000
133519  0.604  -24.654  40.185 0.0000000000
53125  -1.854  -17.338  52.194 0.0000000000
51128  -1.967  -18.808  51.343 0.0000000000
52134  -1.602  -17.934  51.595 0.0000000000
51140  -1.227  -19.321  50.398 0.0000000000
52159  -1.921  -17.889  48.177 0.0000000000
51160  -1.668  -19.040  48.883 0.0000000000
50154  -1.739  -20.445  47.431 0.0000000000
48151  -2.354  -21.571  47.204 0.0000000000
47214  -2.324  -22.847  46.412 0.0000000000
48163  -2.832  -22.503  46.203 0.0000000000
47223  -3.038  -22.916  45.216 0.0000000000
47237  -3.057  -22.818  43.917 0.0000000000
37321  3.099  -33.178  56.570 0.0000000000
38261  4.128  -31.936  54.695 0.0000000000
39214  4.905  -31.858  55.036 0.0000000000
39227  4.002  -31.268  54.525 0.0000000000
39168  8.575  -31.876  59.128 0.0000000000
124342  8.079  -32.465  58.565 0.0000000000
38215  7.804  -33.169  58.264 0.0000000000
37302  7.498  -34.034  58.472 0.0000000000
37303  6.908  -34.143  58.649 0.0000000000
36287  6.395  -35.055  58.586 0.0000000000
36283  5.860  -35.386  58.346 0.0000000000
130032  4.056  -33.787  57.633 0.0000000000
48041  -2.534  -22.264  57.395 0.0000000000
47097  -3.562  -22.790  56.772 0.0000000000
48042  -3.300  -22.252  56.780 0.0000000000
49017  -3.853  -21.555  56.359 0.0000000000
49018  -4.352  -21.587  55.932 0.0000000000
52092  -3.219  -19.118  55.951 0.0000000000
51082  -4.061  -19.949  56.179 0.0000000000
50078  -4.537  -20.964  55.403 0.0000000000
118800  -4.699  -20.326  54.967 0.0000000000
51096  -4.685  -19.565  54.515 0.0000000000
35288  -3.541  -35.359  55.202 0.0000000000
36329  -3.600  -34.808  55.752 0.0000000000
36312  -3.675  -34.316  56.168 0.0000000000
119089  -3.518  -34.191  56.439 0.0000000000
37324  -3.049  -33.798  56.585 0.0000000000
125026  1.993  -29.569  57.261 0.0000000000
41304  1.213  -29.897  57.809 0.0000000000
42352  2.194  -29.225  59.172 0.0000000000
42345  2.066  -28.990  59.734 0.0000000000
44301  2.244  -27.277  58.899 0.0000000000
43338  2.001  -28.378  59.980 0.0000000000
43339  1.480  -27.967  60.038 0.0000000000
44295  1.302  -27.154  59.607 0.0000000000
45285  0.405  -25.624  59.215 0.0000000000
32275  1.343  -38.030  57.873 0.0000000000
31372  1.616  -37.218  57.050 0.0000000000
32282  1.033  -37.027  57.071 0.0000000000
32283  0.320  -37.300  56.957 0.0000000000
31379  -0.085  -37.584  56.812 0.0000000000
31385  -0.101  -38.030  56.507 0.0000000000
31402  -0.477  -38.797  55.532 0.0000000000
32311  -0.975  -38.145  55.560 0.0000000000
126620  -3.418  -36.137  55.364 0.0000000000
135281  -4.699  -30.864  53.074 0.0000000000
41375  -4.198  -29.289  52.543 0.0000000000
42420  -4.231  -28.843  51.785 0.0000000000
42419  -3.636  -28.617  52.230 0.0000000000
42438  -3.828  -28.349  51.423 0.0000000000
43411  -3.267  -27.958  50.892 0.0000000000
124696  1.806  -25.331  52.188 0.0000000000
46273  1.990  -24.610  51.741 0.0000000000
46277  2.275  -24.712  50.895 0.0000000000
45365  2.865  -25.802  49.518 0.0000000000
47184  2.449  -23.970  49.453 0.0000000000
122886  2.979  -24.763  49.096 0.0000000000
45370  3.212  -25.519  48.608 0.0000000000
45378  3.163  -26.257  47.948 0.0000000000
44418  2.704  -26.563  46.297 0.0000000000
44438  2.369  -26.452  45.431 0.0000000000
44463  1.453  -26.413  44.276 0.0000000000
135775  2.769  -25.762  44.807 0.0000000000
121391  2.772  -25.213  44.029 0.0000000000
46325  2.856  -24.624  43.415 0.0000000000
140300  3.081  -23.821  44.639 0.0000000000
47233  2.803  -23.880  43.855 0.0000000000
46331  2.761  -24.745  42.486 0.0000000000
47262  2.696  -24.043  42.133 0.0000000000
48190  1.768  -22.589  42.147 0.0000000000
48206  1.587  -22.464  41.165 0.0000000000
51184  -1.331  -18.668  46.789 0.0000000000
50171  -1.765  -19.769  45.834 0.0000000000
120937  -3.300  -20.543  45.495 0.0000000000
51194  -2.778  -19.876  45.362 0.0000000000
52216  -2.031  -18.731  43.752 0.0000000000
40357  -2.019  -30.398  45.572 0.0000000000
43364  3.530  -27.518  56.474 0.0000000000
39195  10.645  -31.813  56.379 0.0000000000
38259  10.062  -32.213  55.231 0.0000000000
38246  10.169  -32.335  55.985 0.0000000000
37331  9.329  -33.585  55.811 0.0000000000
36344  9.074  -34.237  55.242 0.0000000000
35294  8.185  -35.187  54.132 0.0000000000
137545  8.124  -34.689  57.529 0.0000000000
36300  8.297  -34.785  56.930 0.0000000000
35275  8.282  -35.142  56.158 0.0000000000
35286  8.239  -35.488  55.174 0.0000000000
33257  7.055  -37.299  55.474 0.0000000000
31393  4.304  -38.205  56.193 0.0000000000
128805  3.316  -38.484  56.825 0.0000000000
31374  3.234  -38.261  57.163 0.0000000000
32273  2.695  -37.299  57.460 0.0000000000
142858  5.680  -35.616  58.026 0.0000000000
35228  5.067  -35.661  57.937 0.0000000000
34206  4.340  -36.064  57.660 0.0000000000
35236  3.032  -35.721  57.769 0.0000000000
34207  3.276  -36.133  57.650 0.0000000000
34208  2.512  -36.032  57.819 0.0000000000
33207  2.174  -36.838  57.880 0.0000000000
129635  1.857  -37.200  57.934 0.0000000000
34211  0.970  -37.324  58.781 0.0000000000
34214  0.680  -36.859  58.537 0.0000000000
43373  -0.489  -27.790  55.462 0.0000000000
43372  0.012  -27.089  55.496 0.0000000000
44341  0.288  -26.575  55.061 0.0000000000
45319  -0.919  -25.448  56.121 0.0000000000
45331  0.276  -25.685  54.909 0.0000000000
45341  0.769  -25.192  54.114 0.0000000000
46258  0.648  -24.236  53.883 0.0000000000
46232  -3.614  -23.716  56.293 0.0000000000
47117  -2.589  -24.151  55.211 0.0000000000
47135  -3.825  -23.313  54.914 0.0000000000
47132  -1.031  -23.628  54.392 0.0000000000
47149  0.992  -23.964  53.079 0.0000000000
136416  0.505  -23.485  52.597 0.0000000000
47173  0.584  -23.172  51.823 0.0000000000
119275  -1.004  -22.749  52.218 0.0000000000
48105  0.100  -22.644  51.202 0.0000000000
48114  0.465  -22.427  50.435 0.0000000000
48122  0.083  -22.039  49.832 0.0000000000
48129  0.198  -22.100  48.927 0.0000000000
40247  6.778  -30.956  55.809 0.0000000000
39210  11.171  -31.278  56.011 0.0000000000
40211  15.206  -30.075  58.369 0.0000000000
39173  12.983  -30.836  58.157 0.0000000000
39194  11.182  -31.426  56.775 0.0000000000
124265  10.654  -31.827  56.823 0.0000000000
38217  10.923  -31.486  58.578 0.0000000000
41283  10.456  -29.274  59.528 0.0000000000
40196  10.020  -29.773  59.096 0.0000000000
40205  9.695  -30.489  59.191 0.0000000000
40212  7.987  -30.373  58.085 0.0000000000
35305  -3.852  -35.475  52.648 0.0000000000
132895  -4.263  -34.227  52.531 0.0000000000
36331  -4.112  -34.307  55.988 0.0000000000
37343  -3.847  -33.712  55.744 0.0000000000
137917  -4.535  -32.728  56.396 0.0000000000
37332  -4.133  -33.072  55.771 0.0000000000
37342  -3.846  -33.188  55.246 0.0000000000
132021  -4.615  -31.394  53.822 0.0000000000
40284  -4.512  -30.580  53.907 0.0000000000
42379  -1.773  -28.532  55.014 0.0000000000
38240  -1.133  -32.295  56.260 0.0000000000
124629  -1.508  -31.503  56.058 0.0000000000
39202  -1.805  -30.862  56.055 0.0000000000
40218  -0.302  -30.153  57.191 0.0000000000
40219  -0.992  -30.324  56.781 0.0000000000
40232  -1.653  -30.372  56.251 0.0000000000
41322  -1.686  -29.483  56.362 0.0000000000
142799  -0.937  -27.781  56.359 0.0000000000
44313  -0.960  -26.232  56.891 0.0000000000
46209  -2.041  -23.724  57.535 0.0000000000
47095  -2.634  -23.174  57.670 0.0000000000
46194  -0.271  -25.030  58.846 0.0000000000
46200  -0.714  -24.197  58.380 0.0000000000
47085  -1.246  -23.204  58.061 0.0000000000
48031  -2.183  -22.745  57.861 0.0000000000
41319  6.937  -30.161  55.279 0.0000000000
38268  9.570  -32.421  53.540 0.0000000000
30463  1.884  -37.976  56.255 0.0000000000
30471  1.880  -38.417  55.548 0.0000000000
29535  1.348  -39.097  54.919 0.0000000000
29534  1.692  -39.433  54.853 0.0000000000
143479  -4.722  -31.558  51.951 0.0000000000
125562  -3.914  -32.210  50.032 0.0000000000
38311  -3.825  -32.159  49.345 0.0000000000
38310  -2.960  -32.301  49.366 0.0000000000
140666  -3.846  -31.233  47.660 0.0000000000
41438  -2.777  -29.592  45.757 0.0000000000
43382  -0.398  -27.827  54.310 0.0000000000
42397  -0.557  -27.973  53.366 0.0000000000
42416  -0.624  -28.077  52.542 0.0000000000
42415  0.080  -27.862  52.675 0.0000000000
42435  -0.830  -28.032  51.811 0.0000000000
43409  -1.208  -27.852  51.087 0.0000000000
43427  -1.652  -27.695  50.335 0.0000000000
44365  1.634  -26.812  51.406 0.0000000000
43424  1.670  -27.108  50.629 0.0000000000
129777  1.130  -27.470  50.017 0.0000000000
137201  -0.268  -27.612  49.834 0.0000000000
43444  -1.066  -27.553  49.685 0.0000000000
43445  -2.098  -27.499  49.551 0.0000000000
141542  -2.554  -27.327  48.702 0.0000000000
130252  -3.191  -27.384  48.125 0.0000000000
43485  -3.237  -27.325  47.319 0.0000000000
44405  -2.467  -26.968  47.099 0.0000000000
44424  -2.976  -27.008  46.658 0.0000000000
43502  -3.911  -27.933  46.991 0.0000000000
42513  -4.349  -28.725  45.902 0.0000000000
41453  -4.073  -28.936  45.233 0.0000000000
128533  -3.520  -29.312  44.933 0.0000000000
41452  -4.011  -28.950  44.344 0.0000000000
128937  -3.989  -29.011  43.509 0.0000000000
44486  0.739  -26.545  43.724 0.0000000000
44487  0.068  -26.631  43.302 0.0000000000
44505  -0.268  -26.405  42.660 0.0000000000
44525  0.415  -26.117  41.914 0.0000000000
44526  -0.785  -25.950  42.018 0.0000000000
44506  -1.457  -26.253  42.689 0.0000000000
53086  -4.331  -17.367  55.534 0.0000000000
53099  -4.286  -18.034  54.758 0.0000000000
52118  -4.479  -18.622  53.796 0.0000000000
121163  -3.337  -17.361  53.311 0.0000000000
53115  -4.213  -17.998  52.758 0.0000000000
51119  -4.253  -19.796  52.838 0.0000000000
123251  -3.359  -20.249  52.442 0.0000000000
124778  -2.043  -20.751  51.406 0.0000000000
49085  -0.783  -21.273  50.507 0.0000000000
49092  -0.230  -21.625  49.197 0.0000000000
51141  -1.590  -18.892  50.353 0.0000000000
50139  -1.226  -19.190  49.493 0.0000000000
50146  -1.113  -19.792  48.847 0.0000000000
49099  -0.690  -21.231  48.579 0.0000000000
49098  -0.359  -21.901  48.327 0.0000000000
137157  -0.345  -22.864  46.937 0.0000000000
48161  0.224  -23.166  45.559 0.0000000000
47212  -1.224  -23.322  45.365 0.0000000000
48172  -0.495  -23.317  44.896 0.0000000000
48171  0.493  -23.001  44.455 0.0000000000
48207  0.900  -21.703  41.100 0.0000000000
49134  -3.774  -21.230  45.214 0.0000000000
48194  -3.393  -22.137  43.404 0.0000000000
138423  -2.198  -22.615  42.256 0.0000000000
49150  -0.878  -22.145  41.809 0.0000000000
49163  0.275  -21.786  40.553 0.0000000000
30465  0.242  -37.814  56.165 0.0000000000
30472  1.341  -38.031  55.642 0.0000000000
31370  2.788  -37.972  57.297 0.0000000000
31376  1.778  -37.625  56.737 0.0000000000
32268  2.691  -36.849  57.546 0.0000000000
32269  2.131  -36.744  57.575 0.0000000000
32270  1.941  -37.872  57.898 0.0000000000
32272  3.028  -37.724  57.415 0.0000000000
32274  2.022  -37.093  57.478 0.0000000000
32276  0.557  -37.821  57.783 0.0000000000
32277  0.487  -37.389  57.628 0.0000000000
33205  3.679  -36.637  57.576 0.0000000000
33206  2.905  -36.791  57.588 0.0000000000
33208  1.032  -36.847  58.074 0.0000000000
33212  0.796  -37.190  58.539 0.0000000000
33216  5.531  -37.198  57.464 0.0000000000
33217  0.066  -37.507  57.984 0.0000000000
33235  -5.735  -35.991  56.196 0.0000000000
33236  -5.858  -35.829  56.237 0.0000000000
33248  -5.983  -36.263  56.124 0.0000000000
33249  -6.088  -35.971  56.181 0.0000000000
34209  2.079  -36.626  58.522 0.0000000000
34210  1.592  -36.786  58.522 0.0000000000
34213  5.720  -36.209  57.746 0.0000000000
34216  0.551  -37.405  58.298 0.0000000000
34218  6.796  -36.318  57.727 0.0000000000
34222  7.775  -35.872  57.063 0.0000000000
34237  7.723  -36.338  56.037 0.0000000000
34241  -5.346  -35.937  56.160 0.0000000000
34242  -6.013  -35.630  56.329 0.0000000000
34243  -6.047  -35.664  56.327 0.0000000000
34254  -6.030  -35.673  56.285 0.0000000000
34265  -5.326  -35.886  55.892 0.0000000000
35229  4.031  -35.770  57.749 0.0000000000
35233  0.847  -36.977  58.934 0.0000000000
35258  -3.787  -34.501  56.038 0.0000000000
35259  -5.005  -34.989  56.194 0.0000000000
35260  -5.992  -35.066  56.778 0.0000000000
35261  -6.068  -35.142  56.346 0.0000000000
35278  -4.889  -34.859  56.159 0.0000000000
35279  -5.792  -34.972  56.324 0.0000000000
35289  -5.183  -34.974  56.285 0.0000000000
36313  -3.973  -34.036  56.312 0.0000000000
36314  -4.974  -34.626  56.336 0.0000000000
36332  -5.345  -34.752  56.387 0.0000000000
36348  -4.887  -34.598  56.272 0.0000000000
37326  -4.372  -33.611  56.329 0.0000000000
38244  -4.528  -33.005  56.343 0.0000000000
38245  -4.513  -32.968  56.295 0.0000000000
38252  -4.368  -32.590  56.107 0.0000000000
39205  -4.358  -32.426  56.123 0.0000000000
39288  -4.253  -30.796  47.845 0.0000000000
40341  -4.118  -29.954  46.369 0.0000000000
41289  1.142  -29.187  59.634 0.0000000000
41440  -4.178  -29.402  45.848 0.0000000000
42492  -4.269  -28.460  47.502 0.0000000000
43341  0.154  -27.290  58.699 0.0000000000
43467  -4.193  -28.222  48.587 0.0000000000
43483  -1.817  -26.930  47.546 0.0000000000
43515  -3.665  -27.501  45.733 0.0000000000
43516  -4.243  -27.972  46.139 0.0000000000
43543  -3.487  -27.465  44.271 0.0000000000
44378  2.576  -26.812  49.226 0.0000000000
44402  3.095  -26.581  47.102 0.0000000000
44403  2.755  -26.988  47.657 0.0000000000
44404  -1.749  -26.870  46.809 0.0000000000
44485  1.590  -26.135  43.412 0.0000000000
45377  3.387  -25.838  47.240 0.0000000000
45397  3.176  -25.074  44.620 0.0000000000
45417  1.763  -25.918  42.627 0.0000000000
46286  3.190  -24.766  48.327 0.0000000000
46297  3.484  -25.036  46.844 0.0000000000
46305  3.308  -24.529  45.867 0.0000000000
47096  -3.302  -23.345  56.974 0.0000000000
47134  -2.990  -23.648  54.587 0.0000000000
47165  1.192  -23.730  52.279 0.0000000000
47194  1.966  -23.165  47.229 0.0000000000
47203  -1.945  -22.539  47.063 0.0000000000
47210  3.168  -23.888  45.294 0.0000000000
47246  2.750  -23.957  42.944 0.0000000000
47247  2.335  -23.316  42.514 0.0000000000
47263  2.296  -23.540  41.407 0.0000000000
47275  0.902  -22.987  39.640 0.0000000000
48043  -4.192  -22.353  56.384 0.0000000000
48044  -4.491  -22.159  55.761 0.0000000000
48055  -4.587  -22.364  55.103 0.0000000000
48104  1.009  -22.798  51.053 0.0000000000
48107  -1.250  -21.760  51.196 0.0000000000
48120  1.391  -22.807  49.268 0.0000000000
48138  -1.825  -21.459  47.704 0.0000000000
48139  -2.149  -21.385  47.540 0.0000000000
48150  -2.454  -22.187  46.955 0.0000000000
48164  -2.861  -21.809  46.580 0.0000000000
48191  1.005  -21.907  41.931 0.0000000000
49050  -4.190  -21.535  53.344 0.0000000000
49110  -2.043  -20.975  47.187 0.0000000000
50077  -4.149  -20.830  56.037 0.0000000000
50088  -4.982  -21.141  54.520 0.0000000000
50162  -1.895  -20.472  46.725 0.0000000000
51129  -2.735  -19.533  51.791 0.0000000000
51172  -1.410  -19.337  47.201 0.0000000000
51193  -1.927  -19.410  45.224 0.0000000000
52126  -4.339  -18.821  52.685 0.0000000000
52135  -2.730  -18.141  51.715 0.0000000000
53153  -3.088  -18.063  50.171 0.0000000000
54023  -1.972  -17.065  53.546 0.0000000000
54024  -2.591  -17.091  53.756 0.0000000000
119141  11.509  -31.289  58.121 0.0000000000
120666  -4.959  -33.755  56.419 0.0000000000
120975  -4.974  -20.444  54.094 0.0000000000
123653  -0.512  -23.162  46.318 0.0000000000
124184  -3.500  -21.118  52.847 0.0000000000
125835  -4.339  -20.310  55.756 0.0000000000
126053  -3.690  -33.361  56.609 0.0000000000
127297  2.949  -38.402  57.058 0.0000000000
127377  1.428  -36.874  57.767 0.0000000000
127750  -4.702  -31.934  52.305 0.0000000000
128674  3.336  -37.520  57.478 0.0000000000
130616  6.761  -35.571  58.237 0.0000000000
133140  -6.763  -34.958  56.463 0.0000000000
135749  0.508  -25.266  40.736 0.0000000000
135882  2.099  -26.315  44.728 0.0000000000
136495  -2.802  -32.952  49.913 0.0000000000
137516  -3.152  -27.074  45.417 0.0000000000
139325  -4.570  -18.771  56.061 0.0000000000
139382  -0.179  -37.794  56.804 0.0000000000
139985  2.766  -23.462  45.163 0.0000000000
140043  -3.853  -17.632  53.012 0.0000000000
140670  4.306  -38.215  56.612 0.0000000000
141282  -4.276  -28.347  48.042 0.0000000000
141938  0.093  -23.231  52.214 0.0000000000
142951  -2.626  -22.914  45.883 0.0000000000
143887  0.494  -37.106  56.730 0.0000000000
143890  1.340  -37.546  57.212 0.0000000000
