#!ascii label  , from subject sub-v1s21x0050410_ses-1 vox2ras=TkReg
349
134663  32.238  -58.861  3.592 0.0000000000
12250  37.199  -63.824  -7.382 0.0000000000
11421  38.363  -65.139  0.753 0.0000000000
14430  36.672  -59.914  -1.878 0.0000000000
10731  44.485  -64.998  -3.947 0.0000000000
9957  40.683  -66.125  -1.752 0.0000000000
8562  41.136  -68.627  -2.519 0.0000000000
13690  37.723  -61.360  -5.338 0.0000000000
16849  34.027  -56.988  -4.512 0.0000000000
140094  34.391  -61.746  2.452 0.0000000000
12177  36.423  -63.631  -1.424 0.0000000000
12960  39.900  -62.191  -3.474 0.0000000000
142524  41.220  -63.412  -6.720 0.0000000000
131777  41.908  -66.381  -8.115 0.0000000000
137283  31.838  -55.725  6.771 0.0000000000
15143  34.390  -60.524  5.280 0.0000000000
12909  38.461  -62.343  2.323 0.0000000000
119197  32.476  -56.366  -1.772 0.0000000000
7849  40.760  -69.686  -1.569 0.0000000000
12984  37.526  -62.701  -6.280 0.0000000000
14464  34.942  -60.594  -5.295 0.0000000000
126530  36.490  -63.541  0.875 0.0000000000
11428  36.601  -64.229  -0.781 0.0000000000
11450  41.907  -65.089  -3.052 0.0000000000
11451  41.011  -64.448  -2.601 0.0000000000
12199  42.491  -63.843  -4.044 0.0000000000
12972  40.713  -62.742  -4.748 0.0000000000
12217  43.482  -63.520  -5.683 0.0000000000
10791  41.239  -66.260  -8.583 0.0000000000
15126  35.880  -59.662  5.650 0.0000000000
14397  36.704  -60.748  3.841 0.0000000000
14396  37.748  -60.732  3.706 0.0000000000
14423  34.529  -60.418  -1.013 0.0000000000
15959  34.575  -58.400  -1.789 0.0000000000
18566  34.292  -55.068  -5.366 0.0000000000
19431  33.484  -54.446  -4.153 0.0000000000
9922  38.861  -66.957  0.682 0.0000000000
9941  38.071  -66.053  -1.276 0.0000000000
143062  40.192  -67.870  -1.162 0.0000000000
9221  41.960  -67.484  -1.979 0.0000000000
9238  42.799  -66.417  -3.006 0.0000000000
14445  37.772  -60.080  -3.447 0.0000000000
15968  35.194  -58.750  -2.775 0.0000000000
15198  35.155  -59.652  -4.121 0.0000000000
122337  34.363  -58.051  -5.283 0.0000000000
11514  36.213  -64.566  -8.817 0.0000000000
14401  32.902  -60.288  3.194 0.0000000000
136832  34.792  -62.052  -1.090 0.0000000000
12936  37.317  -61.609  -1.716 0.0000000000
10722  38.094  -64.922  -2.196 0.0000000000
12189  39.033  -63.097  -2.317 0.0000000000
13666  38.671  -61.280  -2.566 0.0000000000
141979  39.407  -61.496  -4.356 0.0000000000
125898  39.133  -62.253  -5.603 0.0000000000
11490  39.383  -63.866  -7.219 0.0000000000
11488  43.920  -64.624  -6.310 0.0000000000
11496  42.218  -64.541  -7.784 0.0000000000
11510  40.281  -64.839  -8.213 0.0000000000
11512  38.093  -64.856  -8.346 0.0000000000
119327  31.184  -55.034  5.703 0.0000000000
16764  32.050  -57.084  5.168 0.0000000000
16755  32.752  -57.602  6.418 0.0000000000
15918  32.945  -59.319  5.149 0.0000000000
14399  34.797  -61.053  3.681 0.0000000000
13635  36.905  -61.926  2.557 0.0000000000
124105  37.949  -63.625  1.475 0.0000000000
12155  39.891  -63.450  2.013 0.0000000000
10677  39.030  -65.603  1.281 0.0000000000
16840  33.608  -57.358  -2.730 0.0000000000
16783  31.706  -57.301  3.519 0.0000000000
17610  31.397  -56.750  3.189 0.0000000000
16791  31.880  -58.027  3.057 0.0000000000
12235  36.843  -63.225  -6.920 0.0000000000
143247  35.946  -62.271  -6.807 0.0000000000
12160  37.283  -63.927  0.872 0.0000000000
139997  36.888  -64.258  0.075 0.0000000000
11427  37.297  -64.795  -0.442 0.0000000000
11460  43.951  -64.986  -3.465 0.0000000000
11461  43.006  -64.499  -3.602 0.0000000000
11471  43.519  -63.893  -4.030 0.0000000000
12211  42.932  -63.621  -4.581 0.0000000000
12210  44.095  -63.913  -4.619 0.0000000000
8652  41.623  -68.638  -9.156 0.0000000000
14381  37.206  -60.384  4.396 0.0000000000
14431  36.019  -59.776  -1.670 0.0000000000
14432  35.169  -59.657  -1.427 0.0000000000
15179  35.749  -59.146  -1.820 0.0000000000
20345  34.497  -53.506  -5.111 0.0000000000
125308  39.007  -67.344  -0.509 0.0000000000
9216  39.713  -68.145  -0.535 0.0000000000
7873  40.991  -69.399  -2.149 0.0000000000
8540  41.309  -68.428  -2.054 0.0000000000
9240  41.716  -67.749  -2.522 0.0000000000
132090  42.600  -66.375  -2.414 0.0000000000
128368  42.138  -67.511  -2.991 0.0000000000
14452  37.660  -60.161  -4.282 0.0000000000
14447  36.102  -59.769  -3.796 0.0000000000
14453  36.553  -60.356  -4.504 0.0000000000
15201  34.521  -59.367  -5.670 0.0000000000
15981  34.458  -58.558  -5.889 0.0000000000
140306  34.394  -56.572  -5.994 0.0000000000
13624  33.805  -61.395  2.768 0.0000000000
13639  33.372  -61.257  2.042 0.0000000000
13638  33.908  -61.665  1.921 0.0000000000
125799  35.326  -61.556  -1.334 0.0000000000
124400  36.887  -62.779  -1.650 0.0000000000
9958  39.357  -66.009  -1.848 0.0000000000
10708  38.334  -65.730  -1.882 0.0000000000
10721  38.978  -65.151  -2.285 0.0000000000
12187  40.480  -63.626  -2.849 0.0000000000
124027  39.658  -63.612  -2.529 0.0000000000
12946  39.495  -62.298  -2.748 0.0000000000
12947  38.867  -62.100  -2.334 0.0000000000
13673  39.326  -61.628  -3.014 0.0000000000
13674  38.915  -60.999  -3.453 0.0000000000
13681  39.456  -61.487  -3.808 0.0000000000
12219  40.827  -63.095  -5.781 0.0000000000
12973  39.926  -62.335  -5.189 0.0000000000
12220  39.615  -62.738  -6.063 0.0000000000
12233  38.920  -63.343  -6.664 0.0000000000
12232  40.087  -63.352  -6.621 0.0000000000
8619  40.897  -68.900  -6.801 0.0000000000
137253  42.294  -67.697  -8.080 0.0000000000
9310  41.851  -67.565  -7.626 0.0000000000
10030  41.882  -66.871  -7.980 0.0000000000
10771  42.933  -64.940  -7.259 0.0000000000
11489  43.192  -64.039  -7.078 0.0000000000
10772  42.251  -65.375  -7.755 0.0000000000
10038  40.230  -66.081  -8.932 0.0000000000
10781  40.719  -65.478  -8.464 0.0000000000
10782  39.662  -65.440  -8.618 0.0000000000
11511  39.176  -64.888  -8.220 0.0000000000
10783  38.590  -65.406  -8.755 0.0000000000
20220  31.188  -53.423  6.088 0.0000000000
18447  31.536  -55.091  6.545 0.0000000000
18462  31.274  -55.646  5.096 0.0000000000
17587  31.521  -56.044  5.929 0.0000000000
15910  34.318  -59.380  6.456 0.0000000000
16754  33.381  -58.231  6.796 0.0000000000
15911  33.431  -58.814  6.037 0.0000000000
15912  32.711  -58.390  5.387 0.0000000000
15144  33.383  -60.343  5.048 0.0000000000
14384  34.008  -60.810  4.267 0.0000000000
14383  35.056  -60.726  4.474 0.0000000000
13620  37.331  -61.267  3.154 0.0000000000
13621  36.337  -61.361  3.203 0.0000000000
12910  37.597  -62.467  2.193 0.0000000000
12917  38.207  -63.012  1.894 0.0000000000
11406  41.839  -64.515  2.507 0.0000000000
11407  40.679  -64.216  2.212 0.0000000000
11408  39.665  -64.231  1.841 0.0000000000
15974  34.663  -58.507  -3.252 0.0000000000
15969  34.642  -58.379  -2.537 0.0000000000
16845  33.881  -57.244  -3.724 0.0000000000
19422  33.053  -54.497  -3.419 0.0000000000
12975  37.204  -62.031  -5.916 0.0000000000
13691  36.436  -60.998  -5.213 0.0000000000
12919  36.188  -62.836  1.496 0.0000000000
12920  35.238  -62.637  1.191 0.0000000000
12161  35.698  -63.205  0.601 0.0000000000
11440  36.749  -64.225  -1.392 0.0000000000
10719  41.362  -65.350  -2.121 0.0000000000
141158  40.639  -64.836  -2.313 0.0000000000
11462  41.497  -63.970  -3.491 0.0000000000
12201  40.606  -63.007  -3.507 0.0000000000
12959  40.448  -62.599  -4.069 0.0000000000
12200  41.476  -63.342  -4.248 0.0000000000
12218  41.901  -63.437  -5.182 0.0000000000
12231  42.214  -63.383  -6.343 0.0000000000
10046  41.688  -67.149  -8.691 0.0000000000
10047  40.857  -66.855  -9.173 0.0000000000
15127  34.858  -59.932  5.890 0.0000000000
15142  35.419  -60.298  5.196 0.0000000000
141281  36.603  -60.454  4.439 0.0000000000
13619  38.317  -61.185  3.085 0.0000000000
15950  34.331  -58.523  -0.935 0.0000000000
16836  33.549  -57.594  -1.720 0.0000000000
17671  33.837  -56.250  -4.602 0.0000000000
17664  33.674  -56.643  -4.062 0.0000000000
19439  34.060  -54.369  -4.880 0.0000000000
20328  34.454  -52.905  -4.557 0.0000000000
10689  38.549  -66.078  0.378 0.0000000000
10697  38.220  -66.110  -0.561 0.0000000000
9935  38.712  -66.822  -0.170 0.0000000000
9222  39.213  -67.362  -1.046 0.0000000000
124794  39.996  -67.031  -1.407 0.0000000000
125463  41.096  -67.826  -1.652 0.0000000000
9956  41.453  -66.908  -1.700 0.0000000000
10718  42.385  -65.849  -2.240 0.0000000000
10717  42.836  -65.982  -2.795 0.0000000000
15193  37.134  -59.906  -2.870 0.0000000000
15188  35.985  -59.142  -2.329 0.0000000000
15194  36.490  -59.545  -2.986 0.0000000000
15196  34.859  -59.034  -3.689 0.0000000000
15979  34.520  -58.613  -4.049 0.0000000000
14455  34.882  -60.048  -4.830 0.0000000000
15199  34.678  -59.410  -4.696 0.0000000000
16848  34.245  -57.312  -5.214 0.0000000000
141550  34.151  -56.599  -5.114 0.0000000000
18573  34.526  -55.577  -5.957 0.0000000000
11501  36.560  -64.265  -8.087 0.0000000000
15150  32.578  -59.763  3.815 0.0000000000
15157  32.459  -59.525  2.888 0.0000000000
14409  32.676  -60.155  2.281 0.0000000000
13659  35.281  -60.564  -1.366 0.0000000000
14429  37.197  -60.581  -1.867 0.0000000000
11439  37.387  -64.565  -1.789 0.0000000000
11452  39.934  -64.419  -2.415 0.0000000000
12190  38.057  -63.943  -2.071 0.0000000000
136517  38.029  -62.801  -1.839 0.0000000000
141383  37.645  -62.234  -1.729 0.0000000000
12935  38.187  -61.777  -1.879 0.0000000000
13667  38.027  -60.902  -2.071 0.0000000000
14437  38.349  -60.534  -2.979 0.0000000000
14444  38.423  -60.378  -3.950 0.0000000000
13689  38.523  -61.283  -5.050 0.0000000000
12967  39.884  -61.969  -4.361 0.0000000000
12968  39.244  -61.642  -4.953 0.0000000000
12974  38.259  -62.036  -5.596 0.0000000000
12983  38.538  -62.721  -6.184 0.0000000000
12234  37.849  -63.362  -6.708 0.0000000000
12249  38.246  -63.934  -7.195 0.0000000000
9991  43.236  -66.101  -3.671 0.0000000000
8634  41.051  -67.918  -7.168 0.0000000000
10757  44.029  -65.237  -5.406 0.0000000000
11487  44.530  -64.689  -5.387 0.0000000000
12229  43.968  -63.889  -6.262 0.0000000000
12230  43.148  -63.598  -6.697 0.0000000000
12247  42.153  -63.657  -7.369 0.0000000000
10780  41.685  -65.461  -8.157 0.0000000000
11497  41.147  -64.249  -7.847 0.0000000000
12248  40.677  -63.788  -7.308 0.0000000000
11498  39.878  -64.349  -7.755 0.0000000000
11499  38.708  -64.411  -7.738 0.0000000000
11500  37.610  -64.388  -7.845 0.0000000000
11513  37.046  -64.784  -8.525 0.0000000000
20228  30.677  -53.027  4.594 0.0000000000
20221  30.913  -53.239  5.331 0.0000000000
19336  31.017  -54.841  4.643 0.0000000000
17596  31.587  -56.426  4.881 0.0000000000
16773  31.864  -57.176  4.361 0.0000000000
16743  33.134  -57.443  7.236 0.0000000000
135514  32.016  -56.371  6.604 0.0000000000
16763  32.471  -57.668  5.637 0.0000000000
16772  32.282  -57.788  4.830 0.0000000000
15145  32.531  -59.310  4.361 0.0000000000
14385  33.098  -60.427  4.111 0.0000000000
122531  34.100  -61.203  3.484 0.0000000000
13623  34.564  -61.530  3.069 0.0000000000
14398  35.717  -60.907  3.765 0.0000000000
13622  35.394  -61.476  3.180 0.0000000000
134846  36.295  -62.340  2.151 0.0000000000
12911  36.855  -62.545  2.004 0.0000000000
12918  37.224  -63.154  1.584 0.0000000000
11418  38.174  -64.298  1.139 0.0000000000
12159  38.853  -63.734  1.727 0.0000000000
11417  38.995  -64.688  1.477 0.0000000000
15958  35.295  -58.700  -2.060 0.0000000000
15970  34.095  -57.963  -2.266 0.0000000000
17654  33.018  -56.620  -2.519 0.0000000000
18554  33.172  -55.238  -3.801 0.0000000000
19423  32.876  -55.174  -3.162 0.0000000000
8633  41.873  -68.517  -7.140 0.0000000000
9239  42.403  -67.064  -2.524 0.0000000000
9262  42.511  -67.090  -3.082 0.0000000000
9333  41.377  -67.688  -9.202 0.0000000000
9940  38.564  -66.755  -0.916 0.0000000000
9947  38.746  -66.546  -1.428 0.0000000000
9955  42.329  -66.628  -1.931 0.0000000000
10017  42.306  -65.857  -7.476 0.0000000000
10031  41.642  -66.840  -7.646 0.0000000000
10690  37.914  -65.399  -0.101 0.0000000000
10699  37.133  -64.836  -1.178 0.0000000000
10720  40.124  -65.308  -2.152 0.0000000000
10733  42.917  -65.477  -3.205 0.0000000000
10756  44.592  -64.830  -4.772 0.0000000000
11422  37.614  -64.670  0.391 0.0000000000
11453  38.901  -64.225  -2.362 0.0000000000
11470  44.223  -64.434  -3.910 0.0000000000
11509  41.259  -64.859  -8.163 0.0000000000
12176  37.175  -63.722  -1.744 0.0000000000
12188  39.909  -62.883  -2.859 0.0000000000
12209  44.615  -64.519  -4.594 0.0000000000
12215  44.691  -64.543  -5.105 0.0000000000
12216  44.447  -64.078  -5.332 0.0000000000
12251  36.261  -63.593  -7.709 0.0000000000
12912  35.545  -62.319  1.985 0.0000000000
12913  34.644  -62.117  1.772 0.0000000000
12928  34.448  -61.903  -0.525 0.0000000000
12937  36.234  -61.927  -1.515 0.0000000000
12985  36.592  -62.560  -6.534 0.0000000000
13634  37.900  -61.773  2.628 0.0000000000
13636  35.928  -61.889  2.605 0.0000000000
13637  35.059  -61.899  2.553 0.0000000000
13658  36.281  -60.706  -1.551 0.0000000000
13682  38.934  -61.065  -4.345 0.0000000000
13683  38.173  -60.693  -4.717 0.0000000000
13684  37.271  -60.759  -4.984 0.0000000000
13701  35.608  -61.727  -6.596 0.0000000000
14382  36.004  -60.548  4.464 0.0000000000
14400  33.498  -60.872  3.428 0.0000000000
14438  37.642  -60.284  -2.560 0.0000000000
14439  37.095  -60.014  -2.244 0.0000000000
14446  37.033  -59.868  -3.678 0.0000000000
14454  35.459  -60.261  -4.574 0.0000000000
14463  35.624  -60.922  -5.166 0.0000000000
14465  34.674  -60.063  -5.451 0.0000000000
15128  33.837  -59.812  5.766 0.0000000000
15141  36.496  -60.081  4.933 0.0000000000
15178  36.284  -59.448  -1.964 0.0000000000
15180  34.927  -58.936  -1.542 0.0000000000
15187  36.625  -59.652  -2.315 0.0000000000
15195  35.674  -59.219  -3.230 0.0000000000
15896  33.950  -58.860  6.821 0.0000000000
15919  32.433  -58.608  4.562 0.0000000000
15960  34.117  -58.035  -1.456 0.0000000000
15975  34.297  -57.935  -3.273 0.0000000000
15978  34.454  -58.720  -4.965 0.0000000000
16762  33.005  -58.087  5.996 0.0000000000
16782  32.067  -57.949  3.968 0.0000000000
16827  33.848  -57.880  -0.839 0.0000000000
16844  34.285  -57.865  -4.412 0.0000000000
17595  32.114  -56.954  6.027 0.0000000000
17648  32.621  -56.908  -1.050 0.0000000000
17659  33.388  -56.652  -3.397 0.0000000000
17660  33.024  -55.895  -3.253 0.0000000000
17670  34.153  -55.902  -5.271 0.0000000000
18560  33.729  -55.336  -4.600 0.0000000000
19317  31.315  -54.260  6.316 0.0000000000
19327  31.045  -54.116  5.489 0.0000000000
19328  30.877  -53.837  4.721 0.0000000000
20329  33.943  -53.580  -4.361 0.0000000000
21158  35.123  -52.754  -5.155 0.0000000000
123949  33.163  -60.831  2.586 0.0000000000
124396  36.348  -63.980  -1.178 0.0000000000
128024  33.372  -56.019  -3.999 0.0000000000
129385  32.982  -57.093  -1.687 0.0000000000
129977  34.404  -57.676  -5.975 0.0000000000
132453  36.829  -61.431  -5.581 0.0000000000
132609  34.685  -54.888  -5.946 0.0000000000
134233  39.913  -65.174  1.974 0.0000000000
137525  44.432  -64.378  -5.624 0.0000000000
140832  41.854  -66.123  -1.754 0.0000000000
141627  33.249  -57.219  -2.172 0.0000000000
141792  36.789  -61.185  -1.638 0.0000000000
142101  41.103  -69.142  -1.838 0.0000000000
142792  31.792  -56.631  5.481 0.0000000000
142812  32.812  -59.883  4.551 0.0000000000
143712  36.708  -63.885  0.468 0.0000000000
