#!ascii label  , from subject sub-v1s21x0050410_ses-1 vox2ras=TkReg
708
52933  23.296  -18.633  -19.417 0.1428571492
51921  22.034  -19.753  -19.090 0.1428571492
53876  22.350  -17.829  -20.870 0.1428571492
52918  24.864  -18.744  -18.871 0.1428571492
53875  23.436  -17.663  -20.608 0.2857142985
51934  22.178  -18.935  -19.745 0.1428571492
133755  24.339  -17.700  -19.889 0.1428571492
54790  23.193  -16.565  -21.699 0.5714285970
54775  24.545  -16.605  -20.721 0.1428571492
55710  25.394  -15.262  -21.336 0.2857142985
55696  25.793  -15.694  -20.687 0.2857142985
56658  26.706  -14.472  -21.350 0.1428571492
55709  26.220  -15.023  -20.967 0.2857142985
58772  26.581  -12.215  -23.344 0.2857142985
58758  26.091  -13.044  -23.087 0.1428571492
125442  27.559  -10.531  -25.133 0.2857142985
59832  27.463  -11.114  -23.573 0.2857142985
61900  28.007  -10.093  -26.535 0.2857142985
60882  27.442  -10.716  -26.029 0.2857142985
62975  28.882  -8.814  -28.448 0.2857142985
62988  31.495  -8.710  -31.225 0.8571428657
62982  29.685  -8.246  -29.496 0.4285714328
62967  28.905  -8.857  -27.475 0.2857142985
63959  35.558  -7.861  -32.046 0.7142857313
136618  33.323  -7.509  -31.568 0.7142857313
121926  32.640  -8.704  -31.460 0.7142857313
136659  30.705  -8.618  -30.931 0.7142857313
64890  34.562  -6.444  -32.352 0.8571428657
118611  36.130  -6.843  -32.580 0.5714285970
117694  36.482  -7.348  -32.942 0.8571428657
62998  35.156  -9.231  -31.840 0.7142857313
62999  33.452  -9.628  -31.743 0.7142857313
67803  32.550  -3.377  -31.468 0.4285714328
140984  34.121  -6.146  -32.400 0.7142857313
117695  35.373  -6.413  -32.846 0.8571428657
69727  32.847  -2.057  -31.495 0.2857142985
127282  32.159  -2.243  -31.507 0.5714285970
66868  32.678  -4.108  -31.672 0.8571428657
65881  33.435  -5.458  -32.172 0.8571428657
70691  32.762  -0.640  -31.788 0.1428571492
125406  33.143  -1.390  -31.773 0.1428571492
69728  32.178  -1.393  -31.480 0.4285714328
68728  32.117  -2.851  -31.560 0.5714285970
67804  32.019  -3.452  -31.703 0.8571428657
136744  32.435  1.269  -33.150 0.1428571492
71646  33.212  -0.052  -32.657 0.1428571492
71647  32.035  0.250  -31.442 0.1428571492
70692  31.744  -0.513  -31.267 0.4285714328
68729  31.177  -3.008  -31.108 0.8571428657
73474  31.877  2.634  -33.458 0.1428571492
123184  31.908  2.159  -32.738 0.1428571492
71625  31.272  0.960  -30.596 0.4285714328
70671  31.105  -0.940  -30.632 0.5714285970
69714  30.755  -1.753  -30.598 0.7142857313
67805  30.823  -3.734  -31.189 0.8571428657
74342  31.412  2.964  -32.167 0.1428571492
73459  31.405  2.319  -31.536 0.1428571492
72521  31.310  1.701  -30.896 0.5714285970
70672  30.089  -1.170  -30.209 0.8571428657
68718  30.490  -2.435  -30.625 0.8571428657
69715  29.980  -1.869  -30.300 0.8571428657
122161  31.507  4.038  -33.335 0.1428571492
75232  31.231  4.074  -32.001 0.2857142985
74322  31.079  2.935  -31.088 0.1428571492
71626  30.506  0.757  -30.259 0.8571428657
121963  31.198  0.095  -30.521 0.7142857313
76127  31.263  5.924  -31.815 0.1428571492
77035  31.251  6.597  -32.363 0.1428571492
120746  30.915  4.370  -30.956 0.4285714328
74323  29.585  3.431  -30.384 0.8571428657
138568  30.026  2.821  -30.408 0.8571428657
72523  29.718  1.384  -30.403 0.8571428657
71627  29.493  0.638  -30.351 0.8571428657
139730  31.092  5.218  -31.240 0.4285714328
128541  29.198  2.688  -30.453 0.8571428657
73440  28.968  1.944  -30.537 0.8571428657
140380  28.343  1.810  -30.749 0.8571428657
77027  31.346  6.643  -31.387 0.1428571492
77956  31.330  7.150  -31.466 0.2857142985
76114  31.257  6.272  -31.001 0.5714285970
76115  30.629  5.866  -30.673 0.8571428657
127948  30.189  4.893  -30.548 0.8571428657
75220  29.411  4.173  -30.333 0.8571428657
139202  28.989  3.738  -30.357 0.8571428657
131682  28.923  4.887  -30.251 0.8571428657
122466  28.361  2.484  -30.621 0.8571428657
78834  30.529  8.267  -31.639 0.2857142985
77948  31.138  7.647  -31.140 0.7142857313
77936  31.323  6.976  -30.922 0.5714285970
77937  30.713  7.169  -30.713 0.8571428657
76117  28.333  5.650  -30.337 0.8571428657
132644  27.673  4.822  -30.266 0.8571428657
74325  27.875  3.238  -30.544 0.8571428657
77949  30.211  7.830  -30.944 0.8571428657
136630  28.990  7.765  -30.885 0.8571428657
77028  26.765  6.462  -30.613 0.7142857313
76118  27.112  5.633  -30.438 0.7142857313
78835  29.516  8.423  -31.342 0.8571428657
78836  28.297  8.431  -31.158 0.8571428657
77019  27.833  6.374  -30.464 0.8571428657
136343  27.128  7.984  -31.230 0.8571428657
143055  27.415  8.680  -31.412 0.8571428657
77951  26.790  7.234  -30.866 0.7142857313
126003  29.468  10.115  -32.387 0.7142857313
79621  28.070  9.283  -31.436 0.8571428657
80452  27.832  10.080  -31.674 0.8571428657
81317  28.017  11.569  -32.345 0.7142857313
77950  27.851  7.606  -30.806 0.8571428657
79622  27.112  9.283  -31.747 0.8571428657
82240  28.766  11.691  -36.811 0.1428571492
80461  28.604  10.753  -32.141 0.8571428657
82192  28.312  12.039  -32.687 0.7142857313
128843  27.484  10.840  -32.168 0.8571428657
138553  28.785  13.182  -37.593 0.1428571492
82208  28.987  12.466  -33.500 0.5714285970
83191  29.000  13.641  -34.470 0.5714285970
83192  28.180  14.117  -34.244 0.5714285970
135968  29.243  13.670  -35.326 0.1428571492
84225  28.461  13.863  -39.348 0.1428571492
84179  28.002  14.583  -35.039 0.5714285970
85149  28.342  15.484  -38.644 0.1428571492
85156  28.078  15.813  -39.767 0.1428571492
84202  28.920  14.622  -36.558 0.1428571492
138184  28.398  14.843  -35.777 0.5714285970
86021  27.876  16.273  -38.137 0.1428571492
86037  27.369  16.786  -40.457 0.1428571492
86029  27.366  17.313  -38.796 0.1428571492
51920  23.661  -19.763  -18.661 0.1428571492
120148  22.836  -20.107  -18.731 0.1428571492
53874  24.217  -17.239  -20.547 0.2857142985
54763  24.940  -17.094  -20.190 0.1428571492
54773  26.274  -16.292  -20.282 0.2857142985
54774  25.395  -16.409  -20.428 0.2857142985
58757  27.380  -12.206  -22.810 0.2857142985
126489  26.866  -12.909  -22.657 0.2857142985
57743  26.365  -13.563  -22.496 0.1428571492
61917  28.364  -9.371  -27.933 0.2857142985
61909  27.864  -9.922  -27.489 0.2857142985
62981  30.258  -8.088  -30.166 0.4285714328
142124  29.205  -8.592  -29.117 0.5714285970
65860  32.990  -4.517  -31.684 0.2857142985
63000  32.082  -9.683  -31.676 0.7142857313
68727  32.711  -2.778  -31.404 0.1428571492
64902  33.323  -5.794  -32.705 0.8571428657
68717  31.369  -2.359  -31.122 0.7142857313
73438  30.739  2.441  -30.559 0.8571428657
72522  30.654  1.597  -30.369 0.8571428657
70673  29.015  -0.031  -30.361 0.8571428657
72524  28.801  1.271  -30.595 0.8571428657
138985  29.468  9.475  -32.069 0.8571428657
80460  29.424  10.892  -32.793 0.8571428657
81328  28.792  12.110  -32.978 0.7142857313
84191  29.132  14.118  -35.911 0.1428571492
84219  28.505  14.413  -38.689 0.1428571492
85168  26.619  15.938  -41.872 0.1428571492
127294  22.838  -20.825  -18.565 0.1428571492
54789  24.088  -16.202  -21.322 0.4285714328
55697  24.929  -15.876  -20.927 0.4285714328
57730  25.978  -14.089  -22.348 0.1428571492
59809  27.761  -11.493  -22.953 0.2857142985
60861  27.754  -10.480  -23.876 0.2857142985
59846  26.717  -11.582  -24.656 0.2857142985
58785  26.137  -11.916  -24.050 0.2857142985
60883  27.134  -11.185  -25.282 0.2857142985
62989  29.512  -8.180  -30.219 0.7142857313
71658  33.441  0.446  -33.502 0.1428571492
73486  32.269  2.691  -34.167 0.1428571492
75242  31.467  4.798  -33.501 0.1428571492
120999  31.300  4.979  -32.411 0.2857142985
76137  31.358  5.637  -32.966 0.1428571492
75218  31.014  3.611  -31.116 0.8571428657
68719  29.477  -2.429  -30.359 1.0000000000
77036  31.020  6.881  -33.341 0.1428571492
139806  31.049  7.588  -32.261 0.1428571492
78841  30.353  8.387  -32.847 0.2857142985
132898  26.556  4.790  -30.567 0.8571428657
78842  29.902  8.917  -31.937 0.5714285970
135253  29.640  10.804  -33.569 0.5714285970
81316  28.804  11.546  -32.626 0.7142857313
82221  29.239  12.800  -34.196 0.4285714328
126086  29.267  11.792  -35.054 0.2857142985
82233  29.274  12.611  -35.432 0.1428571492
83205  29.181  13.042  -36.254 0.1428571492
83216  29.094  13.617  -36.808 0.1428571492
85127  27.837  15.465  -36.021 0.2857142985
84210  28.670  14.485  -37.897 0.1428571492
131863  28.373  15.529  -37.740 0.1428571492
86014  28.199  16.055  -37.121 0.1428571492
86022  27.456  16.860  -37.624 0.1428571492
140178  28.471  14.957  -39.289 0.1428571492
86038  27.165  17.602  -40.110 0.1428571492
79643  30.152  8.953  -33.721 0.4285714328
79644  29.893  10.005  -33.349 0.4285714328
80481  29.710  10.068  -34.589 0.4285714328
81338  29.516  11.040  -34.578 0.4285714328
81327  29.299  11.621  -33.326 0.5714285970
134404  29.394  12.053  -33.996 0.5714285970
52932  24.125  -18.327  -19.306 0.1428571492
53862  22.797  -18.265  -20.202 0.1428571492
52920  22.982  -19.296  -18.963 0.1428571492
52943  21.798  -18.275  -20.413 0.2857142985
54776  23.744  -16.969  -21.091 0.5714285970
54762  25.911  -17.067  -19.926 0.1428571492
56659  25.918  -14.647  -21.849 0.1428571492
59833  26.850  -11.504  -23.858 0.2857142985
61943  34.994  -9.571  -32.187 0.7142857313
127744  33.163  -4.722  -31.901 0.8571428657
120609  34.200  -6.139  -32.694 0.8571428657
138707  31.487  -1.744  -31.142 0.5714285970
120675  31.790  1.105  -31.339 0.2857142985
72541  32.644  0.841  -32.185 0.1428571492
129683  30.161  -0.190  -30.170 0.8571428657
73439  29.857  2.149  -30.427 0.8571428657
76116  29.531  5.701  -30.440 0.8571428657
75222  27.232  3.993  -30.495 0.8571428657
77018  28.970  6.409  -30.481 0.8571428657
79620  29.003  9.037  -31.656 0.8571428657
84178  28.731  14.305  -34.985 0.5714285970
83178  27.807  13.408  -33.645 0.5714285970
85141  28.747  15.165  -37.127 0.1428571492
85167  27.456  15.917  -40.899 0.1428571492
130884  28.327  14.849  -40.230 0.1428571492
84209  28.953  14.285  -37.183 0.1428571492
85134  28.409  15.382  -36.538 0.1428571492
86028  27.761  16.579  -39.277 0.1428571492
58741  28.566  -12.634  -21.960 0.1428571492
79629  29.984  9.388  -32.619 0.5714285970
55711  24.499  -15.525  -21.673 0.4285714328
59853  26.487  -11.640  -25.448 0.5714285970
138885  27.862  15.950  -36.436 0.1428571492
143320  25.877  -12.021  -25.590 0.5714285970
58799  24.631  -12.679  -25.530 0.5714285970
57766  23.378  -13.489  -24.869 0.2857142985
59865  25.206  -11.768  -26.853 0.5714285970
59866  24.670  -12.237  -26.663 0.5714285970
57756  23.769  -13.891  -24.246 0.4285714328
59854  25.238  -12.293  -26.095 0.5714285970
57777  22.986  -13.096  -25.447 0.2857142985
58812  23.596  -12.606  -26.315 0.4285714328
60904  27.232  -10.379  -28.032 0.4285714328
59874  25.982  -11.235  -27.947 0.5714285970
139054  24.234  -12.507  -27.821 0.5714285970
58828  23.906  -13.233  -28.276 0.4285714328
60914  27.115  -10.365  -29.113 0.5714285970
135814  26.476  -11.002  -29.243 0.5714285970
58827  24.637  -12.637  -28.685 0.4285714328
137401  26.806  -10.970  -29.841 0.7142857313
61926  27.728  -9.464  -29.402 0.4285714328
58817  24.062  -12.435  -26.785 0.4285714328
120227  22.926  -12.506  -26.082 0.2857142985
58801  22.590  -12.597  -25.807 0.2857142985
121374  28.304  -9.306  -28.702 0.7142857313
61933  29.074  -8.419  -30.559 0.7142857313
61948  28.506  -8.499  -30.596 0.4285714328
137738  30.863  -9.214  -32.256 0.7142857313
63002  29.504  -8.412  -31.260 0.5714285970
135670  30.882  -9.101  -32.737 0.7142857313
63010  30.093  -8.367  -31.983 0.2857142985
61932  30.151  -8.562  -30.863 0.5714285970
118727  31.610  -9.794  -31.968 0.5714285970
61946  30.682  -9.013  -31.694 0.7142857313
63012  33.023  -8.567  -33.054 0.7142857313
63976  30.838  -7.644  -32.726 0.7142857313
64907  31.361  -6.975  -32.981 0.7142857313
64905  29.856  -7.033  -31.841 0.7142857313
64893  28.989  -7.180  -31.305 0.4285714328
122674  29.392  -6.217  -31.462 0.4285714328
62997  35.769  -8.936  -32.398 0.5714285970
61957  33.618  -9.950  -32.503 0.5714285970
117696  36.179  -7.370  -33.264 0.5714285970
64906  32.472  -6.712  -33.062 0.5714285970
64903  31.740  -6.200  -32.875 0.7142857313
65869  29.808  -5.361  -31.495 0.7142857313
66871  29.214  -4.732  -31.154 0.7142857313
65870  28.876  -5.459  -31.240 0.7142857313
129039  28.377  -4.867  -31.038 0.5714285970
67807  27.491  -3.751  -30.906 0.5714285970
66880  32.798  -4.638  -32.127 0.7142857313
65882  32.450  -5.450  -32.546 0.5714285970
65890  32.687  -5.976  -33.016 0.5714285970
65868  30.817  -5.152  -31.856 0.7142857313
65883  31.205  -5.709  -32.433 0.7142857313
67806  29.449  -3.867  -30.838 0.8571428657
65871  27.823  -5.359  -31.043 0.4285714328
68720  28.360  -2.396  -30.560 0.7142857313
68730  27.515  -2.861  -30.948 0.7142857313
68721  27.560  -2.041  -31.007 0.7142857313
68732  26.701  -2.901  -31.949 0.5714285970
68731  27.131  -2.273  -31.696 0.7142857313
66869  31.699  -4.292  -31.859 0.5714285970
139756  29.092  -3.071  -30.479 0.8571428657
69729  27.436  -1.279  -31.577 0.7142857313
69731  27.104  -1.333  -32.052 0.5714285970
131031  26.698  0.067  -32.434 0.2857142985
67795  30.101  -3.114  -30.690 0.7142857313
69717  28.015  -1.417  -30.718 0.7142857313
73475  27.292  2.106  -32.100 0.7142857313
69716  29.059  -1.541  -30.242 0.7142857313
70675  27.764  -0.524  -31.267 0.8571428657
70693  27.625  -0.381  -32.076 0.8571428657
125038  27.773  2.251  -31.419 0.8571428657
71629  28.292  0.610  -31.831 0.8571428657
72559  27.836  1.372  -32.257 0.5714285970
73460  28.035  2.043  -32.052 0.8571428657
73461  27.154  2.599  -31.543 0.8571428657
73476  26.486  2.302  -31.812 0.7142857313
71628  28.503  0.650  -30.673 0.8571428657
73441  28.129  2.050  -31.720 0.8571428657
74344  26.411  3.652  -31.547 0.8571428657
74343  27.080  3.145  -31.195 0.8571428657
75233  26.486  4.122  -31.306 0.8571428657
77952  26.148  7.451  -31.601 0.7142857313
78837  26.392  8.367  -31.827 0.5714285970
77957  25.591  7.557  -32.407 0.7142857313
79631  26.795  10.015  -32.227 0.8571428657
80462  26.324  10.802  -32.577 0.7142857313
79633  25.144  9.092  -33.067 0.7142857313
80473  25.579  10.588  -34.469 0.7142857313
81329  25.809  11.329  -33.802 0.7142857313
81318  27.043  11.541  -32.563 0.7142857313
80482  24.846  10.843  -35.124 0.5714285970
82195  25.998  12.144  -33.646 0.4285714328
81339  25.273  11.598  -34.625 0.5714285970
81340  24.024  11.489  -35.081 0.5714285970
82194  26.625  12.223  -32.899 0.5714285970
80483  23.867  10.707  -35.239 0.5714285970
83180  26.048  12.905  -34.076 0.5714285970
82222  25.326  12.530  -34.531 0.5714285970
82223  24.271  12.318  -34.826 0.5714285970
138338  22.698  11.503  -35.039 0.5714285970
80484  22.961  10.640  -35.110 0.4285714328
82224  23.223  12.968  -34.544 0.5714285970
129539  23.191  12.155  -34.921 0.5714285970
83194  26.186  13.591  -34.333 0.5714285970
82225  22.234  12.555  -34.473 0.4285714328
80475  21.680  10.713  -33.724 0.4285714328
83181  22.018  14.219  -33.272 0.4285714328
63952  31.130  -8.084  -30.457 0.2857142985
117697  33.644  -6.225  -33.088 0.5714285970
84184  23.031  14.319  -33.670 0.2857142985
83182  20.846  14.180  -33.309 0.4285714328
58787  24.795  -12.793  -24.769 0.5714285970
60893  26.727  -11.034  -26.671 0.2857142985
135511  26.072  -11.627  -26.270 0.4285714328
58788  23.942  -13.042  -25.213 0.5714285970
60892  27.297  -10.449  -27.037 0.2857142985
60905  26.624  -10.851  -27.556 0.5714285970
57767  22.517  -13.492  -25.161 0.2857142985
119746  23.909  -12.494  -27.515 0.4285714328
59897  25.644  -12.581  -29.346 0.4285714328
59896  26.440  -12.020  -29.768 0.5714285970
58813  22.844  -12.274  -26.567 0.2857142985
58829  23.671  -12.521  -27.984 0.2857142985
137372  27.396  -9.399  -30.345 0.5714285970
64884  31.836  -6.662  -30.287 0.2857142985
123149  27.053  -8.963  -30.921 0.2857142985
63014  30.818  -8.515  -32.849 0.7142857313
130939  28.521  -0.686  -30.507 0.8571428657
132112  27.461  0.050  -32.336 0.7142857313
77029  25.986  6.634  -31.418 0.7142857313
77030  25.597  6.017  -32.340 0.7142857313
80464  25.987  9.768  -33.899 0.7142857313
79645  24.809  10.167  -35.124 0.5714285970
82212  21.501  12.172  -34.174 0.2857142985
82193  27.622  12.184  -32.708 0.5714285970
82211  26.525  12.713  -33.417 0.5714285970
82210  27.294  12.768  -33.190 0.5714285970
83179  26.852  13.286  -33.730 0.5714285970
131694  24.395  13.137  -34.647 0.5714285970
83195  24.657  13.852  -34.506 0.2857142985
57807  25.682  -13.745  -29.997 0.4285714328
142027  26.804  -11.248  -25.943 0.2857142985
118294  35.147  -6.570  -33.201 0.7142857313
61945  32.829  -10.126  -31.917 0.5714285970
72525  28.091  1.175  -30.843 0.7142857313
61925  28.584  -8.890  -29.232 0.5714285970
61924  28.970  -8.350  -29.779 0.5714285970
133950  25.999  4.882  -31.485 0.7142857313
63011  35.488  -8.526  -33.208 0.5714285970
58798  25.379  -12.407  -25.201 0.4285714328
58811  24.385  -12.594  -26.218 0.4285714328
58800  23.341  -12.825  -25.770 0.4285714328
59864  25.923  -11.289  -27.161 0.5714285970
59875  25.112  -11.764  -27.751 0.5714285970
59876  24.475  -12.125  -27.196 0.4285714328
56687  23.386  -14.468  -23.876 0.5714285970
60915  26.495  -10.856  -28.513 0.5714285970
59882  25.735  -11.562  -28.771 0.5714285970
58839  24.173  -13.907  -28.989 0.4285714328
60924  27.165  -10.341  -30.070 0.5714285970
60934  27.255  -10.548  -30.831 0.4285714328
61934  28.243  -8.624  -29.982 0.5714285970
61947  29.763  -8.571  -31.218 0.7142857313
61959  30.295  -8.790  -31.887 0.5714285970
61949  27.445  -9.003  -30.504 0.4285714328
135881  27.305  -9.419  -30.950 0.4285714328
60941  27.116  -10.507  -31.154 0.4285714328
61958  32.574  -9.989  -32.427 0.7142857313
131548  32.315  -9.441  -33.087 0.7142857313
63003  28.373  -8.336  -30.800 0.2857142985
63013  31.655  -8.820  -33.197 0.7142857313
63973  34.515  -7.658  -33.424 0.7142857313
63974  32.764  -7.699  -33.069 0.7142857313
64892  30.242  -6.027  -31.939 0.7142857313
118596  33.809  -6.839  -33.414 0.5714285970
124232  28.376  -4.222  -30.828 0.7142857313
66870  30.309  -4.545  -31.365 0.5714285970
67796  28.301  -3.376  -30.657 0.7142857313
67809  26.417  -3.585  -31.905 0.2857142985
70701  27.009  -0.603  -32.280 0.5714285970
70702  26.108  -0.630  -32.456 0.2857142985
72543  28.252  1.375  -32.127 0.8571428657
79632  26.109  9.162  -32.387 0.7142857313
123984  25.694  10.006  -32.750 0.7142857313
81319  26.010  11.554  -32.892 0.8571428657
139223  25.361  13.279  -34.543 0.7142857313
83196  23.514  13.809  -34.238 0.5714285970
124893  21.233  13.252  -33.922 0.4285714328
57793  23.799  -13.756  -28.801 0.1428571492
57817  25.076  -14.146  -30.280 0.4285714328
134186  21.737  -17.383  -21.371 0.4285714328
140196  28.181  -9.410  -24.686 0.1428571492
61892  28.031  -10.126  -25.686 0.1428571492
61899  28.558  -9.626  -26.120 0.1428571492
62974  29.594  -8.375  -28.706 0.1428571492
63948  30.358  -8.004  -29.048 0.1428571492
62953  28.914  -9.012  -25.659 0.1428571492
61875  28.612  -8.895  -24.837 0.1428571492
63939  29.881  -7.957  -28.297 0.1428571492
62960  28.984  -8.979  -26.536 0.1428571492
133282  30.857  -7.795  -29.735 0.1428571492
143196  32.312  -6.231  -30.965 0.2857142985
64883  32.810  -5.292  -31.341 0.1428571492
76128  25.996  5.685  -31.154 0.5714285970
87662  26.490  19.511  -38.834 0.1428571492
74345  25.712  4.256  -31.831 0.4285714328
87663  25.716  19.401  -38.520 0.1428571492
77038  25.398  6.343  -32.772 0.4285714328
77037  25.620  6.737  -32.386 0.5714285970
77958  25.199  7.058  -32.869 0.4285714328
86005  25.284  17.172  -35.825 0.2857142985
84182  25.201  14.567  -34.697 0.2857142985
121438  25.509  13.874  -34.613 0.2857142985
137576  26.407  15.586  -35.443 0.2857142985
77041  23.011  6.751  -32.747 0.1428571492
78843  24.885  7.999  -32.981 0.5714285970
85121  24.545  15.209  -34.439 0.2857142985
83193  27.152  13.923  -34.200 0.4285714328
78845  24.591  8.241  -33.772 0.4285714328
78854  24.762  8.744  -34.421 0.5714285970
78856  22.887  8.745  -33.797 0.4285714328
79647  23.566  9.205  -34.623 0.2857142985
84183  24.091  14.495  -34.169 0.1428571492
79648  22.258  9.661  -33.847 0.1428571492
80474  22.675  10.172  -34.758 0.4285714328
85123  23.739  15.068  -33.733 0.1428571492
85129  24.705  15.989  -34.781 0.1428571492
84173  23.024  14.464  -33.398 0.2857142985
137098  22.391  14.216  -32.842 0.1428571492
85122  24.287  15.773  -34.105 0.1428571492
85119  23.455  15.125  -33.297 0.1428571492
85115  23.791  15.729  -32.872 0.1428571492
54791  22.189  -16.848  -21.914 0.4285714328
55726  21.319  -15.371  -22.150 0.2857142985
60872  28.026  -9.906  -24.274 0.1428571492
62959  29.483  -8.248  -26.995 0.1428571492
63946  31.361  -7.361  -29.983 0.1428571492
76130  25.488  5.714  -32.433 0.2857142985
82209  28.245  12.640  -33.149 0.4285714328
84192  27.333  15.133  -35.425 0.2857142985
123234  25.954  16.324  -35.599 0.2857142985
85995  24.502  16.429  -34.606 0.2857142985
55714  20.837  -15.836  -21.552 0.2857142985
57742  27.067  -13.554  -22.114 0.1428571492
121190  27.077  -14.001  -21.620 0.1428571492
59831  28.086  -10.821  -23.226 0.1428571492
60860  28.455  -10.206  -23.638 0.1428571492
64891  33.384  -6.307  -31.638 0.1428571492
63951  32.060  -7.449  -31.007 0.1428571492
75235  25.551  5.179  -32.103 0.4285714328
77961  22.667  7.495  -32.837 0.2857142985
79646  24.692  9.396  -34.907 0.5714285970
124397  25.086  16.372  -35.322 0.2857142985
86004  26.459  16.882  -36.270 0.2857142985
86866  25.881  17.596  -36.836 0.1428571492
87649  25.439  18.221  -37.556 0.1428571492
86880  26.967  17.875  -38.260 0.1428571492
86006  24.633  16.764  -35.241 0.2857142985
86874  26.895  17.356  -37.161 0.1428571492
86881  26.403  18.162  -37.769 0.1428571492
86015  27.398  16.559  -36.702 0.1428571492
66855  32.708  -3.904  -30.493 0.2857142985
86003  27.085  16.052  -35.911 0.2857142985
55712  22.582  -16.186  -22.288 0.4285714328
54777  22.788  -17.256  -21.321 0.4285714328
125650  34.798  -7.034  -31.974 0.4285714328
84180  27.200  14.475  -34.821 0.2857142985
142960  25.564  8.406  -32.511 0.5714285970
78844  25.106  8.408  -33.895 0.5714285970
142947  25.437  9.780  -34.641 0.5714285970
84181  26.239  14.189  -34.705 0.2857142985
83197  22.189  13.655  -33.856 0.4285714328
83167  21.286  14.391  -32.997 0.2857142985
76129  25.649  5.370  -32.011 0.5714285970
79634  25.514  9.110  -34.302 0.5714285970
79656  23.745  9.959  -35.224 0.5714285970
62966  29.383  -8.305  -27.929 0.1428571492
62940  29.240  -8.442  -25.115 0.1428571492
63938  30.431  -7.337  -28.240 0.1428571492
133200  25.219  6.014  -32.899 0.2857142985
85128  25.394  15.540  -35.125 0.2857142985
84193  26.277  14.884  -35.068 0.2857142985
77960  24.385  7.545  -33.178 0.2857142985
78855  23.937  8.536  -34.139 0.4285714328
77968  23.544  8.003  -33.482 0.2857142985
54792  21.239  -16.691  -21.560 0.2857142985
64875  31.100  -6.671  -28.561 0.1428571492
75243  25.266  4.864  -32.222 0.2857142985
66873  26.765  -4.146  -31.275 0.4285714328
69732  26.348  -1.463  -32.338 0.2857142985
86860  24.108  17.699  -35.092 0.1428571492
87633  23.838  18.549  -35.138 0.1428571492
122483  24.202  16.430  -32.982 0.1428571492
133914  24.437  17.054  -35.108 0.1428571492
86868  24.336  17.528  -35.875 0.1428571492
86842  24.553  17.119  -33.475 0.1428571492
86853  24.423  16.998  -34.450 0.1428571492
86852  24.710  17.794  -34.004 0.1428571492
88411  23.429  19.497  -35.522 0.1428571492
87624  25.098  18.574  -33.395 0.1428571492
87632  24.555  18.509  -34.350 0.1428571492
68734  26.658  -2.224  -32.135 0.2857142985
86841  25.086  17.774  -32.923 0.1428571492
88400  24.920  19.359  -33.892 0.1428571492
87641  23.722  18.403  -36.137 0.1428571492
87640  24.002  17.981  -36.818 0.1428571492
61918  27.775  -9.793  -28.446 0.4285714328
56686  24.145  -14.129  -23.653 0.4285714328
57745  24.844  -14.053  -23.160 0.2857142985
57744  25.667  -13.743  -22.836 0.1428571492
58774  25.005  -12.934  -24.067 0.2857142985
57754  25.325  -13.316  -23.457 0.1428571492
58786  25.516  -12.429  -24.396 0.2857142985
133920  24.657  -14.586  -22.676 0.2857142985
59847  26.067  -12.060  -24.890 0.2857142985
56675  24.045  -14.554  -23.178 0.4285714328
58773  25.740  -12.568  -23.721 0.1428571492
56674  25.355  -14.340  -22.497 0.1428571492
57765  24.281  -13.318  -24.507 0.4285714328
57755  24.566  -13.595  -23.832 0.2857142985
77959  24.725  7.765  -33.142 0.2857142985
55724  22.906  -15.565  -22.731 0.2857142985
56676  23.159  -14.987  -23.294 0.2857142985
56677  22.170  -15.278  -23.364 0.2857142985
59904  26.434  -12.050  -30.358 0.2857142985
59908  26.920  -11.253  -30.896 0.2857142985
127914  26.456  -10.973  -31.240 0.2857142985
63972  29.725  -7.845  -31.684 0.1428571492
124225  27.960  -6.858  -30.998 0.1428571492
123986  28.469  -6.193  -31.208 0.2857142985
135420  27.023  -4.850  -30.967 0.1428571492
127010  25.525  -1.243  -32.516 0.1428571492
127060  25.683  0.101  -32.469 0.1428571492
72561  25.671  1.702  -32.121 0.1428571492
71661  25.202  0.864  -32.402 0.1428571492
128238  25.499  2.702  -31.976 0.1428571492
129803  24.724  2.223  -32.271 0.1428571492
76140  23.923  5.330  -32.763 0.1428571492
77039  24.929  6.764  -33.016 0.1428571492
127176  23.443  6.025  -32.761 0.1428571492
128873  24.464  6.046  -32.927 0.1428571492
80485  22.065  11.112  -34.690 0.1428571492
80476  20.424  11.324  -32.912 0.1428571492
82213  20.623  12.891  -33.581 0.1428571492
81321  20.111  12.860  -33.065 0.1428571492
138865  20.566  13.592  -33.401 0.1428571492
55723  23.964  -15.103  -22.481 0.1428571492
73462  26.179  3.238  -31.706 0.2857142985
73477  24.592  3.129  -32.278 0.1428571492
77040  24.049  6.732  -32.988 0.1428571492
57802  24.812  -14.185  -29.691 0.2857142985
58851  25.586  -13.034  -30.555 0.2857142985
125397  25.480  -11.301  -31.172 0.2857142985
136525  27.613  -6.069  -31.052 0.1428571492
67812  25.305  -3.273  -32.528 0.1428571492
68735  26.103  -2.985  -32.260 0.1428571492
69735  23.981  -1.440  -33.893 0.1428571492
70703  25.119  -0.677  -32.562 0.1428571492
126342  24.637  0.091  -32.486 0.1428571492
71662  24.237  0.907  -32.445 0.1428571492
74356  24.954  4.094  -32.195 0.1428571492
76141  22.779  5.272  -32.495 0.1428571492
135323  21.173  11.532  -33.800 0.1428571492
58852  24.652  -12.939  -30.626 0.2857142985
124104  23.554  -15.837  -22.011 0.2857142985
71660  26.244  0.823  -32.344 0.1428571492
79649  20.916  10.152  -32.865 0.1428571492
56727  24.460  -14.096  -29.668 0.1428571492
123323  25.404  3.515  -31.964 0.1428571492
76139  24.766  5.542  -32.798 0.1428571492
55725  21.965  -15.726  -22.706 0.2857142985
60943  24.810  -10.533  -31.193 0.1428571492
72562  24.741  1.490  -32.357 0.1428571492
70704  24.068  -0.855  -32.628 0.1428571492
54778  20.745  -17.300  -20.943 0.1428571492
54793  20.547  -16.488  -21.162 0.1428571492
54779  20.412  -16.554  -20.715 0.1428571492
56688  22.349  -14.754  -24.030 0.1428571492
66860  32.799  -3.893  -31.344 0.1428571492
67790  32.836  -3.392  -30.339 0.1428571492
79655  29.962  9.203  -34.733 0.1428571492
52944  20.963  -18.037  -20.464 0.1428571492
55727  20.780  -15.102  -21.731 0.1428571492
56678  21.355  -15.091  -22.991 0.1428571492
57768  21.755  -13.625  -25.070 0.1428571492
58789  22.086  -13.027  -25.469 0.1428571492
78853  30.429  8.072  -34.354 0.1428571492
130842  21.466  -17.795  -20.871 0.1428571492
67794  32.865  -3.367  -31.151 0.1428571492
57757  22.629  -14.093  -24.647 0.1428571492
58818  23.552  -12.265  -27.020 0.1428571492
55713  21.675  -16.161  -22.100 0.1428571492
57758  21.539  -14.232  -24.505 0.1428571492
50911  21.903  -20.702  -18.785 0.1428571492
56725  25.249  -14.297  -30.026 0.2857142985
56726  24.779  -14.343  -29.934 0.2857142985
56730  25.330  -14.116  -30.168 0.4285714328
56731  25.084  -14.379  -30.099 0.4285714328
56732  24.814  -14.349  -30.041 0.4285714328
57728  27.659  -13.665  -21.531 0.1428571492
57729  26.533  -14.082  -21.997 0.1428571492
57801  25.602  -13.847  -29.871 0.2857142985
57803  24.200  -14.005  -29.459 0.1428571492
57804  23.802  -13.904  -29.219 0.1428571492
57808  24.685  -13.905  -30.252 0.4285714328
57815  25.611  -13.601  -30.233 0.4285714328
57816  25.313  -13.737  -30.416 0.4285714328
58837  25.924  -13.133  -29.767 0.4285714328
58838  25.146  -13.548  -29.446 0.4285714328
58840  23.558  -13.172  -28.743 0.1428571492
58844  26.086  -13.054  -29.985 0.4285714328
58850  25.968  -12.951  -30.245 0.2857142985
59845  27.298  -10.970  -24.413 0.2857142985
59895  26.946  -11.245  -30.399 0.4285714328
59909  25.164  -12.374  -31.026 0.2857142985
60873  27.666  -10.327  -24.510 0.1428571492
60939  34.166  -9.979  -32.188 0.5714285970
60940  33.408  -10.233  -32.044 0.5714285970
61876  27.819  -9.848  -24.924 0.1428571492
61891  28.284  -9.421  -25.288 0.1428571492
61944  34.021  -9.976  -31.939 0.5714285970
61950  26.915  -9.658  -31.169 0.4285714328
61955  35.627  -9.136  -32.714 0.5714285970
61956  34.765  -9.513  -32.820 0.5714285970
61960  35.713  -8.909  -33.074 0.5714285970
61961  33.344  -9.511  -33.071 0.5714285970
61962  31.503  -9.551  -32.581 0.7142857313
63001  31.050  -9.124  -31.537 0.7142857313
63004  27.439  -8.360  -30.887 0.2857142985
63009  30.505  -8.808  -32.418 0.7142857313
63947  30.992  -7.410  -29.116 0.1428571492
63958  36.170  -8.091  -32.458 0.5714285970
63960  34.138  -8.363  -31.696 0.7142857313
63961  29.176  -8.110  -31.317 0.2857142985
63971  30.267  -7.993  -32.354 0.7142857313
63975  31.497  -7.790  -33.218 0.7142857313
64904  30.694  -6.785  -32.484 0.7142857313
65866  33.511  -5.442  -32.019 0.2857142985
65867  31.799  -4.987  -32.224 0.5714285970
66872  27.600  -4.554  -30.909 0.5714285970
67808  26.948  -3.262  -31.479 0.2857142985
69734  24.613  -1.517  -32.679 0.1428571492
70674  28.089  0.104  -30.856 0.8571428657
71659  27.268  0.708  -32.352 0.5714285970
72542  32.040  1.619  -31.833 0.2857142985
72560  26.842  1.480  -32.110 0.7142857313
74324  28.681  3.280  -30.436 0.8571428657
74355  31.567  3.273  -33.107 0.1428571492
75219  30.354  3.971  -30.525 0.8571428657
75221  28.364  4.019  -30.288 0.8571428657
75234  25.890  4.598  -31.718 0.7142857313
76138  25.281  5.534  -32.562 0.2857142985
77016  30.951  6.600  -30.725 0.5714285970
77017  30.098  6.488  -30.567 0.8571428657
77938  28.455  7.057  -30.612 0.8571428657
77939  27.514  6.960  -30.627 0.7142857313
79630  28.753  9.797  -31.851 0.8571428657
80463  25.538  10.795  -33.087 0.8571428657
82198  20.166  13.244  -32.937 0.1428571492
82199  20.264  13.254  -33.181 0.1428571492
83177  28.609  13.280  -33.769 0.5714285970
84174  20.460  13.880  -33.178 0.1428571492
118532  36.306  -6.737  -33.037 0.8571428657
118537  36.251  -8.380  -33.028 0.5714285970
124246  29.393  -0.723  -30.202 0.8571428657
126152  26.187  -12.058  -30.877 0.2857142985
126700  25.007  -13.424  -30.670 0.4285714328
127587  34.252  -8.826  -33.227 0.7142857313
128055  23.608  -18.082  -19.807 0.1428571492
128636  27.423  -9.889  -30.973 0.4285714328
132575  29.591  7.143  -30.652 0.8571428657
133058  25.451  5.947  -32.668 0.4285714328
133160  30.515  3.229  -30.550 0.8571428657
134346  24.000  -12.852  -25.823 0.4285714328
134416  23.609  7.327  -33.027 0.2857142985
135711  28.137  0.123  -31.939 0.8571428657
135762  27.202  -11.684  -23.306 0.2857142985
137419  28.054  0.542  -32.260 0.7142857313
