#!ascii label  , from subject sub-v1s21x0050383_ses-1 vox2ras=TkReg
1022
52202  -42.920  -14.079  20.057 0.0000000000
53239  -24.019  -13.743  20.266 0.0000000000
50166  -33.162  -16.075  19.362 0.0000000000
69559  -47.858  3.312  -1.481 0.0000000000
72257  -52.827  6.727  -7.399 0.0000000000
50048  -17.666  -17.020  26.562 0.0000000000
67792  -44.971  1.996  1.361 0.0000000000
55374  -44.976  -10.713  17.947 0.0000000000
51154  -38.677  -15.637  19.958 0.0000000000
52138  -20.910  -15.034  23.227 0.0000000000
48013  -19.933  -18.810  28.020 0.0000000000
53311  -39.474  -13.652  16.703 0.0000000000
56328  -40.198  -11.222  15.834 0.0000000000
109925  -28.694  -13.155  19.504 0.0000000000
53307  -35.703  -13.558  17.420 0.0000000000
61289  -41.551  -5.906  4.785 0.0000000000
64061  -44.802  -3.197  2.940 0.0000000000
124495  -48.882  -1.681  -0.431 0.0000000000
44949  -11.219  -21.478  29.050 0.0000000000
43160  -7.014  -22.933  31.901 0.0000000000
57272  -38.083  -9.407  15.406 0.0000000000
58291  -37.228  -8.447  12.249 0.0000000000
58373  -38.062  -8.441  7.386 0.0000000000
45922  -15.754  -20.512  27.971 0.0000000000
51116  -23.995  -15.086  23.498 0.0000000000
53206  -25.870  -13.899  22.536 0.0000000000
51173  -40.992  -15.068  19.968 0.0000000000
55278  -23.327  -11.593  22.346 0.0000000000
52165  -22.367  -14.369  22.068 0.0000000000
50101  -21.936  -16.815  23.721 0.0000000000
54373  -38.835  -12.263  18.062 0.0000000000
53309  -37.408  -13.553  17.181 0.0000000000
64047  -40.393  -2.164  4.487 0.0000000000
63110  -42.955  -3.954  3.845 0.0000000000
64992  -41.924  -1.368  3.144 0.0000000000
65960  -45.827  -0.238  -0.067 0.0000000000
66936  -47.948  0.300  -2.364 0.0000000000
65990  -50.818  -1.156  -1.993 0.0000000000
67853  -49.115  1.242  -3.769 0.0000000000
67874  -51.009  1.551  -5.058 0.0000000000
57245  -38.283  -10.296  17.593 0.0000000000
56326  -38.655  -10.406  15.876 0.0000000000
57242  -35.615  -9.295  17.282 0.0000000000
59307  -34.458  -7.303  12.742 0.0000000000
60283  -35.036  -6.304  10.372 0.0000000000
58342  -37.444  -8.782  9.735 0.0000000000
61261  -36.463  -5.684  8.312 0.0000000000
61271  -37.992  -5.150  7.100 0.0000000000
51151  -30.953  -15.039  19.937 0.0000000000
129091  -13.801  -19.366  27.235 0.0000000000
46978  -15.738  -19.131  25.897 0.0000000000
120856  -7.458  -26.014  34.107 0.0000000000
39653  -5.494  -26.971  35.237 0.0000000000
67772  -43.691  1.546  4.000 0.0000000000
57246  -43.405  -8.377  17.427 0.0000000000
50151  -35.817  -16.242  20.272 0.0000000000
51089  -19.422  -15.799  25.165 0.0000000000
48039  -18.215  -18.736  24.983 0.0000000000
48053  -20.403  -18.132  24.734 0.0000000000
72267  -53.978  6.923  -8.448 0.0000000000
52242  -40.773  -14.132  17.528 0.0000000000
54393  -41.826  -12.953  16.603 0.0000000000
54402  -40.458  -12.532  16.214 0.0000000000
56278  -24.454  -11.246  19.912 0.0000000000
53241  -26.353  -13.494  20.071 0.0000000000
127806  -27.258  -10.528  18.767 0.0000000000
54366  -29.923  -12.300  18.200 0.0000000000
53303  -31.793  -14.008  17.664 0.0000000000
131148  -33.680  -12.251  18.525 0.0000000000
51210  -33.958  -15.277  17.571 0.0000000000
51213  -36.761  -14.864  17.715 0.0000000000
51195  -39.007  -15.192  18.521 0.0000000000
59397  -42.941  -7.809  6.634 0.0000000000
65946  -43.813  -0.175  1.505 0.0000000000
64091  -46.349  -2.428  1.466 0.0000000000
120158  -52.348  2.907  -5.897 0.0000000000
43997  -8.449  -22.267  30.823 0.0000000000
42364  -8.681  -24.590  32.988 0.0000000000
55385  -42.347  -11.391  15.744 0.0000000000
57276  -41.908  -9.581  15.433 0.0000000000
58242  -40.179  -7.970  15.943 0.0000000000
58220  -34.383  -8.267  15.815 0.0000000000
58257  -37.343  -8.348  14.261 0.0000000000
59303  -39.616  -7.798  14.005 0.0000000000
58294  -40.327  -8.553  12.552 0.0000000000
57355  -40.900  -9.412  10.208 0.0000000000
119698  -41.690  -9.254  8.183 0.0000000000
59409  -39.666  -7.086  5.645 0.0000000000
63093  -39.219  -3.587  5.899 0.0000000000
53209  -28.470  -13.185  22.805 0.0000000000
47998  -12.265  -19.076  28.302 0.0000000000
44971  -13.622  -21.136  28.646 0.0000000000
46920  -17.765  -19.672  27.981 0.0000000000
40596  -3.471  -26.670  35.023 0.0000000000
51129  -23.813  -15.020  22.621 0.0000000000
52140  -24.569  -14.700  22.924 0.0000000000
52168  -24.694  -14.297  21.512 0.0000000000
52201  -42.211  -14.411  19.727 0.0000000000
54328  -23.465  -12.596  20.755 0.0000000000
114845  -22.605  -13.197  22.028 0.0000000000
52166  -22.820  -14.460  21.761 0.0000000000
51128  -23.057  -15.402  22.536 0.0000000000
65917  -40.593  -0.660  4.822 0.0000000000
64991  -41.272  -1.445  3.681 0.0000000000
65918  -41.179  -0.133  4.422 0.0000000000
68702  -47.311  2.600  -1.363 0.0000000000
67826  -47.018  1.392  -1.581 0.0000000000
67827  -47.653  1.869  -2.099 0.0000000000
66937  -48.459  0.471  -2.967 0.0000000000
68712  -48.212  2.221  -2.684 0.0000000000
118616  -49.449  1.934  -4.108 0.0000000000
130703  -36.789  -9.762  18.200 0.0000000000
61220  -34.901  -5.146  11.270 0.0000000000
60295  -35.485  -6.317  9.507 0.0000000000
62152  -36.693  -4.420  9.437 0.0000000000
61248  -36.928  -4.675  8.665 0.0000000000
51167  -31.666  -15.389  19.272 0.0000000000
51142  -31.704  -15.416  21.302 0.0000000000
50136  -32.903  -16.057  21.020 0.0000000000
49055  -15.589  -17.892  26.383 0.0000000000
49074  -16.356  -17.903  25.842 0.0000000000
71355  -53.278  5.196  -7.041 0.0000000000
40613  -6.059  -26.455  34.596 0.0000000000
55360  -45.393  -11.287  18.522 0.0000000000
56331  -43.871  -9.582  16.915 0.0000000000
50153  -37.466  -15.897  20.479 0.0000000000
125464  -38.342  -15.933  21.260 0.0000000000
53189  -21.143  -13.557  23.720 0.0000000000
53172  -20.545  -13.649  24.436 0.0000000000
53156  -19.926  -14.034  25.795 0.0000000000
51100  -19.934  -15.546  24.478 0.0000000000
50085  -19.733  -16.831  24.229 0.0000000000
120263  -20.363  -16.559  23.777 0.0000000000
50071  -22.841  -16.439  25.198 0.0000000000
49059  -22.041  -17.363  26.038 0.0000000000
52241  -39.848  -14.192  17.211 0.0000000000
53312  -40.305  -13.619  16.747 0.0000000000
53330  -39.984  -13.098  16.397 0.0000000000
57196  -25.656  -9.523  20.522 0.0000000000
56289  -25.628  -10.701  18.995 0.0000000000
57213  -26.799  -9.672  19.344 0.0000000000
56305  -29.626  -10.812  18.609 0.0000000000
55353  -30.144  -11.480  18.331 0.0000000000
113672  -30.633  -13.080  18.068 0.0000000000
118184  -31.591  -11.896  18.362 0.0000000000
54351  -35.794  -11.766  19.369 0.0000000000
53284  -34.392  -13.167  17.598 0.0000000000
127761  -33.646  -13.132  17.612 0.0000000000
53306  -34.875  -13.710  17.440 0.0000000000
51191  -35.442  -15.500  18.068 0.0000000000
126449  -36.003  -13.998  17.307 0.0000000000
53310  -38.335  -13.367  17.019 0.0000000000
52239  -38.067  -14.070  17.025 0.0000000000
52240  -38.976  -14.183  17.034 0.0000000000
52220  -40.303  -14.612  18.152 0.0000000000
59411  -41.665  -7.221  5.674 0.0000000000
60341  -43.177  -6.998  6.061 0.0000000000
61290  -42.569  -6.005  5.059 0.0000000000
63125  -43.469  -3.441  3.458 0.0000000000
62209  -44.212  -4.607  4.711 0.0000000000
67780  -44.267  1.721  2.640 0.0000000000
116839  -43.180  0.703  2.654 0.0000000000
66890  -44.164  0.680  1.213 0.0000000000
65044  -46.928  -1.092  -0.516 0.0000000000
65034  -46.455  -1.459  0.220 0.0000000000
65035  -47.302  -1.702  0.153 0.0000000000
64093  -48.203  -2.553  1.766 0.0000000000
68743  -52.061  2.122  -5.633 0.0000000000
69586  -51.778  3.758  -5.697 0.0000000000
70403  -52.179  4.546  -5.928 0.0000000000
45903  -10.261  -20.573  29.267 0.0000000000
45891  -9.296  -20.533  30.385 0.0000000000
44016  -9.875  -21.620  29.859 0.0000000000
43145  -9.861  -23.683  32.873 0.0000000000
42358  -9.023  -24.869  34.592 0.0000000000
54403  -41.474  -12.454  15.993 0.0000000000
54404  -42.411  -12.183  16.287 0.0000000000
128461  -41.810  -11.926  15.738 0.0000000000
56335  -38.517  -10.056  15.553 0.0000000000
118982  -40.664  -10.010  15.086 0.0000000000
57273  -38.902  -9.461  15.376 0.0000000000
58243  -40.687  -8.445  15.854 0.0000000000
58241  -38.585  -8.341  15.261 0.0000000000
60250  -34.160  -7.076  15.156 0.0000000000
59309  -35.460  -7.976  11.934 0.0000000000
58269  -35.473  -8.420  13.552 0.0000000000
58271  -37.330  -8.363  13.317 0.0000000000
58272  -38.101  -7.956  13.962 0.0000000000
58292  -38.209  -8.307  13.085 0.0000000000
58273  -40.409  -8.222  13.379 0.0000000000
58293  -38.885  -8.456  12.372 0.0000000000
119673  -37.241  -8.661  8.814 0.0000000000
57353  -39.119  -9.343  10.068 0.0000000000
57394  -39.136  -9.383  8.564 0.0000000000
57379  -41.425  -9.502  9.533 0.0000000000
57410  -40.246  -9.133  7.727 0.0000000000
58392  -40.439  -8.310  6.692 0.0000000000
58374  -38.684  -8.075  6.722 0.0000000000
62176  -38.734  -3.572  7.847 0.0000000000
62184  -38.465  -4.760  6.525 0.0000000000
63078  -39.263  -3.112  6.939 0.0000000000
53242  -27.317  -13.303  20.269 0.0000000000
53225  -27.271  -13.380  21.973 0.0000000000
53226  -28.607  -13.352  21.318 0.0000000000
45943  -14.507  -20.001  27.019 0.0000000000
113655  -13.876  -20.258  27.389 0.0000000000
45904  -14.551  -21.123  29.079 0.0000000000
48040  -19.447  -18.995  25.913 0.0000000000
46957  -18.051  -19.405  26.340 0.0000000000
46938  -19.140  -19.198  27.689 0.0000000000
51090  -23.410  -15.696  25.273 0.0000000000
52122  -24.504  -14.530  24.712 0.0000000000
52123  -25.294  -14.082  24.286 0.0000000000
131802  -26.622  -13.432  24.040 0.0000000000
51155  -39.577  -15.557  20.292 0.0000000000
50142  -39.733  -15.699  21.167 0.0000000000
114109  -22.922  -11.772  23.008 0.0000000000
126175  -22.146  -12.981  22.842 0.0000000000
125026  -21.477  -14.891  22.688 0.0000000000
50118  -21.223  -16.016  22.904 0.0000000000
50119  -21.848  -16.054  22.763 0.0000000000
50102  -22.670  -16.287  23.553 0.0000000000
54390  -38.770  -12.649  17.258 0.0000000000
54391  -39.803  -12.370  16.902 0.0000000000
54352  -36.628  -11.941  19.044 0.0000000000
53308  -36.500  -13.659  17.301 0.0000000000
123574  -38.003  -12.479  17.904 0.0000000000
62205  -40.495  -4.019  4.428 0.0000000000
62207  -42.384  -4.664  4.251 0.0000000000
63123  -41.504  -2.936  3.653 0.0000000000
63124  -42.530  -3.057  3.405 0.0000000000
64073  -43.448  -2.324  2.687 0.0000000000
67802  -45.167  1.568  0.496 0.0000000000
67812  -46.076  1.764  -0.487 0.0000000000
66924  -46.658  0.420  -1.206 0.0000000000
65974  -48.338  -1.109  -1.313 0.0000000000
65057  -49.529  -1.364  -1.461 0.0000000000
109772  -49.228  -0.611  -2.573 0.0000000000
66000  -49.833  -0.537  -2.934 0.0000000000
66948  -51.135  -0.240  -3.602 0.0000000000
67864  -50.663  0.901  -4.594 0.0000000000
68731  -49.847  2.666  -4.433 0.0000000000
44001  -12.316  -22.056  30.383 0.0000000000
120806  -11.184  -22.650  31.156 0.0000000000
110528  -11.692  -22.673  32.046 0.0000000000
56316  -38.981  -10.582  16.657 0.0000000000
56327  -39.553  -10.731  15.869 0.0000000000
56315  -37.987  -10.345  16.598 0.0000000000
129130  -37.198  -10.153  16.559 0.0000000000
57255  -36.757  -9.872  16.088 0.0000000000
61199  -34.409  -6.169  13.740 0.0000000000
61210  -34.534  -5.758  12.799 0.0000000000
60277  -34.758  -6.575  11.399 0.0000000000
59328  -35.740  -7.924  11.327 0.0000000000
58314  -37.519  -8.565  11.346 0.0000000000
117647  -36.150  -7.780  9.747 0.0000000000
59361  -36.263  -7.455  8.835 0.0000000000
59362  -36.732  -7.404  7.918 0.0000000000
59392  -37.712  -7.132  6.714 0.0000000000
61270  -37.422  -5.467  7.444 0.0000000000
52196  -29.536  -13.639  19.653 0.0000000000
53227  -29.391  -13.666  21.328 0.0000000000
52170  -30.566  -14.566  21.556 0.0000000000
46953  -14.598  -19.020  26.641 0.0000000000
45961  -15.784  -19.717  26.501 0.0000000000
42369  -6.784  -24.276  32.697 0.0000000000
43144  -6.174  -23.310  33.327 0.0000000000
41539  -6.215  -25.242  33.599 0.0000000000
41538  -5.523  -24.868  34.262 0.0000000000
41531  -4.781  -25.648  35.198 0.0000000000
58210  -42.738  -7.742  17.469 0.0000000000
113276  -34.944  -16.288  20.085 0.0000000000
126241  -34.456  -16.416  21.313 0.0000000000
52087  -19.601  -14.631  26.293 0.0000000000
51088  -18.835  -16.186  25.749 0.0000000000
49075  -17.242  -17.862  25.330 0.0000000000
49086  -18.594  -17.718  24.720 0.0000000000
122818  -19.069  -18.729  25.071 0.0000000000
48026  -20.266  -18.672  26.239 0.0000000000
49098  -21.300  -17.141  23.825 0.0000000000
129967  -21.251  -17.976  25.498 0.0000000000
117117  -21.273  -18.104  28.021 0.0000000000
72258  -53.490  6.805  -7.905 0.0000000000
52222  -41.957  -14.211  18.864 0.0000000000
53287  -42.418  -13.626  18.356 0.0000000000
53286  -41.660  -13.959  17.915 0.0000000000
53331  -40.826  -12.997  16.261 0.0000000000
55383  -40.582  -11.865  15.883 0.0000000000
55357  -40.217  -11.610  17.302 0.0000000000
55371  -40.151  -11.317  16.816 0.0000000000
56317  -39.854  -10.881  16.776 0.0000000000
56308  -39.410  -10.474  17.727 0.0000000000
53256  -23.854  -12.695  19.979 0.0000000000
53240  -24.794  -13.834  20.207 0.0000000000
54345  -25.172  -12.682  18.943 0.0000000000
54346  -26.130  -12.549  18.829 0.0000000000
54347  -28.155  -12.638  18.890 0.0000000000
56290  -28.235  -10.297  18.844 0.0000000000
55351  -28.595  -11.790  18.393 0.0000000000
54348  -28.943  -12.775  18.783 0.0000000000
53262  -29.951  -13.775  18.890 0.0000000000
52217  -31.220  -14.609  18.347 0.0000000000
51188  -32.380  -15.481  18.231 0.0000000000
55355  -32.298  -11.771  18.725 0.0000000000
54386  -32.802  -13.135  17.647 0.0000000000
52233  -32.475  -14.587  17.492 0.0000000000
115042  -33.663  -15.730  17.923 0.0000000000
50183  -35.015  -15.883  18.643 0.0000000000
50184  -35.912  -15.745  18.745 0.0000000000
51169  -37.492  -15.534  18.888 0.0000000000
52238  -37.110  -14.232  17.290 0.0000000000
51194  -38.101  -15.297  18.444 0.0000000000
117761  -38.655  -15.459  19.132 0.0000000000
51196  -39.848  -15.077  18.795 0.0000000000
52200  -41.473  -14.680  19.414 0.0000000000
55297  -24.093  -11.114  20.909 0.0000000000
61303  -43.751  -4.997  5.010 0.0000000000
66864  -42.683  0.248  2.855 0.0000000000
65002  -43.117  -1.057  2.277 0.0000000000
64089  -44.593  -2.019  1.707 0.0000000000
65959  -45.152  -0.240  0.430 0.0000000000
65020  -45.079  -1.576  1.019 0.0000000000
121884  -45.899  -2.780  2.100 0.0000000000
64076  -46.712  -2.864  2.147 0.0000000000
69596  -53.339  3.787  -6.457 0.0000000000
70406  -52.931  4.468  -6.472 0.0000000000
71353  -51.925  6.022  -6.303 0.0000000000
44906  -8.118  -21.338  31.182 0.0000000000
43977  -7.895  -22.580  31.231 0.0000000000
43164  -10.232  -22.855  31.057 0.0000000000
43153  -8.877  -23.654  31.867 0.0000000000
42370  -7.506  -24.075  32.221 0.0000000000
41541  -7.916  -25.145  33.095 0.0000000000
120063  -43.255  -12.505  17.609 0.0000000000
54395  -43.253  -12.081  16.966 0.0000000000
55372  -43.736  -11.441  17.051 0.0000000000
122559  -41.119  -10.707  15.167 0.0000000000
56338  -42.041  -10.572  15.341 0.0000000000
56330  -43.391  -10.210  16.239 0.0000000000
57257  -43.155  -9.042  16.488 0.0000000000
58223  -41.880  -7.931  16.694 0.0000000000
59270  -41.317  -7.321  16.613 0.0000000000
57253  -35.103  -8.974  16.700 0.0000000000
57270  -36.259  -9.389  15.633 0.0000000000
59291  -34.034  -7.532  14.473 0.0000000000
58255  -35.088  -8.591  14.550 0.0000000000
58240  -37.840  -8.462  14.962 0.0000000000
122160  -38.487  -7.869  14.945 0.0000000000
59292  -39.637  -7.501  14.979 0.0000000000
58328  -38.721  -8.917  10.731 0.0000000000
58330  -40.402  -9.042  10.837 0.0000000000
58362  -42.282  -8.908  7.738 0.0000000000
59396  -41.014  -7.803  6.202 0.0000000000
60352  -40.190  -6.502  5.246 0.0000000000
60339  -38.194  -6.621  6.226 0.0000000000
61286  -38.908  -5.306  5.545 0.0000000000
62195  -39.990  -4.727  4.722 0.0000000000
63094  -39.672  -3.076  5.368 0.0000000000
64976  -40.047  -1.529  5.900 0.0000000000
53224  -26.346  -13.664  21.807 0.0000000000
53207  -26.727  -13.509  22.681 0.0000000000
53210  -29.281  -13.474  22.946 0.0000000000
45919  -11.307  -20.196  28.441 0.0000000000
48010  -12.811  -19.056  27.924 0.0000000000
130691  -12.725  -20.344  27.828 0.0000000000
44950  -12.106  -21.502  28.991 0.0000000000
44929  -13.198  -21.711  30.288 0.0000000000
46979  -16.888  -19.105  25.471 0.0000000000
46936  -16.674  -19.758  26.736 0.0000000000
45923  -16.558  -20.277  28.266 0.0000000000
39635  -5.223  -27.729  35.919 0.0000000000
40597  -3.833  -26.986  35.378 0.0000000000
125689  -3.450  -25.129  35.739 0.0000000000
53264  -43.426  -13.512  19.551 0.0000000000
52167  -23.975  -14.390  21.377 0.0000000000
52153  -24.280  -14.630  22.075 0.0000000000
52181  -24.270  -14.078  20.801 0.0000000000
53238  -23.570  -13.362  20.585 0.0000000000
110216  -23.086  -13.157  21.170 0.0000000000
52180  -23.490  -14.065  21.056 0.0000000000
52152  -23.420  -14.728  21.862 0.0000000000
65910  -41.031  0.046  5.390 0.0000000000
66841  -41.757  0.461  4.878 0.0000000000
68703  -47.780  2.712  -1.984 0.0000000000
68713  -48.583  2.990  -3.025 0.0000000000
61232  -35.793  -4.704  9.968 0.0000000000
132002  -32.610  -15.877  19.572 0.0000000000
51153  -32.236  -15.708  20.725 0.0000000000
50148  -32.734  -15.958  20.148 0.0000000000
50047  -16.739  -17.326  26.861 0.0000000000
49057  -16.912  -17.437  26.013 0.0000000000
71364  -53.928  5.581  -7.460 0.0000000000
71363  -53.388  6.075  -7.457 0.0000000000
57248  -45.103  -9.670  17.949 0.0000000000
56319  -44.528  -10.126  17.353 0.0000000000
50171  -37.927  -15.721  20.030 0.0000000000
50154  -38.170  -15.811  20.637 0.0000000000
53188  -20.816  -14.338  23.719 0.0000000000
131783  -20.596  -14.858  23.732 0.0000000000
52121  -20.297  -14.671  24.333 0.0000000000
51101  -20.416  -15.380  23.785 0.0000000000
51113  -20.115  -16.126  23.966 0.0000000000
51114  -20.678  -15.903  23.285 0.0000000000
53329  -39.288  -13.102  16.703 0.0000000000
56280  -25.944  -9.856  19.544 0.0000000000
56307  -31.085  -10.734  18.966 0.0000000000
56306  -30.436  -10.737  18.764 0.0000000000
55354  -30.967  -11.294  18.477 0.0000000000
124713  -30.733  -12.133  18.113 0.0000000000
54370  -35.910  -12.166  18.318 0.0000000000
54369  -35.022  -12.055  18.678 0.0000000000
53285  -35.183  -12.801  17.766 0.0000000000
52236  -35.467  -14.370  17.403 0.0000000000
123309  -38.791  -13.681  16.810 0.0000000000
119489  -41.897  -6.538  5.206 0.0000000000
60354  -42.535  -6.768  5.545 0.0000000000
64060  -43.909  -2.961  3.062 0.0000000000
63126  -44.304  -3.643  3.516 0.0000000000
125532  -45.542  -3.095  2.645 0.0000000000
67781  -44.952  2.112  2.312 0.0000000000
66875  -44.349  1.504  1.708 0.0000000000
65045  -47.672  -1.468  -0.434 0.0000000000
65036  -48.265  -1.818  0.091 0.0000000000
109741  -48.752  -2.090  1.021 0.0000000000
70402  -51.295  4.621  -5.485 0.0000000000
44948  -10.417  -21.262  29.291 0.0000000000
44947  -9.850  -21.017  29.607 0.0000000000
44017  -10.758  -21.995  29.773 0.0000000000
55384  -41.187  -11.936  15.669 0.0000000000
55393  -40.840  -11.321  15.484 0.0000000000
110886  -39.416  -8.366  15.468 0.0000000000
58290  -36.168  -8.270  12.000 0.0000000000
58270  -36.373  -8.385  12.856 0.0000000000
112907  -38.083  -8.499  12.094 0.0000000000
117297  -37.831  -8.907  8.251 0.0000000000
125579  -38.409  -9.222  8.619 0.0000000000
58361  -38.604  -9.082  7.915 0.0000000000
57395  -40.146  -9.429  8.497 0.0000000000
119602  -39.016  -8.719  7.197 0.0000000000
53243  -28.216  -13.243  20.417 0.0000000000
128412  -14.933  -20.573  27.639 0.0000000000
121703  -15.213  -20.854  28.524 0.0000000000
45905  -15.430  -20.908  29.564 0.0000000000
48025  -19.747  -18.957  26.962 0.0000000000
46958  -18.911  -19.257  26.631 0.0000000000
43960  -7.031  -22.349  32.076 0.0000000000
44860  -6.762  -22.256  32.775 0.0000000000
54379  -44.921  -12.002  18.898 0.0000000000
119332  -23.801  -15.257  24.434 0.0000000000
51091  -23.969  -14.907  25.467 0.0000000000
129703  -24.238  -14.849  24.118 0.0000000000
52141  -25.374  -14.229  23.292 0.0000000000
131930  -25.736  -13.945  23.805 0.0000000000
53173  -26.026  -13.679  24.241 0.0000000000
53190  -26.193  -13.704  23.430 0.0000000000
51156  -40.532  -15.431  20.655 0.0000000000
56253  -23.705  -10.685  22.817 0.0000000000
53221  -22.324  -13.937  22.044 0.0000000000
129541  -22.508  -12.730  22.587 0.0000000000
53205  -21.983  -13.690  22.538 0.0000000000
53220  -21.901  -14.331  22.418 0.0000000000
51126  -21.744  -15.410  22.595 0.0000000000
51139  -22.308  -14.912  22.234 0.0000000000
116943  -23.475  -15.460  23.024 0.0000000000
50121  -23.028  -15.818  23.079 0.0000000000
51115  -23.361  -15.694  23.629 0.0000000000
51102  -23.132  -16.074  24.387 0.0000000000
54374  -39.719  -12.081  17.745 0.0000000000
54371  -36.698  -12.301  18.009 0.0000000000
54354  -38.417  -12.404  18.934 0.0000000000
63107  -40.217  -3.067  4.607 0.0000000000
63108  -41.018  -3.487  4.016 0.0000000000
121950  -40.805  -2.765  4.070 0.0000000000
64058  -41.790  -2.233  3.332 0.0000000000
64059  -42.651  -2.128  2.945 0.0000000000
67803  -45.834  2.179  0.183 0.0000000000
66925  -47.319  0.285  -1.801 0.0000000000
65986  -47.111  -0.424  -1.226 0.0000000000
65987  -47.927  -0.525  -1.797 0.0000000000
65988  -48.887  -0.933  -1.875 0.0000000000
65999  -48.556  -0.293  -2.521 0.0000000000
66945  -48.891  0.657  -3.442 0.0000000000
66938  -49.156  -0.042  -3.140 0.0000000000
66010  -49.838  -0.083  -3.455 0.0000000000
66947  -50.363  0.257  -3.933 0.0000000000
67863  -49.803  1.047  -4.255 0.0000000000
68723  -49.152  2.826  -3.761 0.0000000000
57243  -36.271  -9.576  17.841 0.0000000000
57244  -37.167  -10.107  17.495 0.0000000000
113568  -36.425  -9.888  16.964 0.0000000000
61230  -34.726  -5.834  11.004 0.0000000000
61219  -34.556  -5.791  11.777 0.0000000000
59327  -35.107  -7.440  11.622 0.0000000000
59334  -35.252  -7.247  10.832 0.0000000000
59335  -35.978  -7.885  10.573 0.0000000000
59344  -35.513  -7.133  10.009 0.0000000000
60296  -35.920  -6.449  8.796 0.0000000000
59345  -35.798  -7.061  9.342 0.0000000000
60314  -36.332  -6.697  8.243 0.0000000000
58359  -36.752  -8.094  8.565 0.0000000000
60315  -36.865  -6.170  7.722 0.0000000000
62165  -38.089  -4.071  8.520 0.0000000000
52197  -30.297  -14.359  19.580 0.0000000000
52183  -30.447  -14.540  20.627 0.0000000000
51143  -32.369  -15.734  21.639 0.0000000000
51130  -31.842  -15.425  22.223 0.0000000000
48036  -15.930  -18.486  25.828 0.0000000000
48024  -15.275  -18.629  26.247 0.0000000000
46954  -15.228  -19.257  26.271 0.0000000000
45960  -15.058  -19.682  26.630 0.0000000000
41540  -7.103  -25.499  33.333 0.0000000000
41545  -6.668  -24.875  33.094 0.0000000000
41532  -5.698  -25.717  34.324 0.0000000000
121339  -5.306  -26.244  34.906 0.0000000000
57247  -44.323  -8.998  17.628 0.0000000000
58201  -43.803  -7.808  18.249 0.0000000000
117541  -42.946  -8.341  17.103 0.0000000000
111075  -35.183  -16.402  20.994 0.0000000000
52105  -19.810  -14.868  25.277 0.0000000000
51078  -19.330  -15.390  25.943 0.0000000000
114112  -19.064  -16.501  25.100 0.0000000000
50068  -18.454  -16.879  25.320 0.0000000000
49096  -20.023  -17.136  24.064 0.0000000000
49087  -19.358  -17.565  24.446 0.0000000000
48052  -19.572  -18.227  24.599 0.0000000000
48041  -19.934  -18.589  25.291 0.0000000000
50100  -21.391  -16.599  23.271 0.0000000000
49090  -21.673  -17.346  24.494 0.0000000000
49037  -21.827  -17.551  26.810 0.0000000000
49077  -21.640  -17.634  25.383 0.0000000000
49058  -21.414  -17.920  26.120 0.0000000000
48015  -21.294  -18.039  27.038 0.0000000000
118939  -40.882  -12.396  15.927 0.0000000000
56309  -40.209  -10.728  17.885 0.0000000000
132530  -24.189  -12.091  19.647 0.0000000000
54344  -24.436  -12.711  19.394 0.0000000000
55328  -24.688  -11.925  19.124 0.0000000000
55330  -26.463  -11.406  18.677 0.0000000000
122183  -27.212  -12.424  18.810 0.0000000000
55331  -27.359  -11.556  18.574 0.0000000000
55352  -29.333  -11.632  18.332 0.0000000000
56304  -28.801  -10.959  18.518 0.0000000000
125828  -28.525  -12.337  18.544 0.0000000000
54365  -29.148  -12.319  18.396 0.0000000000
53261  -29.382  -13.281  19.043 0.0000000000
53281  -29.766  -13.039  18.475 0.0000000000
115765  -31.345  -13.455  17.856 0.0000000000
53283  -31.069  -14.000  18.043 0.0000000000
51187  -31.708  -15.139  18.374 0.0000000000
52232  -31.741  -14.619  17.899 0.0000000000
54349  -34.073  -11.922  19.085 0.0000000000
55335  -34.133  -11.597  20.084 0.0000000000
55334  -33.359  -11.621  19.718 0.0000000000
55356  -33.109  -11.982  18.806 0.0000000000
54367  -32.365  -12.449  18.157 0.0000000000
54368  -33.312  -12.564  18.115 0.0000000000
111625  -33.985  -13.866  17.381 0.0000000000
53305  -33.111  -13.880  17.377 0.0000000000
52234  -33.454  -14.687  17.337 0.0000000000
51209  -32.967  -15.389  17.648 0.0000000000
50182  -34.016  -16.013  18.683 0.0000000000
51190  -34.499  -15.655  17.978 0.0000000000
51192  -36.345  -15.374  18.157 0.0000000000
50169  -36.777  -15.629  18.842 0.0000000000
51193  -37.203  -15.275  18.248 0.0000000000
54388  -36.920  -12.987  17.483 0.0000000000
52218  -38.522  -14.726  17.644 0.0000000000
51214  -37.633  -14.759  17.657 0.0000000000
51171  -39.346  -15.412  19.404 0.0000000000
52199  -40.690  -14.927  19.096 0.0000000000
52221  -41.176  -14.486  18.495 0.0000000000
118012  -24.582  -10.547  20.625 0.0000000000
56265  -24.393  -10.393  21.459 0.0000000000
55314  -23.869  -11.907  20.355 0.0000000000
58378  -42.963  -8.464  7.418 0.0000000000
114653  -43.764  -6.497  6.120 0.0000000000
125834  -43.834  -7.039  6.785 0.0000000000
61302  -43.063  -5.299  4.819 0.0000000000
62208  -43.407  -4.640  4.415 0.0000000000
66856  -43.004  1.171  4.483 0.0000000000
117341  -42.419  0.595  3.675 0.0000000000
66865  -43.029  1.033  3.431 0.0000000000
66874  -43.178  -0.128  2.165 0.0000000000
65018  -43.592  -0.878  1.842 0.0000000000
65003  -43.727  -1.680  2.102 0.0000000000
65019  -44.233  -1.131  1.318 0.0000000000
66902  -45.417  0.587  0.109 0.0000000000
66901  -44.751  0.630  0.629 0.0000000000
65021  -45.937  -1.843  0.848 0.0000000000
64090  -45.483  -2.256  1.528 0.0000000000
128413  -48.201  -2.832  2.575 0.0000000000
65058  -50.287  -1.427  -1.370 0.0000000000
67875  -51.817  1.462  -5.279 0.0000000000
68744  -52.944  2.153  -5.784 0.0000000000
116016  -53.356  2.969  -6.164 0.0000000000
71354  -52.471  5.270  -6.353 0.0000000000
44927  -9.262  -21.156  30.142 0.0000000000
45890  -8.709  -20.890  30.707 0.0000000000
44926  -8.562  -21.587  30.686 0.0000000000
43996  -7.878  -21.995  31.051 0.0000000000
43978  -10.778  -22.970  31.832 0.0000000000
126166  -9.404  -24.105  33.205 0.0000000000
43154  -9.644  -23.517  32.143 0.0000000000
42372  -9.157  -23.958  32.563 0.0000000000
42376  -8.105  -23.689  31.764 0.0000000000
42371  -8.386  -24.159  32.277 0.0000000000
41547  -7.936  -24.640  32.582 0.0000000000
42350  -8.778  -25.152  35.243 0.0000000000
53314  -42.162  -13.371  17.442 0.0000000000
54376  -42.863  -13.024  17.938 0.0000000000
54394  -42.692  -12.754  17.087 0.0000000000
55386  -43.183  -11.290  16.350 0.0000000000
56337  -40.248  -10.609  15.375 0.0000000000
125485  -41.370  -10.109  15.109 0.0000000000
114526  -42.807  -10.693  15.798 0.0000000000
56329  -42.725  -9.829  15.748 0.0000000000
58244  -41.478  -8.640  15.889 0.0000000000
58222  -40.884  -7.727  16.368 0.0000000000
126144  -34.314  -7.794  16.114 0.0000000000
58221  -34.606  -8.260  16.671 0.0000000000
116523  -34.799  -8.699  16.148 0.0000000000
57269  -35.401  -9.098  15.936 0.0000000000
58237  -34.897  -8.673  15.427 0.0000000000
60256  -34.237  -6.681  13.180 0.0000000000
123456  -34.040  -6.909  13.884 0.0000000000
59300  -34.172  -7.490  13.547 0.0000000000
116710  -36.542  -8.469  13.649 0.0000000000
58256  -36.158  -8.670  14.335 0.0000000000
58239  -36.779  -8.877  14.933 0.0000000000
58258  -38.173  -7.978  14.538 0.0000000000
59302  -38.803  -7.783  14.424 0.0000000000
59293  -40.310  -7.261  15.503 0.0000000000
59294  -41.134  -7.305  15.137 0.0000000000
58327  -37.839  -8.774  10.625 0.0000000000
57354  -40.002  -9.408  10.128 0.0000000000
58329  -39.574  -8.995  10.757 0.0000000000
57396  -41.108  -9.468  8.744 0.0000000000
57380  -42.297  -9.499  9.607 0.0000000000
57397  -41.947  -9.452  8.880 0.0000000000
132230  -42.333  -9.216  8.361 0.0000000000
58363  -42.937  -8.939  8.126 0.0000000000
58377  -41.530  -8.866  7.487 0.0000000000
59395  -40.071  -7.723  6.136 0.0000000000
58393  -41.319  -8.373  6.824 0.0000000000
59410  -40.614  -7.194  5.630 0.0000000000
60327  -37.585  -6.148  6.847 0.0000000000
61278  -38.224  -5.691  6.291 0.0000000000
122240  -38.828  -4.352  5.973 0.0000000000
62194  -39.318  -4.460  5.322 0.0000000000
126037  -39.459  -5.039  5.050 0.0000000000
62204  -39.756  -3.808  4.990 0.0000000000
64025  -39.820  -1.981  6.437 0.0000000000
123225  -25.514  -13.630  19.905 0.0000000000
117855  -25.791  -13.783  20.817 0.0000000000
53208  -27.656  -13.205  22.839 0.0000000000
53191  -27.028  -13.321  23.463 0.0000000000
131955  -28.113  -13.080  23.209 0.0000000000
52155  -29.914  -13.908  22.130 0.0000000000
52142  -30.178  -14.110  23.192 0.0000000000
117245  -34.076  -16.366  21.888 0.0000000000
131852  -11.211  -19.648  28.653 0.0000000000
46919  -11.784  -19.663  28.275 0.0000000000
48012  -14.121  -18.395  27.183 0.0000000000
48011  -13.427  -18.646  27.776 0.0000000000
45921  -13.361  -20.613  27.852 0.0000000000
44970  -12.635  -21.000  28.333 0.0000000000
44951  -12.998  -21.479  29.218 0.0000000000
48050  -17.988  -18.099  24.854 0.0000000000
48038  -17.382  -18.616  25.089 0.0000000000
46937  -18.337  -19.463  27.341 0.0000000000
113414  -17.515  -19.650  27.020 0.0000000000
45945  -17.005  -19.931  27.654 0.0000000000
45924  -17.272  -19.969  28.529 0.0000000000
39633  -3.301  -27.824  35.498 0.0000000000
39634  -4.018  -27.849  35.835 0.0000000000
41526  -3.745  -25.919  35.432 0.0000000000
52154  -25.085  -14.356  22.327 0.0000000000
52184  -41.733  -14.856  20.210 0.0000000000
54313  -23.146  -12.483  21.636 0.0000000000
53222  -22.871  -13.828  21.447 0.0000000000
54355  -39.699  -12.271  18.967 0.0000000000
64984  -40.177  -1.394  5.072 0.0000000000
64048  -41.026  -2.167  3.844 0.0000000000
64985  -40.673  -1.417  4.303 0.0000000000
120302  -40.968  -0.817  4.133 0.0000000000
65924  -41.477  -0.600  3.688 0.0000000000
67813  -46.648  2.169  -0.906 0.0000000000
67840  -47.560  0.984  -2.165 0.0000000000
67841  -47.993  1.178  -2.675 0.0000000000
67852  -48.501  1.307  -3.262 0.0000000000
68722  -48.847  2.095  -3.435 0.0000000000
57231  -37.466  -9.832  18.524 0.0000000000
110762  -36.425  -9.225  18.719 0.0000000000
58208  -35.589  -8.706  18.059 0.0000000000
61231  -35.055  -5.332  10.464 0.0000000000
61246  -35.341  -5.595  9.808 0.0000000000
61247  -35.922  -5.327  9.083 0.0000000000
51152  -31.611  -15.415  20.332 0.0000000000
49056  -16.240  -17.553  26.385 0.0000000000
70407  -53.722  4.338  -6.783 0.0000000000
70423  -54.183  4.910  -7.238 0.0000000000
40614  -6.947  -26.477  34.620 0.0000000000
40628  -6.529  -26.022  33.933 0.0000000000
40599  -6.424  -26.860  35.192 0.0000000000
39636  -6.018  -27.325  35.645 0.0000000000
50152  -36.703  -16.069  20.350 0.0000000000
114297  -37.027  -16.145  20.962 0.0000000000
50140  -37.670  -16.034  21.147 0.0000000000
120737  -37.967  -16.162  21.811 0.0000000000
54287  -21.773  -12.572  23.633 0.0000000000
54276  -21.056  -12.719  24.242 0.0000000000
54275  -20.477  -12.772  24.883 0.0000000000
53157  -20.159  -13.338  25.295 0.0000000000
52106  -20.130  -14.125  25.013 0.0000000000
50069  -19.543  -16.348  24.572 0.0000000000
49088  -20.105  -17.662  24.209 0.0000000000
50086  -22.443  -16.728  24.399 0.0000000000
50070  -22.243  -17.092  25.235 0.0000000000
115187  -22.553  -16.737  25.964 0.0000000000
118141  -22.334  -16.988  26.688 0.0000000000
56279  -25.101  -10.320  19.898 0.0000000000
129416  -24.968  -11.122  19.182 0.0000000000
127123  -26.371  -10.332  18.912 0.0000000000
56291  -29.115  -10.134  18.942 0.0000000000
56292  -29.981  -10.103  19.144 0.0000000000
111704  -31.410  -12.700  17.932 0.0000000000
113889  -34.200  -12.509  18.122 0.0000000000
52235  -34.446  -14.560  17.391 0.0000000000
51211  -34.945  -15.124  17.642 0.0000000000
51212  -35.892  -14.997  17.674 0.0000000000
52237  -36.302  -14.396  17.393 0.0000000000
54389  -37.750  -12.944  17.397 0.0000000000
52219  -39.419  -14.708  17.834 0.0000000000
59412  -42.474  -7.388  5.998 0.0000000000
60355  -43.297  -6.214  5.566 0.0000000000
63111  -43.867  -4.052  4.057 0.0000000000
67779  -43.629  1.384  3.037 0.0000000000
66889  -43.658  0.894  2.034 0.0000000000
65961  -46.255  -0.856  -0.135 0.0000000000
65022  -46.836  -2.035  0.830 0.0000000000
64092  -47.232  -2.539  1.529 0.0000000000
65023  -47.762  -2.154  0.878 0.0000000000
64094  -49.024  -2.410  1.764 0.0000000000
68732  -50.656  2.472  -5.065 0.0000000000
68742  -51.350  2.070  -5.401 0.0000000000
123359  -51.367  2.883  -5.505 0.0000000000
69587  -52.643  3.724  -6.154 0.0000000000
45902  -9.724  -20.508  29.826 0.0000000000
43998  -9.172  -21.918  30.359 0.0000000000
42365  -9.260  -24.455  33.839 0.0000000000
55394  -41.569  -11.363  15.433 0.0000000000
56336  -39.287  -10.243  15.496 0.0000000000
116733  -39.808  -9.737  15.276 0.0000000000
57275  -41.071  -9.364  15.319 0.0000000000
57274  -40.248  -9.026  15.380 0.0000000000
59281  -34.139  -7.716  15.412 0.0000000000
59308  -34.948  -7.724  12.326 0.0000000000
59301  -34.709  -7.983  13.092 0.0000000000
58289  -35.482  -8.191  12.594 0.0000000000
124893  -38.529  -7.959  13.803 0.0000000000
59310  -38.928  -8.040  13.492 0.0000000000
59311  -39.633  -8.306  12.988 0.0000000000
110952  -39.761  -8.618  12.058 0.0000000000
57375  -37.929  -9.103  9.121 0.0000000000
58343  -38.260  -9.132  9.952 0.0000000000
57376  -38.715  -9.364  9.292 0.0000000000
57377  -39.591  -9.499  9.340 0.0000000000
57378  -40.524  -9.517  9.421 0.0000000000
57411  -40.919  -9.250  7.960 0.0000000000
58376  -40.738  -8.816  7.287 0.0000000000
58375  -39.908  -8.794  7.171 0.0000000000
58391  -39.541  -8.233  6.649 0.0000000000
59394  -39.185  -7.594  6.182 0.0000000000
62175  -38.410  -4.309  7.412 0.0000000000
62185  -38.859  -3.876  6.906 0.0000000000
53259  -26.761  -13.133  19.337 0.0000000000
114264  -26.833  -13.468  21.050 0.0000000000
126769  -27.768  -13.277  21.228 0.0000000000
111303  -28.159  -13.213  22.073 0.0000000000
130751  -14.397  -20.465  27.479 0.0000000000
127867  -14.275  -20.827  28.010 0.0000000000
123033  -13.883  -21.376  29.664 0.0000000000
46981  -18.573  -19.141  25.637 0.0000000000
46980  -17.707  -19.152  25.495 0.0000000000
46921  -18.520  -19.457  28.335 0.0000000000
55373  -44.307  -11.104  17.500 0.0000000000
51079  -23.559  -15.378  26.178 0.0000000000
52107  -24.590  -14.246  25.703 0.0000000000
117660  -24.662  -14.578  23.805 0.0000000000
117415  -25.036  -13.984  25.114 0.0000000000
50155  -38.920  -15.784  20.855 0.0000000000
55259  -22.099  -11.815  23.830 0.0000000000
54298  -22.824  -12.358  22.445 0.0000000000
54288  -22.447  -12.255  23.172 0.0000000000
117562  -21.630  -13.345  23.216 0.0000000000
52139  -21.365  -14.178  23.011 0.0000000000
130651  -21.198  -15.492  22.891 0.0000000000
131309  -22.074  -16.417  23.146 0.0000000000
51127  -22.360  -15.490  22.490 0.0000000000
50120  -22.506  -15.968  22.873 0.0000000000
54387  -36.133  -12.889  17.620 0.0000000000
54372  -37.300  -12.539  17.790 0.0000000000
61299  -40.791  -4.708  4.409 0.0000000000
61300  -41.523  -5.072  4.449 0.0000000000
62206  -41.368  -4.315  4.144 0.0000000000
63109  -41.973  -3.771  3.796 0.0000000000
119718  -43.212  -2.792  3.110 0.0000000000
64074  -44.210  -2.523  2.423 0.0000000000
67811  -45.673  1.352  -0.084 0.0000000000
66913  -46.012  0.658  -0.540 0.0000000000
67825  -46.372  1.297  -1.038 0.0000000000
65972  -46.415  -0.315  -0.680 0.0000000000
65973  -47.700  -1.030  -1.012 0.0000000000
65046  -48.292  -1.475  -0.714 0.0000000000
65056  -48.926  -1.450  -1.106 0.0000000000
65989  -49.881  -0.979  -2.129 0.0000000000
66001  -50.562  -0.796  -2.691 0.0000000000
121360  -50.201  1.746  -4.659 0.0000000000
69579  -50.259  3.312  -4.769 0.0000000000
44018  -11.720  -21.905  29.658 0.0000000000
44000  -11.480  -22.315  30.402 0.0000000000
56325  -37.737  -10.110  15.820 0.0000000000
57271  -37.214  -9.445  15.411 0.0000000000
62111  -34.957  -5.098  12.141 0.0000000000
60265  -34.440  -6.519  12.313 0.0000000000
59326  -34.726  -7.118  12.084 0.0000000000
58313  -36.588  -8.331  11.282 0.0000000000
58326  -36.869  -8.409  10.394 0.0000000000
58341  -36.728  -8.260  9.367 0.0000000000
58360  -37.225  -8.304  7.960 0.0000000000
59374  -37.435  -7.710  7.297 0.0000000000
59375  -38.040  -7.783  6.864 0.0000000000
128988  -37.164  -6.834  7.252 0.0000000000
130273  -37.199  -6.141  7.331 0.0000000000
61262  -37.242  -4.988  7.933 0.0000000000
61263  -37.944  -4.597  7.761 0.0000000000
115283  -38.425  -3.926  8.036 0.0000000000
53244  -29.027  -13.465  20.468 0.0000000000
52182  -29.776  -13.962  20.489 0.0000000000
52169  -30.036  -14.096  21.247 0.0000000000
52156  -30.690  -14.586  22.441 0.0000000000
51141  -31.068  -15.054  20.941 0.0000000000
52171  -31.195  -15.062  21.876 0.0000000000
49035  -15.195  -17.581  27.200 0.0000000000
48023  -14.781  -18.120  26.713 0.0000000000
45944  -15.371  -20.193  27.133 0.0000000000
128669  -20.622  -18.501  28.268 0.0000000000
43152  -6.917  -23.540  32.248 0.0000000000
43959  -6.553  -22.979  32.523 0.0000000000
114490  -6.384  -23.779  32.890 0.0000000000
42363  -6.222  -24.478  33.323 0.0000000000
43143  -5.821  -23.969  33.711 0.0000000000
43138  -5.324  -24.043  35.045 0.0000000000
42356  -4.681  -24.855  35.466 0.0000000000
67747  -43.949  1.420  4.927 0.0000000000
67773  -44.327  1.818  3.581 0.0000000000
111989  -44.978  2.130  3.254 0.0000000000
59254  -42.752  -7.142  17.577 0.0000000000
50167  -34.105  -16.249  19.741 0.0000000000
50149  -33.464  -16.215  20.358 0.0000000000
50150  -34.319  -16.365  20.634 0.0000000000
50141  -38.966  -15.964  21.832 0.0000000000
51066  -19.303  -15.240  26.822 0.0000000000
51077  -18.989  -15.803  26.448 0.0000000000
128091  -18.207  -16.722  25.932 0.0000000000
50067  -17.711  -17.212  25.633 0.0000000000
49076  -18.124  -17.486  25.025 0.0000000000
50084  -18.965  -17.089  24.729 0.0000000000
48051  -18.747  -18.222  24.649 0.0000000000
50099  -20.834  -16.397  23.339 0.0000000000
49097  -20.654  -17.031  23.746 0.0000000000
49089  -20.865  -17.598  24.259 0.0000000000
48054  -21.125  -17.915  24.937 0.0000000000
48042  -20.784  -18.288  25.587 0.0000000000
48014  -20.606  -18.520  27.289 0.0000000000
53263  -42.675  -13.854  19.236 0.0000000000
53313  -41.262  -13.551  17.018 0.0000000000
125351  -39.998  -12.678  16.450 0.0000000000
54392  -40.310  -12.014  16.460 0.0000000000
57232  -38.701  -10.016  18.573 0.0000000000
57233  -39.902  -10.065  18.755 0.0000000000
129660  -24.408  -13.600  19.882 0.0000000000
53257  -24.840  -13.392  19.476 0.0000000000
53258  -25.786  -13.259  19.292 0.0000000000
55329  -25.450  -11.738  18.809 0.0000000000
53260  -27.749  -13.049  19.473 0.0000000000
57198  -27.280  -9.057  19.945 0.0000000000
57214  -27.700  -9.614  19.307 0.0000000000
55350  -28.012  -11.194  18.510 0.0000000000
54364  -27.947  -12.072  18.506 0.0000000000
53282  -30.410  -13.651  18.390 0.0000000000
52216  -30.604  -14.271  18.628 0.0000000000
52198  -31.033  -14.869  18.989 0.0000000000
131175  -32.022  -15.454  18.671 0.0000000000
114938  -32.417  -15.730  18.997 0.0000000000
55332  -31.745  -11.152  18.973 0.0000000000
54385  -31.989  -13.258  17.708 0.0000000000
53304  -32.410  -13.797  17.508 0.0000000000
51208  -32.215  -15.116  17.821 0.0000000000
51189  -33.051  -15.869  18.345 0.0000000000
127254  -34.715  -16.138  19.316 0.0000000000
50168  -35.465  -16.078  19.437 0.0000000000
109742  -36.342  -15.943  19.546 0.0000000000
50170  -37.261  -15.764  19.647 0.0000000000
51170  -38.035  -15.589  19.346 0.0000000000
51172  -40.186  -15.291  19.705 0.0000000000
56264  -23.874  -10.961  21.877 0.0000000000
55296  -23.602  -11.772  21.293 0.0000000000
61301  -42.240  -5.401  4.641 0.0000000000
61291  -43.648  -5.529  5.311 0.0000000000
122962  -42.300  0.724  4.437 0.0000000000
65919  -41.776  0.244  3.962 0.0000000000
65925  -42.110  -0.336  3.115 0.0000000000
65932  -42.713  -0.540  2.586 0.0000000000
65001  -42.562  -1.231  2.691 0.0000000000
64072  -43.103  -1.692  2.549 0.0000000000
67801  -44.556  1.337  0.983 0.0000000000
65947  -44.480  -0.242  0.939 0.0000000000
65033  -45.619  -1.063  0.380 0.0000000000
65032  -44.880  -0.912  0.750 0.0000000000
64075  -45.070  -2.682  2.194 0.0000000000
64062  -46.241  -3.158  2.743 0.0000000000
64077  -47.528  -2.864  2.314 0.0000000000
69597  -54.079  3.537  -6.489 0.0000000000
113463  -52.666  5.999  -6.908 0.0000000000
72246  -52.147  6.755  -6.810 0.0000000000
44883  -7.955  -21.149  32.039 0.0000000000
44905  -7.523  -21.814  31.636 0.0000000000
43976  -7.436  -22.485  31.537 0.0000000000
118116  -10.740  -22.463  30.512 0.0000000000
43999  -10.005  -22.302  30.334 0.0000000000
43167  -9.275  -22.658  30.797 0.0000000000
124908  -10.100  -23.203  31.749 0.0000000000
43163  -9.442  -23.197  31.451 0.0000000000
43162  -8.471  -23.089  31.272 0.0000000000
43161  -7.547  -23.210  31.669 0.0000000000
41546  -7.298  -24.791  32.795 0.0000000000
122233  -7.893  -25.553  33.713 0.0000000000
42357  -8.541  -25.098  33.761 0.0000000000
41534  -8.290  -25.565  34.557 0.0000000000
41533  -7.681  -26.181  34.954 0.0000000000
53288  -43.126  -13.260  18.744 0.0000000000
56318  -43.900  -10.653  16.844 0.0000000000
57256  -42.368  -8.866  16.069 0.0000000000
58209  -42.495  -8.183  16.949 0.0000000000
59253  -42.368  -7.520  17.174 0.0000000000
59252  -35.013  -7.866  17.528 0.0000000000
114568  -35.085  -8.628  17.294 0.0000000000
57254  -35.872  -9.513  16.448 0.0000000000
58254  -34.342  -8.238  14.927 0.0000000000
58268  -34.468  -8.163  13.986 0.0000000000
58238  -35.732  -8.939  15.150 0.0000000000
58259  -39.084  -7.731  15.195 0.0000000000
58260  -39.852  -7.642  15.603 0.0000000000
59282  -40.470  -7.405  16.100 0.0000000000
60242  -41.180  -6.892  16.498 0.0000000000
60243  -41.658  -6.961  16.596 0.0000000000
59304  -41.581  -7.916  14.172 0.0000000000
58315  -38.388  -8.644  11.448 0.0000000000
58316  -39.210  -8.706  11.447 0.0000000000
124748  -39.921  -8.804  11.353 0.0000000000
58394  -42.177  -8.427  7.037 0.0000000000
112859  -41.945  -7.889  6.348 0.0000000000
60353  -41.102  -6.599  5.205 0.0000000000
119051  -40.672  -6.040  4.901 0.0000000000
59393  -38.424  -7.393  6.376 0.0000000000
60340  -38.846  -6.925  5.807 0.0000000000
60350  -38.656  -6.209  5.770 0.0000000000
60351  -39.308  -6.298  5.421 0.0000000000
61287  -39.829  -5.623  4.974 0.0000000000
61288  -40.715  -5.374  4.623 0.0000000000
64024  -39.561  -2.749  6.137 0.0000000000
64037  -39.872  -2.254  5.370 0.0000000000
65898  -40.427  -0.711  5.911 0.0000000000
126993  -25.017  -14.028  20.993 0.0000000000
53223  -25.488  -14.023  21.673 0.0000000000
112791  -29.004  -13.362  22.122 0.0000000000
53194  -29.462  -13.514  23.818 0.0000000000
53193  -28.567  -13.153  23.572 0.0000000000
53175  -28.832  -13.194  24.311 0.0000000000
113245  -33.727  -16.314  21.208 0.0000000000
50122  -33.159  -16.104  21.936 0.0000000000
46906  -10.973  -19.374  29.318 0.0000000000
46918  -10.683  -20.016  28.857 0.0000000000
44968  -10.849  -20.741  28.786 0.0000000000
45942  -13.182  -19.922  27.511 0.0000000000
46934  -12.529  -19.679  27.858 0.0000000000
45920  -12.059  -20.336  28.084 0.0000000000
44969  -11.656  -20.948  28.489 0.0000000000
44928  -12.483  -21.766  29.687 0.0000000000
48037  -16.643  -18.477  25.484 0.0000000000
131500  -16.259  -18.975  25.577 0.0000000000
46956  -17.187  -19.450  26.108 0.0000000000
46955  -16.390  -19.389  25.959 0.0000000000
115922  -16.206  -20.143  27.356 0.0000000000
46922  -19.308  -19.153  28.812 0.0000000000
132364  -17.446  -19.977  29.212 0.0000000000
45907  -16.885  -20.251  29.073 0.0000000000
45906  -16.133  -20.584  28.993 0.0000000000
72259  -54.188  6.208  -7.904 0.0000000000
121865  -5.999  -27.690  36.159 0.0000000000
38660  -4.374  -28.507  36.444 0.0000000000
40598  -4.588  -27.238  35.507 0.0000000000
40612  -4.560  -26.497  35.313 0.0000000000
118505  -3.926  -25.172  35.922 0.0000000000
39652  -2.953  -27.765  34.990 0.0000000000
124655  -3.125  -26.018  34.841 0.0000000000
41525  -3.276  -25.549  35.288 0.0000000000
46935  -13.142  -19.348  27.630 0.0000000000
48027  -20.895  -18.322  26.457 0.0000000000
51140  -22.766  -15.011  22.126 0.0000000000
51168  -32.191  -15.695  19.833 0.0000000000
52164  -21.939  -14.795  22.384 0.0000000000
53192  -27.770  -13.093  23.598 0.0000000000
57398  -42.817  -9.325  8.905 0.0000000000
57409  -39.497  -9.159  7.808 0.0000000000
59283  -40.725  -6.888  16.006 0.0000000000
66946  -49.486  0.479  -3.731 0.0000000000
124482  -40.880  -7.192  16.428 0.0000000000
125827  -24.141  -13.285  19.857 0.0000000000
130502  -43.169  -5.746  5.197 0.0000000000
132345  -21.407  -13.043  23.709 0.0000000000
