#!ascii label  , from subject sub-v1s21x0050383_ses-1 vox2ras=TkReg
1743
27871  -32.233  -41.755  -38.704 0.5000000000
27872  -33.205  -41.715  -38.566 0.5000000000
28648  -32.647  -40.915  -38.413 0.4000000060
28649  -33.708  -40.997  -38.451 0.5000000000
29459  -33.442  -40.211  -38.268 0.5000000000
114352  -33.213  -39.382  -38.198 0.5000000000
43070  -26.106  -24.643  -41.532 0.5000000000
43859  -25.734  -23.839  -41.823 0.4000000060
43860  -26.654  -23.946  -41.742 0.4000000060
43878  -26.335  -23.260  -42.291 0.4000000060
44720  -26.056  -22.605  -42.825 0.5000000000
44722  -28.029  -22.853  -42.578 0.5000000000
44735  -26.302  -21.947  -43.479 0.5000000000
44721  -26.931  -22.663  -42.717 0.4000000060
44736  -27.492  -22.058  -43.263 0.4000000060
45738  -26.967  -21.431  -44.134 0.5000000000
44737  -28.560  -22.157  -43.168 0.4000000060
118479  -33.029  -43.078  -38.830 0.5000000000
27085  -33.594  -42.509  -38.758 0.4000000060
27873  -34.027  -41.779  -38.740 0.5000000000
28650  -34.351  -41.068  -38.866 0.5000000000
127585  -34.094  -40.423  -38.548 0.5000000000
29460  -34.103  -39.619  -38.531 0.5000000000
30331  -33.752  -38.779  -38.386 0.5000000000
41447  -25.033  -26.404  -41.766 0.5000000000
41448  -26.104  -26.390  -41.571 0.5000000000
120332  -25.587  -25.500  -41.536 0.5000000000
120331  -26.508  -25.416  -41.432 0.5000000000
43879  -27.251  -23.413  -42.188 0.6000000238
46726  -32.074  -20.430  -43.097 0.3000000119
45743  -31.516  -21.010  -43.268 0.3000000119
45750  -29.614  -21.176  -44.203 0.4000000060
45740  -29.096  -21.646  -43.708 0.3000000119
45751  -30.351  -21.204  -43.866 0.4000000060
27084  -32.659  -42.426  -38.768 0.5000000000
30330  -32.822  -38.542  -38.306 0.5000000000
46735  -31.568  -20.422  -43.757 0.3000000119
46734  -30.939  -20.883  -43.834 0.3000000119
16049  -36.056  -55.731  -31.782 0.3000000119
16050  -36.200  -55.507  -32.506 0.3000000119
15347  -36.397  -56.266  -33.078 0.4000000060
16787  -36.528  -54.213  -33.364 0.4000000060
16058  -36.457  -55.211  -33.420 0.4000000060
112469  -36.653  -56.053  -33.871 0.4000000060
16800  -36.781  -54.593  -34.075 0.4000000060
16070  -36.778  -55.370  -34.186 0.4000000060
17601  -37.298  -53.990  -34.631 0.4000000060
18410  -37.577  -53.057  -34.944 0.4000000060
17584  -35.970  -54.087  -31.973 0.3000000119
17572  -36.151  -53.225  -32.035 0.3000000119
17585  -36.469  -52.939  -32.725 0.4000000060
111059  -36.316  -53.735  -32.694 0.4000000060
17594  -36.648  -53.372  -33.361 0.4000000060
17600  -36.838  -53.825  -33.910 0.4000000060
19266  -37.501  -52.303  -34.573 0.4000000060
18411  -38.561  -52.199  -35.436 0.4000000060
121593  -38.225  -52.971  -35.495 0.4000000060
20095  -35.837  -50.268  -30.972 0.3000000119
19242  -36.187  -51.820  -31.639 0.3000000119
20096  -36.313  -50.471  -31.792 0.3000000119
18390  -36.616  -52.285  -32.731 0.4000000060
19258  -36.885  -51.667  -33.101 0.4000000060
18396  -36.794  -52.557  -33.323 0.4000000060
18397  -37.166  -52.076  -33.874 0.4000000060
130384  -37.536  -51.669  -34.316 0.4000000060
125196  -37.895  -52.419  -35.125 0.4000000060
20995  -38.671  -49.850  -34.588 0.4000000060
19267  -38.260  -50.960  -34.863 0.4000000060
21895  -39.942  -48.047  -34.604 0.4000000060
21894  -39.415  -48.708  -34.610 0.4000000060
20114  -38.710  -50.496  -34.985 0.4000000060
20078  -35.405  -50.091  -30.130 0.3000000119
19241  -35.683  -51.823  -30.839 0.3000000119
20975  -36.153  -49.651  -31.406 0.3000000119
20985  -36.895  -49.815  -32.758 0.3000000119
20107  -37.052  -50.632  -33.154 0.3000000119
19259  -37.350  -51.277  -33.783 0.4000000060
20108  -37.649  -50.503  -33.877 0.4000000060
21893  -38.652  -49.005  -34.258 0.4000000060
20994  -38.044  -49.745  -34.050 0.4000000060
20113  -38.191  -50.433  -34.453 0.4000000060
22744  -39.525  -47.266  -34.152 0.4000000060
23628  -40.173  -46.665  -34.163 0.4000000060
20958  -35.768  -49.467  -30.637 0.3000000119
21874  -36.131  -48.890  -31.102 0.3000000119
21875  -36.541  -48.378  -31.550 0.3000000119
21878  -36.877  -48.690  -32.240 0.4000000060
21884  -37.135  -49.122  -32.902 0.4000000060
21879  -37.358  -48.335  -32.786 0.4000000060
20986  -37.413  -49.788  -33.421 0.4000000060
24562  -38.758  -45.659  -32.410 0.3000000119
23619  -38.807  -46.740  -33.359 0.4000000060
21885  -37.796  -48.877  -33.578 0.4000000060
24568  -39.138  -46.057  -33.084 0.3000000119
130789  -39.093  -46.978  -33.783 0.4000000060
21886  -38.416  -48.294  -33.829 0.4000000060
23620  -39.535  -46.508  -33.718 0.4000000060
23550  -35.851  -46.973  -27.575 0.3000000119
22699  -35.666  -47.779  -29.080 0.3000000119
23551  -36.137  -46.365  -27.242 0.3000000119
20940  -35.422  -49.277  -29.777 0.3000000119
22714  -35.896  -47.931  -30.023 0.3000000119
22715  -36.321  -47.362  -30.511 0.3000000119
117668  -36.711  -46.166  -30.436 0.3000000119
21863  -36.197  -48.128  -30.822 0.3000000119
23605  -36.823  -46.733  -30.953 0.3000000119
23606  -37.432  -46.344  -31.543 0.3000000119
22728  -37.174  -47.117  -31.784 0.3000000119
24561  -38.061  -45.991  -32.008 0.3000000119
22735  -37.544  -47.507  -32.539 0.3000000119
23612  -38.405  -46.356  -32.709 0.3000000119
23611  -37.753  -46.711  -32.288 0.4000000060
25409  -40.188  -44.579  -32.342 0.3000000119
24569  -40.009  -45.765  -33.373 0.4000000060
25410  -41.354  -44.106  -32.634 0.4000000060
25418  -41.856  -44.562  -33.212 0.4000000060
23567  -36.021  -46.190  -27.962 0.3000000119
23581  -35.835  -46.903  -28.666 0.3000000119
24518  -36.334  -45.299  -28.293 0.3000000119
22700  -36.024  -47.184  -29.684 0.3000000119
110769  -36.457  -46.008  -29.831 0.3000000119
110991  -37.428  -45.254  -30.659 0.3000000119
24542  -36.867  -45.557  -30.249 0.3000000119
25389  -38.472  -44.244  -30.719 0.3000000119
24553  -37.755  -45.636  -31.303 0.3000000119
24552  -37.143  -45.939  -30.872 0.3000000119
26229  -39.357  -43.840  -31.027 0.3000000119
24554  -38.447  -45.314  -31.703 0.3000000119
25401  -39.779  -44.195  -31.706 0.3000000119
26230  -40.322  -43.347  -31.420 0.3000000119
26238  -40.875  -43.666  -32.052 0.3000000119
26239  -41.296  -42.712  -31.863 0.3000000119
25419  -42.707  -44.090  -33.575 0.4000000060
24503  -36.247  -45.661  -27.356 0.3000000119
24478  -36.486  -45.103  -26.811 0.3000000119
110443  -36.229  -46.021  -28.966 0.3000000119
25360  -36.473  -44.528  -27.936 0.3000000119
25320  -37.120  -44.174  -25.868 0.3000000119
116105  -37.815  -42.730  -25.354 0.3000000119
109882  -36.677  -44.544  -28.775 0.3000000119
26192  -36.725  -43.828  -28.178 0.3000000119
26147  -38.124  -43.462  -25.283 0.3000000119
27024  -38.774  -42.667  -29.754 0.3000000119
26210  -37.896  -43.404  -29.603 0.3000000119
25387  -37.094  -44.848  -30.074 0.3000000119
26222  -38.797  -43.395  -30.362 0.3000000119
26221  -38.015  -43.957  -30.204 0.3000000119
27037  -39.477  -42.653  -30.292 0.3000000119
26223  -39.855  -43.025  -30.794 0.3000000119
26240  -42.041  -43.092  -32.573 0.4000000060
27054  -42.245  -42.590  -33.060 0.4000000060
26258  -42.600  -43.328  -34.211 0.5000000000
25340  -36.476  -44.472  -27.173 0.3000000119
25319  -36.705  -44.363  -26.498 0.3000000119
26158  -36.654  -43.731  -27.133 0.3000000119
26980  -37.242  -42.792  -25.974 0.3000000119
26209  -37.122  -43.928  -29.130 0.3000000119
26193  -37.345  -43.172  -28.676 0.3000000119
118305  -38.299  -41.959  -25.252 0.3000000119
117884  -39.184  -41.840  -25.063 0.3000000119
27023  -38.078  -42.568  -29.053 0.3000000119
27756  -39.649  -41.109  -25.216 0.3000000119
112327  -40.509  -41.273  -25.307 0.3000000119
27039  -40.752  -41.405  -31.070 0.3000000119
27038  -40.332  -42.114  -30.715 0.3000000119
28521  -40.954  -39.948  -25.673 0.3000000119
26231  -40.640  -42.599  -31.258 0.3000000119
27046  -41.143  -41.904  -31.574 0.3000000119
27053  -41.770  -42.148  -32.444 0.3000000119
27063  -41.779  -42.147  -33.247 0.4000000060
26247  -41.309  -42.492  -33.921 0.5000000000
128774  -37.172  -42.421  -27.315 0.3000000119
118353  -37.273  -42.196  -26.546 0.3000000119
26966  -37.616  -42.046  -25.755 0.3000000119
27007  -37.520  -42.303  -28.189 0.3000000119
27770  -37.632  -41.357  -26.420 0.3000000119
125884  -38.008  -41.400  -25.649 0.3000000119
27817  -38.843  -41.915  -29.288 0.3000000119
27755  -38.723  -41.063  -25.383 0.3000000119
27833  -39.599  -41.974  -29.957 0.3000000119
28519  -39.383  -40.370  -25.473 0.3000000119
29341  -39.207  -39.745  -25.764 0.3000000119
29342  -39.925  -39.742  -25.619 0.3000000119
32064  -41.687  -36.878  -27.842 0.3000000119
31088  -40.582  -37.997  -26.830 0.3000000119
27839  -40.593  -40.723  -31.061 0.3000000119
27840  -40.977  -41.104  -31.670 0.3000000119
111082  -41.295  -41.493  -32.187 0.3000000119
27856  -41.248  -41.585  -32.838 0.3000000119
28559  -37.926  -41.434  -28.115 0.3000000119
28542  -37.778  -40.970  -27.341 0.3000000119
27818  -39.529  -41.122  -29.587 0.3000000119
27799  -38.711  -41.163  -28.806 0.3000000119
27798  -38.195  -41.882  -28.707 0.3000000119
28560  -38.250  -40.619  -28.050 0.3000000119
28543  -38.087  -40.207  -27.216 0.3000000119
29359  -38.402  -39.465  -26.939 0.3000000119
114777  -38.241  -40.093  -26.414 0.3000000119
27834  -40.268  -41.290  -30.402 0.3000000119
130928  -39.166  -40.724  -29.152 0.3000000119
28580  -38.824  -40.321  -28.745 0.3000000119
131248  -38.739  -38.949  -28.204 0.3000000119
30223  -38.676  -38.856  -27.487 0.3000000119
29346  -38.745  -39.525  -26.219 0.3000000119
28600  -40.054  -40.437  -30.340 0.3000000119
32062  -40.119  -36.951  -27.939 0.3000000119
30224  -39.176  -38.223  -27.326 0.3000000119
32078  -39.876  -36.640  -28.641 0.3000000119
32063  -40.873  -36.828  -27.787 0.3000000119
31087  -39.823  -37.943  -26.964 0.3000000119
32991  -40.991  -35.644  -28.819 0.3000000119
32079  -40.560  -36.335  -28.388 0.3000000119
27848  -40.670  -40.956  -32.454 0.4000000060
32992  -41.794  -35.691  -28.792 0.3000000119
33032  -43.393  -35.128  -30.162 0.3000000119
27855  -40.233  -41.341  -33.123 0.3000000119
27062  -40.762  -41.922  -33.488 0.4000000060
33901  -44.113  -34.802  -31.308 0.3000000119
26256  -40.400  -43.272  -34.491 0.5000000000
25425  -40.940  -43.918  -35.041 0.5000000000
28581  -39.373  -40.126  -29.553 0.3000000119
29391  -39.257  -39.030  -29.764 0.3000000119
30239  -39.001  -38.598  -28.804 0.3000000119
31129  -39.375  -37.201  -29.037 0.3000000119
28613  -40.453  -40.429  -31.789 0.4000000060
32990  -40.259  -35.942  -29.063 0.3000000119
33012  -41.504  -35.172  -29.387 0.3000000119
124394  -39.799  -40.410  -32.398 0.4000000060
27847  -39.783  -40.858  -32.868 0.5000000000
33899  -42.741  -34.614  -30.371 0.4000000060
33908  -42.801  -34.207  -31.128 0.4000000060
27854  -39.021  -41.293  -33.221 0.5000000000
120374  -39.775  -42.651  -34.059 0.6000000238
33900  -43.520  -34.652  -30.836 0.3000000119
130693  -39.333  -43.301  -34.646 0.6000000238
26266  -39.662  -43.793  -35.124 0.6000000238
119211  -39.704  -39.579  -30.431 0.3000000119
30254  -39.353  -38.301  -30.469 0.3000000119
28612  -40.105  -39.871  -31.160 0.3000000119
31148  -39.411  -37.299  -29.985 0.3000000119
32095  -39.709  -36.512  -29.465 0.3000000119
32096  -40.048  -35.847  -29.897 0.4000000060
28625  -39.723  -39.840  -31.887 0.4000000060
33011  -40.723  -35.306  -29.645 0.4000000060
33897  -40.785  -34.980  -30.338 0.4000000060
28624  -38.835  -40.652  -32.855 0.5000000000
33884  -41.339  -34.812  -30.089 0.4000000060
127362  -41.478  -34.360  -31.345 0.4000000060
34719  -42.081  -34.043  -31.594 0.4000000060
27859  -38.332  -41.652  -33.719 0.6000000238
33885  -42.066  -34.769  -29.889 0.4000000060
33898  -41.941  -34.419  -30.699 0.4000000060
34720  -42.848  -33.876  -31.966 0.4000000060
34727  -42.985  -33.795  -32.772 0.4000000060
27068  -38.326  -42.154  -34.201 0.6000000238
33909  -43.616  -34.288  -31.656 0.3000000119
33919  -43.802  -34.033  -33.005 0.4000000060
112427  -38.599  -42.835  -34.608 0.6000000238
27072  -38.118  -42.843  -35.581 0.6000000238
26271  -38.484  -43.420  -36.150 0.6999999881
29409  -39.674  -39.062  -30.952 0.3000000119
30292  -39.275  -38.372  -31.153 0.3000000119
31167  -39.351  -37.360  -30.964 0.3000000119
29424  -39.470  -39.210  -31.440 0.3000000119
29435  -38.847  -39.334  -31.987 0.3000000119
32111  -39.620  -36.520  -30.382 0.3000000119
33039  -39.493  -36.443  -31.248 0.4000000060
112001  -38.818  -40.011  -32.396 0.5000000000
125713  -39.937  -35.827  -30.744 0.4000000060
114832  -40.437  -35.173  -31.057 0.4000000060
112982  -37.934  -39.512  -32.454 0.5000000000
33918  -41.357  -34.192  -32.086 0.4000000060
28623  -37.893  -40.230  -32.890 0.5000000000
27853  -37.920  -40.976  -33.469 0.6000000238
34726  -42.069  -33.832  -32.598 0.4000000060
34734  -43.177  -33.906  -33.466 0.4000000060
27071  -37.812  -42.206  -34.992 0.6000000238
33929  -43.709  -34.079  -33.946 0.4000000060
33943  -43.381  -34.380  -34.843 0.4000000060
27076  -37.582  -42.135  -35.938 0.6999999881
27080  -38.283  -42.905  -37.465 0.6999999881
25441  -38.912  -43.892  -36.716 0.6999999881
30291  -38.738  -38.449  -31.710 0.4000000060
31166  -38.982  -37.708  -31.507 0.4000000060
32123  -38.998  -36.981  -31.713 0.4000000060
32138  -39.214  -36.229  -32.043 0.4000000060
111272  -38.068  -38.863  -32.152 0.4000000060
31180  -38.410  -37.493  -31.984 0.4000000060
117068  -39.817  -35.716  -31.591 0.4000000060
30304  -37.769  -38.140  -32.189 0.4000000060
33040  -40.182  -35.065  -31.981 0.4000000060
116500  -40.848  -34.626  -31.612 0.4000000060
33917  -40.618  -34.586  -32.470 0.4000000060
33927  -41.674  -34.083  -33.494 0.4000000060
29440  -36.683  -39.581  -33.741 0.6000000238
34733  -42.432  -33.905  -33.460 0.4000000060
34744  -42.820  -34.122  -34.196 0.4000000060
28631  -37.049  -40.809  -34.824 0.6000000238
27862  -37.331  -41.468  -35.345 0.6999999881
27866  -37.302  -41.286  -36.317 0.6999999881
123870  -37.618  -41.957  -36.808 0.6999999881
123698  -38.598  -42.992  -38.198 0.6999999881
32137  -38.314  -36.609  -32.377 0.4000000060
30303  -37.234  -38.793  -32.590 0.4000000060
31179  -37.537  -37.306  -32.429 0.4000000060
33050  -39.542  -35.525  -32.379 0.4000000060
29434  -37.192  -39.592  -33.033 0.6000000238
30302  -36.675  -38.391  -32.969 0.5000000000
33916  -39.912  -34.989  -32.805 0.4000000060
29442  -36.389  -39.328  -34.571 0.6999999881
33926  -40.348  -34.644  -33.363 0.4000000060
28634  -36.681  -40.089  -35.158 0.6999999881
109586  -40.889  -34.532  -34.091 0.4000000060
28640  -36.759  -40.042  -36.006 0.6999999881
119338  -42.255  -34.695  -35.132 0.4000000060
128117  -37.493  -41.317  -37.112 0.6999999881
33959  -42.982  -34.890  -35.714 0.4000000060
27079  -37.917  -42.347  -37.322 0.6999999881
33094  -43.192  -35.814  -36.869 0.4000000060
32189  -43.541  -36.572  -37.871 0.4000000060
32135  -36.813  -37.223  -32.890 0.4000000060
32136  -37.339  -36.570  -32.851 0.4000000060
33049  -38.802  -35.844  -32.678 0.4000000060
111438  -36.388  -38.965  -33.850 0.6999999881
121249  -36.427  -37.248  -33.463 0.5000000000
30318  -36.162  -38.534  -35.154 0.6999999881
29445  -36.439  -39.346  -35.578 0.6999999881
33941  -40.023  -34.557  -34.167 0.4000000060
34743  -40.529  -34.635  -34.855 0.4000000060
28644  -37.023  -40.033  -36.781 0.6999999881
33942  -41.251  -34.824  -35.030 0.4000000060
128763  -37.070  -40.561  -36.354 0.6999999881
110465  -41.611  -34.991  -35.647 0.4000000060
33958  -42.125  -35.180  -35.947 0.4000000060
33973  -42.076  -35.258  -36.600 0.4000000060
27868  -37.749  -41.720  -37.616 0.6999999881
33974  -42.687  -35.368  -36.424 0.4000000060
27874  -37.971  -41.417  -38.476 0.6999999881
33102  -43.053  -36.154  -37.523 0.4000000060
33131  -43.660  -36.621  -39.121 0.4000000060
32148  -37.191  -35.918  -33.438 0.4000000060
33048  -37.960  -35.929  -32.966 0.4000000060
33059  -39.174  -35.269  -33.063 0.4000000060
116435  -36.220  -36.896  -34.163 0.6000000238
32147  -36.683  -36.610  -33.409 0.5000000000
33057  -37.824  -35.344  -33.532 0.5000000000
33925  -38.588  -34.894  -33.674 0.4000000060
124742  -33.779  -37.328  -38.637 0.4000000060
32217  -34.438  -37.023  -39.338 0.5000000000
31208  -36.079  -37.704  -34.694 0.6000000238
30322  -36.407  -38.599  -36.110 0.6000000238
30325  -36.809  -38.708  -37.006 0.6000000238
34759  -41.018  -34.765  -35.595 0.4000000060
29454  -37.059  -39.415  -37.269 0.6999999881
33957  -41.563  -35.040  -36.150 0.4000000060
29455  -37.353  -39.433  -38.041 0.6999999881
120853  -37.826  -40.727  -38.671 0.6999999881
33984  -42.130  -35.041  -37.318 0.4000000060
34006  -42.613  -35.498  -37.984 0.4000000060
119925  -43.456  -35.907  -39.273 0.4000000060
33136  -44.325  -35.920  -40.716 0.4000000060
114657  -36.319  -36.172  -34.784 0.6000000238
33056  -36.590  -36.021  -34.042 0.5000000000
33924  -37.764  -34.799  -33.996 0.5000000000
32199  -32.667  -36.376  -38.472 0.3000000119
32200  -33.432  -36.487  -38.565 0.4000000060
125216  -34.038  -36.576  -38.876 0.5000000000
110961  -36.587  -37.881  -36.716 0.6000000238
119133  -36.163  -36.935  -35.099 0.6000000238
33940  -39.110  -34.369  -34.203 0.4000000060
34742  -39.760  -34.276  -34.712 0.5000000000
121177  -37.243  -37.890  -38.508 0.6999999881
30333  -36.965  -38.093  -37.723 0.6000000238
34758  -40.271  -34.192  -35.234 0.4000000060
30343  -37.532  -38.044  -39.224 0.8000000119
30334  -37.351  -38.667  -38.488 0.6999999881
122348  -41.254  -34.292  -36.318 0.4000000060
34766  -41.683  -34.677  -36.822 0.4000000060
112775  -43.048  -35.384  -38.944 0.4000000060
127426  -43.405  -35.210  -39.640 0.4000000060
32167  -36.299  -36.283  -35.663 0.6000000238
33080  -36.423  -35.465  -35.261 0.6000000238
33067  -36.574  -35.527  -34.592 0.5000000000
33068  -37.062  -35.215  -34.104 0.5000000000
112371  -33.161  -35.799  -38.461 0.4000000060
32201  -33.866  -35.912  -38.795 0.4000000060
31226  -36.767  -37.248  -37.352 0.6000000238
117773  -36.435  -36.946  -36.393 0.6000000238
122613  -38.533  -33.904  -34.575 0.5000000000
33128  -34.242  -35.286  -39.383 0.5000000000
31238  -37.372  -37.290  -38.948 0.6999999881
31237  -37.050  -37.324  -38.169 0.6999999881
34741  -39.075  -33.863  -34.694 0.5000000000
33133  -34.743  -35.836  -40.440 0.5000000000
31249  -37.696  -37.324  -39.958 0.6999999881
34757  -39.482  -33.569  -35.024 0.5000000000
115220  -34.943  -35.182  -41.192 0.6999999881
121396  -37.891  -37.022  -40.829 0.6999999881
32227  -37.687  -36.470  -40.318 0.6999999881
35574  -40.126  -33.038  -35.412 0.5000000000
34034  -35.125  -34.674  -42.615 0.6999999881
120382  -35.170  -35.297  -42.167 0.6999999881
31259  -38.030  -37.705  -41.015 0.6999999881
35575  -40.782  -33.689  -35.813 0.4000000060
31265  -38.346  -37.116  -41.684 0.6999999881
30353  -38.440  -38.484  -41.266 0.8000000119
34765  -41.558  -33.596  -37.025 0.4000000060
34772  -41.912  -34.080  -37.548 0.4000000060
34005  -42.674  -34.561  -38.833 0.4000000060
34021  -43.107  -34.528  -39.624 0.4000000060
34026  -43.546  -34.680  -40.300 0.4000000060
33092  -36.387  -35.472  -36.116 0.6000000238
119169  -36.534  -34.614  -35.727 0.6000000238
33956  -36.893  -34.210  -35.182 0.6000000238
33938  -37.360  -34.358  -34.576 0.5000000000
130431  -32.902  -35.200  -38.403 0.4000000060
33115  -33.525  -35.200  -38.677 0.4000000060
33116  -36.865  -35.984  -37.980 0.6999999881
32188  -36.641  -36.457  -37.192 0.6000000238
32179  -36.426  -36.153  -36.471 0.6000000238
34739  -37.319  -33.624  -35.154 0.5000000000
127771  -34.617  -35.033  -40.274 0.6999999881
33129  -37.478  -35.706  -39.762 0.6999999881
121455  -37.245  -35.932  -38.856 0.6999999881
32202  -36.883  -36.740  -37.865 0.6999999881
35560  -38.584  -33.199  -34.906 0.5000000000
34024  -34.695  -34.453  -40.749 0.6999999881
32218  -37.447  -36.554  -39.379 0.6999999881
35573  -39.237  -32.592  -35.261 0.5000000000
34029  -34.998  -34.590  -41.727 0.6999999881
33138  -38.097  -35.884  -41.827 0.6999999881
33134  -37.773  -35.783  -40.811 0.6999999881
35580  -40.663  -32.509  -36.016 0.4000000060
120081  -34.972  -34.094  -42.140 0.6999999881
33139  -38.463  -36.033  -42.712 0.6999999881
32232  -38.438  -36.531  -42.261 0.6999999881
34036  -38.074  -34.543  -43.067 0.6000000238
34037  -38.171  -35.181  -43.617 0.6000000238
35581  -41.232  -33.025  -36.452 0.4000000060
34821  -34.962  -33.308  -43.106 0.6999999881
34040  -38.058  -34.291  -43.911 0.6000000238
33157  -37.984  -34.955  -44.007 0.6000000238
35589  -41.794  -33.151  -37.770 0.4000000060
34795  -42.353  -33.673  -38.748 0.4000000060
34020  -42.718  -33.692  -39.531 0.4000000060
34031  -43.670  -34.156  -41.113 0.4000000060
111466  -36.769  -33.713  -35.707 0.6000000238
34791  -32.500  -33.920  -38.447 0.6000000238
34792  -33.294  -33.773  -38.722 0.6000000238
34017  -33.776  -34.480  -38.961 0.6999999881
34019  -37.343  -34.857  -39.490 0.6000000238
129072  -37.056  -35.403  -38.455 0.6999999881
131381  -36.825  -34.480  -37.974 0.6999999881
120982  -36.492  -34.809  -36.720 0.6000000238
34025  -37.609  -35.031  -40.404 0.6000000238
33117  -37.259  -35.325  -39.033 0.6999999881
34018  -34.322  -34.437  -39.749 0.6999999881
126569  -37.681  -34.418  -40.980 0.6000000238
35572  -38.400  -32.362  -35.344 0.5000000000
34812  -34.699  -33.762  -41.253 0.6999999881
34805  -34.388  -33.713  -40.192 0.6999999881
34818  -37.912  -34.006  -42.460 0.6000000238
34030  -37.938  -34.545  -41.997 0.6000000238
36540  -39.838  -32.100  -35.747 0.4000000060
121654  -35.021  -34.006  -42.894 0.6999999881
34817  -34.857  -33.257  -42.084 0.6999999881
33144  -38.216  -35.325  -42.623 0.6999999881
36557  -40.308  -31.694  -36.397 0.4000000060
34828  -38.016  -33.304  -44.339 0.6000000238
36558  -41.009  -32.065  -36.735 0.4000000060
35588  -41.459  -32.590  -37.243 0.4000000060
34822  -35.158  -33.802  -43.833 0.6999999881
34827  -35.830  -33.428  -44.842 0.6999999881
34832  -36.691  -33.261  -45.189 0.6999999881
34046  -37.382  -34.539  -44.476 0.6000000238
35611  -42.029  -32.941  -38.500 0.4000000060
117208  -42.323  -32.864  -39.281 0.4000000060
35627  -42.649  -32.856  -40.137 0.4000000060
34814  -43.151  -33.701  -40.457 0.4000000060
119578  -43.418  -33.338  -41.429 0.3000000119
110255  -36.546  -33.955  -36.467 0.6000000238
35607  -31.816  -33.383  -38.525 0.5000000000
120300  -37.451  -33.652  -40.613 0.6000000238
34807  -37.194  -33.495  -39.719 0.6000000238
34004  -37.046  -34.732  -38.585 0.6000000238
33983  -36.629  -34.251  -37.366 0.6000000238
34764  -36.678  -33.099  -36.313 0.6000000238
35608  -32.690  -32.999  -38.688 0.6000000238
115923  -33.457  -33.124  -39.075 0.5000000000
126919  -37.419  -34.258  -40.041 0.6000000238
35578  -37.047  -32.332  -36.184 0.5000000000
34755  -37.139  -32.955  -35.634 0.4000000060
34756  -37.799  -32.943  -35.157 0.5000000000
34804  -33.933  -33.711  -39.321 0.6999999881
35571  -37.650  -32.309  -35.655 0.4000000060
36539  -38.985  -31.818  -35.663 0.4000000060
35625  -33.940  -32.876  -39.779 0.8000000119
35640  -37.752  -33.330  -42.364 0.6000000238
36556  -39.498  -31.415  -36.220 0.4000000060
117641  -34.521  -32.935  -41.181 0.6999999881
34823  -37.981  -33.753  -43.370 0.6000000238
35646  -37.930  -32.739  -43.552 0.6000000238
111434  -40.586  -31.228  -37.084 0.4000000060
124601  -41.222  -31.771  -37.540 0.4000000060
35610  -41.648  -32.337  -38.065 0.4000000060
35645  -35.176  -32.727  -44.034 0.6999999881
35649  -35.964  -32.391  -45.410 0.6999999881
120918  -36.537  -32.696  -45.510 0.6999999881
35655  -38.074  -31.838  -45.735 0.6999999881
36589  -41.395  -31.596  -38.393 0.4000000060
36590  -41.868  -32.175  -38.901 0.4000000060
36608  -41.580  -31.407  -39.255 0.4000000060
36625  -42.201  -31.512  -40.704 0.3000000119
35635  -42.920  -32.750  -41.020 0.3000000119
35626  -36.937  -32.710  -39.440 0.6000000238
34806  -36.895  -33.287  -38.837 0.6000000238
118215  -36.640  -32.969  -37.942 0.6000000238
35587  -36.676  -32.484  -37.063 0.5000000000
126804  -31.875  -32.652  -38.748 0.6000000238
35624  -33.193  -32.409  -39.290 0.6000000238
131428  -37.214  -32.538  -40.730 0.6000000238
35633  -36.920  -32.106  -40.161 0.6000000238
36553  -37.133  -31.648  -36.754 0.5000000000
115521  -37.449  -32.998  -41.254 0.6000000238
36554  -37.890  -31.131  -36.421 0.5000000000
35579  -37.574  -31.811  -36.133 0.4000000060
36538  -38.210  -31.739  -35.846 0.4000000060
119719  -34.374  -33.130  -40.571 0.6999999881
35631  -33.542  -32.008  -40.012 0.6999999881
127622  -37.563  -32.625  -42.199 0.6000000238
37564  -39.252  -30.719  -36.592 0.5000000000
35638  -34.429  -32.159  -41.548 0.8000000119
36622  -33.765  -31.713  -40.841 0.8000000119
37565  -39.927  -31.068  -36.660 0.4000000060
35650  -38.154  -32.238  -44.945 0.6000000238
37582  -39.886  -30.471  -37.119 0.4000000060
35644  -34.787  -32.425  -42.710 0.6999999881
39505  -39.717  -28.606  -39.621 0.5000000000
38542  -39.362  -28.941  -38.884 0.5000000000
38543  -40.151  -29.337  -39.307 0.5000000000
112052  -40.345  -30.366  -38.029 0.4000000060
131791  -40.455  -30.764  -37.505 0.4000000060
36637  -34.889  -31.785  -43.434 0.6999999881
36645  -35.390  -31.598  -44.703 0.6999999881
35654  -36.947  -31.909  -46.111 0.6999999881
35661  -37.808  -31.456  -46.189 0.6999999881
39512  -39.930  -28.113  -40.491 0.5000000000
37587  -40.606  -30.111  -38.977 0.4000000060
37588  -41.032  -30.869  -38.685 0.4000000060
38551  -40.455  -28.907  -40.172 0.5000000000
38544  -40.894  -29.769  -39.840 0.4000000060
36624  -41.766  -31.130  -40.085 0.4000000060
39513  -40.655  -28.294  -41.291 0.4000000060
38552  -41.186  -29.345  -40.933 0.4000000060
120476  -41.476  -30.329  -40.394 0.4000000060
35609  -36.718  -32.471  -38.544 0.6000000238
35622  -31.470  -32.032  -39.048 0.5000000000
35639  -37.212  -32.100  -41.334 0.6000000238
36607  -36.617  -31.178  -39.643 0.6000000238
117196  -36.700  -31.642  -38.095 0.5000000000
37578  -37.006  -30.713  -37.817 0.5000000000
109615  -36.795  -31.873  -37.424 0.5000000000
35623  -32.348  -32.191  -39.122 0.6000000238
36606  -32.808  -31.730  -39.695 0.6999999881
36634  -37.512  -31.894  -42.760 0.6000000238
36572  -37.397  -30.878  -37.041 0.5000000000
36620  -32.400  -31.381  -40.227 0.6000000238
36639  -38.071  -31.585  -44.372 0.6000000238
37580  -38.230  -29.972  -37.076 0.5000000000
37562  -37.900  -30.475  -36.836 0.5000000000
38522  -37.868  -29.605  -37.685 0.5000000000
37563  -38.485  -30.535  -36.649 0.5000000000
36632  -33.976  -31.427  -41.578 0.8000000119
123823  -38.259  -31.171  -45.735 0.6000000238
40478  -38.755  -27.816  -39.852 0.5000000000
39503  -37.630  -28.308  -39.464 0.5000000000
39499  -38.575  -28.693  -38.697 0.5000000000
38536  -38.982  -29.208  -38.158 0.5000000000
38523  -38.590  -29.579  -37.559 0.5000000000
38524  -39.437  -29.801  -37.646 0.4000000060
36636  -34.411  -31.416  -42.504 0.8000000119
36653  -38.220  -31.263  -46.112 0.6999999881
39504  -38.276  -28.189  -39.240 0.5000000000
121273  -39.002  -28.314  -39.280 0.5000000000
38537  -39.828  -29.624  -38.487 0.5000000000
36644  -34.809  -30.976  -43.845 0.8000000119
36651  -36.437  -31.262  -46.065 0.6999999881
36652  -37.510  -30.859  -46.510 0.6999999881
40489  -38.541  -27.302  -40.605 0.5000000000
40490  -39.349  -27.409  -40.825 0.4000000060
116882  -36.684  -31.876  -39.100 0.5000000000
36603  -30.109  -31.387  -39.728 0.5000000000
36633  -37.028  -31.189  -41.913 0.6000000238
36623  -36.786  -31.279  -40.687 0.6000000238
36588  -36.652  -31.002  -38.697 0.5000000000
36604  -31.054  -31.470  -39.702 0.5000000000
37592  -36.630  -30.357  -39.194 0.5000000000
37585  -36.861  -30.311  -38.476 0.5000000000
36602  -29.120  -31.270  -39.836 0.5000000000
36605  -31.967  -31.591  -39.641 0.5000000000
36638  -37.508  -30.929  -43.471 0.6000000238
38541  -37.153  -28.955  -39.188 0.5000000000
38534  -37.534  -29.287  -38.392 0.5000000000
37586  -37.271  -29.916  -38.032 0.5000000000
117652  -37.475  -30.101  -44.155 0.6000000238
40477  -38.019  -27.760  -39.904 0.5000000000
39498  -37.839  -28.660  -38.762 0.5000000000
38535  -38.203  -29.135  -38.168 0.5000000000
36631  -33.348  -31.169  -41.299 0.6999999881
129611  -38.261  -30.560  -46.138 0.6000000238
36657  -38.162  -30.789  -46.296 0.6999999881
37613  -33.768  -30.928  -42.189 0.6999999881
41437  -39.086  -26.515  -41.615 0.4000000060
37635  -35.630  -30.554  -45.529 0.6999999881
40511  -39.888  -26.301  -42.412 0.5000000000
37624  -34.230  -30.630  -43.276 0.6999999881
40491  -40.206  -27.299  -41.801 0.4000000060
40525  -41.579  -26.080  -43.751 0.4000000060
41469  -42.143  -26.537  -43.740 0.5000000000
41460  -42.255  -26.475  -42.511 0.5000000000
39560  -42.411  -27.685  -44.008 0.5000000000
37601  -36.574  -30.443  -40.149 0.6000000238
127881  -36.679  -30.573  -41.154 0.6000000238
38540  -36.692  -29.655  -39.633 0.5000000000
38533  -36.951  -29.697  -38.768 0.5000000000
123275  -29.745  -31.138  -40.497 0.5000000000
36618  -30.578  -31.213  -40.753 0.5000000000
36619  -31.625  -31.289  -40.476 0.6999999881
37625  -36.802  -30.176  -42.442 0.6000000238
39511  -37.423  -28.021  -40.265 0.5000000000
36617  -29.175  -30.950  -40.784 0.5000000000
36630  -31.304  -31.239  -41.627 0.6000000238
36646  -38.179  -30.512  -45.391 0.6000000238
127188  -37.116  -28.539  -39.878 0.5000000000
129233  -32.411  -31.081  -41.160 0.6999999881
37636  -37.869  -29.522  -45.659 0.6000000238
41436  -38.250  -26.726  -41.395 0.4000000060
41456  -38.780  -25.850  -42.236 0.5000000000
37642  -37.016  -30.146  -46.705 0.6999999881
37637  -37.915  -30.049  -46.504 0.6999999881
42283  -40.825  -24.952  -43.150 0.4000000060
42267  -41.391  -25.527  -41.261 0.4000000060
38583  -36.055  -29.356  -46.413 0.6999999881
42284  -41.426  -25.225  -43.007 0.4000000060
37634  -34.823  -30.093  -44.691 0.6999999881
41459  -41.752  -25.748  -43.491 0.4000000060
121352  -33.479  -30.347  -43.213 0.6999999881
40527  -42.648  -27.067  -43.481 0.5000000000
40537  -43.129  -27.742  -43.716 0.5000000000
40514  -42.639  -27.147  -42.698 0.5000000000
38550  -36.587  -29.659  -40.848 0.5000000000
39502  -36.765  -29.036  -40.001 0.5000000000
38560  -36.639  -29.118  -42.162 0.6000000238
36628  -29.662  -31.259  -41.663 0.6000000238
38572  -36.989  -29.353  -43.840 0.6000000238
39510  -36.842  -28.608  -40.853 0.5000000000
36629  -30.469  -31.381  -42.007 0.6000000238
38584  -37.315  -28.629  -45.490 0.5000000000
40488  -37.810  -27.445  -40.793 0.5000000000
40510  -37.605  -26.869  -41.938 0.6000000238
37611  -31.928  -30.811  -42.525 0.6999999881
109617  -37.252  -29.363  -46.817 0.6999999881
42282  -40.128  -24.327  -43.008 0.5000000000
43078  -40.304  -24.488  -42.729 0.4000000060
37612  -32.983  -30.658  -42.158 0.6999999881
41457  -39.887  -25.199  -42.935 0.5000000000
42266  -40.911  -24.920  -42.279 0.4000000060
37622  -32.405  -30.254  -43.664 0.6999999881
37623  -33.925  -29.777  -44.341 0.6999999881
41425  -42.079  -25.914  -40.476 0.4000000060
123302  -32.809  -29.511  -44.669 0.6999999881
41438  -41.882  -25.929  -41.991 0.4000000060
41439  -42.511  -26.506  -40.962 0.4000000060
40528  -43.114  -27.703  -42.792 0.5000000000
40492  -42.924  -27.082  -41.376 0.5000000000
39547  -36.779  -28.502  -43.452 0.5000000000
39529  -36.787  -28.261  -42.134 0.5000000000
112478  -29.032  -30.824  -42.756 0.6000000238
124762  -29.948  -30.979  -42.914 0.6000000238
39559  -37.006  -27.712  -44.753 0.5000000000
40487  -37.232  -27.783  -41.298 0.5000000000
37610  -30.861  -31.023  -42.884 0.6999999881
41455  -38.088  -26.158  -42.181 0.5000000000
38593  -37.461  -29.034  -46.581 0.6000000238
113380  -39.774  -23.603  -43.048 0.4000000060
38592  -36.768  -28.524  -46.785 0.8000000119
125436  -39.326  -24.885  -42.973 0.5000000000
42292  -39.383  -23.843  -43.503 0.5000000000
43062  -40.400  -24.642  -41.484 0.4000000060
42252  -40.799  -24.996  -40.486 0.4000000060
39562  -34.960  -27.353  -46.380 0.6000000238
42253  -41.607  -25.357  -39.919 0.4000000060
38582  -34.572  -28.985  -45.467 0.6999999881
38590  -33.824  -27.917  -45.949 0.6000000238
42254  -42.445  -25.443  -39.661 0.4000000060
38581  -33.210  -28.648  -45.401 0.6999999881
40533  -33.892  -27.349  -45.864 0.6000000238
37633  -31.527  -29.309  -45.206 0.6999999881
39558  -32.880  -27.847  -45.597 0.6000000238
41440  -43.325  -26.714  -40.477 0.5000000000
39546  -32.419  -27.814  -44.678 0.6000000238
40522  -33.483  -27.538  -44.364 0.6000000238
40515  -43.370  -27.626  -41.725 0.5000000000
40509  -37.106  -27.484  -42.550 0.6000000238
37609  -28.126  -30.554  -42.456 0.5000000000
40524  -37.402  -26.488  -43.438 0.6000000238
114235  -36.830  -27.904  -43.238 0.6000000238
41468  -37.736  -25.838  -43.093 0.5000000000
42281  -38.405  -25.120  -43.108 0.5000000000
37618  -28.619  -29.861  -43.369 0.6000000238
37619  -29.430  -29.981  -43.795 0.6000000238
40541  -36.974  -26.552  -46.264 0.6000000238
42291  -38.123  -23.939  -44.014 0.5000000000
43088  -39.449  -22.899  -43.820 0.5000000000
43077  -39.982  -24.017  -41.802 0.4000000060
37632  -30.598  -29.185  -45.092 0.6999999881
37631  -29.912  -29.086  -44.698 0.6000000238
39564  -36.933  -27.802  -46.488 0.6999999881
131773  -36.509  -26.810  -46.980 0.6000000238
43061  -39.992  -24.364  -40.249 0.4000000060
43049  -41.198  -24.732  -39.343 0.4000000060
38591  -35.464  -28.244  -46.388 0.6999999881
40540  -35.678  -26.692  -46.814 0.6999999881
41479  -35.230  -25.942  -46.158 0.6999999881
43087  -38.736  -23.067  -44.193 0.5000000000
43050  -41.998  -24.819  -39.177 0.4000000060
40539  -34.802  -26.711  -46.331 0.6000000238
41465  -34.837  -26.216  -44.505 0.6999999881
38571  -31.966  -28.457  -45.618 0.6000000238
38589  -32.564  -28.052  -45.750 0.6000000238
40534  -34.345  -26.836  -45.202 0.6000000238
39557  -31.779  -28.036  -45.541 0.6000000238
40523  -34.241  -27.099  -43.505 0.6000000238
41453  -34.736  -26.485  -42.898 0.6000000238
42255  -43.294  -25.442  -39.732 0.4000000060
116407  -33.705  -27.548  -42.768 0.6000000238
40508  -34.199  -27.226  -42.058 0.6000000238
41427  -43.716  -26.110  -40.057 0.5000000000
40493  -43.754  -27.316  -40.861 0.5000000000
41442  -44.974  -26.683  -40.710 0.5000000000
122234  -37.134  -27.114  -44.165 0.6000000238
41467  -37.373  -25.493  -44.340 0.6000000238
41475  -37.477  -24.747  -44.203 0.5000000000
37617  -28.008  -29.812  -42.953 0.6000000238
40535  -37.163  -25.873  -45.234 0.6000000238
43867  -39.229  -22.459  -43.007 0.5000000000
43852  -39.397  -23.518  -40.968 0.4000000060
37630  -29.235  -29.030  -44.057 0.6000000238
38579  -29.863  -28.719  -44.636 0.6000000238
41481  -36.539  -25.457  -46.259 0.6000000238
42297  -36.210  -24.993  -45.735 0.6000000238
41474  -36.873  -24.957  -45.313 0.5000000000
43086  -36.686  -23.524  -43.435 0.5000000000
43883  -37.369  -22.949  -43.991 0.5000000000
122494  -38.149  -22.656  -44.210 0.5000000000
43048  -40.532  -24.542  -39.501 0.4000000060
127438  -36.091  -25.941  -46.981 0.6999999881
126901  -35.854  -24.984  -44.896 0.5000000000
43094  -37.720  -23.294  -44.210 0.5000000000
115104  -42.218  -24.157  -38.986 0.4000000060
38580  -30.352  -28.578  -45.047 0.6000000238
41454  -35.252  -25.807  -42.558 0.6000000238
39556  -30.822  -28.133  -45.098 0.6000000238
39545  -31.592  -27.981  -44.408 0.6000000238
41435  -35.335  -25.817  -41.309 0.6000000238
43051  -42.857  -24.600  -39.352 0.4000000060
37621  -31.247  -30.292  -44.078 0.6999999881
122290  -32.364  -28.213  -43.042 0.6000000238
39528  -33.076  -27.957  -42.901 0.6000000238
40507  -33.535  -27.679  -41.744 0.6000000238
41441  -44.183  -26.737  -40.402 0.5000000000
42256  -43.997  -25.469  -39.955 0.4000000060
42269  -45.114  -25.342  -40.713 0.5000000000
121064  -45.211  -26.056  -40.785 0.4000000060
43866  -37.882  -22.133  -43.138 0.5000000000
44709  -38.488  -22.254  -42.488 0.5000000000
43851  -38.989  -22.696  -41.812 0.5000000000
39554  -29.406  -28.697  -43.969 0.6000000238
126392  -37.732  -22.401  -43.829 0.5000000000
44725  -38.694  -22.190  -43.418 0.5000000000
43038  -40.026  -24.113  -39.046 0.4000000060
43039  -40.787  -24.146  -38.793 0.4000000060
42290  -36.314  -24.313  -43.706 0.5000000000
43040  -41.569  -24.146  -38.824 0.4000000060
39555  -30.076  -28.405  -44.318 0.6000000238
39544  -30.943  -28.328  -43.516 0.6000000238
122996  -31.829  -28.459  -42.430 0.6000000238
43844  -43.378  -23.776  -39.607 0.4000000060
39527  -32.679  -28.137  -41.715 0.6000000238
41424  -34.767  -26.141  -40.496 0.6000000238
43052  -43.820  -24.649  -39.809 0.4000000060
40486  -34.032  -27.219  -41.015 0.6000000238
123282  -44.433  -24.288  -40.268 0.4000000060
43063  -44.506  -25.032  -40.255 0.4000000060
43064  -45.030  -24.410  -40.730 0.3000000119
42268  -44.556  -25.948  -40.308 0.5000000000
43079  -45.596  -24.874  -41.260 0.3000000119
44698  -38.255  -22.442  -41.243 0.5000000000
43841  -38.661  -22.975  -40.400 0.5000000000
43842  -39.319  -23.617  -39.404 0.5000000000
129454  -39.747  -23.636  -38.692 0.5000000000
43865  -37.433  -22.511  -42.266 0.5000000000
44707  -37.321  -22.677  -41.193 0.6000000238
43825  -40.270  -23.467  -38.350 0.5000000000
43826  -41.149  -23.472  -38.461 0.4000000060
128330  -30.447  -28.531  -42.675 0.6000000238
39508  -31.114  -28.105  -41.175 0.6000000238
42265  -36.244  -24.513  -41.262 0.6000000238
43827  -41.954  -23.410  -38.776 0.4000000060
39526  -31.158  -28.574  -41.932 0.6000000238
39509  -31.827  -28.196  -41.353 0.6000000238
42264  -35.860  -25.148  -41.233 0.6999999881
121573  -43.067  -23.105  -39.509 0.3000000119
40484  -32.359  -27.537  -40.776 0.6000000238
121891  -35.298  -25.499  -40.401 0.6000000238
40485  -33.248  -27.446  -40.891 0.6000000238
43845  -44.051  -23.722  -40.102 0.4000000060
124927  -34.280  -26.641  -40.573 0.6000000238
42250  -34.583  -25.514  -39.953 0.6000000238
43854  -45.206  -23.568  -41.059 0.3000000119
43869  -45.723  -23.600  -41.668 0.3000000119
44697  -37.661  -22.556  -40.689 0.6000000238
44684  -38.032  -22.607  -39.990 0.5000000000
43824  -38.553  -22.918  -39.086 0.5000000000
44665  -39.392  -23.065  -38.344 0.5000000000
125631  -36.973  -23.051  -41.642 0.6000000238
44696  -37.135  -22.856  -40.052 0.6000000238
44666  -40.745  -22.657  -38.066 0.4000000060
44667  -41.461  -22.841  -38.460 0.4000000060
39525  -30.326  -28.347  -41.556 0.6000000238
40482  -30.645  -27.532  -40.915 0.6000000238
43060  -36.480  -23.953  -40.834 0.6000000238
44668  -41.988  -22.531  -38.843 0.3000000119
44685  -42.536  -22.876  -39.185 0.3000000119
40483  -31.476  -27.492  -40.797 0.6000000238
41430  -30.973  -26.725  -40.695 0.6000000238
41431  -31.902  -26.608  -40.526 0.6000000238
42262  -32.616  -25.970  -40.354 0.6000000238
41432  -32.878  -26.776  -40.433 0.6000000238
44687  -43.645  -22.909  -40.021 0.3000000119
42263  -33.389  -26.088  -40.220 0.6000000238
42249  -33.813  -25.341  -39.873 0.6000000238
120375  -44.267  -23.094  -40.423 0.3000000119
44701  -44.777  -22.904  -40.839 0.3000000119
44711  -45.410  -22.768  -41.461 0.3000000119
44683  -37.462  -22.641  -39.549 0.6000000238
111234  -37.886  -22.459  -38.872 0.6000000238
44664  -38.587  -22.413  -38.216 0.5000000000
44648  -39.356  -22.302  -37.812 0.4000000060
43840  -36.456  -23.274  -39.373 0.6000000238
45679  -40.749  -21.814  -37.951 0.4000000060
118033  -41.443  -22.006  -38.427 0.4000000060
45680  -42.071  -21.771  -39.071 0.3000000119
43822  -35.619  -23.744  -38.906 0.6000000238
123365  -42.452  -22.214  -39.274 0.3000000119
42261  -31.868  -25.596  -40.602 0.6000000238
43037  -34.830  -24.021  -38.814 0.6000000238
45694  -43.152  -21.528  -40.098 0.3000000119
44699  -43.538  -22.109  -40.211 0.3000000119
43058  -33.144  -24.765  -40.125 0.6000000238
43044  -33.715  -24.402  -39.618 0.6000000238
45711  -44.355  -21.548  -41.002 0.3000000119
120032  -45.331  -21.981  -41.598 0.3000000119
44663  -37.187  -22.257  -38.645 0.6000000238
45678  -37.794  -21.839  -38.101 0.5000000000
44647  -38.699  -21.786  -37.742 0.5000000000
45666  -39.334  -21.698  -37.612 0.4000000060
44649  -40.036  -21.981  -37.663 0.4000000060
44682  -36.813  -22.737  -39.035 0.6000000238
120379  -40.312  -21.166  -37.791 0.4000000060
120740  -41.090  -21.057  -38.369 0.4000000060
44662  -36.409  -22.301  -38.347 0.6000000238
121252  -41.688  -21.266  -38.888 0.4000000060
46679  -42.172  -21.049  -39.404 0.3000000119
42260  -31.258  -25.984  -40.742 0.6000000238
110374  -35.103  -23.312  -38.334 0.6000000238
46686  -42.230  -20.338  -39.792 0.3000000119
42278  -31.139  -25.149  -41.086 0.6000000238
46700  -43.293  -20.735  -40.529 0.3000000119
43839  -34.192  -24.012  -39.145 0.6000000238
110732  -32.525  -25.145  -40.435 0.6000000238
43837  -33.089  -23.946  -40.056 0.6000000238
45677  -36.859  -21.720  -38.141 0.6000000238
116526  -38.139  -21.198  -37.609 0.4000000060
45665  -38.907  -21.165  -37.473 0.4000000060
121051  -39.597  -21.176  -37.567 0.4000000060
45676  -36.129  -21.851  -37.965 0.5000000000
46678  -41.616  -20.479  -39.137 0.4000000060
44661  -35.499  -22.405  -38.046 0.5000000000
47764  -42.364  -19.579  -40.315 0.3000000119
129334  -31.353  -24.354  -41.238 0.6000000238
43821  -34.260  -23.321  -38.673 0.5000000000
43056  -31.889  -24.735  -40.823 0.6000000238
43057  -32.525  -24.332  -40.501 0.6000000238
43838  -33.577  -23.507  -39.374 0.6000000238
131316  -32.543  -23.641  -40.451 0.6000000238
121073  -32.871  -23.145  -39.971 0.6000000238
126711  -32.260  -23.029  -40.629 0.5000000000
47740  -37.324  -19.934  -37.131 0.4000000060
120990  -38.023  -20.025  -37.138 0.3000000119
46667  -38.435  -20.543  -37.353 0.4000000060
46669  -39.852  -20.433  -37.668 0.4000000060
45663  -36.446  -21.264  -37.752 0.5000000000
47752  -40.093  -19.680  -37.928 0.3000000119
47753  -40.689  -19.681  -38.523 0.3000000119
127280  -41.060  -20.259  -38.645 0.3000000119
44646  -34.859  -21.995  -37.898 0.5000000000
48789  -40.840  -19.147  -38.964 0.3000000119
126136  -34.281  -22.016  -38.095 0.5000000000
47759  -41.759  -19.704  -39.680 0.3000000119
44659  -33.832  -22.460  -38.581 0.5000000000
47777  -42.789  -19.055  -41.033 0.3000000119
44681  -33.282  -22.678  -39.313 0.5000000000
47741  -37.927  -19.197  -37.084 0.3000000119
47742  -38.645  -19.809  -37.289 0.3000000119
48768  -38.919  -18.886  -37.447 0.3000000119
47738  -35.587  -19.915  -37.330 0.3000000119
46665  -36.876  -20.608  -37.459 0.4000000060
48769  -39.663  -19.089  -37.805 0.3000000119
48788  -40.253  -18.884  -38.402 0.3000000119
45661  -34.516  -21.279  -37.878 0.4000000060
48800  -41.261  -18.963  -39.602 0.3000000119
48801  -41.796  -19.078  -40.120 0.3000000119
45675  -33.756  -21.579  -38.358 0.5000000000
48807  -42.127  -18.652  -40.700 0.3000000119
45692  -33.205  -21.851  -39.039 0.5000000000
48814  -42.481  -18.240  -41.428 0.3000000119
44680  -32.617  -22.085  -40.097 0.4000000060
45691  -32.802  -21.109  -39.394 0.5000000000
48766  -37.309  -18.322  -37.112 0.3000000119
48767  -38.183  -18.222  -37.351 0.3000000119
118433  -35.959  -19.172  -37.030 0.3000000119
47739  -36.453  -19.920  -37.202 0.3000000119
48787  -39.573  -18.344  -38.003 0.3000000119
122125  -35.159  -19.227  -37.313 0.3000000119
49732  -40.069  -17.948  -38.736 0.3000000119
48799  -40.646  -18.439  -39.201 0.3000000119
117691  -34.160  -19.826  -37.871 0.3000000119
129177  -34.576  -19.308  -37.652 0.3000000119
49753  -40.982  -18.175  -39.843 0.3000000119
48806  -41.493  -18.355  -40.296 0.3000000119
47750  -33.536  -19.732  -38.459 0.3000000119
121047  -33.254  -21.124  -38.737 0.4000000060
49763  -41.037  -17.612  -40.424 0.3000000119
48813  -41.715  -17.741  -41.089 0.3000000119
46685  -33.084  -20.419  -38.877 0.4000000060
49769  -42.149  -17.513  -41.919 0.3000000119
122557  -32.461  -20.926  -40.280 0.4000000060
49770  -42.865  -17.912  -42.135 0.3000000119
48765  -36.337  -18.344  -36.993 0.3000000119
49704  -38.292  -17.537  -37.706 0.3000000119
49705  -38.878  -17.911  -37.754 0.3000000119
49731  -39.396  -17.545  -38.383 0.3000000119
48764  -35.443  -18.445  -37.200 0.3000000119
128734  -39.236  -16.917  -38.735 0.3000000119
49751  -39.790  -17.154  -39.104 0.3000000119
50815  -40.054  -16.658  -39.902 0.3000000119
47751  -34.065  -18.978  -38.106 0.3000000119
48763  -34.730  -18.638  -37.619 0.3000000119
49752  -40.461  -17.556  -39.660 0.3000000119
50834  -41.025  -16.930  -41.159 0.3000000119
47757  -33.049  -19.623  -39.181 0.4000000060
50845  -41.345  -16.504  -41.935 0.3000000119
109867  -41.574  -17.123  -41.742 0.3000000119
50846  -41.889  -16.859  -42.317 0.3000000119
50855  -42.349  -16.384  -42.925 0.3000000119
49779  -42.562  -17.203  -42.576 0.3000000119
50862  -43.590  -16.607  -43.538 0.3000000119
50768  -37.218  -16.819  -37.749 0.3000000119
50769  -37.992  -16.949  -37.928 0.3000000119
49730  -38.700  -17.114  -38.223 0.3000000119
50767  -36.205  -16.703  -37.716 0.3000000119
50791  -38.804  -16.451  -38.765 0.3000000119
50814  -39.411  -16.423  -39.317 0.3000000119
48786  -34.358  -18.145  -38.122 0.3000000119
49700  -34.951  -17.826  -37.624 0.3000000119
127779  -39.690  -16.195  -39.810 0.3000000119
49762  -40.578  -17.027  -40.410 0.3000000119
128111  -33.894  -18.386  -38.570 0.3000000119
51866  -40.230  -15.515  -40.877 0.3000000119
50833  -40.420  -16.373  -40.711 0.3000000119
50844  -40.793  -16.066  -41.463 0.3000000119
48797  -32.761  -19.572  -39.846 0.4000000060
51879  -41.252  -15.674  -42.223 0.3000000119
46698  -32.514  -20.016  -40.427 0.4000000060
46713  -32.374  -20.575  -41.221 0.4000000060
50856  -43.073  -16.879  -43.140 0.3000000119
115676  -43.163  -15.603  -43.863 0.3000000119
50789  -37.687  -16.312  -38.275 0.3000000119
50790  -38.291  -16.532  -38.395 0.3000000119
50788  -36.902  -16.124  -38.145 0.3000000119
51817  -38.892  -15.953  -39.201 0.3000000119
50766  -35.219  -16.997  -37.823 0.3000000119
51839  -39.914  -15.981  -40.237 0.3000000119
49750  -34.290  -17.157  -38.875 0.3000000119
51878  -40.663  -15.242  -41.629 0.3000000119
118197  -41.470  -15.029  -42.832 0.3000000119
51892  -41.838  -15.699  -42.898 0.3000000119
51902  -42.483  -15.546  -43.472 0.3000000119
46727  -32.385  -20.262  -42.204 0.3000000119
50861  -43.064  -16.178  -43.494 0.3000000119
51910  -43.541  -15.312  -44.397 0.3000000119
51814  -36.603  -15.430  -38.457 0.3000000119
51815  -37.407  -15.605  -38.594 0.3000000119
51816  -38.241  -15.877  -38.805 0.3000000119
52893  -39.175  -14.929  -39.947 0.3000000119
51838  -39.362  -15.731  -39.730 0.3000000119
51812  -35.079  -15.853  -38.582 0.3000000119
50787  -35.508  -16.235  -38.176 0.3000000119
52916  -39.727  -14.695  -40.619 0.3000000119
52917  -40.241  -14.823  -41.193 0.3000000119
52933  -39.987  -14.175  -41.186 0.3000000119
52946  -40.662  -14.032  -42.282 0.3000000119
52947  -40.967  -14.792  -42.247 0.3000000119
51901  -41.918  -15.138  -43.302 0.3000000119
52960  -42.229  -14.780  -43.779 0.3000000119
52968  -41.881  -14.120  -44.052 0.3000000119
51909  -42.874  -15.020  -44.078 0.3000000119
52969  -42.519  -14.369  -44.401 0.3000000119
52970  -43.219  -14.638  -44.715 0.3000000119
52971  -43.920  -14.959  -45.052 0.3000000119
52879  -36.275  -14.748  -38.751 0.3000000119
52880  -37.058  -14.878  -38.839 0.3000000119
52881  -37.862  -15.073  -39.099 0.3000000119
52892  -38.331  -14.425  -39.679 0.3000000119
52877  -34.991  -15.219  -38.894 0.3000000119
51813  -35.725  -15.403  -38.484 0.3000000119
127701  -37.047  -13.739  -39.420 0.3000000119
53959  -37.651  -13.669  -39.742 0.3000000119
53979  -38.351  -13.566  -40.193 0.3000000119
121488  -39.506  -13.956  -40.768 0.3000000119
114468  -34.620  -15.932  -39.133 0.3000000119
52934  -40.455  -14.474  -41.714 0.3000000119
112521  -34.288  -16.067  -39.958 0.3000000119
54016  -41.184  -14.259  -42.843 0.3000000119
128001  -41.664  -14.516  -43.407 0.3000000119
54051  -42.088  -13.733  -44.741 0.3000000119
54052  -42.832  -13.960  -45.072 0.3000000119
53958  -36.440  -13.575  -39.411 0.3000000119
53956  -35.031  -13.870  -39.754 0.3000000119
53957  -35.706  -13.572  -39.484 0.3000000119
52888  -34.972  -14.569  -39.372 0.3000000119
52889  -35.464  -14.151  -39.324 0.3000000119
53949  -36.032  -14.135  -39.132 0.3000000119
51864  -34.358  -15.417  -40.531 0.3000000119
52914  -34.594  -14.531  -40.126 0.3000000119
42299  -37.119  -24.188  -44.441 0.5000000000
41466  -35.305  -25.612  -44.000 0.6999999881
43093  -36.983  -23.746  -44.257 0.5000000000
14570  -35.973  -57.321  -30.920 0.3000000119
15329  -35.995  -56.390  -31.268 0.3000000119
14581  -36.280  -57.179  -31.686 0.3000000119
16071  -37.148  -56.065  -34.652 0.4000000060
16081  -37.697  -55.610  -35.324 0.4000000060
16809  -37.729  -54.668  -35.337 0.4000000060
17606  -37.899  -53.769  -35.435 0.4000000060
17607  -38.660  -53.627  -35.998 0.4000000060
20121  -39.429  -50.601  -35.365 0.4000000060
18416  -39.071  -52.827  -35.968 0.4000000060
20996  -39.314  -49.402  -34.835 0.4000000060
24571  -42.533  -44.877  -33.788 0.4000000060
24479  -36.937  -45.119  -26.090 0.3000000119
25310  -38.437  -44.176  -25.485 0.3000000119
128542  -38.887  -43.649  -25.259 0.3000000119
25420  -43.112  -44.408  -34.133 0.5000000000
27757  -41.341  -41.422  -25.487 0.3000000119
127856  -40.979  -40.748  -25.472 0.3000000119
25437  -42.896  -44.274  -35.150 0.5000000000
25426  -42.305  -43.721  -34.796 0.5000000000
33051  -44.937  -35.165  -32.323 0.3000000119
33910  -44.334  -34.697  -31.970 0.3000000119
33931  -45.198  -35.021  -33.217 0.3000000119
25434  -39.143  -43.961  -35.866 0.6000000238
33930  -44.480  -34.404  -33.590 0.4000000060
25442  -39.586  -44.419  -36.443 0.6000000238
33944  -44.330  -34.367  -34.531 0.4000000060
33081  -44.657  -34.927  -35.989 0.4000000060
33975  -43.591  -35.147  -36.249 0.4000000060
33103  -43.711  -36.228  -37.331 0.4000000060
32190  -44.239  -36.704  -37.800 0.4000000060
120048  -33.507  -38.093  -38.411 0.4000000060
30332  -34.167  -38.210  -38.740 0.5000000000
30342  -34.657  -38.491  -39.540 0.5000000000
27875  -38.557  -41.816  -39.204 0.6999999881
119917  -44.523  -37.420  -40.090 0.4000000060
27882  -38.267  -41.013  -39.362 0.6999999881
125434  -44.571  -36.699  -40.572 0.4000000060
110909  -34.414  -36.215  -39.436 0.5000000000
32226  -34.769  -36.765  -40.224 0.5000000000
33137  -35.083  -35.929  -41.608 0.6000000238
128907  -34.905  -36.546  -41.119 0.6000000238
33143  -35.210  -36.037  -42.530 0.8000000119
128518  -37.905  -39.508  -39.623 0.8000000119
28658  -37.942  -40.198  -39.320 0.6999999881
28659  -38.531  -40.556  -40.088 0.6999999881
32233  -44.784  -36.452  -41.368 0.4000000060
29470  -38.167  -39.072  -40.369 0.8000000119
121855  -35.251  -35.373  -43.127 0.8000000119
31260  -38.743  -37.821  -42.076 0.8000000119
33140  -44.460  -35.475  -41.693 0.4000000060
34035  -35.247  -34.550  -43.478 0.6999999881
32238  -38.647  -36.532  -43.210 0.8000000119
119058  -35.530  -34.255  -44.256 0.6999999881
34045  -36.418  -34.203  -44.649 0.6999999881
32249  -38.270  -36.191  -43.827 0.8000000119
33156  -37.629  -35.399  -44.166 0.6000000238
112011  -43.721  -33.146  -42.328 0.3000000119
37603  -42.213  -30.982  -41.442 0.4000000060
35641  -42.662  -31.828  -41.529 0.4000000060
35642  -43.232  -32.524  -41.970 0.3000000119
39514  -41.271  -28.496  -42.116 0.4000000060
38561  -41.585  -29.305  -41.875 0.4000000060
37614  -41.794  -30.148  -41.369 0.4000000060
37602  -41.881  -30.851  -40.777 0.4000000060
39530  -40.931  -27.422  -42.787 0.4000000060
38573  -41.721  -28.683  -42.910 0.4000000060
39548  -41.897  -28.133  -43.959 0.5000000000
40512  -40.900  -26.129  -43.605 0.5000000000
41458  -41.279  -25.482  -43.606 0.4000000060
40526  -41.966  -26.951  -43.883 0.5000000000
39549  -42.620  -28.238  -44.433 0.4000000060
39561  -42.787  -27.996  -44.313 0.5000000000
116034  -40.792  -25.353  -43.452 0.5000000000
39550  -43.435  -28.181  -43.034 0.5000000000
40516  -44.166  -27.892  -41.296 0.5000000000
40494  -44.612  -27.362  -40.852 0.5000000000
117391  -27.355  -30.458  -41.903 0.5000000000
42285  -45.685  -25.731  -41.272 0.4000000060
38569  -27.467  -29.377  -42.708 0.6000000238
38570  -28.321  -29.118  -43.238 0.6000000238
131424  -28.851  -28.820  -43.550 0.6000000238
43080  -45.997  -24.398  -41.866 0.3000000119
39541  -28.238  -28.705  -42.860 0.6000000238
39542  -28.857  -28.532  -43.015 0.6000000238
39543  -29.654  -28.511  -42.831 0.6000000238
43870  -46.383  -23.745  -42.341 0.3000000119
39524  -29.339  -28.306  -41.750 0.6000000238
40506  -29.805  -27.596  -41.116 0.6000000238
42277  -30.514  -25.863  -40.980 0.6000000238
131378  -30.505  -25.138  -41.221 0.6000000238
117172  -31.941  -23.839  -40.969 0.6000000238
43074  -30.530  -24.372  -41.466 0.6000000238
43849  -31.711  -23.127  -41.216 0.5000000000
45722  -32.217  -21.476  -41.116 0.4000000060
45731  -32.145  -21.025  -41.859 0.4000000060
54050  -41.562  -13.533  -44.311 0.3000000119
54063  -41.564  -13.096  -44.933 0.3000000119
54064  -42.325  -13.231  -45.550 0.3000000119
55040  -42.959  -13.026  -46.186 0.3000000119
118884  -43.568  -14.300  -45.399 0.3000000119
51877  -34.271  -15.679  -41.400 0.3000000119
32204  -43.897  -37.033  -38.501 0.4000000060
16801  -37.176  -55.032  -34.721 0.4000000060
18380  -35.995  -52.601  -31.441 0.3000000119
19251  -36.525  -51.760  -32.335 0.3000000119
20979  -36.515  -49.767  -32.110 0.3000000119
20101  -36.645  -51.015  -32.452 0.3000000119
23621  -40.355  -46.140  -33.887 0.4000000060
21842  -35.427  -48.375  -28.653 0.3000000119
23618  -38.149  -47.102  -33.028 0.4000000060
26249  -42.560  -43.281  -33.466 0.4000000060
28520  -40.232  -40.504  -25.399 0.3000000119
28518  -38.681  -40.212  -25.770 0.3000000119
30210  -39.436  -38.476  -26.652 0.3000000119
32080  -41.345  -36.260  -28.290 0.3000000119
33013  -42.295  -35.305  -29.350 0.3000000119
29372  -38.486  -39.673  -27.934 0.3000000119
29390  -38.940  -39.465  -28.850 0.3000000119
121420  -38.895  -38.299  -28.025 0.3000000119
31117  -39.529  -37.292  -28.265 0.3000000119
33041  -44.639  -35.319  -31.564 0.3000000119
130790  -39.480  -38.988  -30.514 0.3000000119
30253  -39.197  -38.041  -29.451 0.3000000119
126302  -37.250  -40.767  -34.109 0.6000000238
33920  -44.488  -34.555  -32.728 0.4000000060
27077  -38.010  -42.729  -36.595 0.6999999881
33960  -44.042  -34.572  -35.454 0.4000000060
27086  -38.202  -42.283  -38.167 0.6999999881
31178  -36.966  -37.939  -32.596 0.4000000060
33928  -41.846  -34.324  -34.264 0.4000000060
30315  -36.189  -38.451  -34.269 0.6000000238
29450  -36.703  -39.371  -36.466 0.6999999881
28645  -37.323  -40.088  -37.556 0.6999999881
112193  -39.540  -34.824  -33.566 0.4000000060
115357  -36.229  -37.654  -35.689 0.6000000238
33093  -42.561  -35.637  -37.064 0.4000000060
121676  -37.587  -40.869  -37.832 0.6999999881
33118  -43.247  -36.279  -38.403 0.4000000060
110980  -44.064  -36.554  -39.885 0.4000000060
121920  -33.004  -36.969  -38.435 0.3000000119
130232  -36.261  -36.951  -35.694 0.6000000238
28651  -37.585  -40.127  -38.377 0.6999999881
29461  -37.602  -39.471  -38.863 0.6999999881
32203  -37.158  -36.638  -38.537 0.6999999881
128309  -37.697  -38.845  -39.427 0.6999999881
32231  -37.986  -36.470  -41.263 0.6999999881
118827  -42.061  -33.636  -38.163 0.4000000060
34003  -36.766  -35.039  -37.746 0.6999999881
31266  -38.828  -37.226  -42.997 0.6999999881
33150  -38.169  -35.655  -43.786 0.6999999881
33145  -38.412  -35.992  -43.522 0.6999999881
124900  -38.090  -35.673  -43.905 0.8000000119
34047  -37.809  -33.809  -44.370 0.6000000238
34032  -44.119  -34.507  -41.752 0.4000000060
34819  -43.845  -33.783  -41.821 0.3000000119
34793  -36.818  -33.897  -38.158 0.6000000238
34771  -36.567  -33.420  -37.196 0.6999999881
34813  -37.707  -33.813  -41.563 0.6000000238
34833  -37.379  -32.458  -45.649 0.6999999881
122284  -37.337  -33.491  -44.958 0.6999999881
34834  -37.969  -32.834  -45.128 0.6999999881
36573  -40.880  -31.081  -37.866 0.3000000119
36609  -42.182  -31.991  -39.840 0.3000000119
124565  -42.523  -32.192  -40.640 0.3000000119
36621  -33.083  -31.431  -40.443 0.6999999881
37581  -39.000  -30.004  -36.939 0.4000000060
125538  -39.335  -28.048  -39.916 0.5000000000
37593  -41.245  -30.613  -39.533 0.4000000060
37579  -37.597  -30.195  -37.347 0.5000000000
122775  -42.302  -27.180  -43.830 0.5000000000
36616  -28.446  -30.911  -40.550 0.5000000000
37600  -28.709  -31.009  -41.648 0.5000000000
41426  -42.856  -26.120  -40.083 0.4000000060
37620  -30.280  -30.181  -44.059 0.6999999881
39563  -36.181  -27.470  -46.707 0.6999999881
37608  -27.589  -30.119  -42.501 0.5000000000
43095  -38.879  -22.587  -44.125 0.5000000000
43868  -39.604  -23.095  -42.414 0.4000000060
129922  -35.416  -26.263  -46.715 0.6999999881
41473  -35.572  -25.378  -45.417 0.6999999881
41480  -35.933  -25.333  -46.384 0.6999999881
119126  -31.085  -28.472  -45.393 0.6000000238
41434  -34.689  -26.579  -41.426 0.6000000238
42298  -36.474  -24.645  -44.745 0.5000000000
122177  -37.090  -22.651  -43.074 0.5000000000
43843  -42.672  -23.668  -39.195 0.4000000060
42279  -35.772  -25.112  -42.451 0.6999999881
44708  -37.796  -22.352  -41.897 0.6000000238
42280  -36.226  -24.432  -42.343 0.6999999881
43076  -36.604  -23.729  -42.075 0.6000000238
42289  -35.768  -24.970  -43.835 0.6000000238
123281  -45.505  -24.155  -41.301 0.3000000119
43813  -39.992  -22.732  -37.881 0.4000000060
43059  -35.830  -24.744  -40.284 0.6000000238
44686  -43.016  -22.322  -39.688 0.3000000119
43047  -36.146  -23.983  -39.767 0.6000000238
43046  -35.336  -24.449  -39.381 0.6000000238
41423  -34.076  -26.139  -40.126 0.6000000238
43045  -34.510  -24.712  -39.452 0.6000000238
43853  -44.647  -23.653  -40.556 0.3000000119
44712  -45.998  -23.032  -42.041 0.3000000119
43850  -36.774  -23.212  -40.444 0.6000000238
127877  -33.123  -25.475  -40.206 0.6000000238
44700  -44.167  -22.309  -40.594 0.3000000119
43823  -35.991  -23.010  -38.550 0.6000000238
45693  -42.606  -21.618  -39.586 0.3000000119
45710  -43.744  -21.513  -40.573 0.3000000119
46677  -40.541  -20.380  -38.116 0.4000000060
44660  -34.609  -22.634  -38.158 0.5000000000
46666  -37.687  -20.596  -37.386 0.4000000060
45664  -37.302  -21.212  -37.732 0.4000000060
46668  -39.146  -20.478  -37.440 0.4000000060
47758  -41.233  -19.709  -39.094 0.3000000119
45662  -35.512  -21.467  -37.761 0.5000000000
46664  -36.011  -20.644  -37.524 0.4000000060
46663  -35.144  -20.629  -37.585 0.4000000060
46676  -34.467  -20.467  -37.762 0.3000000119
46675  -33.763  -20.639  -38.208 0.3000000119
49780  -43.326  -17.551  -42.726 0.3000000119
49703  -37.641  -17.541  -37.473 0.3000000119
48785  -33.497  -18.946  -38.833 0.3000000119
46684  -32.688  -20.275  -39.622 0.4000000060
49701  -35.767  -17.586  -37.299 0.3000000119
50854  -41.708  -16.246  -42.480 0.3000000119
51903  -43.799  -16.042  -43.998 0.3000000119
51837  -38.650  -15.328  -39.400 0.3000000119
50786  -34.729  -16.575  -38.542 0.3000000119
52891  -37.445  -14.332  -39.300 0.3000000119
52915  -39.035  -14.153  -40.288 0.3000000119
54015  -40.801  -13.554  -42.844 0.3000000119
54034  -41.286  -13.718  -43.572 0.3000000119
54065  -43.217  -13.627  -45.775 0.3000000119
52977  -43.979  -13.961  -46.085 0.3000000119
53978  -37.732  -13.060  -40.146 0.3000000119
50832  -34.124  -16.314  -40.915 0.3000000119
129319  -34.106  -16.215  -41.535 0.3000000119
52932  -34.411  -14.691  -41.220 0.3000000119
119430  -39.023  -38.060  -43.090 0.8000000119
32248  -37.905  -36.077  -44.066 0.8000000119
38574  -42.177  -28.845  -43.791 0.4000000060
43075  -31.237  -23.662  -41.482 0.5000000000
39531  -41.525  -27.669  -43.350 0.4000000060
36648  -45.397  -31.239  -44.743 0.3000000119
38588  -44.533  -29.892  -44.162 0.4000000060
37627  -45.816  -30.524  -43.297 0.3000000119
38586  -43.153  -28.505  -45.203 0.4000000060
38563  -44.037  -28.609  -42.741 0.4000000060
39551  -43.364  -28.416  -44.173 0.4000000060
38564  -44.892  -29.137  -42.378 0.4000000060
38576  -45.337  -29.821  -42.904 0.3000000119
38575  -44.238  -29.163  -43.550 0.4000000060
39515  -45.056  -28.086  -41.300 0.3000000119
39533  -44.534  -28.490  -41.827 0.4000000060
40518  -46.584  -27.553  -42.079 0.3000000119
117256  -46.101  -28.318  -41.812 0.3000000119
41470  -47.303  -27.194  -42.763 0.3000000119
41462  -46.425  -26.367  -41.894 0.3000000119
41461  -45.690  -26.587  -41.284 0.3000000119
39539  -26.989  -28.738  -42.500 0.5000000000
40502  -26.262  -27.405  -41.852 0.5000000000
40521  -27.172  -28.391  -42.366 0.5000000000
40503  -27.016  -27.795  -41.953 0.5000000000
39523  -28.564  -28.285  -41.947 0.5000000000
43089  -46.926  -24.796  -42.701 0.3000000119
42286  -46.265  -25.334  -41.887 0.3000000119
127864  -28.306  -27.695  -41.578 0.5000000000
41451  -29.366  -26.821  -41.052 0.5000000000
120330  -27.287  -25.318  -41.401 0.5000000000
42275  -28.045  -25.767  -41.342 0.5000000000
120329  -28.827  -24.997  -41.379 0.4000000060
43072  -27.890  -24.794  -41.468 0.5000000000
118302  -29.824  -25.232  -41.275 0.5000000000
43073  -29.509  -24.351  -41.584 0.5000000000
43861  -27.547  -24.059  -41.703 0.4000000060
43862  -28.554  -24.116  -41.694 0.4000000060
128074  -29.292  -23.755  -41.906 0.4000000060
43881  -29.567  -23.248  -42.316 0.5000000000
43880  -28.769  -23.405  -42.215 0.4000000060
43864  -30.661  -23.488  -41.823 0.4000000060
113114  -29.787  -22.712  -42.660 0.5000000000
43863  -30.002  -23.694  -41.908 0.4000000060
44723  -29.055  -22.777  -42.671 0.3000000119
43882  -30.357  -22.982  -42.312 0.4000000060
44705  -31.227  -22.768  -41.910 0.4000000060
44738  -29.497  -22.212  -43.098 0.3000000119
44739  -30.346  -22.242  -42.840 0.3000000119
130202  -30.760  -22.524  -42.413 0.3000000119
44706  -31.769  -21.757  -42.022 0.3000000119
45741  -29.999  -21.703  -43.511 0.3000000119
45742  -30.839  -21.538  -43.267 0.3000000119
132258  -31.452  -21.490  -42.778 0.3000000119
45730  -31.924  -21.011  -42.570 0.3000000119
127224  -25.577  -27.096  -41.838 0.5000000000
35659  -46.390  -32.684  -45.414 0.3000000119
38587  -43.884  -28.832  -45.223 0.4000000060
43071  -26.992  -24.664  -41.491 0.5000000000
123809  -28.017  -23.575  -42.061 0.5000000000
40513  -41.377  -26.709  -43.694 0.4000000060
41452  -30.162  -26.774  -40.857 0.5000000000
38585  -42.773  -28.915  -44.825 0.4000000060
39532  -43.744  -28.177  -42.069 0.4000000060
39540  -27.618  -28.773  -42.697 0.5000000000
39522  -27.764  -28.204  -42.111 0.5000000000
126903  -29.782  -26.112  -41.066 0.5000000000
44695  -31.975  -22.382  -41.161 0.3000000119
36656  -45.855  -31.956  -45.008 0.3000000119
126520  -44.534  -30.566  -45.440 0.4000000060
37640  -44.980  -30.584  -44.619 0.3000000119
37639  -44.201  -29.650  -45.744 0.4000000060
37643  -43.182  -29.017  -45.685 0.4000000060
39534  -45.508  -28.840  -41.913 0.3000000119
40517  -45.487  -27.392  -41.242 0.3000000119
42293  -47.157  -26.104  -42.741 0.3000000119
39538  -26.270  -28.568  -42.190 0.5000000000
40519  -25.741  -27.831  -42.039 0.5000000000
40520  -26.569  -28.158  -42.199 0.5000000000
121997  -26.921  -26.916  -41.562 0.5000000000
40504  -27.679  -27.350  -41.571 0.5000000000
40505  -28.982  -27.640  -41.337 0.5000000000
41450  -28.444  -26.839  -41.279 0.5000000000
41449  -27.640  -26.567  -41.401 0.5000000000
119415  -27.061  -26.041  -41.397 0.5000000000
42276  -29.061  -25.950  -41.239 0.4000000060
38594  -43.567  -28.962  -45.882 0.4000000060
31269  -35.590  -37.861  -43.195 0.6999999881
32244  -38.571  -36.924  -43.763 0.6999999881
32243  -38.259  -36.833  -44.039 0.6999999881
32242  -37.334  -36.619  -44.147 0.6999999881
31275  -36.808  -37.340  -44.001 0.6999999881
32237  -35.480  -36.646  -43.317 0.6999999881
121374  -35.308  -37.237  -43.075 0.6999999881
32247  -37.241  -35.894  -44.194 0.6999999881
32241  -36.244  -36.640  -43.819 0.6999999881
122971  -35.267  -36.131  -43.086 0.6999999881
36640  -42.544  -30.978  -42.457 0.3000000119
37615  -42.197  -30.364  -42.153 0.3000000119
36647  -42.876  -30.743  -43.854 0.3000000119
37626  -42.457  -29.919  -43.470 0.3000000119
33155  -36.656  -35.290  -44.259 0.6999999881
33148  -35.806  -35.870  -43.689 0.6999999881
38562  -41.975  -29.591  -42.506 0.3000000119
36654  -43.750  -30.742  -45.692 0.3000000119
123300  -43.847  -31.526  -45.279 0.3000000119
33154  -35.713  -34.961  -44.010 0.6000000238
37638  -42.911  -29.706  -45.120 0.3000000119
37644  -43.608  -29.672  -45.952 0.3000000119
37645  -44.147  -30.440  -45.785 0.3000000119
30360  -39.230  -38.554  -42.515 0.6999999881
29480  -39.140  -39.324  -41.531 0.6999999881
30365  -39.381  -38.704  -43.693 0.6999999881
30359  -35.386  -38.504  -42.724 0.6999999881
31270  -38.874  -37.928  -43.765 0.6999999881
30372  -39.067  -38.598  -44.041 0.6999999881
31276  -37.926  -37.475  -44.215 0.6999999881
31274  -35.857  -37.285  -43.535 0.6999999881
31264  -35.095  -37.566  -42.438 0.6999999881
31277  -38.599  -37.712  -43.998 0.6999999881
32236  -35.189  -36.730  -42.774 0.6999999881
36641  -43.022  -31.689  -42.790 0.3000000119
131012  -43.401  -31.425  -44.314 0.3000000119
35651  -43.778  -32.258  -44.335 0.3000000119
35657  -44.234  -32.167  -45.377 0.3000000119
35656  -44.163  -31.256  -45.714 0.3000000119
36658  -44.561  -31.838  -45.585 0.3000000119
36655  -44.668  -31.332  -45.531 0.3000000119
129584  -43.275  -30.439  -45.163 0.3000000119
22763  -44.215  -46.936  -36.027 0.4000000060
22773  -44.143  -46.938  -36.601 0.4000000060
23641  -43.662  -45.855  -35.584 0.4000000060
23631  -43.644  -45.624  -34.899 0.4000000060
25435  -39.975  -44.349  -35.673 0.5000000000
24585  -41.563  -45.045  -35.847 0.4000000060
24586  -42.790  -45.044  -35.575 0.4000000060
24593  -43.442  -45.786  -36.008 0.4000000060
23632  -43.748  -45.014  -35.043 0.4000000060
24592  -42.273  -45.758  -36.383 0.5000000000
23648  -43.020  -46.621  -37.065 0.4000000060
123585  -41.852  -44.347  -35.328 0.4000000060
25443  -40.417  -44.812  -36.213 0.5000000000
24591  -41.060  -45.391  -36.757 0.5000000000
23656  -42.907  -46.826  -38.501 0.5000000000
24599  -40.907  -45.409  -37.794 0.5000000000
23668  -42.838  -47.014  -39.899 0.5000000000
23672  -42.696  -47.198  -41.104 0.5000000000
24598  -40.159  -44.745  -37.994 0.6000000238
24609  -40.885  -45.267  -38.901 0.5000000000
121583  -41.652  -45.671  -39.924 0.5000000000
24620  -42.243  -46.531  -41.463 0.6000000238
24615  -42.322  -46.378  -40.559 0.5000000000
23675  -41.276  -45.629  -42.098 0.5000000000
26274  -38.845  -43.611  -37.662 0.6000000238
26275  -39.571  -44.128  -38.294 0.6000000238
24614  -41.938  -45.740  -41.070 0.6000000238
24619  -41.825  -45.752  -41.792 0.6000000238
25466  -40.964  -44.859  -42.555 0.5000000000
26295  -38.653  -44.492  -42.234 0.5000000000
25465  -39.851  -44.823  -42.543 0.5000000000
26297  -39.268  -43.559  -42.898 0.5000000000
28665  -35.345  -40.846  -40.731 0.4000000060
25453  -40.306  -44.560  -39.018 0.6000000238
29479  -35.225  -39.935  -41.210 0.5000000000
129428  -39.907  -43.969  -39.191 0.6000000238
25458  -40.581  -44.340  -40.087 0.5000000000
27886  -35.805  -41.514  -41.279 0.5000000000
119889  -40.100  -43.502  -40.036 0.6000000238
25462  -40.850  -44.062  -41.046 0.6000000238
28671  -35.758  -40.715  -41.656 0.5000000000
26292  -41.377  -44.163  -42.116 0.6000000238
25470  -41.177  -44.141  -42.618 0.6000000238
25467  -41.539  -44.906  -42.233 0.5000000000
27102  -37.243  -42.915  -42.032 0.5000000000
25469  -40.714  -44.130  -42.922 0.5000000000
25468  -39.828  -44.147  -42.902 0.5000000000
27106  -40.772  -42.917  -43.274 0.5000000000
28664  -34.986  -40.139  -40.055 0.4000000060
28657  -34.902  -41.119  -39.746 0.4000000060
29486  -34.975  -39.073  -41.291 0.5000000000
26281  -39.284  -43.379  -38.801 0.6000000238
26288  -39.485  -42.863  -39.589 0.6000000238
114120  -35.629  -40.080  -42.080 0.5000000000
26291  -40.720  -43.402  -41.443 0.6000000238
26296  -41.090  -43.438  -42.642 0.6000000238
26294  -37.986  -43.641  -42.170 0.5000000000
27103  -40.982  -42.740  -43.126 0.6000000238
27104  -38.587  -42.662  -42.915 0.5000000000
27105  -40.082  -42.787  -43.418 0.5000000000
129448  -38.522  -41.939  -43.198 0.5000000000
29478  -34.905  -39.243  -40.352 0.5000000000
113136  -34.561  -40.294  -39.111 0.4000000060
30358  -34.915  -38.401  -41.820 0.5000000000
29487  -35.301  -39.310  -42.168 0.5000000000
29492  -35.834  -39.144  -42.965 0.5000000000
27883  -39.253  -41.308  -40.472 0.6000000238
27094  -39.291  -42.220  -39.892 0.6000000238
29488  -36.080  -39.773  -42.723 0.5000000000
27887  -36.415  -41.348  -42.151 0.5000000000
27885  -40.225  -41.685  -41.676 0.6000000238
27889  -40.706  -41.682  -42.932 0.6000000238
27888  -37.484  -41.930  -42.631 0.5000000000
27891  -38.496  -41.315  -43.451 0.5000000000
27892  -39.633  -41.793  -43.529 0.5000000000
30351  -34.832  -38.383  -40.712 0.5000000000
30364  -36.324  -38.543  -43.512 0.6000000238
29493  -36.786  -39.356  -43.465 0.5000000000
28666  -39.352  -40.288  -41.086 0.6000000238
28676  -37.071  -40.141  -43.278 0.5000000000
27890  -37.271  -40.978  -42.995 0.5000000000
28667  -40.278  -40.882  -42.060 0.6000000238
27893  -40.355  -41.149  -43.510 0.5000000000
28678  -39.725  -40.682  -43.939 0.5000000000
31263  -34.849  -37.436  -41.213 0.4000000060
29469  -34.642  -39.439  -39.356 0.4000000060
28673  -40.186  -40.011  -42.563 0.6000000238
29494  -38.093  -39.587  -43.974 0.5000000000
28677  -38.346  -40.447  -43.770 0.5000000000
29496  -40.316  -40.019  -43.718 0.6000000238
28680  -39.339  -39.844  -44.171 0.5000000000
31258  -34.788  -37.623  -39.987 0.5000000000
32230  -35.098  -36.713  -41.987 0.5000000000
30370  -37.266  -38.055  -44.092 0.6000000238
29497  -37.702  -38.788  -44.053 0.6000000238
29498  -38.889  -39.060  -44.222 0.5000000000
27101  -36.373  -42.298  -41.626 0.5000000000
114828  -34.323  -38.896  -38.829 0.4000000060
25427  -43.262  -44.382  -34.766 0.4000000060
25445  -39.450  -44.326  -37.321 0.6000000238
27087  -38.851  -42.594  -38.939 0.6000000238
29471  -38.411  -39.856  -40.300 0.6000000238
29489  -39.860  -39.323  -43.214 0.6000000238
29495  -39.725  -39.430  -44.069 0.6000000238
30371  -38.390  -38.267  -44.198 0.6000000238
24600  -41.848  -46.100  -37.516 0.5000000000
24610  -41.865  -46.086  -38.993 0.5000000000
25463  -41.544  -44.877  -41.424 0.6000000238
27095  -39.970  -42.755  -40.601 0.6000000238
27099  -40.611  -42.548  -42.009 0.6000000238
27098  -39.828  -42.095  -40.887 0.6000000238
28674  -40.486  -40.656  -43.302 0.6000000238
28679  -40.311  -40.455  -43.787 0.6000000238
28681  -40.083  -40.071  -44.037 0.5000000000
33961  -44.994  -34.627  -35.120 0.3000000119
33945  -45.141  -34.716  -34.180 0.3000000119
33082  -45.566  -35.122  -35.622 0.3000000119
33096  -45.243  -35.453  -36.439 0.3000000119
33083  -46.336  -35.600  -35.315 0.3000000119
33097  -46.080  -35.568  -36.065 0.3000000119
32180  -46.032  -36.039  -36.848 0.3000000119
33095  -44.155  -35.604  -36.706 0.3000000119
33104  -44.743  -36.077  -37.175 0.3000000119
31227  -45.898  -37.409  -38.115 0.3000000119
32191  -45.357  -36.656  -37.661 0.3000000119
31267  -45.564  -38.506  -41.785 0.3000000119
32234  -45.314  -37.340  -42.071 0.3000000119
129959  -45.218  -36.343  -43.124 0.3000000119
33141  -44.943  -36.246  -42.391 0.3000000119
34038  -44.515  -34.870  -42.452 0.3000000119
23669  -43.750  -47.711  -39.375 0.4000000060
33069  -45.775  -35.061  -34.763 0.3000000119
32181  -46.910  -36.136  -36.011 0.3000000119
131469  -46.970  -36.546  -36.761 0.3000000119
32205  -44.770  -37.296  -38.337 0.3000000119
31239  -44.544  -37.753  -38.996 0.3000000119
32228  -45.018  -37.409  -41.002 0.3000000119
31261  -45.090  -38.519  -40.512 0.3000000119
30354  -45.875  -39.880  -41.597 0.3000000119
31271  -45.865  -38.546  -42.998 0.3000000119
32239  -45.588  -37.347  -43.262 0.3000000119
32192  -46.518  -36.800  -37.431 0.3000000119
20118  -33.863  -50.735  -35.028 0.4000000060
21903  -33.900  -48.391  -35.470 0.3000000119
22768  -33.988  -47.149  -36.132 0.3000000119
24612  -37.551  -45.663  -40.455 0.4000000060
24617  -38.058  -45.622  -41.183 0.4000000060
24613  -38.144  -46.030  -39.701 0.4000000060
127681  -39.036  -46.470  -40.307 0.4000000060
26293  -37.009  -43.787  -41.488 0.4000000060
125650  -37.587  -44.377  -41.622 0.4000000060
25464  -37.754  -45.101  -41.461 0.4000000060
24621  -38.823  -45.363  -41.865 0.4000000060
23673  -40.458  -46.225  -41.693 0.4000000060
23670  -39.595  -46.535  -41.070 0.4000000060
116401  -40.739  -46.873  -41.367 0.4000000060
27093  -35.083  -42.763  -39.533 0.3000000119
24622  -40.113  -45.537  -42.137 0.4000000060
27881  -35.110  -41.973  -39.811 0.3000000119
27880  -34.607  -41.889  -39.260 0.3000000119
24616  -37.133  -45.298  -40.813 0.4000000060
111915  -38.519  -46.052  -40.750 0.4000000060
24618  -39.171  -45.934  -41.452 0.4000000060
16082  -38.341  -55.298  -35.860 0.3000000119
16810  -38.387  -54.439  -35.921 0.3000000119
17609  -39.678  -53.544  -36.524 0.3000000119
18412  -39.505  -52.039  -35.873 0.3000000119
20122  -40.289  -50.670  -35.700 0.3000000119
20124  -42.034  -50.605  -36.521 0.3000000119
20130  -42.891  -51.249  -37.263 0.3000000119
112191  -42.629  -51.510  -37.465 0.3000000119
21018  -43.240  -50.636  -36.909 0.3000000119
21019  -44.289  -50.235  -37.276 0.3000000119
20131  -43.660  -50.956  -37.702 0.3000000119
21910  -44.226  -48.150  -36.413 0.3000000119
21020  -44.614  -49.224  -36.861 0.3000000119
21025  -45.047  -49.548  -37.503 0.3000000119
21911  -44.820  -47.770  -36.852 0.3000000119
22783  -45.036  -48.557  -37.596 0.3000000119
21008  -39.950  -49.948  -35.347 0.3000000119
23657  -44.025  -47.417  -37.956 0.3000000119
21918  -45.079  -48.638  -36.953 0.3000000119
18417  -40.189  -52.701  -36.512 0.3000000119
15338  -36.257  -56.354  -32.127 0.3000000119
16774  -35.938  -54.974  -31.901 0.3000000119
16775  -36.215  -54.609  -32.656 0.4000000060
18381  -36.342  -52.449  -32.154 0.3000000119
18403  -37.087  -53.016  -34.092 0.4000000060
19275  -37.967  -51.664  -34.941 0.4000000060
19276  -38.855  -51.299  -35.341 0.4000000060
19277  -39.922  -51.297  -35.793 0.3000000119
20129  -42.020  -51.256  -36.748 0.3000000119
20134  -43.032  -51.397  -37.830 0.3000000119
21007  -39.167  -50.033  -35.040 0.4000000060
21011  -43.306  -49.340  -36.444 0.3000000119
21862  -35.804  -48.690  -30.337 0.3000000119
22687  -35.564  -47.828  -27.961 0.3000000119
22727  -36.652  -47.593  -31.288 0.3000000119
22734  -37.010  -47.928  -32.031 0.3000000119
22742  -37.966  -47.931  -33.281 0.4000000060
22743  -38.691  -47.490  -33.694 0.4000000060
22749  -39.069  -48.131  -34.222 0.4000000060
23582  -36.171  -46.542  -29.492 0.3000000119
23596  -36.391  -46.651  -30.180 0.3000000119
24465  -37.752  -44.644  -25.715 0.3000000119
24529  -36.633  -45.241  -29.422 0.3000000119
24563  -39.603  -45.363  -32.702 0.3000000119
24575  -42.264  -45.551  -34.151 0.4000000060
24576  -43.259  -45.094  -34.456 0.4000000060
24587  -43.494  -45.185  -35.402 0.4000000060
24590  -40.150  -44.898  -37.033 0.6000000238
25309  -37.725  -43.978  -25.554 0.3000000119
25374  -36.955  -44.529  -29.494 0.3000000119
25375  -37.408  -44.185  -29.858 0.3000000119
25388  -37.708  -44.564  -30.437 0.3000000119
25399  -38.132  -44.973  -30.999 0.3000000119
25400  -38.883  -44.609  -31.372 0.3000000119
25408  -39.222  -44.964  -32.062 0.3000000119
25411  -42.286  -43.770  -33.015 0.4000000060
25417  -40.658  -45.009  -32.951 0.4000000060
25436  -40.844  -44.558  -35.620 0.4000000060
25438  -43.370  -44.690  -35.199 0.4000000060
25459  -41.079  -45.086  -40.046 0.5000000000
26146  -37.415  -43.434  -25.655 0.3000000119
26159  -36.935  -43.558  -26.258 0.3000000119
26170  -36.971  -43.035  -27.733 0.3000000119
26248  -42.211  -42.718  -33.723 0.4000000060
26250  -42.989  -43.816  -34.150 0.5000000000
26257  -41.798  -43.129  -34.369 0.5000000000
26265  -38.779  -43.459  -35.274 0.6000000238
26279  -32.806  -43.890  -38.875 0.5000000000
26298  -40.437  -43.491  -43.224 0.5000000000
26299  -40.973  -43.422  -43.050 0.6000000238
26967  -38.785  -42.794  -25.043 0.3000000119
26979  -36.944  -42.930  -26.774 0.3000000119
27061  -39.291  -41.971  -33.644 0.6000000238
27783  -37.460  -41.752  -27.346 0.3000000119
28529  -37.884  -40.641  -26.653 0.3000000119
28530  -38.108  -40.746  -25.955 0.3000000119
28628  -37.214  -40.254  -33.573 0.6000000238
28630  -36.800  -40.166  -34.321 0.6000000238
28635  -37.007  -40.720  -35.666 0.6999999881
28641  -37.295  -40.694  -36.998 0.6999999881
28672  -36.297  -40.523  -42.486 0.5000000000
29347  -39.461  -39.062  -26.083 0.3000000119
29433  -36.665  -38.980  -33.236 0.6000000238
30209  -38.879  -38.866  -26.710 0.3000000119
30240  -39.141  -37.832  -28.570 0.3000000119
30310  -36.385  -38.396  -33.540 0.6999999881
30326  -37.118  -38.863  -37.711 0.6000000238
30352  -37.907  -38.250  -40.182 0.6999999881
30369  -36.299  -37.847  -43.688 0.6999999881
31103  -39.655  -37.564  -27.616 0.3000000119
31104  -40.361  -37.416  -27.359 0.3000000119
31105  -41.280  -37.515  -27.294 0.3000000119
31191  -36.503  -37.817  -33.162 0.5000000000
31200  -36.196  -37.748  -33.854 0.6000000238
31248  -34.452  -37.728  -39.191 0.5000000000
32219  -44.148  -37.271  -39.306 0.4000000060
33030  -40.377  -35.394  -30.319 0.4000000060
33031  -42.725  -35.009  -29.808 0.3000000119
33058  -38.486  -35.452  -33.182 0.4000000060
33101  -36.532  -35.646  -37.042 0.6000000238
33130  -43.788  -35.628  -40.046 0.4000000060
33135  -44.042  -35.012  -40.909 0.4000000060
33146  -44.934  -35.549  -43.088 0.3000000119
33149  -36.625  -36.066  -44.064 0.6999999881
33937  -36.717  -34.857  -34.864 0.6000000238
33939  -38.180  -34.314  -34.242 0.5000000000
34002  -33.086  -34.549  -38.482 0.4000000060
34740  -37.921  -33.674  -34.717 0.5000000000
34794  -37.122  -34.097  -39.147 0.6000000238
35632  -34.116  -32.435  -40.606 0.8000000119
35634  -37.207  -32.925  -40.299 0.6000000238
36555  -38.702  -31.203  -36.218 0.5000000000
36571  -36.983  -31.339  -37.411 0.5000000000
40501  -25.002  -27.266  -41.911 0.4000000060
40536  -42.548  -27.540  -43.938 0.5000000000
41433  -33.653  -26.760  -40.415 0.6000000238
42251  -35.124  -25.056  -39.775 0.6000000238
43884  -39.149  -22.471  -43.746 0.5000000000
43889  -38.428  -22.261  -43.917 0.5000000000
44724  -31.083  -22.052  -42.563 0.3000000119
47737  -34.825  -19.908  -37.516 0.3000000119
47743  -39.387  -19.725  -37.554 0.3000000119
49702  -36.739  -17.514  -37.287 0.3000000119
49728  -34.059  -17.758  -38.729 0.3000000119
49729  -34.577  -17.392  -38.257 0.3000000119
51836  -34.577  -15.257  -39.622 0.3000000119
51865  -39.700  -15.371  -40.273 0.3000000119
52878  -35.559  -14.666  -38.924 0.3000000119
52890  -36.714  -14.225  -39.121 0.3000000119
109466  -41.134  -34.204  -33.017 0.4000000060
109806  -40.565  -42.200  -43.258 0.5000000000
110629  -37.890  -35.162  -41.417 0.6999999881
111481  -42.262  -34.442  -38.109 0.4000000060
111804  -36.366  -45.012  -27.477 0.3000000119
114084  -36.493  -49.106  -31.790 0.3000000119
115068  -35.553  -50.904  -30.507 0.3000000119
115599  -39.998  -41.760  -25.125 0.3000000119
116615  -36.900  -19.157  -36.968 0.3000000119
118040  -42.915  -43.831  -34.654 0.5000000000
118757  -36.773  -49.295  -32.367 0.4000000060
118980  -39.205  -37.791  -27.944 0.3000000119
119071  -38.446  -43.338  -36.912 0.6999999881
119326  -37.827  -51.081  -34.361 0.4000000060
119558  -43.979  -34.264  -32.323 0.3000000119
119816  -41.125  -34.654  -30.820 0.4000000060
120392  -43.465  -33.999  -32.324 0.4000000060
121353  -36.665  -50.332  -32.466 0.3000000119
121615  -37.615  -41.483  -34.363 0.6000000238
122435  -36.002  -51.080  -31.269 0.3000000119
122887  -36.360  -51.229  -31.888 0.3000000119
123632  -44.738  -47.806  -37.473 0.3000000119
124594  -39.526  -22.809  -43.372 0.5000000000
125244  -40.542  -50.270  -35.678 0.3000000119
125289  -36.669  -32.277  -37.808 0.6000000238
126075  -44.682  -35.507  -42.371 0.3000000119
126459  -36.586  -56.577  -33.623 0.4000000060
127721  -45.566  -39.448  -40.468 0.3000000119
128270  -36.198  -15.965  -38.175 0.3000000119
128954  -42.343  -44.661  -35.451 0.4000000060
129788  -33.722  -22.995  -38.947 0.6000000238
130026  -43.717  -36.194  -39.563 0.4000000060
130183  -36.549  -44.128  -27.615 0.3000000119
130236  -32.075  -19.906  -43.596 0.3000000119
131904  -38.924  -42.454  -34.083 0.6000000238
