#!ascii label  , from subject sub-v1s21x0050383_ses-1 vox2ras=TkReg
1080
3145  -18.496  -76.576  -36.314 0.5000000000
3164  -17.375  -76.477  -37.415 0.6000000238
118063  -22.430  -74.349  -31.093 0.3000000119
3154  -16.857  -76.844  -36.709 0.5000000000
3943  -21.791  -74.745  -33.655 0.4000000060
3944  -22.788  -74.553  -33.694 0.4000000060
118357  -23.202  -74.447  -32.930 0.4000000060
3927  -22.779  -74.366  -32.098 0.3000000119
4026  -18.669  -74.581  -39.742 0.5000000000
3556  -18.424  -75.565  -38.789 0.5000000000
3540  -18.554  -76.075  -37.728 0.5000000000
4025  -17.633  -74.235  -39.918 0.6000000238
112041  -17.835  -76.036  -38.095 0.6000000238
3878  -23.110  -74.545  -29.573 0.3000000119
3539  -16.933  -75.975  -38.415 0.5000000000
3982  -21.949  -74.943  -35.226 0.5000000000
3963  -21.677  -74.901  -34.450 0.5000000000
3896  -23.569  -74.496  -30.388 0.3000000119
3555  -17.350  -75.292  -39.192 0.6000000238
118356  -22.886  -74.730  -35.186 0.5000000000
3964  -22.402  -74.730  -34.438 0.4000000060
3945  -23.762  -74.524  -33.686 0.4000000060
3928  -23.619  -74.432  -32.184 0.3000000119
3913  -23.958  -74.432  -31.317 0.3000000119
3983  -22.541  -74.954  -35.948 0.4000000060
3965  -23.256  -74.598  -34.434 0.4000000060
129977  -24.007  -74.585  -34.458 0.4000000060
118630  -23.438  -74.779  -36.032 0.4000000060
4987  -19.794  -72.121  -41.205 0.6999999881
4510  -20.497  -72.923  -41.245 0.6999999881
4040  -19.548  -73.369  -40.895 0.6999999881
3156  -19.038  -76.252  -36.927 0.5000000000
4980  -18.750  -71.630  -40.116 0.6999999881
4984  -18.876  -71.704  -41.112 0.6999999881
4039  -18.457  -72.595  -41.311 0.8000000119
131557  -18.848  -73.697  -40.467 0.5000000000
123644  -17.833  -73.201  -41.037 0.6999999881
3157  -19.637  -76.022  -36.405 0.5000000000
4983  -17.994  -71.552  -40.989 0.6999999881
3527  -20.391  -75.689  -36.319 0.4000000060
3511  -21.184  -75.308  -35.735 0.5000000000
3439  -24.566  -75.121  -29.124 0.3000000119
4038  -16.796  -72.753  -41.159 0.6000000238
3528  -21.338  -75.469  -36.762 0.5000000000
3512  -21.853  -75.191  -36.052 0.5000000000
3879  -24.028  -74.711  -29.764 0.3000000119
3529  -22.217  -75.236  -36.706 0.5000000000
4013  -23.463  -74.855  -38.090 0.4000000060
3998  -23.533  -74.978  -37.112 0.4000000060
124534  -23.741  -74.655  -35.127 0.4000000060
3966  -24.645  -74.568  -34.039 0.4000000060
119107  -23.937  -74.482  -32.878 0.4000000060
3999  -24.315  -74.812  -36.682 0.3000000119
120788  -20.671  -72.611  -36.697 0.5000000000
4976  -21.424  -72.790  -37.552 0.6000000238
110020  -21.056  -72.503  -38.867 0.6000000238
114362  -20.750  -72.172  -40.206 0.6000000238
112563  -21.089  -72.595  -34.728 0.5000000000
4947  -20.339  -72.505  -35.217 0.5000000000
4965  -19.965  -72.445  -36.012 0.6000000238
4975  -20.252  -72.494  -37.962 0.6000000238
112696  -19.891  -72.086  -39.415 0.6999999881
4027  -19.759  -74.649  -39.744 0.6000000238
2701  -24.422  -77.654  -26.155 0.3000000119
4914  -19.521  -72.305  -33.700 0.6999999881
4946  -19.441  -72.405  -35.327 0.6000000238
117950  -19.536  -72.399  -37.126 0.6000000238
123557  -20.755  -74.895  -39.531 0.6000000238
3558  -20.448  -75.410  -38.541 0.6000000238
120619  -19.796  -75.905  -37.096 0.5000000000
123906  -19.948  -72.001  -33.000 0.6999999881
4929  -19.045  -72.394  -34.563 0.6000000238
4945  -18.694  -72.512  -35.410 0.6000000238
4964  -19.030  -72.356  -36.261 0.6000000238
4963  -18.722  -72.368  -37.576 0.6999999881
4499  -17.440  -71.941  -39.682 0.6999999881
3541  -20.524  -75.656  -37.373 0.5000000000
123607  -24.035  -75.282  -28.581 0.3000000119
5392  -19.105  -72.018  -33.021 0.6999999881
118764  -18.740  -72.451  -33.744 0.6000000238
4928  -18.535  -72.646  -34.505 0.6999999881
116442  -18.570  -72.530  -36.295 0.6000000238
4470  -18.333  -72.539  -37.189 0.6000000238
4507  -16.411  -72.008  -41.010 0.6999999881
3559  -21.450  -75.124  -38.866 0.5000000000
3560  -22.177  -75.107  -38.395 0.5000000000
4460  -18.221  -72.714  -36.003 0.6000000238
4485  -17.036  -72.741  -38.950 0.6000000238
4498  -16.434  -71.914  -40.374 0.6000000238
114673  -15.446  -72.374  -40.471 0.6000000238
4029  -22.449  -74.761  -39.756 0.5000000000
3897  -24.444  -74.606  -30.604 0.3000000119
4913  -18.396  -72.638  -33.569 0.6999999881
125104  -18.181  -72.850  -34.293 0.6000000238
4944  -18.392  -72.685  -35.189 0.6000000238
3981  -17.678  -73.511  -36.039 0.6000000238
3997  -17.197  -73.705  -36.930 0.5000000000
4011  -16.627  -73.427  -38.102 0.5000000000
4483  -14.845  -72.464  -39.792 0.5000000000
4037  -15.849  -72.650  -40.793 0.5000000000
110061  -22.982  -74.905  -38.827 0.5000000000
4016  -26.237  -75.025  -38.703 0.3000000119
117883  -25.402  -74.816  -37.408 0.3000000119
119585  -24.691  -74.636  -34.996 0.4000000060
4497  -14.484  -72.536  -40.292 0.5000000000
4015  -25.327  -74.758  -38.677 0.3000000119
4014  -24.361  -74.755  -38.064 0.3000000119
3984  -24.226  -74.696  -35.750 0.4000000060
4931  -21.877  -72.569  -34.120 0.5000000000
4948  -21.938  -72.707  -35.046 0.5000000000
4966  -21.930  -72.887  -36.242 0.5000000000
5394  -21.369  -71.828  -32.771 0.5000000000
4916  -21.663  -72.274  -33.398 0.5000000000
111937  -21.115  -72.502  -33.984 0.5000000000
116025  -21.001  -72.639  -35.635 0.5000000000
4487  -22.147  -72.782  -38.610 0.6000000238
4981  -21.844  -72.493  -39.922 0.6000000238
5393  -20.599  -71.796  -32.702 0.5000000000
4986  -21.458  -72.417  -40.901 0.6000000238
2391  -25.294  -78.718  -25.686 0.3000000119
5375  -19.863  -71.509  -32.376 0.6000000238
4915  -20.645  -72.243  -33.364 0.6000000238
4982  -22.461  -72.756  -40.810 0.4000000060
2409  -25.728  -78.405  -26.355 0.3000000119
5374  -18.791  -71.620  -32.310 0.6999999881
4041  -21.532  -73.671  -40.951 0.5000000000
122102  -20.606  -74.043  -40.459 0.6000000238
117871  -25.201  -76.671  -27.488 0.3000000119
3061  -25.057  -76.070  -28.106 0.3000000119
5373  -18.220  -71.853  -32.160 0.6999999881
4049  -22.975  -73.830  -41.073 0.4000000060
3424  -25.144  -75.580  -28.787 0.3000000119
4900  -18.229  -72.368  -32.735 0.6999999881
3914  -24.915  -74.601  -31.380 0.3000000119
5372  -18.002  -71.971  -32.054 0.6000000238
4899  -17.968  -72.689  -32.480 0.6999999881
3961  -17.704  -73.672  -34.465 0.6000000238
3980  -16.934  -74.240  -36.112 0.5000000000
4484  -15.837  -72.406  -39.659 0.6000000238
4044  -24.205  -74.443  -40.516 0.4000000060
117956  -23.385  -74.743  -40.029 0.4000000060
3561  -26.838  -74.646  -39.669 0.3000000119
4033  -26.860  -75.089  -39.524 0.3000000119
3545  -27.430  -75.376  -39.031 0.3000000119
4000  -26.654  -75.197  -37.676 0.3000000119
118568  -25.043  -74.753  -36.044 0.4000000060
3929  -24.529  -74.520  -32.269 0.3000000119
3941  -17.430  -74.192  -33.761 0.6000000238
3960  -17.069  -74.473  -34.522 0.5000000000
120710  -16.388  -74.571  -35.397 0.5000000000
3996  -16.251  -74.105  -37.022 0.5000000000
4009  -14.624  -73.042  -38.602 0.5000000000
4482  -14.026  -72.531  -39.803 0.5000000000
4031  -24.831  -74.676  -39.584 0.3000000119
4032  -25.898  -74.618  -39.564 0.3000000119
3979  -15.439  -74.416  -36.338 0.5000000000
123525  -14.260  -73.657  -37.422 0.5000000000
3978  -14.135  -74.298  -36.106 0.5000000000
5378  -22.700  -71.200  -32.596 0.5000000000
5395  -22.229  -71.796  -32.906 0.5000000000
4932  -22.765  -72.578  -34.299 0.5000000000
4933  -23.791  -72.518  -34.550 0.5000000000
4949  -22.874  -72.861  -35.319 0.5000000000
4967  -23.091  -73.156  -36.363 0.5000000000
5852  -21.330  -70.362  -32.084 0.5000000000
4917  -22.527  -72.243  -33.505 0.5000000000
4472  -23.541  -73.137  -37.466 0.4000000060
5376  -20.935  -71.325  -32.277 0.5000000000
4488  -23.126  -72.980  -38.564 0.4000000060
2112  -25.653  -79.397  -25.378 0.3000000119
2113  -26.365  -79.613  -25.696 0.3000000119
5851  -20.296  -70.705  -31.937 0.6000000238
4500  -22.872  -72.770  -39.807 0.4000000060
5839  -19.636  -70.027  -31.717 0.6000000238
5850  -19.241  -70.908  -31.873 0.6000000238
2702  -25.314  -77.739  -26.610 0.3000000119
2716  -25.637  -77.250  -27.296 0.3000000119
5849  -18.441  -71.195  -31.672 0.6000000238
4518  -22.865  -73.304  -41.122 0.4000000060
121271  -17.965  -71.133  -31.196 0.6000000238
4511  -24.348  -73.706  -40.653 0.4000000060
4051  -24.699  -73.991  -40.757 0.4000000060
3880  -24.863  -74.956  -30.022 0.3000000119
5359  -18.122  -71.456  -31.565 0.6999999881
4045  -25.145  -74.300  -40.351 0.3000000119
4046  -25.836  -74.201  -40.072 0.3000000119
5396  -23.035  -71.650  -33.058 0.5000000000
4918  -23.441  -72.104  -33.596 0.5000000000
5377  -21.872  -71.243  -32.380 0.5000000000
4950  -23.742  -72.909  -35.612 0.4000000060
116230  -21.777  -69.446  -32.731 0.6000000238
4489  -24.032  -73.091  -38.770 0.4000000060
2703  -26.149  -78.063  -27.192 0.3000000119
2392  -26.096  -79.005  -25.959 0.3000000119
126258  -18.665  -70.203  -31.479 0.6000000238
125861  -23.662  -72.980  -39.674 0.4000000060
111877  -23.516  -73.281  -40.607 0.4000000060
4501  -24.435  -73.287  -40.047 0.4000000060
4502  -25.225  -73.498  -39.805 0.4000000060
4052  -25.249  -74.021  -40.519 0.3000000119
4514  -26.320  -74.251  -39.731 0.3000000119
5358  -17.961  -71.716  -31.416 0.6000000238
128726  -23.313  -71.140  -32.782 0.5000000000
4919  -24.426  -71.877  -33.690 0.4000000060
6365  -22.655  -69.708  -32.873 0.5000000000
128258  -23.492  -69.984  -32.947 0.5000000000
116338  -24.372  -72.620  -35.196 0.4000000060
121682  -24.421  -72.929  -35.834 0.4000000060
5840  -20.473  -69.776  -31.968 0.6000000238
6364  -20.957  -69.199  -32.588 0.6000000238
4969  -24.903  -72.987  -36.515 0.4000000060
4473  -24.579  -73.165  -37.727 0.4000000060
6351  -19.795  -69.284  -31.936 0.6000000238
117620  -24.740  -73.271  -39.043 0.4000000060
4474  -25.551  -73.161  -37.419 0.4000000060
4490  -25.377  -73.380  -38.660 0.4000000060
4491  -26.260  -73.619  -38.331 0.4000000060
3045  -25.902  -76.745  -28.078 0.3000000119
2717  -26.231  -77.482  -27.805 0.3000000119
6350  -19.010  -69.155  -31.624 0.6000000238
3454  -25.564  -75.300  -30.394 0.3000000119
3075  -25.835  -76.085  -28.921 0.3000000119
5838  -18.073  -70.514  -31.188 0.6000000238
5349  -17.950  -71.436  -30.727 0.6000000238
6337  -17.568  -69.442  -30.638 0.6999999881
6928  -17.808  -67.756  -32.082 0.6999999881
5831  -17.785  -70.424  -30.752 0.6000000238
130589  -17.553  -68.701  -31.128 0.6999999881
6920  -17.460  -67.987  -31.369 0.6999999881
6323  -17.653  -69.447  -29.659 0.6000000238
7614  -18.183  -67.429  -32.066 0.6999999881
7597  -18.722  -67.215  -31.581 0.6000000238
116647  -17.493  -68.638  -30.473 0.6999999881
7596  -18.159  -67.318  -31.273 0.6999999881
5397  -23.890  -71.319  -33.121 0.5000000000
5861  -24.961  -71.061  -33.368 0.5000000000
121337  -22.790  -69.243  -33.793 0.5000000000
6366  -23.903  -69.596  -33.539 0.5000000000
5860  -24.207  -70.483  -33.062 0.5000000000
123643  -25.658  -70.466  -33.652 0.5000000000
4920  -25.360  -71.679  -33.924 0.4000000060
4934  -24.836  -72.276  -34.505 0.4000000060
6376  -21.008  -68.630  -33.810 0.6000000238
6377  -21.771  -68.884  -33.969 0.6000000238
6389  -22.971  -68.839  -34.845 0.6000000238
4951  -25.158  -72.605  -35.483 0.4000000060
6363  -20.218  -68.849  -32.519 0.6000000238
6961  -21.670  -68.047  -35.596 0.6000000238
113745  -22.197  -68.205  -36.062 0.6000000238
6362  -19.329  -68.473  -32.477 0.6000000238
6942  -19.988  -68.151  -33.489 0.6000000238
6960  -20.938  -68.143  -34.451 0.6000000238
7650  -21.288  -68.026  -34.933 0.6000000238
124492  -21.752  -67.895  -35.607 0.6000000238
4462  -27.617  -73.001  -36.080 0.4000000060
6941  -19.079  -67.954  -32.935 0.6000000238
6950  -20.594  -68.206  -33.956 0.6000000238
7641  -20.799  -67.911  -34.306 0.6000000238
7642  -21.827  -67.619  -34.910 0.6000000238
110181  -23.410  -67.377  -34.721 0.6000000238
4475  -26.525  -73.242  -37.149 0.4000000060
115827  -27.266  -73.256  -36.718 0.4000000060
6929  -18.273  -68.161  -32.265 0.6000000238
6949  -19.815  -68.001  -33.411 0.5000000000
7631  -20.335  -67.845  -33.700 0.6000000238
111053  -21.344  -67.617  -34.260 0.6000000238
7643  -22.828  -67.332  -34.350 0.6000000238
111040  -24.433  -67.477  -34.428 0.6999999881
6348  -17.749  -69.403  -31.098 0.6999999881
116300  -19.706  -67.677  -33.068 0.6000000238
7632  -20.870  -67.564  -33.619 0.6000000238
7644  -24.044  -67.450  -33.679 0.6000000238
7645  -25.141  -67.582  -33.324 0.6000000238
115363  -26.450  -67.175  -34.288 0.6000000238
7618  -22.093  -67.389  -32.173 0.6000000238
7633  -22.716  -67.355  -32.585 0.6000000238
7635  -24.556  -67.590  -32.562 0.6000000238
7646  -26.127  -67.335  -33.175 0.6000000238
7615  -18.982  -67.416  -32.456 0.6000000238
7617  -21.081  -67.385  -32.480 0.6000000238
116566  -22.991  -67.576  -31.343 0.5000000000
7619  -23.827  -67.591  -31.948 0.6000000238
7636  -25.541  -67.455  -32.298 0.6000000238
116567  -21.852  -67.463  -31.352 0.5000000000
120533  -17.544  -67.961  -30.412 0.6999999881
126812  -19.348  -67.210  -30.916 0.6999999881
118930  -24.077  -67.715  -30.968 0.5000000000
7600  -22.532  -67.574  -30.423 0.6000000238
10958  -16.413  -62.335  -31.421 0.6000000238
10944  -16.226  -62.253  -30.613 0.6000000238
10942  -14.623  -62.689  -30.278 0.6000000238
6378  -24.866  -70.095  -33.424 0.5000000000
6390  -24.412  -69.201  -34.379 0.5000000000
125320  -25.408  -69.783  -33.852 0.5000000000
127440  -26.078  -71.577  -34.165 0.5000000000
4935  -25.839  -72.145  -34.664 0.4000000060
6972  -22.485  -68.234  -36.193 0.5000000000
6962  -23.238  -68.506  -35.954 0.5000000000
6984  -23.291  -67.982  -37.322 0.5000000000
5406  -26.663  -71.777  -34.541 0.4000000060
4937  -27.343  -72.011  -34.993 0.4000000060
6973  -22.806  -68.113  -36.847 0.5000000000
7001  -23.382  -67.863  -37.296 0.5000000000
4970  -25.786  -72.897  -36.298 0.4000000060
122113  -27.242  -72.518  -35.516 0.4000000060
7652  -23.447  -67.440  -35.579 0.5000000000
112063  -23.568  -67.486  -36.389 0.5000000000
7658  -23.316  -67.669  -37.005 0.5000000000
4461  -26.695  -72.843  -35.996 0.4000000060
7653  -24.523  -67.429  -35.483 0.6000000238
113385  -25.509  -67.487  -34.304 0.6000000238
7654  -25.657  -67.330  -35.643 0.5000000000
111537  -26.905  -66.722  -33.530 0.4000000060
122085  -27.115  -66.644  -34.300 0.4000000060
8278  -27.560  -66.215  -34.845 0.4000000060
7622  -26.148  -67.199  -32.228 0.6000000238
8265  -26.631  -66.706  -32.654 0.6000000238
8919  -27.173  -65.997  -33.068 0.5000000000
8920  -27.572  -66.130  -33.889 0.4000000060
8927  -27.920  -65.329  -34.396 0.4000000060
6913  -17.600  -68.503  -29.368 0.6999999881
7620  -24.929  -67.600  -31.378 0.6000000238
8912  -26.657  -65.792  -32.345 0.5000000000
120018  -27.390  -65.093  -33.518 0.4000000060
111270  -19.549  -67.239  -30.182 0.6000000238
7601  -23.629  -67.682  -30.134 0.5000000000
7602  -24.652  -67.536  -30.280 0.5000000000
8258  -26.285  -66.613  -31.694 0.5000000000
109573  -26.537  -64.954  -32.263 0.5000000000
9591  -27.128  -64.304  -33.281 0.4000000060
131102  -27.457  -63.903  -33.565 0.4000000060
7598  -20.333  -67.343  -30.485 0.6000000238
7603  -25.382  -67.284  -30.585 0.5000000000
11665  -17.895  -61.785  -32.038 0.6999999881
10945  -16.939  -61.976  -30.838 0.6000000238
11633  -18.540  -61.501  -30.518 0.6999999881
11631  -16.726  -61.926  -29.976 0.6000000238
11634  -19.416  -61.409  -30.304 0.6000000238
111581  -15.978  -62.253  -29.765 0.6000000238
11598  -18.147  -61.743  -29.004 0.6000000238
11618  -18.795  -61.526  -29.634 0.6000000238
11619  -19.654  -61.491  -29.509 0.6000000238
11602  -21.166  -61.449  -28.348 0.6000000238
10928  -14.430  -62.797  -29.454 0.5000000000
10908  -17.357  -62.251  -28.427 0.6000000238
10909  -18.422  -62.240  -28.262 0.6000000238
11599  -19.037  -61.777  -28.863 0.6000000238
11600  -19.927  -61.769  -28.778 0.6000000238
5862  -26.421  -70.599  -33.979 0.5000000000
10212  -15.153  -63.134  -28.152 0.5000000000
124507  -15.622  -62.714  -28.376 0.5000000000
10910  -19.364  -62.263  -28.231 0.5000000000
10911  -20.253  -62.240  -28.172 0.5000000000
6963  -24.527  -68.745  -35.672 0.5000000000
5399  -26.628  -71.202  -34.172 0.5000000000
10884  -15.958  -63.000  -27.822 0.5000000000
10885  -16.877  -62.868  -27.735 0.5000000000
10888  -19.754  -62.885  -27.783 0.5000000000
10889  -20.613  -62.887  -27.787 0.5000000000
6975  -24.587  -68.464  -36.847 0.5000000000
5407  -27.381  -71.373  -34.515 0.4000000060
113145  -28.167  -70.924  -34.537 0.4000000060
5408  -28.923  -71.251  -34.920 0.4000000060
10191  -15.482  -63.770  -27.601 0.5000000000
10193  -17.387  -63.469  -27.372 0.5000000000
10886  -17.856  -62.811  -27.671 0.6000000238
10196  -20.167  -63.640  -27.524 0.6000000238
4938  -28.112  -71.662  -34.941 0.4000000060
9519  -17.577  -64.688  -27.406 0.6000000238
125791  -17.739  -64.071  -27.229 0.6000000238
10194  -18.335  -63.620  -27.307 0.6999999881
7659  -24.195  -67.427  -36.786 0.4000000060
7660  -25.050  -67.356  -37.120 0.5000000000
118567  -15.758  -66.949  -27.676 0.6000000238
8285  -27.145  -66.360  -35.993 0.4000000060
7552  -16.578  -67.648  -27.859 0.6000000238
8277  -26.797  -66.836  -35.203 0.4000000060
7553  -17.190  -68.003  -28.288 0.6000000238
7569  -17.386  -67.099  -28.601 0.6000000238
8934  -27.755  -65.428  -35.695 0.4000000060
8241  -19.224  -66.909  -29.499 0.6000000238
7584  -17.779  -67.502  -29.730 0.6999999881
7587  -21.235  -67.436  -29.516 0.6000000238
126093  -22.780  -67.644  -29.111 0.6000000238
112355  -22.943  -67.638  -29.682 0.5000000000
11649  -18.622  -61.557  -31.468 0.6999999881
122198  -19.238  -61.467  -31.014 0.6999999881
116122  -19.999  -61.428  -30.963 0.6000000238
11635  -20.235  -61.305  -30.191 0.6000000238
11636  -20.935  -61.051  -30.097 0.6000000238
11621  -21.168  -61.064  -29.177 0.6000000238
12329  -21.519  -60.901  -28.351 0.6999999881
11580  -21.596  -61.503  -27.768 0.6000000238
10912  -21.072  -62.123  -27.932 0.6000000238
6964  -25.777  -68.801  -35.653 0.5000000000
6392  -26.518  -69.353  -34.560 0.5000000000
6379  -26.125  -69.893  -33.996 0.5000000000
6380  -26.817  -70.003  -34.161 0.5000000000
119873  -21.818  -62.224  -27.462 0.6000000238
11581  -22.253  -61.548  -27.237 0.5000000000
6965  -27.029  -68.869  -35.250 0.5000000000
126382  -27.318  -70.580  -34.270 0.5000000000
121323  -21.025  -63.658  -27.541 0.6000000238
10891  -22.637  -62.435  -27.041 0.5000000000
6985  -23.893  -68.094  -37.497 0.5000000000
8210  -15.951  -65.955  -27.784 0.6000000238
131161  -16.377  -65.467  -27.703 0.4000000060
8853  -16.764  -64.976  -27.540 0.6000000238
112007  -19.958  -65.070  -27.262 0.6000000238
9522  -20.580  -64.538  -27.320 0.6000000238
130568  -21.834  -63.614  -27.341 0.6000000238
7669  -24.481  -67.642  -37.552 0.4000000060
7003  -24.268  -67.937  -37.626 0.4000000060
8211  -16.845  -65.745  -27.979 0.5000000000
8854  -17.389  -65.258  -27.717 0.5000000000
8855  -18.104  -65.210  -27.587 0.6000000238
112535  -19.108  -65.171  -27.368 0.6999999881
8856  -20.552  -65.446  -27.297 0.6000000238
128034  -21.180  -65.120  -27.199 0.6000000238
130150  -21.487  -64.398  -27.282 0.6000000238
7568  -16.628  -66.540  -28.052 0.6000000238
8212  -18.528  -65.800  -28.001 0.6000000238
131928  -19.899  -65.601  -27.446 0.6000000238
8857  -21.347  -66.003  -27.198 0.6000000238
9524  -22.897  -65.109  -27.050 0.6000000238
111938  -23.046  -64.311  -27.076 0.6000000238
8284  -26.227  -66.968  -36.556 0.4000000060
8229  -17.411  -66.300  -28.500 0.5000000000
8874  -17.649  -65.761  -28.164 0.6000000238
8213  -19.476  -66.003  -27.819 0.6000000238
8215  -22.000  -66.719  -27.436 0.6000000238
8859  -23.333  -65.955  -27.211 0.6000000238
7570  -17.957  -66.825  -29.263 0.6000000238
8230  -18.070  -66.245  -28.824 0.6000000238
8232  -20.038  -66.710  -28.428 0.6000000238
8214  -21.089  -66.761  -27.776 0.6000000238
7572  -21.057  -67.250  -28.554 0.6000000238
7571  -20.236  -67.236  -29.422 0.6000000238
7590  -24.348  -67.526  -29.337 0.5000000000
7591  -25.063  -67.261  -29.625 0.5000000000
11666  -18.759  -61.614  -32.404 0.6999999881
11650  -19.581  -61.484  -31.793 0.6999999881
11685  -19.799  -61.781  -33.525 0.6999999881
11668  -21.113  -61.424  -32.400 0.6999999881
113423  -20.295  -61.495  -32.338 0.6999999881
111561  -20.806  -61.290  -30.877 0.6999999881
12347  -21.664  -60.297  -29.036 0.6000000238
13094  -22.679  -59.153  -27.799 0.5000000000
12330  -21.852  -60.241  -28.234 0.6999999881
114632  -22.298  -59.953  -27.667 0.5000000000
122877  -21.972  -60.785  -27.626 0.5000000000
130795  -22.831  -60.726  -26.995 0.5000000000
6976  -26.445  -68.657  -36.448 0.4000000060
6966  -27.827  -68.960  -35.070 0.5000000000
6394  -28.497  -69.036  -35.439 0.5000000000
126043  -28.200  -69.404  -34.782 0.5000000000
6395  -28.863  -69.679  -34.982 0.4000000060
6986  -24.730  -68.175  -37.661 0.4000000060
6977  -27.666  -68.701  -36.111 0.4000000060
113057  -22.733  -63.504  -27.087 0.6000000238
10184  -23.488  -62.962  -26.909 0.6000000238
113216  -23.642  -65.295  -27.303 0.6000000238
109662  -23.727  -63.926  -27.142 0.6000000238
7555  -22.555  -67.216  -27.898 0.6000000238
8217  -23.767  -66.597  -27.668 0.6000000238
124631  -24.492  -63.900  -27.485 0.6000000238
7554  -21.743  -67.178  -27.976 0.6000000238
8860  -24.062  -65.834  -27.606 0.5000000000
7574  -23.088  -67.492  -28.525 0.6000000238
7557  -24.131  -67.107  -28.153 0.5000000000
7576  -24.683  -67.141  -28.716 0.5000000000
11702  -20.602  -62.144  -34.325 0.6999999881
113054  -21.759  -61.507  -33.332 0.6999999881
11669  -21.952  -61.185  -32.522 0.6999999881
11652  -21.348  -61.230  -31.641 0.6999999881
12373  -21.970  -60.414  -31.071 0.6000000238
12356  -21.458  -60.971  -30.904 0.6999999881
129332  -21.956  -59.792  -29.650 0.4000000060
11703  -21.807  -62.143  -35.001 0.6999999881
127129  -21.457  -61.821  -34.037 0.6999999881
123280  -22.315  -60.364  -31.907 0.6000000238
13112  -22.207  -59.427  -28.746 0.5000000000
11030  -21.607  -62.461  -37.219 0.6999999881
11001  -21.924  -62.251  -36.223 0.6999999881
11734  -21.414  -61.927  -37.511 0.6999999881
125517  -23.171  -59.082  -27.347 0.5000000000
11718  -21.109  -61.379  -36.909 0.6000000238
12428  -20.298  -60.743  -35.598 0.6000000238
12427  -19.162  -60.741  -35.177 0.6000000238
12403  -18.857  -59.522  -33.976 0.5000000000
13887  -19.207  -59.073  -34.117 0.5000000000
6405  -29.394  -69.345  -35.851 0.4000000060
9527  -25.013  -64.176  -28.066 0.6000000238
13126  -22.131  -59.780  -30.486 0.5000000000
11686  -22.587  -61.646  -34.504 0.6000000238
11670  -22.737  -61.204  -33.580 0.6000000238
12387  -22.546  -60.739  -32.698 0.6000000238
13158  -22.402  -59.757  -31.429 0.6000000238
13127  -22.354  -59.203  -29.911 0.5000000000
13824  -22.699  -58.511  -28.516 0.5000000000
11720  -22.149  -61.734  -36.557 0.6999999881
115792  -23.386  -61.345  -35.274 0.6000000238
11687  -23.590  -61.174  -34.690 0.6000000238
13168  -22.850  -59.904  -32.596 0.6000000238
118336  -23.120  -59.087  -32.760 0.6000000238
13815  -23.845  -57.920  -27.255 0.5000000000
11719  -22.001  -61.616  -37.028 0.6999999881
11721  -23.114  -61.211  -35.626 0.6000000238
13197  -23.798  -60.450  -35.336 0.6000000238
131347  -23.612  -59.753  -34.232 0.6000000238
13879  -22.974  -58.424  -32.875 0.6000000238
12429  -21.521  -60.884  -35.991 0.6000000238
12431  -23.525  -60.725  -35.559 0.6000000238
120452  -23.096  -59.508  -35.460 0.6000000238
13888  -23.225  -58.946  -33.918 0.6000000238
12419  -21.654  -60.283  -35.625 0.6000000238
13195  -21.444  -59.641  -35.755 0.6000000238
13902  -22.601  -59.078  -35.846 0.6000000238
13895  -22.904  -58.785  -35.160 0.6000000238
12418  -20.591  -60.186  -35.135 0.5000000000
13186  -19.834  -59.642  -34.594 0.5000000000
13909  -22.331  -58.355  -36.341 0.6000000238
14612  -22.650  -57.756  -35.798 0.6000000238
6978  -28.748  -68.936  -36.628 0.4000000060
13886  -18.516  -58.844  -33.566 0.5000000000
13894  -20.413  -59.296  -35.397 0.5000000000
13908  -21.821  -57.976  -36.641 0.6000000238
14611  -22.554  -57.111  -36.099 0.6000000238
13892  -18.890  -58.387  -34.535 0.5000000000
14599  -19.188  -58.035  -35.642 0.5000000000
13900  -20.003  -58.399  -36.098 0.4000000060
14610  -20.769  -57.666  -36.559 0.5000000000
14619  -22.126  -57.173  -36.390 0.6000000238
13852  -22.476  -58.527  -30.259 0.6000000238
118240  -22.721  -57.940  -29.134 0.5000000000
120581  -22.964  -57.756  -28.350 0.5000000000
13868  -22.529  -58.444  -31.130 0.6000000238
126843  -22.488  -58.064  -29.785 0.5000000000
14530  -23.330  -57.600  -27.765 0.5000000000
14580  -22.440  -57.730  -31.499 0.6999999881
15317  -22.048  -56.786  -30.117 0.6999999881
14586  -22.571  -57.770  -32.444 0.6999999881
14594  -22.680  -57.857  -33.476 0.6000000238
14579  -22.022  -57.041  -32.012 0.6999999881
14593  -22.252  -57.061  -34.275 0.6000000238
14585  -22.112  -57.077  -33.041 0.6999999881
14600  -22.451  -56.997  -35.555 0.6000000238
15344  -21.734  -56.350  -33.709 0.6999999881
14597  -17.499  -57.227  -35.414 0.5000000000
14598  -18.389  -57.622  -35.324 0.5000000000
119720  -21.438  -56.710  -36.304 0.6000000238
15353  -22.124  -56.151  -35.144 0.6000000238
14607  -18.074  -57.079  -35.694 0.5000000000
112617  -20.120  -56.922  -36.215 0.4000000060
110025  -21.809  -55.778  -35.830 0.5000000000
14545  -23.151  -56.899  -28.165 0.5000000000
14544  -22.755  -57.188  -28.913 0.5000000000
14566  -22.350  -57.702  -30.470 0.6000000238
16026  -22.572  -55.725  -29.172 0.5000000000
16014  -23.003  -55.155  -28.543 0.5000000000
15326  -22.142  -56.897  -31.051 0.6999999881
15325  -21.614  -56.238  -31.597 0.6999999881
16056  -21.308  -55.672  -33.238 0.6999999881
16047  -21.147  -55.565  -32.173 0.6000000238
15362  -22.319  -56.396  -36.006 0.6000000238
114405  -21.675  -55.712  -34.253 0.6000000238
15359  -18.423  -56.472  -35.750 0.5000000000
15361  -20.702  -56.026  -35.820 0.4000000060
126876  -21.983  -55.721  -35.633 0.6000000238
16074  -19.959  -55.386  -35.550 0.4000000060
15360  -19.466  -56.280  -35.774 0.4000000060
16075  -21.228  -55.048  -35.639 0.5000000000
16076  -21.732  -54.960  -35.322 0.5000000000
15304  -21.944  -55.944  -29.881 0.6000000238
120413  -22.555  -54.883  -29.159 0.5000000000
16025  -21.999  -55.013  -29.845 0.6000000238
16036  -21.663  -55.392  -30.444 0.6000000238
16761  -21.465  -54.629  -30.732 0.6000000238
17554  -22.277  -53.602  -30.080 0.5000000000
16772  -21.111  -54.712  -31.724 0.6000000238
110039  -21.171  -54.742  -32.932 0.6999999881
111198  -21.149  -54.073  -32.254 0.5000000000
16065  -21.915  -55.285  -35.129 0.6000000238
16793  -21.933  -54.515  -35.000 0.5000000000
16803  -21.487  -54.159  -35.511 0.4000000060
16804  -21.906  -54.008  -35.187 0.5000000000
19244  -16.984  -51.105  -31.825 0.4000000060
20976  -16.933  -49.842  -32.496 0.3000000119
20980  -17.106  -49.757  -33.151 0.4000000060
17522  -23.379  -53.448  -28.708 0.5000000000
19252  -17.751  -51.380  -33.064 0.3000000119
121125  -17.543  -49.761  -33.779 0.4000000060
17553  -21.708  -53.801  -30.656 0.5000000000
17537  -22.851  -53.528  -29.403 0.5000000000
18391  -18.166  -52.241  -33.433 0.3000000119
20102  -17.649  -50.526  -33.558 0.4000000060
130107  -21.616  -53.390  -31.018 0.5000000000
18398  -18.656  -52.506  -34.367 0.3000000119
17581  -21.378  -53.308  -32.285 0.6000000238
16783  -21.596  -54.232  -34.137 0.6999999881
109960  -21.347  -53.784  -33.166 0.6000000238
17597  -22.056  -53.361  -35.092 0.5000000000
17588  -21.798  -53.464  -34.262 0.5000000000
19253  -21.994  -51.950  -33.431 0.4000000060
20953  -17.375  -50.223  -31.086 0.3000000119
20971  -16.986  -49.608  -32.012 0.3000000119
126087  -17.001  -49.115  -32.858 0.3000000119
20981  -17.208  -49.116  -33.542 0.3000000119
112132  -22.691  -52.644  -29.959 0.5000000000
19260  -18.335  -51.472  -34.213 0.4000000060
20987  -17.857  -49.378  -34.170 0.4000000060
130860  -22.550  -51.940  -30.249 0.5000000000
19261  -18.873  -51.320  -35.310 0.4000000060
20110  -19.194  -50.633  -35.631 0.4000000060
116075  -21.661  -52.852  -31.428 0.5000000000
18378  -22.157  -52.142  -30.757 0.5000000000
126055  -18.829  -52.003  -35.034 0.4000000060
19237  -21.904  -51.890  -31.636 0.5000000000
18392  -21.658  -52.919  -33.313 0.5000000000
18387  -21.696  -52.420  -32.384 0.5000000000
17602  -20.835  -53.469  -35.646 0.3000000119
18406  -21.877  -52.694  -35.357 0.4000000060
131483  -22.171  -51.805  -34.487 0.4000000060
19246  -21.968  -51.657  -32.429 0.4000000060
20954  -18.168  -49.719  -30.484 0.3000000119
21869  -17.156  -48.886  -32.266 0.3000000119
22736  -17.312  -47.562  -33.573 0.4000000060
21887  -17.345  -48.087  -33.783 0.4000000060
18329  -24.483  -51.971  -27.843 0.4000000060
21888  -17.894  -48.520  -34.242 0.4000000060
19190  -24.264  -51.252  -28.321 0.4000000060
20988  -18.748  -49.941  -34.935 0.4000000060
21889  -19.200  -48.776  -35.086 0.4000000060
19206  -22.901  -51.689  -29.821 0.4000000060
127911  -22.182  -51.400  -31.110 0.5000000000
19269  -20.759  -51.228  -36.387 0.3000000119
19263  -22.341  -51.180  -35.143 0.3000000119
20972  -17.527  -49.312  -31.389 0.3000000119
22720  -17.322  -48.203  -32.465 0.3000000119
22729  -17.192  -47.885  -33.164 0.3000000119
22737  -17.316  -46.548  -33.871 0.4000000060
116702  -17.623  -46.492  -34.284 0.4000000060
23623  -18.300  -46.051  -34.757 0.3000000119
22746  -18.515  -47.074  -34.654 0.4000000060
19167  -24.961  -51.334  -27.725 0.4000000060
20022  -27.101  -50.332  -27.414 0.4000000060
117851  -18.592  -47.962  -34.620 0.4000000060
19207  -23.531  -51.240  -29.149 0.4000000060
20997  -19.594  -49.788  -35.771 0.3000000119
19218  -22.511  -51.324  -30.441 0.4000000060
19268  -19.700  -51.311  -36.034 0.3000000119
20998  -20.856  -49.778  -36.773 0.3000000119
121333  -21.592  -50.805  -36.483 0.3000000119
19247  -22.205  -51.076  -32.987 0.4000000060
22708  -18.551  -48.107  -30.933 0.3000000119
22730  -17.305  -47.133  -33.382 0.4000000060
23613  -17.340  -45.835  -33.991 0.4000000060
23622  -17.581  -45.831  -34.318 0.4000000060
20023  -27.972  -50.436  -27.410 0.4000000060
115285  -26.219  -50.197  -27.585 0.4000000060
114202  -19.723  -46.709  -35.283 0.4000000060
20044  -24.780  -50.576  -28.126 0.4000000060
22751  -19.890  -47.887  -35.411 0.4000000060
20043  -24.015  -50.453  -28.718 0.4000000060
21896  -20.411  -48.924  -36.214 0.3000000119
20060  -23.403  -50.280  -29.385 0.4000000060
20999  -21.844  -49.706  -37.197 0.3000000119
120115  -22.626  -50.587  -30.379 0.5000000000
20116  -21.232  -50.368  -36.795 0.3000000119
21000  -22.842  -49.257  -37.341 0.3000000119
20076  -22.583  -50.011  -30.733 0.5000000000
20103  -22.616  -50.474  -34.666 0.3000000119
22722  -18.732  -47.302  -31.287 0.3000000119
24572  -18.240  -45.025  -34.836 0.3000000119
23633  -19.361  -45.598  -35.295 0.3000000119
20900  -27.735  -49.553  -27.428 0.4000000060
20045  -25.404  -49.965  -27.978 0.4000000060
20899  -26.793  -49.554  -27.504 0.3000000119
22752  -21.170  -47.282  -36.353 0.3000000119
20922  -23.854  -49.755  -29.015 0.4000000060
126832  -22.675  -48.566  -37.443 0.3000000119
21012  -23.178  -48.606  -37.211 0.3000000119
20956  -22.873  -49.327  -30.418 0.4000000060
117465  -23.078  -49.700  -36.567 0.3000000119
114836  -22.863  -49.107  -34.334 0.3000000119
120867  -22.636  -49.847  -33.952 0.3000000119
20977  -22.509  -49.310  -32.148 0.3000000119
24579  -20.416  -45.104  -35.682 0.3000000119
23634  -20.812  -46.154  -35.807 0.3000000119
119358  -26.538  -48.864  -27.619 0.3000000119
20924  -25.269  -49.092  -28.223 0.4000000060
21804  -25.934  -48.772  -27.887 0.4000000060
21898  -22.799  -48.027  -37.120 0.3000000119
20938  -24.134  -49.036  -29.019 0.4000000060
129279  -24.655  -49.049  -28.607 0.4000000060
110221  -23.392  -49.028  -36.593 0.3000000119
20989  -23.073  -49.619  -35.427 0.3000000119
20973  -22.629  -49.335  -31.234 0.3000000119
20982  -22.627  -49.211  -33.199 0.3000000119
125315  -22.752  -46.734  -35.920 0.3000000119
21899  -23.141  -48.104  -36.332 0.3000000119
21824  -24.775  -48.422  -28.739 0.3000000119
21826  -26.066  -47.553  -28.195 0.3000000119
21890  -23.155  -48.650  -35.341 0.3000000119
21859  -23.276  -48.525  -30.250 0.3000000119
21858  -22.891  -48.737  -30.937 0.3000000119
23625  -23.249  -45.744  -34.753 0.3000000119
24566  -23.513  -45.092  -34.068 0.3000000119
111668  -23.112  -47.670  -34.891 0.3000000119
21839  -24.195  -48.355  -29.295 0.3000000119
23614  -23.234  -46.660  -34.501 0.3000000119
23615  -23.438  -45.962  -33.761 0.3000000119
19254  -22.341  -51.197  -34.045 0.4000000060
19271  -22.160  -50.829  -36.044 0.3000000119
20111  -22.684  -50.339  -35.823 0.3000000119
3557  -19.426  -75.458  -38.749 0.5000000000
112045  -19.205  -75.882  -37.826 0.5000000000
3498  -21.124  -75.138  -34.863 0.5000000000
4516  -19.024  -71.916  -41.339 0.6999999881
4988  -20.986  -72.513  -41.219 0.6999999881
111810  -17.520  -72.022  -41.356 0.6999999881
3510  -20.453  -75.506  -35.291 0.4000000060
4978  -17.233  -71.684  -40.770 0.6999999881
3543  -21.887  -75.305  -37.510 0.5000000000
3898  -25.141  -74.804  -30.732 0.3000000119
3544  -22.725  -75.094  -37.549 0.5000000000
4030  -23.859  -74.789  -39.242 0.3000000119
4471  -22.533  -73.027  -37.383 0.6000000238
4930  -20.151  -72.457  -34.415 0.6000000238
4974  -19.151  -72.173  -38.553 0.6999999881
2715  -24.836  -77.053  -26.830 0.3000000119
130456  -18.484  -72.614  -35.694 0.6000000238
4486  -18.245  -72.249  -38.695 0.6999999881
4028  -21.523  -74.554  -40.108 0.5000000000
3542  -21.221  -75.437  -37.823 0.6000000238
126521  -19.889  -75.707  -37.875 0.5000000000
120065  -17.856  -72.652  -38.152 0.6000000238
4459  -17.958  -73.066  -35.186 0.5000000000
4010  -15.610  -73.266  -38.411 0.5000000000
3464  -25.764  -75.003  -31.290 0.3000000119
4912  -18.098  -72.767  -33.329 0.6000000238
3995  -15.299  -73.813  -37.463 0.5000000000
113571  -26.087  -74.892  -36.390 0.3000000119
4048  -22.264  -73.451  -41.151 0.5000000000
120474  -25.447  -74.699  -32.105 0.3000000119
4968  -24.014  -73.141  -36.528 0.4000000060
124621  -20.488  -68.457  -33.500 0.6000000238
123699  -17.732  -68.348  -31.602 0.6999999881
6940  -18.503  -67.713  -32.474 0.6000000238
116568  -20.758  -67.377  -31.444 0.6000000238
110049  -21.172  -68.192  -34.753 0.6000000238
4952  -26.007  -72.521  -35.502 0.4000000060
7651  -22.419  -67.616  -35.606 0.6000000238
111167  -22.901  -67.714  -36.545 0.5000000000
129078  -22.236  -67.330  -33.805 0.6000000238
126395  -17.512  -67.919  -28.859 0.6000000238
7585  -18.190  -67.241  -30.247 0.6999999881
10931  -17.357  -61.798  -29.389 0.6000000238
6391  -25.534  -69.265  -34.548 0.4000000060
7621  -25.792  -67.262  -31.453 0.4000000060
6895  -17.014  -68.659  -27.889 0.6000000238
128757  -17.929  -61.574  -30.386 0.6000000238
10887  -18.828  -62.858  -27.687 0.6000000238
6393  -27.462  -69.557  -34.522 0.5000000000
10192  -16.474  -63.542  -27.449 0.5000000000
10890  -21.396  -62.899  -27.606 0.6000000238
9518  -16.171  -64.360  -27.404 0.4000000060
7681  -25.250  -67.637  -38.171 0.5000000000
116241  -20.387  -66.156  -27.583 0.6000000238
8231  -18.902  -66.341  -28.750 0.5000000000
11717  -19.722  -61.442  -36.499 0.6000000238
112990  -22.753  -59.107  -31.781 0.5000000000
12405  -23.972  -60.775  -34.884 0.6000000238
13179  -23.413  -59.777  -33.639 0.6000000238
13196  -22.608  -59.947  -35.672 0.6000000238
126930  -18.011  -57.977  -34.194 0.5000000000
132316  -22.832  -56.481  -28.832 0.5000000000
14608  -18.955  -57.170  -35.924 0.5000000000
19245  -17.213  -51.490  -32.259 0.3000000119
16740  -22.422  -54.254  -29.560 0.5000000000
17603  -21.722  -53.385  -35.432 0.3000000119
18328  -23.644  -52.723  -28.621 0.4000000060
18347  -23.329  -52.202  -29.255 0.4000000060
111656  -21.292  -52.016  -35.818 0.3000000119
20092  -22.200  -50.993  -31.894 0.5000000000
20020  -25.563  -50.768  -27.660 0.4000000060
22721  -17.869  -47.752  -31.852 0.3000000119
21897  -21.744  -48.922  -37.284 0.3000000119
20937  -22.862  -50.050  -29.996 0.4000000060
20098  -22.370  -50.137  -32.725 0.3000000119
114569  -22.067  -48.071  -37.139 0.3000000119
20093  -22.393  -50.075  -31.590 0.4000000060
23600  -19.123  -46.448  -31.588 0.3000000119
22753  -22.206  -47.492  -36.799 0.3000000119
125917  -23.401  -49.369  -29.630 0.4000000060
22747  -22.978  -47.123  -35.621 0.3000000119
3484  -12.143  -74.985  -33.546 0.5000000000
112029  -12.749  -74.472  -34.472 0.5000000000
3957  -13.586  -74.400  -34.959 0.5000000000
3461  -12.241  -75.112  -31.627 0.5000000000
3936  -12.618  -74.769  -33.157 0.5000000000
120403  -13.430  -74.455  -33.949 0.5000000000
3905  -12.796  -74.773  -31.965 0.4000000060
3921  -13.017  -74.645  -32.583 0.5000000000
3958  -14.457  -74.513  -34.061 0.5000000000
3959  -15.123  -74.629  -35.033 0.4000000060
3906  -13.590  -74.446  -31.879 0.5000000000
126425  -14.490  -74.456  -32.783 0.5000000000
3938  -14.048  -74.435  -33.315 0.5000000000
118806  -14.454  -74.376  -32.149 0.5000000000
3939  -14.977  -74.557  -33.292 0.5000000000
3923  -15.274  -74.561  -32.550 0.5000000000
119711  -15.997  -74.781  -33.143 0.5000000000
126028  -16.178  -74.702  -34.522 0.4000000060
3907  -14.349  -74.254  -31.382 0.5000000000
3908  -15.421  -74.456  -31.630 0.5000000000
3940  -16.581  -74.682  -33.804 0.5000000000
4409  -14.599  -73.241  -28.432 0.5000000000
3889  -14.126  -74.007  -30.669 0.5000000000
4417  -14.691  -73.836  -29.926 0.5000000000
113018  -14.986  -74.159  -30.766 0.5000000000
125910  -15.511  -74.095  -30.175 0.5000000000
3909  -16.682  -74.481  -31.519 0.5000000000
3891  -17.098  -74.197  -30.738 0.5000000000
3924  -16.341  -74.670  -32.337 0.5000000000
122299  -17.024  -74.608  -33.029 0.5000000000
4410  -15.669  -73.257  -28.606 0.5000000000
4866  -16.358  -71.802  -27.719 0.5000000000
4419  -16.578  -73.606  -29.260 0.5000000000
4411  -16.833  -73.078  -28.557 0.5000000000
4875  -17.073  -72.324  -28.200 0.5000000000
4426  -17.318  -73.698  -30.015 0.5000000000
4420  -17.485  -73.186  -29.338 0.5000000000
3910  -17.548  -74.003  -31.551 0.5000000000
112155  -17.821  -73.372  -30.945 0.5000000000
4435  -17.711  -73.636  -33.000 0.5000000000
6298  -16.673  -69.356  -27.679 0.5000000000
6299  -17.273  -69.456  -28.043 0.6000000238
5330  -17.285  -71.419  -28.139 0.5000000000
128874  -17.852  -71.864  -28.790 0.5000000000
118055  -17.939  -70.283  -29.072 0.5000000000
4882  -18.024  -72.293  -29.726 0.5000000000
5824  -18.105  -71.084  -29.642 0.5000000000
4890  -17.940  -72.394  -31.684 0.5000000000
4886  -17.970  -72.343  -30.832 0.5000000000
117002  -17.738  -73.612  -32.227 0.5000000000
7551  -15.589  -67.875  -27.564 0.5000000000
6894  -16.233  -68.576  -27.596 0.5000000000
6310  -17.632  -69.505  -28.686 0.6000000238
10972  -15.564  -63.049  -32.715 0.5000000000
117195  -15.806  -62.702  -31.929 0.6000000238
10262  -15.421  -63.414  -33.545 0.5000000000
130210  -16.149  -62.729  -32.625 0.5000000000
126534  -16.560  -62.447  -32.193 0.6000000238
10974  -17.227  -62.221  -32.540 0.6000000238
130629  -16.672  -62.703  -33.372 0.5000000000
110565  -17.189  -62.473  -33.398 0.6000000238
10986  -17.893  -62.413  -33.980 0.5000000000
11683  -18.023  -61.935  -33.074 0.6000000238
11684  -18.990  -61.769  -33.285 0.6000000238
10998  -18.776  -62.715  -34.728 0.5000000000
10988  -19.430  -62.183  -34.115 0.6000000238
11667  -19.639  -61.586  -32.755 0.6000000238
110187  -19.357  -63.174  -35.816 0.5000000000
10999  -20.096  -62.778  -35.291 0.5000000000
10300  -20.475  -63.092  -37.852 0.5000000000
11742  -20.411  -62.765  -37.863 0.6000000238
11716  -17.826  -61.366  -35.900 0.6000000238
109743  -18.605  -61.740  -36.854 0.5000000000
11014  -21.101  -62.807  -36.498 0.6000000238
11733  -20.674  -61.999  -37.608 0.5000000000
12426  -18.172  -60.787  -35.012 0.6000000238
128342  -18.659  -61.240  -35.804 0.6000000238
12417  -19.564  -60.201  -34.630 0.6000000238
3931  -25.923  -74.771  -32.847 0.3000000119
3488  -27.187  -75.363  -34.032 0.3000000119
3967  -25.606  -74.662  -34.392 0.3000000119
3500  -28.232  -76.173  -34.597 0.3000000119
3985  -25.681  -74.721  -35.328 0.3000000119
3947  -25.364  -74.614  -33.474 0.3000000119
113496  -17.699  -70.146  -30.069 0.5000000000
10957  -15.793  -62.514  -31.144 0.5000000000
122612  -15.571  -74.688  -33.962 0.5000000000
131075  -14.936  -73.592  -29.099 0.5000000000
4873  -15.041  -72.666  -27.898 0.5000000000
4874  -16.068  -72.592  -27.967 0.5000000000
5819  -17.902  -71.038  -28.710 0.5000000000
3948  -26.271  -74.845  -33.677 0.3000000119
3513  -26.670  -75.018  -35.498 0.3000000119
3499  -27.445  -75.455  -34.999 0.3000000119
3968  -26.542  -74.931  -34.530 0.3000000119
21825  -25.597  -48.279  -28.217 0.3000000119
2408  -25.037  -78.160  -26.030 0.3000000119
2731  -26.531  -77.385  -28.477 0.3000000119
3165  -18.201  -76.433  -37.156 0.5000000000
3423  -24.591  -75.541  -28.488 0.3000000119
3440  -25.351  -75.468  -29.521 0.3000000119
3890  -16.021  -74.374  -30.771 0.5000000000
3912  -23.203  -74.385  -31.498 0.3000000119
3922  -13.785  -74.436  -32.653 0.5000000000
3925  -17.305  -74.339  -32.251 0.5000000000
3930  -25.174  -74.585  -32.773 0.3000000119
3937  -13.219  -74.543  -33.234 0.5000000000
3946  -24.561  -74.523  -33.199 0.3000000119
3962  -21.065  -75.032  -34.083 0.5000000000
4012  -17.407  -73.220  -37.734 0.6000000238
4042  -22.370  -74.146  -40.782 0.5000000000
4043  -23.277  -74.319  -40.737 0.4000000060
4050  -23.784  -73.854  -40.987 0.4000000060
4412  -17.557  -72.642  -28.836 0.5000000000
4418  -15.603  -73.781  -29.483 0.5000000000
4425  -16.386  -74.087  -30.015 0.5000000000
4429  -17.874  -73.219  -31.808 0.5000000000
4443  -17.838  -73.313  -33.779 0.5000000000
4469  -17.855  -72.946  -36.906 0.6000000238
4503  -25.968  -73.741  -39.497 0.4000000060
4504  -26.738  -74.204  -39.280 0.3000000119
4506  -15.031  -72.690  -40.529 0.5000000000
4508  -18.443  -71.908  -41.345 0.6999999881
4509  -19.221  -72.308  -41.310 0.6999999881
4512  -24.961  -73.761  -40.460 0.4000000060
4513  -25.624  -73.895  -40.199 0.3000000119
4517  -21.517  -73.023  -41.322 0.6999999881
4936  -26.629  -72.300  -35.159 0.4000000060
4953  -28.063  -72.488  -35.490 0.4000000060
4973  -18.520  -72.031  -39.090 0.6999999881
4979  -17.942  -71.634  -40.067 0.6999999881
4985  -19.715  -71.809  -40.665 0.6999999881
4989  -21.979  -72.808  -41.230 0.4000000060
5379  -23.659  -70.736  -32.816 0.5000000000
5391  -18.459  -72.238  -32.905 0.6999999881
5398  -25.862  -71.134  -33.808 0.5000000000
5853  -22.332  -70.426  -32.390 0.5000000000
5854  -23.090  -70.551  -32.643 0.5000000000
5867  -28.205  -70.094  -34.481 0.5000000000
6349  -18.178  -69.212  -31.369 0.6999999881
6903  -17.418  -68.717  -28.416 0.6000000238
6951  -20.747  -68.250  -34.193 0.6000000238
6952  -21.857  -68.484  -35.082 0.6000000238
6974  -23.544  -68.292  -36.939 0.5000000000
6983  -23.017  -67.934  -37.064 0.5000000000
7002  -23.622  -68.023  -37.432 0.4000000060
7556  -23.449  -67.173  -27.963 0.6000000238
7573  -22.088  -67.494  -28.688 0.6000000238
7575  -23.946  -67.428  -28.581 0.6000000238
7586  -18.735  -67.123  -30.506 0.6999999881
7588  -22.188  -67.547  -29.639 0.6000000238
7589  -23.506  -67.657  -29.175 0.5000000000
7595  -17.795  -67.580  -30.909 0.6999999881
7599  -21.502  -67.459  -30.458 0.6000000238
7613  -17.788  -67.574  -31.692 0.6999999881
7616  -20.044  -67.372  -32.422 0.6000000238
7630  -19.162  -67.761  -32.880 0.6000000238
7634  -23.394  -67.364  -33.123 0.6000000238
7668  -23.722  -67.764  -37.358 0.5000000000
8216  -22.941  -66.679  -27.411 0.6000000238
8233  -24.425  -66.511  -28.090 0.5000000000
8240  -18.469  -66.793  -29.546 0.6000000238
8858  -22.417  -65.991  -27.070 0.6000000238
9520  -18.311  -64.513  -27.282 0.6999999881
9521  -19.680  -64.391  -27.286 0.6000000238
9523  -21.943  -65.163  -27.079 0.6000000238
9525  -23.518  -64.687  -27.212 0.6000000238
9526  -24.276  -64.817  -27.622 0.6000000238
9590  -26.828  -65.016  -32.877 0.4000000060
10195  -19.282  -63.588  -27.412 0.6000000238
10264  -27.839  -63.521  -33.382 0.4000000060
10906  -15.021  -62.676  -28.812 0.5000000000
10907  -16.343  -62.535  -28.350 0.5000000000
10929  -15.183  -62.501  -29.590 0.5000000000
10930  -16.557  -62.107  -29.106 0.6000000238
10943  -15.463  -62.484  -30.439 0.6000000238
10956  -15.006  -62.775  -31.228 0.5000000000
10959  -17.125  -62.084  -31.683 0.6000000238
10973  -16.647  -62.569  -32.911 0.5000000000
10984  -16.179  -62.936  -33.347 0.5000000000
10985  -16.720  -62.856  -33.891 0.5000000000
10987  -18.579  -62.143  -33.818 0.5000000000
11000  -21.139  -62.484  -35.436 0.6999999881
11029  -20.879  -63.057  -37.615 0.5000000000
11041  -20.330  -63.059  -37.899 0.5000000000
11042  -20.795  -62.942  -37.885 0.5000000000
11601  -20.707  -61.656  -28.625 0.6000000238
11617  -18.020  -61.552  -29.817 0.6000000238
11620  -20.463  -61.360  -29.394 0.6000000238
11632  -17.442  -61.702  -30.228 0.6000000238
11648  -17.772  -61.706  -31.024 0.6999999881
11651  -20.555  -61.413  -31.637 0.6999999881
11704  -22.586  -61.659  -35.648 0.6999999881
11731  -17.597  -61.854  -37.030 0.5000000000
11735  -21.616  -62.134  -37.407 0.6999999881
11743  -21.092  -62.467  -37.705 0.6000000238
12346  -21.565  -60.460  -30.059 0.4000000060
12372  -21.952  -60.889  -31.765 0.6000000238
12404  -23.377  -60.612  -33.892 0.6000000238
12430  -22.546  -61.197  -35.899 0.6000000238
12432  -23.934  -60.921  -35.343 0.6000000238
13167  -17.858  -58.983  -32.968 0.5000000000
13180  -23.799  -60.307  -34.539 0.6000000238
13187  -20.760  -59.903  -35.115 0.5000000000
13188  -23.701  -59.868  -34.905 0.6000000238
13189  -23.998  -60.587  -35.116 0.6000000238
13200  -22.044  -58.870  -36.386 0.6000000238
13814  -23.134  -58.374  -27.698 0.5000000000
13838  -22.520  -58.605  -29.415 0.5000000000
13893  -19.610  -58.865  -34.900 0.4000000060
13901  -21.071  -58.661  -36.474 0.5000000000
13903  -22.693  -58.473  -35.945 0.6000000238
14555  -22.419  -57.408  -29.617 0.5000000000
14601  -22.587  -57.926  -34.700 0.6000000238
14609  -19.706  -57.674  -36.206 0.5000000000
15305  -22.414  -56.601  -29.419 0.5000000000
15316  -21.830  -56.072  -30.703 0.6000000238
15335  -21.511  -56.358  -32.598 0.6999999881
16042  -21.369  -55.423  -31.193 0.6000000238
16739  -21.939  -54.267  -30.170 0.5000000000
17569  -21.338  -53.824  -31.403 0.5000000000
18362  -22.008  -53.062  -30.645 0.5000000000
18386  -17.712  -52.055  -32.694 0.3000000119
18400  -22.052  -52.607  -34.531 0.4000000060
18405  -21.076  -52.736  -35.778 0.3000000119
19238  -22.372  -50.724  -30.990 0.5000000000
19262  -22.114  -51.974  -35.192 0.4000000060
19270  -21.745  -51.414  -35.902 0.3000000119
20021  -26.447  -51.112  -27.381 0.4000000060
20059  -22.943  -50.852  -29.856 0.4000000060
20097  -17.078  -50.589  -32.592 0.4000000060
20109  -18.312  -50.418  -34.532 0.4000000060
20115  -20.174  -50.583  -36.405 0.3000000119
20117  -22.317  -50.195  -36.815 0.3000000119
20898  -26.013  -49.410  -27.752 0.4000000060
20923  -24.566  -49.702  -28.503 0.4000000060
21870  -17.733  -48.526  -31.602 0.3000000119
21880  -17.212  -48.384  -33.384 0.4000000060
21881  -17.355  -48.660  -33.800 0.4000000060
22745  -17.543  -47.417  -34.080 0.4000000060
22754  -22.586  -47.274  -36.361 0.3000000119
23624  -22.998  -46.296  -35.495 0.3000000119
25429  -20.060  -44.155  -35.779 0.3000000119
111703  -22.336  -64.348  -27.162 0.6000000238
112548  -18.942  -64.264  -27.238 0.6000000238
115039  -17.030  -64.164  -27.312 0.6000000238
115712  -23.679  -57.062  -27.444 0.5000000000
116499  -21.536  -55.040  -34.132 0.6000000238
116515  -22.451  -59.120  -30.827 0.6000000238
116958  -22.772  -58.447  -32.053 0.6000000238
117018  -12.644  -74.639  -33.812 0.5000000000
117087  -17.416  -47.579  -32.687 0.3000000119
117697  -23.883  -51.981  -28.521 0.4000000060
117868  -27.634  -64.368  -33.903 0.4000000060
118159  -15.749  -62.391  -28.957 0.5000000000
118283  -21.088  -48.203  -36.626 0.3000000119
118547  -15.953  -65.156  -27.555 0.4000000060
118821  -14.364  -63.244  -28.700 0.5000000000
119108  -23.180  -74.396  -30.889 0.3000000119
120178  -22.437  -50.552  -33.628 0.4000000060
120416  -22.021  -53.906  -34.925 0.5000000000
120826  -13.711  -74.307  -31.153 0.5000000000
121690  -23.280  -59.993  -35.499 0.6000000238
123100  -17.450  -74.086  -35.280 0.5000000000
123818  -21.714  -67.351  -33.182 0.6000000238
124690  -19.630  -67.239  -31.616 0.6000000238
125367  -20.338  -67.535  -33.129 0.6000000238
125856  -26.114  -74.749  -34.894 0.3000000119
126098  -20.623  -61.633  -33.225 0.6999999881
126111  -22.899  -75.053  -36.628 0.4000000060
126411  -23.725  -45.476  -33.241 0.3000000119
126554  -17.874  -73.089  -30.116 0.5000000000
126890  -21.158  -62.624  -37.637 0.6999999881
127394  -20.528  -72.130  -40.992 0.6999999881
127632  -22.067  -62.934  -27.317 0.6000000238
128673  -17.107  -48.483  -32.898 0.3000000119
128687  -18.647  -49.316  -34.789 0.4000000060
128890  -21.673  -75.275  -38.100 0.5000000000
129126  -22.442  -57.759  -36.267 0.6000000238
129651  -23.223  -52.923  -29.234 0.5000000000
129890  -21.554  -57.366  -36.541 0.5000000000
129998  -23.745  -48.660  -29.579 0.4000000060
130024  -16.265  -74.426  -36.159 0.5000000000
131751  -27.549  -74.875  -40.046 0.3000000119
