#!ascii label  , from subject sub-v1s21x0050405_ses-1 vox2ras=TkReg
1662
129684  7.718  -46.665  69.736 0.0000000000
58223  42.884  -14.488  43.801 0.0000000000
116584  29.066  -33.585  60.088 0.0000000000
41814  37.935  -31.671  61.844 0.0000000000
35685  21.093  -38.747  61.876 0.0000000000
117033  17.235  -44.162  70.922 0.0000000000
134513  50.785  -6.515  34.941 0.0000000000
63701  50.117  -9.105  45.405 0.0000000000
51533  34.110  -21.224  55.723 0.0000000000
71199  50.525  -0.184  26.630 0.0000000000
37313  28.346  -36.821  65.102 0.0000000000
131243  11.987  -44.628  71.039 0.0000000000
63748  51.268  -8.718  40.329 0.0000000000
61920  46.662  -11.031  39.572 0.0000000000
56401  42.492  -16.731  49.435 0.0000000000
59071  46.635  -13.714  49.630 0.0000000000
54593  38.664  -18.611  49.993 0.0000000000
135212  35.137  -30.026  55.997 0.0000000000
39982  33.877  -34.086  59.938 0.0000000000
33825  24.739  -40.383  66.121 0.0000000000
31795  22.311  -42.512  71.689 0.0000000000
116561  19.072  -41.882  66.340 0.0000000000
31856  14.291  -42.122  66.049 0.0000000000
37395  24.984  -36.041  60.803 0.0000000000
66468  55.351  -5.262  34.405 0.0000000000
117764  54.739  -6.359  40.179 0.0000000000
60892  47.005  -11.836  44.866 0.0000000000
54515  37.287  -18.552  55.676 0.0000000000
46593  39.318  -26.297  58.593 0.0000000000
118633  50.206  -3.947  30.676 0.0000000000
67447  56.091  -4.210  29.480 0.0000000000
69346  57.861  -1.686  25.987 0.0000000000
35609  27.750  -38.383  69.236 0.0000000000
29896  9.159  -45.068  69.941 0.0000000000
122401  10.575  -45.461  73.792 0.0000000000
28008  7.999  -46.652  72.803 0.0000000000
63779  45.900  -8.801  37.166 0.0000000000
56364  42.728  -16.665  52.467 0.0000000000
116646  44.763  -15.808  52.773 0.0000000000
23492  2.469  -51.477  71.033 0.0000000000
54650  38.624  -18.702  46.329 0.0000000000
125632  29.190  -32.461  58.064 0.0000000000
40931  32.291  -32.534  57.345 0.0000000000
39123  31.420  -34.665  59.856 0.0000000000
34792  22.706  -39.992  64.070 0.0000000000
122182  22.223  -41.575  66.671 0.0000000000
33855  20.422  -40.466  64.326 0.0000000000
36528  23.297  -37.855  61.306 0.0000000000
35675  25.698  -38.586  63.365 0.0000000000
30802  19.457  -43.590  72.048 0.0000000000
66470  53.885  -5.890  34.206 0.0000000000
66453  55.056  -5.596  36.924 0.0000000000
64668  53.469  -7.460  36.517 0.0000000000
63731  50.770  -9.071  42.724 0.0000000000
64620  52.725  -7.923  42.362 0.0000000000
60019  41.880  -12.441  42.759 0.0000000000
60927  43.458  -11.991  42.835 0.0000000000
59129  44.662  -13.387  44.326 0.0000000000
53513  33.289  -19.933  53.887 0.0000000000
54540  35.452  -18.691  53.473 0.0000000000
139957  34.513  -19.376  56.243 0.0000000000
42713  36.888  -30.658  59.268 0.0000000000
44783  37.632  -28.329  57.500 0.0000000000
123007  38.843  -29.053  60.187 0.0000000000
67393  48.208  -4.642  33.451 0.0000000000
120748  47.931  -3.241  30.847 0.0000000000
68290  50.991  -4.194  33.122 0.0000000000
68297  52.989  -3.584  32.622 0.0000000000
70285  54.660  -1.158  24.393 0.0000000000
70254  53.959  -1.490  26.237 0.0000000000
69317  57.368  -2.731  27.597 0.0000000000
69305  53.284  -2.473  28.255 0.0000000000
39069  27.963  -34.947  62.560 0.0000000000
38197  30.207  -35.404  61.949 0.0000000000
39032  30.761  -35.916  65.389 0.0000000000
29882  14.128  -44.518  71.439 0.0000000000
29841  15.930  -44.774  75.057 0.0000000000
124153  13.428  -44.837  74.146 0.0000000000
65558  47.982  -6.677  35.537 0.0000000000
63789  51.646  -8.602  36.682 0.0000000000
62828  49.030  -9.113  37.056 0.0000000000
61901  49.000  -10.277  39.819 0.0000000000
62757  48.575  -10.051  42.335 0.0000000000
56429  43.405  -16.250  46.451 0.0000000000
57310  45.269  -15.040  47.035 0.0000000000
58150  44.734  -15.032  49.510 0.0000000000
49632  35.737  -23.366  54.267 0.0000000000
42669  38.664  -30.277  64.071 0.0000000000
27130  6.471  -48.084  68.938 0.0000000000
26221  6.017  -48.281  72.731 0.0000000000
120776  4.724  -49.736  71.927 0.0000000000
56458  40.343  -16.335  43.622 0.0000000000
55558  41.389  -17.606  46.725 0.0000000000
55531  41.268  -17.612  49.399 0.0000000000
120672  40.790  -17.534  52.528 0.0000000000
41879  32.409  -31.289  55.383 0.0000000000
41837  34.776  -31.647  58.139 0.0000000000
40887  36.470  -32.608  60.422 0.0000000000
37380  33.475  -36.333  61.987 0.0000000000
37377  36.186  -35.801  61.514 0.0000000000
34720  25.796  -39.949  69.822 0.0000000000
33752  25.137  -41.846  71.850 0.0000000000
32839  23.343  -41.617  69.722 0.0000000000
116465  21.121  -42.655  68.959 0.0000000000
31826  18.254  -43.426  68.772 0.0000000000
139599  17.427  -40.363  63.921 0.0000000000
32870  16.411  -41.908  66.329 0.0000000000
31829  15.589  -43.135  68.188 0.0000000000
30847  12.981  -43.348  68.022 0.0000000000
30850  10.089  -43.984  67.916 0.0000000000
28961  8.462  -45.195  67.633 0.0000000000
40918  27.003  -31.913  58.905 0.0000000000
40018  24.958  -32.796  58.820 0.0000000000
39968  26.939  -33.720  61.342 0.0000000000
38182  27.204  -36.021  62.972 0.0000000000
119955  26.946  -38.940  66.060 0.0000000000
66431  56.442  -5.710  40.036 0.0000000000
64636  53.112  -7.488  40.351 0.0000000000
60976  43.641  -11.109  39.981 0.0000000000
61877  46.675  -10.896  43.348 0.0000000000
61846  48.788  -10.363  45.162 0.0000000000
58176  47.254  -13.994  46.779 0.0000000000
59987  49.542  -11.995  46.606 0.0000000000
53561  36.502  -19.256  50.220 0.0000000000
134087  38.332  -18.561  53.171 0.0000000000
54522  40.130  -18.283  55.499 0.0000000000
47543  37.309  -25.471  55.535 0.0000000000
120752  37.358  -23.534  56.924 0.0000000000
46573  39.052  -26.778  62.625 0.0000000000
49578  38.353  -23.476  60.369 0.0000000000
51513  35.828  -21.128  58.585 0.0000000000
124855  36.605  -19.486  59.632 0.0000000000
54455  39.444  -18.630  59.236 0.0000000000
69307  51.021  -2.207  28.767 0.0000000000
67435  53.315  -4.275  29.992 0.0000000000
69259  55.377  -2.157  32.425 0.0000000000
35584  28.378  -38.989  70.386 0.0000000000
28933  8.145  -46.180  70.076 0.0000000000
28924  8.680  -46.001  71.741 0.0000000000
125698  7.586  -46.838  71.353 0.0000000000
140593  42.300  -16.865  53.693 0.0000000000
56348  43.728  -16.627  54.431 0.0000000000
23516  2.222  -51.206  69.127 0.0000000000
40903  29.057  -32.723  58.781 0.0000000000
131290  30.412  -33.507  58.841 0.0000000000
123572  30.075  -33.887  59.673 0.0000000000
34817  22.028  -39.330  63.117 0.0000000000
34793  22.030  -40.107  64.069 0.0000000000
116410  21.176  -39.507  63.096 0.0000000000
37398  22.757  -36.975  59.907 0.0000000000
35694  22.479  -38.066  61.286 0.0000000000
34815  23.305  -38.678  62.402 0.0000000000
30804  18.027  -43.944  71.191 0.0000000000
30792  17.708  -44.021  72.962 0.0000000000
65573  52.447  -6.699  34.564 0.0000000000
64683  54.178  -6.939  35.365 0.0000000000
64685  52.652  -7.739  35.364 0.0000000000
139818  50.101  -9.100  44.100 0.0000000000
118537  51.237  -8.501  44.570 0.0000000000
59140  42.080  -13.166  43.191 0.0000000000
59139  42.854  -12.816  43.690 0.0000000000
58222  43.338  -13.677  43.990 0.0000000000
51541  33.537  -21.170  54.370 0.0000000000
52505  33.500  -20.542  54.679 0.0000000000
53498  34.009  -19.338  54.912 0.0000000000
52495  33.970  -20.696  56.066 0.0000000000
133807  37.682  -30.920  60.401 0.0000000000
43717  37.900  -29.661  59.356 0.0000000000
130112  38.384  -30.387  61.246 0.0000000000
66485  49.209  -5.120  34.056 0.0000000000
67392  49.606  -4.538  33.338 0.0000000000
127979  50.938  -5.344  34.380 0.0000000000
67382  52.398  -4.817  34.330 0.0000000000
70272  52.714  -1.019  25.772 0.0000000000
70256  52.460  -1.178  26.657 0.0000000000
119146  54.028  -2.051  27.403 0.0000000000
70244  52.153  -1.446  27.447 0.0000000000
135732  28.598  -36.061  63.935 0.0000000000
39043  29.690  -36.075  64.001 0.0000000000
38150  29.605  -36.266  65.040 0.0000000000
29892  12.627  -44.492  70.825 0.0000000000
29857  13.878  -44.716  73.099 0.0000000000
119139  12.118  -44.859  72.981 0.0000000000
28882  9.631  -45.784  75.744 0.0000000000
28880  10.857  -45.664  76.640 0.0000000000
65559  47.119  -6.629  35.518 0.0000000000
63807  49.083  -8.283  36.385 0.0000000000
64671  46.960  -7.814  36.309 0.0000000000
62804  46.652  -10.043  38.265 0.0000000000
62803  47.645  -10.173  38.214 0.0000000000
61919  47.605  -10.834  39.589 0.0000000000
62769  49.042  -9.973  41.452 0.0000000000
61903  47.766  -10.804  40.635 0.0000000000
56415  43.101  -16.298  48.169 0.0000000000
57312  43.751  -15.948  47.493 0.0000000000
57291  43.649  -15.846  49.468 0.0000000000
127011  47.126  -5.685  34.690 0.0000000000
25324  5.418  -49.437  70.507 0.0000000000
25325  4.890  -50.009  70.045 0.0000000000
56459  39.483  -16.506  43.452 0.0000000000
55579  41.183  -17.326  44.911 0.0000000000
55580  40.349  -17.528  44.672 0.0000000000
126454  38.786  -18.788  47.833 0.0000000000
54619  40.086  -18.295  47.920 0.0000000000
54605  39.947  -18.282  49.532 0.0000000000
132616  40.535  -17.716  51.130 0.0000000000
116485  39.657  -18.117  51.240 0.0000000000
41880  31.499  -31.483  55.368 0.0000000000
40015  32.897  -33.327  58.533 0.0000000000
40930  33.250  -32.206  57.392 0.0000000000
40901  34.676  -32.629  59.159 0.0000000000
40900  35.438  -32.330  59.464 0.0000000000
39980  35.479  -33.532  60.387 0.0000000000
38179  31.342  -36.016  63.330 0.0000000000
132287  31.861  -36.025  61.831 0.0000000000
38177  33.251  -36.075  63.837 0.0000000000
118624  36.518  -36.045  63.201 0.0000000000
38211  38.043  -35.234  61.840 0.0000000000
33805  25.233  -40.288  68.249 0.0000000000
33796  24.679  -40.705  69.650 0.0000000000
33807  23.904  -41.157  68.168 0.0000000000
32866  20.857  -41.721  66.236 0.0000000000
117900  21.812  -41.967  67.598 0.0000000000
31838  20.468  -42.493  67.670 0.0000000000
133393  19.837  -43.046  68.723 0.0000000000
31839  18.944  -42.717  67.735 0.0000000000
34809  17.973  -39.751  62.833 0.0000000000
32888  14.545  -41.659  65.368 0.0000000000
32900  15.735  -41.085  64.867 0.0000000000
32871  15.163  -41.872  65.953 0.0000000000
31854  16.310  -42.423  67.107 0.0000000000
120591  14.836  -42.638  67.164 0.0000000000
30846  13.894  -43.347  68.252 0.0000000000
139684  13.304  -42.735  66.811 0.0000000000
29915  9.369  -44.355  67.588 0.0000000000
41847  27.809  -31.555  57.552 0.0000000000
41848  26.222  -31.325  57.691 0.0000000000
38236  24.628  -35.672  60.206 0.0000000000
39125  25.126  -34.124  60.099 0.0000000000
39987  25.720  -33.620  60.379 0.0000000000
39090  25.993  -34.653  61.252 0.0000000000
39071  27.101  -34.772  62.104 0.0000000000
38200  25.983  -35.992  61.858 0.0000000000
116832  25.376  -39.622  64.859 0.0000000000
119334  26.092  -39.125  64.813 0.0000000000
34767  25.578  -39.917  66.284 0.0000000000
34754  25.893  -39.825  67.776 0.0000000000
32802  23.891  -42.110  72.433 0.0000000000
26214  4.423  -48.661  74.335 0.0000000000
26213  5.749  -47.792  74.494 0.0000000000
67372  56.035  -4.467  35.785 0.0000000000
66439  55.136  -5.714  38.679 0.0000000000
119696  55.760  -5.278  38.536 0.0000000000
66422  55.569  -5.851  40.128 0.0000000000
65527  55.472  -5.832  41.023 0.0000000000
63765  51.588  -8.724  38.477 0.0000000000
63774  52.237  -8.241  38.137 0.0000000000
63754  51.952  -8.264  39.938 0.0000000000
64629  53.522  -7.412  42.111 0.0000000000
60915  45.462  -11.958  44.087 0.0000000000
117412  44.954  -11.738  42.700 0.0000000000
61869  46.510  -11.315  43.905 0.0000000000
61868  47.201  -10.977  44.217 0.0000000000
61847  48.054  -11.051  45.166 0.0000000000
117320  46.265  -14.338  48.043 0.0000000000
58192  46.657  -14.403  46.139 0.0000000000
59098  47.063  -13.909  47.710 0.0000000000
132562  34.920  -19.589  50.274 0.0000000000
123300  36.469  -18.494  55.087 0.0000000000
116985  36.721  -18.668  52.611 0.0000000000
122023  37.900  -18.645  53.928 0.0000000000
139258  39.206  -18.477  54.538 0.0000000000
54504  38.847  -18.777  56.245 0.0000000000
43771  34.768  -29.513  54.837 0.0000000000
44819  35.781  -28.731  55.414 0.0000000000
45719  38.637  -27.137  57.653 0.0000000000
127662  37.791  -26.751  56.297 0.0000000000
47535  38.369  -25.404  56.838 0.0000000000
48592  37.429  -24.705  55.864 0.0000000000
48576  38.404  -24.707  57.316 0.0000000000
44691  38.581  -28.598  62.942 0.0000000000
49565  37.814  -22.320  61.408 0.0000000000
50594  37.366  -22.380  59.154 0.0000000000
50581  36.937  -21.507  60.368 0.0000000000
52449  35.975  -20.645  58.994 0.0000000000
52419  36.890  -20.544  61.059 0.0000000000
68323  49.415  -3.475  30.502 0.0000000000
69294  50.567  -2.792  29.447 0.0000000000
119270  52.210  -3.303  29.369 0.0000000000
67437  51.644  -3.876  30.106 0.0000000000
67387  54.397  -3.961  33.590 0.0000000000
68296  53.871  -3.138  32.725 0.0000000000
68285  55.643  -2.791  33.699 0.0000000000
68284  56.533  -2.356  34.209 0.0000000000
70268  56.496  -1.460  25.044 0.0000000000
68350  56.584  -3.695  28.929 0.0000000000
69292  57.463  -2.149  29.362 0.0000000000
69277  56.656  -1.956  30.497 0.0000000000
36458  27.898  -37.777  66.817 0.0000000000
37302  29.187  -36.655  66.659 0.0000000000
36427  29.138  -37.692  68.859 0.0000000000
139100  10.585  -44.778  70.628 0.0000000000
120461  11.068  -44.949  72.166 0.0000000000
28914  9.744  -45.665  72.488 0.0000000000
28894  9.138  -45.892  73.963 0.0000000000
27983  8.284  -46.208  75.645 0.0000000000
62820  45.393  -9.290  37.684 0.0000000000
124971  45.264  -10.199  38.716 0.0000000000
56394  42.642  -16.597  50.830 0.0000000000
57266  43.724  -15.948  51.389 0.0000000000
56363  43.515  -16.433  52.756 0.0000000000
56353  44.410  -16.322  53.991 0.0000000000
24377  4.256  -50.555  69.517 0.0000000000
23505  3.097  -51.329  69.421 0.0000000000
23499  2.175  -51.829  70.321 0.0000000000
54661  38.858  -18.184  45.026 0.0000000000
53597  38.089  -19.118  47.740 0.0000000000
40950  30.844  -32.252  56.792 0.0000000000
40933  30.576  -32.533  57.398 0.0000000000
40016  32.083  -33.715  58.670 0.0000000000
39121  33.045  -34.426  59.797 0.0000000000
33835  24.377  -40.369  65.423 0.0000000000
140269  23.607  -40.987  66.613 0.0000000000
33837  22.753  -40.823  65.262 0.0000000000
32882  21.245  -41.337  65.611 0.0000000000
33840  19.970  -40.945  64.915 0.0000000000
118712  12.606  -42.710  66.347 0.0000000000
32891  11.449  -42.205  64.986 0.0000000000
37397  23.544  -36.828  60.249 0.0000000000
37382  24.732  -36.851  61.023 0.0000000000
36518  25.408  -37.643  62.331 0.0000000000
35683  24.617  -37.931  62.102 0.0000000000
34802  24.665  -39.074  63.405 0.0000000000
31797  21.061  -42.878  72.034 0.0000000000
66469  54.691  -5.711  34.224 0.0000000000
138183  55.655  -5.163  35.740 0.0000000000
65556  54.827  -6.468  35.233 0.0000000000
65543  54.471  -6.208  37.392 0.0000000000
139136  54.317  -6.450  38.910 0.0000000000
63749  50.898  -8.916  40.995 0.0000000000
63740  51.972  -8.375  41.718 0.0000000000
63730  51.483  -8.747  42.738 0.0000000000
63721  51.850  -8.432  43.792 0.0000000000
60943  42.388  -11.785  41.727 0.0000000000
60928  42.644  -12.040  42.523 0.0000000000
60007  44.198  -12.257  43.802 0.0000000000
60005  45.894  -12.410  44.593 0.0000000000
59058  47.299  -13.209  50.134 0.0000000000
53527  33.450  -19.581  52.539 0.0000000000
129746  34.862  -19.088  51.906 0.0000000000
54541  34.471  -18.943  53.409 0.0000000000
54527  35.360  -18.614  55.126 0.0000000000
118307  35.625  -18.654  56.591 0.0000000000
42728  36.255  -29.780  57.568 0.0000000000
43749  36.306  -29.161  56.857 0.0000000000
43734  37.038  -29.471  58.241 0.0000000000
139344  38.122  -28.696  58.588 0.0000000000
45705  39.206  -27.578  59.056 0.0000000000
68300  47.529  -3.896  32.152 0.0000000000
68324  47.082  -2.798  30.728 0.0000000000
137279  48.144  -3.786  31.587 0.0000000000
67403  49.958  -4.210  32.122 0.0000000000
68311  50.421  -4.253  31.475 0.0000000000
131387  51.760  -4.309  31.606 0.0000000000
68289  51.638  -3.996  32.815 0.0000000000
67389  52.696  -4.110  33.664 0.0000000000
70286  53.004  -0.892  24.751 0.0000000000
70270  54.291  -1.324  25.366 0.0000000000
69348  55.729  -1.687  25.814 0.0000000000
121942  58.021  -2.287  26.869 0.0000000000
69319  55.531  -2.564  27.389 0.0000000000
68366  54.937  -2.921  28.067 0.0000000000
124085  54.375  -3.408  28.687 0.0000000000
39966  28.221  -34.115  61.724 0.0000000000
39107  29.578  -34.798  61.394 0.0000000000
39068  29.047  -35.213  62.259 0.0000000000
39055  30.732  -35.832  64.076 0.0000000000
136415  31.820  -35.654  65.221 0.0000000000
134016  15.559  -44.314  70.854 0.0000000000
29868  16.270  -44.420  72.626 0.0000000000
29869  15.383  -44.538  72.418 0.0000000000
124154  14.448  -44.727  74.179 0.0000000000
29845  11.610  -45.140  74.627 0.0000000000
127206  13.076  -45.215  76.383 0.0000000000
64704  49.907  -6.562  35.184 0.0000000000
64686  51.004  -7.772  35.345 0.0000000000
63806  49.808  -8.057  35.919 0.0000000000
62815  50.434  -9.288  37.267 0.0000000000
62800  50.222  -9.619  38.193 0.0000000000
63777  47.604  -9.108  37.216 0.0000000000
62801  49.270  -9.996  38.157 0.0000000000
139419  50.209  -9.539  39.875 0.0000000000
62768  49.729  -9.647  41.534 0.0000000000
140819  49.612  -9.520  42.924 0.0000000000
62747  49.389  -9.458  43.879 0.0000000000
57339  43.124  -16.051  44.932 0.0000000000
57342  44.244  -15.351  44.933 0.0000000000
57328  44.179  -15.788  46.406 0.0000000000
58179  44.935  -15.185  47.804 0.0000000000
58149  45.381  -14.636  49.337 0.0000000000
57265  44.427  -15.554  51.368 0.0000000000
58132  45.360  -14.739  50.762 0.0000000000
58131  46.008  -14.175  51.058 0.0000000000
50626  35.392  -22.659  54.720 0.0000000000
42681  38.616  -30.845  63.401 0.0000000000
67407  46.155  -4.072  32.788 0.0000000000
67394  47.452  -4.635  33.418 0.0000000000
66475  48.753  -5.605  34.577 0.0000000000
73102  50.158  1.754  25.300 0.0000000000
72128  49.650  1.510  25.982 0.0000000000
131122  6.713  -47.737  69.602 0.0000000000
28027  7.070  -47.226  70.852 0.0000000000
26232  6.282  -48.364  70.694 0.0000000000
26222  5.395  -48.855  72.692 0.0000000000
25315  3.968  -49.320  73.586 0.0000000000
24366  3.652  -50.547  71.727 0.0000000000
126644  41.341  -13.946  42.862 0.0000000000
57370  40.125  -15.175  42.738 0.0000000000
57357  41.632  -15.385  43.551 0.0000000000
56442  42.445  -16.542  44.849 0.0000000000
56431  41.973  -17.127  46.490 0.0000000000
56409  41.986  -17.121  48.001 0.0000000000
55560  40.100  -18.134  45.876 0.0000000000
55539  40.831  -17.908  48.018 0.0000000000
121387  41.867  -17.160  49.819 0.0000000000
55518  41.333  -17.359  51.056 0.0000000000
125526  41.408  -17.244  52.541 0.0000000000
55495  41.626  -17.167  53.804 0.0000000000
135227  34.125  -30.609  55.484 0.0000000000
40948  32.631  -31.972  56.719 0.0000000000
41859  33.465  -31.608  56.720 0.0000000000
42730  34.899  -30.883  56.970 0.0000000000
41836  35.483  -31.314  58.453 0.0000000000
41830  36.510  -31.394  59.522 0.0000000000
40886  37.109  -32.509  60.888 0.0000000000
121530  31.135  -34.986  60.510 0.0000000000
38234  32.359  -35.719  61.137 0.0000000000
38232  34.076  -35.352  60.845 0.0000000000
37343  34.622  -36.287  63.359 0.0000000000
37378  35.254  -36.150  61.749 0.0000000000
39083  35.755  -35.132  60.959 0.0000000000
39082  36.693  -35.016  61.099 0.0000000000
39963  37.583  -33.518  61.242 0.0000000000
39962  38.322  -33.284  61.717 0.0000000000
34688  26.610  -40.236  71.134 0.0000000000
33781  24.994  -40.718  70.733 0.0000000000
32828  24.360  -41.281  71.170 0.0000000000
32830  23.081  -41.842  70.614 0.0000000000
32849  22.544  -41.846  68.170 0.0000000000
32840  22.576  -41.954  69.089 0.0000000000
31805  21.625  -42.630  70.691 0.0000000000
31806  20.146  -43.312  70.115 0.0000000000
30814  19.310  -43.628  70.260 0.0000000000
30816  17.679  -43.960  70.325 0.0000000000
34807  19.573  -39.745  63.119 0.0000000000
33857  18.729  -40.550  64.354 0.0000000000
32898  18.431  -41.085  65.089 0.0000000000
33859  16.244  -40.683  64.311 0.0000000000
134783  17.436  -41.055  65.039 0.0000000000
32868  18.198  -41.910  66.314 0.0000000000
31840  17.123  -42.648  67.550 0.0000000000
126311  16.816  -43.152  68.337 0.0000000000
30818  16.082  -44.048  70.228 0.0000000000
30831  14.967  -43.682  69.266 0.0000000000
30820  13.523  -43.900  69.733 0.0000000000
30834  12.084  -43.799  69.060 0.0000000000
31845  11.970  -43.066  66.965 0.0000000000
30848  11.691  -43.649  68.308 0.0000000000
29902  10.755  -44.322  69.487 0.0000000000
136046  9.857  -44.609  69.430 0.0000000000
29903  9.009  -44.891  69.049 0.0000000000
28941  8.003  -46.171  69.190 0.0000000000
126276  7.102  -46.947  68.139 0.0000000000
27140  6.665  -47.738  68.100 0.0000000000
41846  28.563  -31.639  57.034 0.0000000000
40917  28.455  -32.316  58.481 0.0000000000
40904  28.300  -32.595  59.161 0.0000000000
40919  26.196  -32.076  59.022 0.0000000000
40889  26.762  -32.697  60.051 0.0000000000
128255  27.347  -33.318  61.007 0.0000000000
39088  27.384  -34.204  61.881 0.0000000000
38198  27.607  -35.241  62.698 0.0000000000
37327  28.089  -36.441  64.187 0.0000000000
35674  26.480  -37.840  63.437 0.0000000000
36494  26.953  -37.903  64.328 0.0000000000
36476  27.798  -37.595  65.403 0.0000000000
140924  26.965  -38.875  67.450 0.0000000000
34719  26.564  -39.473  69.655 0.0000000000
28009  7.321  -47.009  73.142 0.0000000000
27993  6.903  -46.816  75.438 0.0000000000
66445  55.661  -5.003  37.648 0.0000000000
64669  52.954  -7.817  36.941 0.0000000000
64651  53.308  -7.295  38.377 0.0000000000
65528  53.931  -6.952  40.239 0.0000000000
64630  52.793  -7.785  41.299 0.0000000000
122139  53.706  -7.181  41.165 0.0000000000
122143  54.590  -6.457  41.096 0.0000000000
61938  43.791  -10.087  38.948 0.0000000000
60974  45.318  -11.349  40.161 0.0000000000
60963  44.250  -11.683  41.256 0.0000000000
121730  45.339  -11.651  41.023 0.0000000000
61904  46.838  -11.217  40.979 0.0000000000
61876  47.397  -10.506  43.432 0.0000000000
62739  48.405  -10.330  44.746 0.0000000000
125705  49.581  -9.623  45.222 0.0000000000
58200  45.603  -14.729  45.078 0.0000000000
59117  46.779  -13.879  45.241 0.0000000000
59116  47.457  -13.317  45.554 0.0000000000
59081  47.997  -13.079  47.955 0.0000000000
136218  48.262  -13.184  46.670 0.0000000000
59994  48.425  -12.097  45.552 0.0000000000
60889  49.192  -10.846  45.596 0.0000000000
61845  49.594  -10.145  45.641 0.0000000000
53599  36.254  -19.666  48.315 0.0000000000
53579  37.512  -19.209  49.194 0.0000000000
54577  36.254  -18.882  51.502 0.0000000000
54576  37.450  -18.717  51.346 0.0000000000
116850  38.181  -18.656  50.801 0.0000000000
54552  39.239  -18.254  52.883 0.0000000000
55497  39.880  -17.934  53.489 0.0000000000
55480  41.482  -17.561  55.504 0.0000000000
44818  36.348  -28.275  55.813 0.0000000000
117650  36.484  -23.927  54.830 0.0000000000
119073  36.773  -23.528  55.688 0.0000000000
50619  35.734  -22.181  56.477 0.0000000000
131493  38.615  -29.279  62.415 0.0000000000
45696  39.263  -27.869  61.614 0.0000000000
129562  39.593  -26.120  60.571 0.0000000000
47503  39.411  -25.209  61.262 0.0000000000
48561  39.361  -24.921  59.886 0.0000000000
49601  37.930  -23.295  58.619 0.0000000000
139358  36.559  -22.369  57.524 0.0000000000
51526  35.115  -21.479  57.024 0.0000000000
52471  35.018  -20.629  57.925 0.0000000000
53453  35.874  -19.209  58.120 0.0000000000
116436  36.801  -18.633  58.007 0.0000000000
54418  37.613  -18.932  60.971 0.0000000000
54476  37.837  -18.641  59.134 0.0000000000
117502  38.507  -18.679  57.877 0.0000000000
54492  40.005  -18.624  57.697 0.0000000000
71200  49.782  0.123  26.950 0.0000000000
70246  50.540  -1.149  27.706 0.0000000000
69322  51.706  -1.791  28.146 0.0000000000
68337  53.031  -3.521  29.355 0.0000000000
67420  54.583  -4.487  30.348 0.0000000000
67414  52.406  -4.440  31.307 0.0000000000
68307  54.431  -3.640  31.571 0.0000000000
68321  55.313  -3.558  31.098 0.0000000000
69258  56.325  -1.862  32.752 0.0000000000
34699  27.419  -39.842  71.088 0.0000000000
131020  28.126  -39.555  70.943 0.0000000000
28925  8.247  -46.259  71.020 0.0000000000
28026  7.669  -46.748  70.489 0.0000000000
55487  42.227  -16.973  54.352 0.0000000000
56349  42.934  -16.788  54.831 0.0000000000
121224  28.856  -32.974  59.422 0.0000000000
40002  29.554  -33.271  59.168 0.0000000000
125498  21.534  -39.035  62.498 0.0000000000
34818  20.730  -39.222  62.489 0.0000000000
35684  22.020  -38.537  61.857 0.0000000000
134809  22.183  -38.910  62.523 0.0000000000
117189  18.115  -43.921  72.185 0.0000000000
30805  17.102  -44.297  71.892 0.0000000000
65574  51.417  -5.983  34.713 0.0000000000
130166  52.267  -7.378  34.836 0.0000000000
64702  51.488  -7.105  34.871 0.0000000000
63713  50.516  -8.753  44.882 0.0000000000
63700  50.811  -8.629  45.644 0.0000000000
127116  42.045  -14.402  43.408 0.0000000000
129781  42.642  -13.700  43.635 0.0000000000
51540  34.181  -21.562  54.812 0.0000000000
51534  33.724  -21.031  55.064 0.0000000000
52496  33.773  -20.644  55.450 0.0000000000
41820  37.946  -31.037  61.198 0.0000000000
42704  38.177  -30.388  60.511 0.0000000000
66473  50.476  -5.848  34.748 0.0000000000
66484  50.179  -5.119  34.046 0.0000000000
71198  51.249  -0.442  26.306 0.0000000000
70257  51.740  -0.897  26.911 0.0000000000
38151  28.869  -36.316  64.639 0.0000000000
38164  29.078  -36.167  64.132 0.0000000000
37312  29.041  -36.497  65.618 0.0000000000
29883  12.407  -44.703  71.601 0.0000000000
65560  46.355  -6.569  35.461 0.0000000000
64690  47.496  -7.260  35.938 0.0000000000
64691  46.608  -7.161  35.878 0.0000000000
61936  46.063  -10.580  38.923 0.0000000000
61935  47.091  -10.651  38.850 0.0000000000
116578  47.037  -11.111  40.208 0.0000000000
56407  43.068  -16.253  49.049 0.0000000000
57301  43.686  -15.859  48.585 0.0000000000
25331  5.375  -49.460  69.510 0.0000000000
57360  39.030  -15.939  42.933 0.0000000000
55593  39.043  -17.194  43.866 0.0000000000
56448  39.915  -17.025  44.064 0.0000000000
55581  39.441  -17.670  44.484 0.0000000000
54621  38.585  -18.844  48.498 0.0000000000
54620  39.305  -18.598  48.307 0.0000000000
54606  39.162  -18.570  49.218 0.0000000000
54592  39.978  -18.091  50.408 0.0000000000
134446  39.400  -18.393  49.975 0.0000000000
39998  33.428  -33.719  59.265 0.0000000000
40902  33.854  -32.968  58.853 0.0000000000
39997  34.282  -33.367  59.499 0.0000000000
39996  35.017  -32.980  59.861 0.0000000000
39981  34.688  -33.766  60.147 0.0000000000
134107  32.660  -35.800  64.375 0.0000000000
38178  32.332  -36.098  63.531 0.0000000000
33824  25.003  -40.326  66.861 0.0000000000
33816  24.581  -40.683  67.616 0.0000000000
32867  19.990  -41.817  66.289 0.0000000000
32856  20.574  -42.089  66.949 0.0000000000
32857  19.642  -42.326  67.129 0.0000000000
116544  19.750  -42.770  68.030 0.0000000000
31852  18.620  -42.344  66.971 0.0000000000
32889  13.700  -41.902  65.460 0.0000000000
135085  14.780  -42.318  66.508 0.0000000000
116610  14.072  -42.580  66.819 0.0000000000
32872  13.490  -42.408  66.171 0.0000000000
39109  24.883  -34.881  60.108 0.0000000000
38235  25.140  -35.335  60.577 0.0000000000
39108  25.510  -34.570  60.659 0.0000000000
127146  25.615  -35.462  61.167 0.0000000000
34781  25.126  -39.972  65.531 0.0000000000
125235  25.591  -39.994  67.039 0.0000000000
32803  23.222  -42.325  72.214 0.0000000000
127869  3.942  -48.441  75.304 0.0000000000
27067  4.824  -47.879  75.264 0.0000000000
121275  55.908  -4.501  34.748 0.0000000000
67371  56.442  -3.535  35.472 0.0000000000
65534  54.839  -6.105  39.276 0.0000000000
121237  55.716  -5.621  39.319 0.0000000000
63755  51.439  -8.698  39.381 0.0000000000
63764  52.096  -8.226  39.059 0.0000000000
60904  45.802  -11.977  44.356 0.0000000000
61862  46.258  -11.851  44.327 0.0000000000
61861  46.688  -11.882  44.572 0.0000000000
127106  47.197  -11.583  44.538 0.0000000000
61848  47.399  -11.691  44.812 0.0000000000
58163  46.073  -14.195  49.073 0.0000000000
59083  46.806  -13.817  48.667 0.0000000000
54526  36.945  -18.580  54.097 0.0000000000
54525  37.603  -18.622  54.778 0.0000000000
54514  38.267  -18.682  55.477 0.0000000000
43761  34.986  -29.722  55.372 0.0000000000
43770  35.283  -29.171  55.019 0.0000000000
43760  35.524  -29.418  55.725 0.0000000000
129782  39.174  -26.950  58.444 0.0000000000
46601  38.631  -26.216  57.148 0.0000000000
46594  38.971  -26.274  57.954 0.0000000000
47530  38.805  -25.465  57.596 0.0000000000
47523  39.142  -25.641  58.402 0.0000000000
49552  38.235  -22.761  62.216 0.0000000000
120718  37.295  -21.962  60.882 0.0000000000
50565  37.087  -21.439  60.965 0.0000000000
51488  36.767  -21.087  60.646 0.0000000000
51475  37.098  -21.140  61.337 0.0000000000
68340  49.223  -2.874  29.846 0.0000000000
68339  50.023  -3.190  29.996 0.0000000000
69295  49.794  -2.632  29.412 0.0000000000
116663  50.825  -3.510  30.088 0.0000000000
67379  55.419  -4.095  33.954 0.0000000000
68286  54.707  -3.003  33.357 0.0000000000
124770  56.177  -3.387  34.519 0.0000000000
70267  57.343  -1.386  25.151 0.0000000000
119626  58.211  -1.241  24.937 0.0000000000
70266  58.927  -1.502  25.432 0.0000000000
68335  56.504  -3.813  29.691 0.0000000000
68334  56.979  -3.126  29.122 0.0000000000
69293  56.818  -2.825  29.907 0.0000000000
69276  57.182  -1.852  29.989 0.0000000000
140126  56.434  -3.677  30.132 0.0000000000
124666  27.715  -38.191  68.268 0.0000000000
36437  28.100  -37.730  67.783 0.0000000000
36428  28.375  -37.838  68.718 0.0000000000
29895  9.850  -44.874  70.320 0.0000000000
29886  10.017  -45.074  71.119 0.0000000000
28931  9.350  -45.403  70.744 0.0000000000
28007  8.610  -46.249  72.509 0.0000000000
28903  9.154  -45.927  72.990 0.0000000000
27997  8.568  -46.323  73.395 0.0000000000
27991  8.462  -46.283  74.447 0.0000000000
62821  44.538  -9.164  37.691 0.0000000000
62806  44.903  -9.691  38.257 0.0000000000
56380  42.633  -16.633  51.681 0.0000000000
56379  43.326  -16.319  51.969 0.0000000000
24378  3.562  -50.902  69.071 0.0000000000
23506  2.410  -51.589  69.545 0.0000000000
22644  1.845  -52.073  69.830 0.0000000000
40934  29.275  -32.091  57.335 0.0000000000
40951  30.025  -32.182  56.977 0.0000000000
119100  29.929  -32.562  57.703 0.0000000000
40001  30.949  -34.101  59.366 0.0000000000
40017  31.318  -33.637  58.657 0.0000000000
40000  31.752  -34.166  59.214 0.0000000000
39999  32.551  -33.987  59.203 0.0000000000
39122  32.212  -34.652  59.741 0.0000000000
33852  23.196  -40.368  64.642 0.0000000000
33836  23.571  -40.637  65.335 0.0000000000
33854  21.378  -40.406  64.338 0.0000000000
33839  20.845  -40.921  64.968 0.0000000000
36537  22.819  -37.506  60.622 0.0000000000
36536  23.616  -37.387  60.840 0.0000000000
36535  24.125  -37.040  60.760 0.0000000000
36527  24.211  -37.556  61.331 0.0000000000
35693  23.757  -38.179  61.918 0.0000000000
34804  22.825  -39.499  63.433 0.0000000000
34803  23.577  -39.115  63.079 0.0000000000
116368  23.691  -39.739  63.931 0.0000000000
33851  24.063  -40.181  64.738 0.0000000000
30801  20.365  -43.202  72.010 0.0000000000
30789  20.258  -43.559  73.051 0.0000000000
65570  55.191  -6.031  34.760 0.0000000000
65571  54.328  -6.489  34.643 0.0000000000
64667  53.970  -7.142  36.078 0.0000000000
65551  53.959  -6.866  36.954 0.0000000000
65544  53.957  -6.709  37.846 0.0000000000
63741  51.016  -8.925  41.817 0.0000000000
60929  41.773  -12.112  42.352 0.0000000000
60025  42.325  -12.257  42.782 0.0000000000
60008  43.539  -12.654  43.967 0.0000000000
132901  43.304  -12.296  43.498 0.0000000000
130321  44.209  -12.813  44.191 0.0000000000
60006  44.995  -12.419  44.231 0.0000000000
53545  33.177  -19.696  51.655 0.0000000000
53526  34.280  -19.145  52.586 0.0000000000
116624  33.678  -19.462  53.324 0.0000000000
53482  34.240  -19.506  55.699 0.0000000000
54518  34.582  -18.893  55.249 0.0000000000
54517  34.885  -18.825  55.975 0.0000000000
123231  35.726  -18.531  55.766 0.0000000000
42723  36.558  -30.230  58.511 0.0000000000
42722  37.292  -29.939  58.989 0.0000000000
42711  38.375  -29.750  59.947 0.0000000000
43732  38.425  -29.028  59.300 0.0000000000
44759  38.674  -28.255  58.793 0.0000000000
44734  39.079  -28.319  59.621 0.0000000000
67405  47.904  -4.233  32.854 0.0000000000
139405  48.286  -4.047  32.321 0.0000000000
67391  50.248  -4.231  32.827 0.0000000000
67404  49.529  -4.251  32.656 0.0000000000
68312  49.616  -4.075  31.244 0.0000000000
129588  50.927  -4.124  32.384 0.0000000000
66471  52.985  -5.636  34.425 0.0000000000
67381  53.121  -4.700  34.165 0.0000000000
137960  53.507  -5.307  34.185 0.0000000000
126942  54.076  -4.998  33.887 0.0000000000
70255  53.189  -1.386  26.421 0.0000000000
70271  53.486  -1.196  25.553 0.0000000000
69349  54.766  -1.604  26.059 0.0000000000
69334  56.111  -2.198  26.670 0.0000000000
69335  55.189  -1.973  26.722 0.0000000000
69321  53.430  -2.023  27.692 0.0000000000
69320  54.674  -2.290  27.411 0.0000000000
68367  54.028  -2.586  28.035 0.0000000000
68352  55.257  -3.689  28.698 0.0000000000
39087  28.143  -34.799  62.215 0.0000000000
39086  28.750  -34.733  61.824 0.0000000000
122588  28.332  -35.322  62.597 0.0000000000
39033  30.078  -36.101  64.846 0.0000000000
39056  29.921  -35.869  63.601 0.0000000000
136446  30.387  -35.959  64.504 0.0000000000
39042  31.128  -35.717  64.904 0.0000000000
29881  15.026  -44.500  71.536 0.0000000000
29870  14.507  -44.605  72.283 0.0000000000
139908  13.221  -44.789  73.306 0.0000000000
29843  14.129  -44.852  75.212 0.0000000000
29826  14.611  -45.154  75.901 0.0000000000
29827  13.879  -45.153  76.182 0.0000000000
28913  10.584  -45.357  72.862 0.0000000000
29873  11.404  -44.959  72.902 0.0000000000
119431  11.162  -45.240  74.014 0.0000000000
65557  48.960  -6.714  35.531 0.0000000000
64687  50.103  -7.513  35.501 0.0000000000
64688  49.322  -7.485  35.817 0.0000000000
62827  49.864  -9.067  36.736 0.0000000000
62816  49.643  -9.551  37.439 0.0000000000
63794  46.419  -8.327  36.691 0.0000000000
63778  46.769  -8.938  37.170 0.0000000000
61933  48.503  -10.357  38.530 0.0000000000
61917  49.165  -10.302  38.984 0.0000000000
125981  49.746  -9.911  38.791 0.0000000000
62790  49.688  -9.907  39.523 0.0000000000
62779  50.541  -9.228  40.455 0.0000000000
62780  49.661  -9.765  40.565 0.0000000000
62756  49.365  -9.748  42.250 0.0000000000
128549  48.904  -9.750  43.123 0.0000000000
56441  42.970  -16.454  45.604 0.0000000000
57338  43.741  -15.868  45.448 0.0000000000
57290  44.244  -15.417  49.055 0.0000000000
57300  44.364  -15.507  48.153 0.0000000000
58165  44.947  -14.995  48.635 0.0000000000
57255  44.139  -15.936  52.203 0.0000000000
57279  43.989  -15.648  50.705 0.0000000000
58117  45.572  -14.797  51.562 0.0000000000
58116  46.254  -14.253  51.921 0.0000000000
59048  46.792  -13.716  51.471 0.0000000000
50634  34.996  -22.750  53.682 0.0000000000
50635  34.738  -22.216  54.474 0.0000000000
67406  47.029  -4.176  32.774 0.0000000000
67395  46.610  -4.625  33.406 0.0000000000
65576  47.537  -6.091  35.098 0.0000000000
128180  47.874  -5.528  34.500 0.0000000000
65575  48.364  -6.095  35.080 0.0000000000
136226  49.115  -6.106  35.074 0.0000000000
72127  50.089  0.992  25.746 0.0000000000
27115  6.708  -47.775  70.372 0.0000000000
26240  6.359  -48.291  69.795 0.0000000000
139711  5.404  -49.390  71.139 0.0000000000
25321  5.309  -49.287  71.799 0.0000000000
25318  4.763  -49.397  72.641 0.0000000000
25319  3.963  -49.888  72.482 0.0000000000
24372  3.612  -51.047  69.939 0.0000000000
24371  4.219  -50.512  70.706 0.0000000000
23491  3.328  -51.078  70.907 0.0000000000
58234  40.529  -13.605  42.412 0.0000000000
57359  39.862  -15.797  43.060 0.0000000000
57371  39.407  -15.261  42.564 0.0000000000
57358  40.736  -15.492  43.210 0.0000000000
56457  41.202  -16.182  43.848 0.0000000000
57345  42.063  -16.042  44.123 0.0000000000
55571  41.471  -17.491  45.752 0.0000000000
123521  41.807  -17.022  45.121 0.0000000000
56416  42.341  -16.893  47.214 0.0000000000
56417  41.815  -17.280  47.207 0.0000000000
133390  38.576  -18.539  45.651 0.0000000000
54649  39.311  -18.393  45.903 0.0000000000
55532  40.575  -18.038  48.871 0.0000000000
55538  41.362  -17.613  48.487 0.0000000000
56395  41.871  -17.059  50.597 0.0000000000
55525  41.159  -17.551  50.331 0.0000000000
55506  40.496  -17.655  51.959 0.0000000000
55505  41.199  -17.369  51.822 0.0000000000
133600  41.175  -17.384  53.170 0.0000000000
42754  32.730  -30.806  54.765 0.0000000000
42765  33.643  -30.401  54.743 0.0000000000
42753  33.304  -30.989  55.396 0.0000000000
40949  31.729  -32.203  56.727 0.0000000000
40929  34.052  -31.956  57.823 0.0000000000
41845  33.900  -31.671  57.248 0.0000000000
41844  34.525  -31.418  57.441 0.0000000000
41858  34.228  -31.249  56.766 0.0000000000
41843  35.189  -31.069  57.705 0.0000000000
40888  35.788  -32.766  60.111 0.0000000000
40899  36.166  -32.108  59.774 0.0000000000
116734  36.814  -31.883  60.205 0.0000000000
39106  30.458  -34.942  60.932 0.0000000000
39085  31.266  -35.545  61.247 0.0000000000
38216  32.626  -36.214  61.956 0.0000000000
123157  33.081  -35.993  61.465 0.0000000000
38233  33.247  -35.518  60.904 0.0000000000
38215  33.796  -35.953  61.364 0.0000000000
38194  36.812  -35.954  62.279 0.0000000000
37360  35.912  -36.248  62.349 0.0000000000
38213  35.361  -35.695  61.257 0.0000000000
39100  36.030  -34.253  60.801 0.0000000000
39081  37.724  -34.710  61.347 0.0000000000
34701  26.349  -39.833  70.454 0.0000000000
33780  25.801  -40.260  70.658 0.0000000000
134977  25.282  -40.367  70.016 0.0000000000
33797  23.982  -41.161  69.156 0.0000000000
33782  24.131  -41.087  70.196 0.0000000000
32829  23.700  -41.505  70.643 0.0000000000
32864  23.069  -41.352  66.960 0.0000000000
32855  22.566  -41.672  67.413 0.0000000000
31823  21.153  -42.453  68.092 0.0000000000
32841  21.851  -42.246  68.568 0.0000000000
31814  21.885  -42.414  69.637 0.0000000000
118353  20.974  -42.845  69.907 0.0000000000
31825  19.086  -43.149  68.571 0.0000000000
31815  19.500  -43.404  69.386 0.0000000000
31816  18.774  -43.523  69.188 0.0000000000
30815  18.500  -43.826  70.342 0.0000000000
30827  18.119  -43.778  69.559 0.0000000000
33875  18.171  -40.149  63.681 0.0000000000
33858  17.868  -40.627  64.427 0.0000000000
33877  15.908  -40.321  63.580 0.0000000000
33860  15.398  -40.734  64.186 0.0000000000
32886  15.983  -41.549  65.584 0.0000000000
32899  16.561  -41.053  64.989 0.0000000000
32885  16.925  -41.479  65.641 0.0000000000
126924  17.821  -41.519  65.663 0.0000000000
32869  17.345  -41.840  66.294 0.0000000000
31853  17.735  -42.308  66.894 0.0000000000
140338  16.981  -42.168  66.852 0.0000000000
31841  16.252  -42.858  67.855 0.0000000000
31828  16.137  -43.261  68.417 0.0000000000
30843  16.391  -43.544  68.951 0.0000000000
30844  15.665  -43.489  68.822 0.0000000000
30830  15.816  -43.786  69.503 0.0000000000
30832  14.058  -43.688  69.136 0.0000000000
30833  13.073  -43.671  68.954 0.0000000000
135252  12.615  -44.031  69.917 0.0000000000
123718  12.407  -43.586  68.419 0.0000000000
116318  12.036  -42.504  65.601 0.0000000000
30858  10.591  -43.643  67.257 0.0000000000
30857  11.406  -43.469  67.500 0.0000000000
118070  10.878  -43.761  68.139 0.0000000000
30835  11.203  -43.894  68.933 0.0000000000
30849  10.378  -44.117  68.750 0.0000000000
29916  8.716  -44.691  67.226 0.0000000000
29909  8.915  -44.819  68.102 0.0000000000
28949  8.429  -45.556  68.465 0.0000000000
28065  7.444  -46.510  67.252 0.0000000000
28066  6.742  -47.205  67.130 0.0000000000
41838  27.030  -31.524  58.087 0.0000000000
40936  27.778  -31.878  58.306 0.0000000000
122630  27.780  -32.246  58.869 0.0000000000
40920  25.532  -32.170  58.657 0.0000000000
40906  25.683  -32.586  59.307 0.0000000000
39986  26.570  -33.187  60.660 0.0000000000
40004  26.012  -32.884  59.982 0.0000000000
39985  27.418  -32.916  60.402 0.0000000000
39967  27.687  -33.827  61.546 0.0000000000
38199  26.741  -35.593  62.292 0.0000000000
38181  28.037  -35.753  63.416 0.0000000000
37345  27.541  -36.428  63.535 0.0000000000
35682  25.789  -37.997  62.859 0.0000000000
35660  26.596  -39.047  65.488 0.0000000000
116816  26.774  -38.547  64.868 0.0000000000
137210  27.298  -37.979  64.959 0.0000000000
35659  27.258  -38.406  65.588 0.0000000000
35650  27.382  -38.462  66.414 0.0000000000
35651  26.856  -39.039  66.808 0.0000000000
34737  25.847  -39.851  68.853 0.0000000000
34736  26.494  -39.368  68.511 0.0000000000
136391  25.666  -41.345  71.568 0.0000000000
29854  16.550  -44.413  73.677 0.0000000000
29840  16.858  -44.670  74.800 0.0000000000
27100  6.656  -47.862  71.354 0.0000000000
135209  7.076  -47.277  71.647 0.0000000000
27086  6.764  -47.627  72.526 0.0000000000
27066  5.710  -47.468  75.271 0.0000000000
27065  6.437  -47.348  74.640 0.0000000000
27053  6.133  -47.097  75.756 0.0000000000
27985  6.797  -47.728  76.720 0.0000000000
27976  6.497  -46.890  77.173 0.0000000000
66452  55.722  -4.905  36.577 0.0000000000
117768  56.637  -5.396  39.219 0.0000000000
63804  51.391  -8.325  35.930 0.0000000000
63803  52.243  -8.194  36.100 0.0000000000
63788  52.367  -8.289  37.086 0.0000000000
64652  52.739  -7.746  38.742 0.0000000000
64644  53.373  -7.253  39.340 0.0000000000
140701  52.264  -8.115  41.050 0.0000000000
65521  54.407  -6.676  42.025 0.0000000000
65520  55.494  -5.664  42.043 0.0000000000
61923  43.283  -10.537  39.359 0.0000000000
61939  43.012  -9.818  38.678 0.0000000000
61922  44.136  -10.622  39.405 0.0000000000
60975  44.500  -11.126  40.006 0.0000000000
118381  43.312  -11.821  41.930 0.0000000000
60964  43.207  -11.519  40.856 0.0000000000
60942  44.166  -11.834  42.312 0.0000000000
61878  45.783  -11.324  43.189 0.0000000000
133275  44.859  -11.733  41.808 0.0000000000
60941  45.561  -11.522  41.951 0.0000000000
60962  46.113  -11.553  41.203 0.0000000000
117610  46.423  -11.006  42.093 0.0000000000
134418  47.141  -10.686  42.587 0.0000000000
61859  48.327  -10.682  44.963 0.0000000000
62749  47.948  -10.237  43.867 0.0000000000
62729  48.954  -10.123  45.058 0.0000000000
130398  45.168  -15.128  45.514 0.0000000000
58201  44.891  -15.026  44.951 0.0000000000
59109  47.245  -13.906  45.959 0.0000000000
59108  47.757  -13.559  46.368 0.0000000000
59981  49.246  -12.359  47.533 0.0000000000
59096  48.473  -12.947  47.344 0.0000000000
59988  48.852  -12.575  46.450 0.0000000000
59989  48.130  -12.927  45.932 0.0000000000
60890  48.467  -11.085  45.329 0.0000000000
60883  49.169  -11.724  45.914 0.0000000000
124221  35.911  -19.649  49.024 0.0000000000
53580  36.653  -19.449  49.221 0.0000000000
53560  37.159  -19.192  49.840 0.0000000000
53525  35.238  -18.840  52.557 0.0000000000
53543  35.597  -18.978  51.661 0.0000000000
54555  36.112  -18.768  52.148 0.0000000000
54554  37.620  -18.616  52.280 0.0000000000
117198  36.816  -18.734  51.811 0.0000000000
118048  38.117  -18.569  51.618 0.0000000000
54575  38.834  -18.414  51.433 0.0000000000
54553  38.581  -18.446  52.230 0.0000000000
131055  39.248  -18.603  55.279 0.0000000000
54523  39.847  -18.148  54.514 0.0000000000
55489  40.730  -17.802  54.990 0.0000000000
55481  40.815  -17.942  55.851 0.0000000000
44784  36.977  -28.887  57.383 0.0000000000
44804  36.679  -28.544  56.523 0.0000000000
44803  37.350  -28.131  56.851 0.0000000000
46607  37.599  -26.200  55.917 0.0000000000
45749  37.315  -27.031  55.775 0.0000000000
46614  37.074  -26.269  55.344 0.0000000000
47544  36.654  -25.560  54.955 0.0000000000
48593  36.888  -24.733  55.178 0.0000000000
49616  37.374  -23.957  56.278 0.0000000000
139883  37.056  -24.136  55.536 0.0000000000
49617  36.923  -23.235  56.467 0.0000000000
50618  36.350  -22.820  55.998 0.0000000000
121401  38.506  -30.150  62.956 0.0000000000
43641  38.507  -29.477  63.546 0.0000000000
45689  38.894  -27.695  62.483 0.0000000000
45688  39.449  -27.078  61.694 0.0000000000
127984  39.627  -26.893  60.760 0.0000000000
48554  38.774  -23.980  60.993 0.0000000000
48542  39.077  -24.538  61.581 0.0000000000
48553  39.249  -24.689  60.717 0.0000000000
47511  39.512  -25.386  60.532 0.0000000000
48562  38.875  -24.231  60.102 0.0000000000
129400  38.492  -24.074  58.649 0.0000000000
49591  38.439  -23.759  59.441 0.0000000000
123772  36.720  -21.915  58.845 0.0000000000
50604  37.135  -22.537  58.131 0.0000000000
50605  36.197  -21.737  58.218 0.0000000000
50610  35.860  -21.958  57.345 0.0000000000
51519  35.356  -21.231  57.930 0.0000000000
51520  34.770  -20.952  57.427 0.0000000000
53439  36.114  -19.822  58.943 0.0000000000
53454  35.568  -20.217  58.362 0.0000000000
54494  36.139  -18.642  57.321 0.0000000000
54458  36.544  -19.077  58.858 0.0000000000
52418  37.478  -20.134  61.727 0.0000000000
53411  37.774  -19.317  61.720 0.0000000000
116310  37.664  -18.728  60.125 0.0000000000
54456  38.657  -18.646  59.810 0.0000000000
137561  38.203  -18.622  58.519 0.0000000000
118900  38.818  -18.643  58.727 0.0000000000
134395  39.296  -18.703  57.988 0.0000000000
54475  39.765  -18.644  58.530 0.0000000000
73093  49.162  1.727  26.469 0.0000000000
69279  47.673  -2.641  30.171 0.0000000000
70247  49.685  -1.009  27.879 0.0000000000
69323  50.970  -1.578  28.128 0.0000000000
67436  52.479  -4.099  30.059 0.0000000000
68336  53.833  -3.864  29.327 0.0000000000
127858  54.031  -4.409  29.928 0.0000000000
68298  51.960  -3.960  32.408 0.0000000000
68309  52.586  -3.843  32.138 0.0000000000
69260  54.619  -2.679  32.615 0.0000000000
69265  54.190  -3.074  32.327 0.0000000000
69264  54.868  -2.661  31.968 0.0000000000
69278  55.590  -2.270  31.490 0.0000000000
69250  56.949  -1.841  33.726 0.0000000000
119639  53.838  -1.058  24.561 0.0000000000
70298  54.275  -0.912  23.648 0.0000000000
35585  27.830  -39.201  70.660 0.0000000000
28932  8.710  -45.712  70.415 0.0000000000
136688  8.858  -45.794  71.108 0.0000000000
28017  8.094  -46.508  71.932 0.0000000000
56355  42.879  -16.721  53.249 0.0000000000
129865  42.967  -16.776  54.011 0.0000000000
40916  29.821  -32.929  58.420 0.0000000000
128320  22.224  -39.739  63.669 0.0000000000
34805  21.596  -39.822  63.674 0.0000000000
33872  20.814  -39.969  63.716 0.0000000000
118581  22.913  -38.360  61.830 0.0000000000
34816  22.749  -39.026  62.811 0.0000000000
117977  18.966  -43.728  71.076 0.0000000000
117268  18.823  -43.754  72.417 0.0000000000
30791  18.535  -43.847  73.099 0.0000000000
137815  18.220  -44.114  73.754 0.0000000000
65572  53.408  -6.615  34.501 0.0000000000
64700  53.691  -7.063  34.806 0.0000000000
64701  53.013  -7.293  34.701 0.0000000000
64684  53.439  -7.457  35.463 0.0000000000
62746  50.177  -9.262  43.237 0.0000000000
63722  50.876  -8.850  43.697 0.0000000000
60018  42.561  -12.389  43.171 0.0000000000
59130  43.884  -13.282  44.219 0.0000000000
52510  33.265  -20.353  54.144 0.0000000000
53499  33.489  -19.926  54.549 0.0000000000
53483  33.681  -20.011  55.232 0.0000000000
136375  33.923  -20.227  55.793 0.0000000000
53471  34.213  -20.079  56.425 0.0000000000
41829  37.189  -31.142  59.956 0.0000000000
42712  37.674  -30.357  59.753 0.0000000000
43698  38.631  -29.757  60.748 0.0000000000
139867  48.836  -4.710  33.564 0.0000000000
136174  48.760  -4.271  32.914 0.0000000000
135463  50.411  -4.497  33.403 0.0000000000
66472  51.616  -5.068  34.386 0.0000000000
122597  52.154  -5.549  34.574 0.0000000000
70273  51.975  -0.748  26.031 0.0000000000
69337  53.657  -1.693  27.002 0.0000000000
69338  52.918  -1.623  27.226 0.0000000000
69306  52.634  -2.009  28.084 0.0000000000
39058  28.355  -35.641  62.982 0.0000000000
39044  29.050  -36.024  63.631 0.0000000000
39034  29.546  -36.201  64.320 0.0000000000
30807  13.581  -44.298  70.578 0.0000000000
120813  13.255  -44.592  71.506 0.0000000000
29871  12.911  -44.747  72.542 0.0000000000
29858  12.633  -44.864  73.533 0.0000000000
28893  9.910  -45.651  74.560 0.0000000000
29846  10.815  -45.397  74.635 0.0000000000
64689  48.459  -7.380  35.947 0.0000000000
64670  47.910  -7.999  36.333 0.0000000000
63792  48.220  -8.705  36.853 0.0000000000
62819  46.258  -9.420  37.690 0.0000000000
62818  47.128  -9.556  37.671 0.0000000000
61934  47.864  -10.614  38.846 0.0000000000
61918  48.437  -10.571  39.276 0.0000000000
61902  48.695  -10.347  40.647 0.0000000000
61887  48.250  -10.442  41.518 0.0000000000
118566  42.973  -16.450  47.282 0.0000000000
57278  44.212  -15.423  49.936 0.0000000000
57254  45.050  -15.436  52.061 0.0000000000
65577  46.775  -6.090  35.110 0.0000000000
26241  5.866  -48.779  69.030 0.0000000000
26233  5.841  -48.858  70.110 0.0000000000
124624  4.955  -49.815  71.111 0.0000000000
121413  40.796  -16.906  44.246 0.0000000000
55572  40.644  -17.781  45.406 0.0000000000
54633  38.663  -18.800  47.134 0.0000000000
119601  39.169  -18.584  46.705 0.0000000000
54632  39.322  -18.586  47.445 0.0000000000
119636  39.842  -18.410  48.792 0.0000000000
55526  40.581  -17.910  49.841 0.0000000000
139600  40.554  -17.815  50.433 0.0000000000
55519  40.013  -17.877  51.779 0.0000000000
117361  32.786  -32.784  57.887 0.0000000000
40913  33.538  -32.607  58.150 0.0000000000
40912  34.344  -32.298  58.479 0.0000000000
40911  35.068  -31.933  58.832 0.0000000000
38196  31.129  -35.980  62.303 0.0000000000
38195  32.040  -36.219  62.602 0.0000000000
37363  33.064  -36.393  62.822 0.0000000000
135942  37.232  -35.852  63.031 0.0000000000
38212  37.240  -35.466  61.635 0.0000000000
33795  25.224  -40.305  69.196 0.0000000000
33806  24.598  -40.729  68.657 0.0000000000
32865  21.561  -41.579  66.209 0.0000000000
31837  21.093  -42.234  67.431 0.0000000000
31824  20.457  -42.771  68.437 0.0000000000
116617  20.340  -43.014  69.238 0.0000000000
138315  18.418  -42.992  68.183 0.0000000000
33876  17.344  -40.036  63.300 0.0000000000
32901  14.914  -41.194  64.746 0.0000000000
32887  15.277  -41.480  65.306 0.0000000000
138844  15.775  -41.887  66.129 0.0000000000
31855  15.541  -42.269  66.651 0.0000000000
31842  15.560  -42.731  67.481 0.0000000000
31830  14.817  -43.061  67.987 0.0000000000
30845  14.575  -43.471  68.645 0.0000000000
120655  14.216  -42.893  67.562 0.0000000000
31843  13.537  -42.954  67.486 0.0000000000
30859  9.786  -43.888  67.009 0.0000000000
30860  9.013  -44.124  66.733 0.0000000000
39126  24.643  -34.347  59.504 0.0000000000
40005  25.178  -33.384  59.611 0.0000000000
39969  26.144  -33.909  61.065 0.0000000000
39089  26.619  -34.341  61.570 0.0000000000
38217  26.317  -35.124  61.707 0.0000000000
37364  26.411  -36.456  62.486 0.0000000000
34790  25.537  -39.211  64.069 0.0000000000
34780  25.885  -39.546  65.516 0.0000000000
34766  26.386  -39.404  66.151 0.0000000000
34753  26.172  -39.608  66.907 0.0000000000
26218  5.411  -48.392  73.778 0.0000000000
27077  6.230  -47.839  73.616 0.0000000000
66446  55.039  -5.589  37.941 0.0000000000
118561  56.222  -5.669  40.937 0.0000000000
65519  55.997  -5.346  41.728 0.0000000000
63775  51.702  -8.694  37.570 0.0000000000
64645  52.617  -7.816  39.650 0.0000000000
64608  52.655  -7.961  43.431 0.0000000000
61905  42.726  -11.057  40.005 0.0000000000
60926  44.352  -11.898  43.049 0.0000000000
60925  45.150  -11.842  43.595 0.0000000000
61870  45.797  -11.658  43.981 0.0000000000
137238  47.815  -11.159  44.833 0.0000000000
119260  46.026  -14.663  47.049 0.0000000000
58193  45.735  -14.876  45.988 0.0000000000
58177  46.710  -14.332  47.155 0.0000000000
53581  35.264  -19.687  49.483 0.0000000000
117807  36.002  -19.510  49.649 0.0000000000
121034  35.890  -18.532  54.255 0.0000000000
120199  35.992  -18.682  52.831 0.0000000000
54539  36.397  -18.607  53.408 0.0000000000
54538  37.330  -18.634  53.234 0.0000000000
54524  38.573  -18.603  54.522 0.0000000000
54513  39.709  -18.604  56.196 0.0000000000
45720  37.952  -27.666  57.216 0.0000000000
45732  37.647  -27.404  56.482 0.0000000000
45731  38.196  -26.904  56.835 0.0000000000
46606  38.096  -26.148  56.521 0.0000000000
47536  37.774  -25.425  56.219 0.0000000000
48585  37.867  -24.689  56.600 0.0000000000
118988  37.794  -24.066  57.100 0.0000000000
44680  38.471  -28.784  64.109 0.0000000000
133288  38.549  -27.955  63.564 0.0000000000
45678  38.729  -27.191  63.371 0.0000000000
49564  38.218  -23.186  61.284 0.0000000000
49592  37.871  -22.999  59.727 0.0000000000
49579  37.799  -22.708  60.643 0.0000000000
50580  37.344  -22.182  60.092 0.0000000000
51512  36.311  -21.321  59.033 0.0000000000
51505  36.059  -20.997  59.061 0.0000000000
51504  36.456  -21.122  59.798 0.0000000000
52428  36.490  -20.734  60.215 0.0000000000
53413  36.678  -19.940  60.363 0.0000000000
68341  48.577  -3.039  30.331 0.0000000000
127963  50.230  -2.296  28.993 0.0000000000
68338  51.385  -2.997  29.426 0.0000000000
68287  53.141  -3.423  33.073 0.0000000000
127939  53.894  -3.177  33.140 0.0000000000
137456  54.375  -2.774  32.921 0.0000000000
69252  54.980  -2.439  33.051 0.0000000000
69251  55.904  -2.128  33.313 0.0000000000
134863  55.810  -1.439  24.884 0.0000000000
70284  55.500  -1.129  24.187 0.0000000000
127271  56.313  -1.076  24.169 0.0000000000
70283  57.243  -0.975  24.238 0.0000000000
68364  56.571  -3.241  28.236 0.0000000000
68349  57.614  -2.496  28.700 0.0000000000
70226  58.077  -1.491  29.943 0.0000000000
37303  28.364  -37.123  66.130 0.0000000000
36436  28.621  -37.220  67.206 0.0000000000
124395  28.852  -37.297  68.205 0.0000000000
36421  28.624  -38.209  69.417 0.0000000000
127341  11.343  -44.693  70.852 0.0000000000
29884  11.605  -44.792  71.542 0.0000000000
29885  10.792  -44.894  71.392 0.0000000000
29874  10.280  -45.319  71.940 0.0000000000
28923  9.446  -45.645  71.609 0.0000000000
28902  9.849  -45.670  73.415 0.0000000000
28883  9.026  -45.899  75.087 0.0000000000
27974  8.105  -46.199  76.801 0.0000000000
62805  45.755  -9.841  38.272 0.0000000000
137080  42.402  -16.786  50.134 0.0000000000
56400  43.062  -16.329  49.979 0.0000000000
136145  43.149  -16.312  51.321 0.0000000000
56354  43.642  -16.541  53.581 0.0000000000
56362  44.249  -16.204  53.122 0.0000000000
57248  44.922  -15.893  53.522 0.0000000000
24387  4.085  -50.398  68.636 0.0000000000
23498  2.934  -51.537  70.163 0.0000000000
123319  1.718  -51.800  71.103 0.0000000000
40932  31.362  -32.630  57.398 0.0000000000
40915  30.768  -32.967  58.084 0.0000000000
40914  31.929  -33.144  58.036 0.0000000000
131465  24.277  -40.727  66.736 0.0000000000
33826  23.926  -40.702  66.038 0.0000000000
33827  23.055  -41.118  66.059 0.0000000000
32881  22.112  -41.215  65.716 0.0000000000
33853  22.285  -40.536  64.641 0.0000000000
131727  22.208  -40.876  65.182 0.0000000000
32883  20.386  -41.400  65.572 0.0000000000
32884  19.381  -41.394  65.532 0.0000000000
32902  13.942  -41.367  64.654 0.0000000000
31868  12.870  -42.235  65.561 0.0000000000
37407  23.974  -36.042  59.797 0.0000000000
37396  24.376  -36.451  60.433 0.0000000000
37381  25.370  -36.442  61.405 0.0000000000
36526  25.039  -37.247  61.687 0.0000000000
118936  25.090  -38.351  62.735 0.0000000000
35676  24.194  -38.605  62.566 0.0000000000
34791  24.714  -39.694  64.295 0.0000000000
123557  24.746  -39.978  64.970 0.0000000000
66459  55.644  -5.364  35.037 0.0000000000
65549  55.305  -5.820  35.649 0.0000000000
65550  54.562  -6.485  36.221 0.0000000000
124739  54.494  -6.212  38.379 0.0000000000
63747  51.888  -8.344  40.761 0.0000000000
131254  51.420  -8.657  41.118 0.0000000000
63729  52.162  -8.356  42.778 0.0000000000
60944  41.452  -11.757  41.651 0.0000000000
60918  42.972  -12.166  43.079 0.0000000000
60917  43.799  -12.193  43.382 0.0000000000
60905  45.045  -12.117  44.036 0.0000000000
60903  46.389  -12.098  44.690 0.0000000000
59059  46.622  -13.689  50.568 0.0000000000
53563  34.104  -19.592  50.761 0.0000000000
53544  34.156  -19.391  51.744 0.0000000000
53512  33.865  -19.363  54.117 0.0000000000
54528  34.743  -18.803  54.384 0.0000000000
54516  36.423  -18.451  56.016 0.0000000000
43750  35.692  -29.723  56.594 0.0000000000
132744  37.599  -28.792  58.093 0.0000000000
43733  37.693  -29.247  58.782 0.0000000000
44782  38.239  -28.106  57.995 0.0000000000
45712  38.807  -27.627  58.361 0.0000000000
45711  39.532  -26.681  59.242 0.0000000000
68314  47.281  -3.415  31.384 0.0000000000
68299  49.008  -4.124  31.971 0.0000000000
68313  48.787  -3.677  31.035 0.0000000000
67415  51.087  -4.347  30.890 0.0000000000
68310  51.158  -4.181  31.889 0.0000000000
68288  52.354  -3.751  32.975 0.0000000000
67390  51.801  -4.316  33.614 0.0000000000
67388  53.478  -3.956  33.579 0.0000000000
67380  54.872  -4.937  33.894 0.0000000000
71207  52.246  -0.604  25.075 0.0000000000
70269  55.109  -1.417  25.150 0.0000000000
69347  56.742  -1.733  25.957 0.0000000000
69333  57.073  -2.281  26.773 0.0000000000
69318  56.421  -2.748  27.455 0.0000000000
68365  55.816  -3.212  28.102 0.0000000000
68351  56.011  -3.836  28.759 0.0000000000
67448  55.562  -4.190  29.258 0.0000000000
39965  28.906  -34.157  61.099 0.0000000000
120531  29.351  -35.140  62.062 0.0000000000
39067  29.568  -35.489  62.706 0.0000000000
39057  29.074  -35.722  63.103 0.0000000000
38180  30.352  -35.816  63.040 0.0000000000
38163  31.746  -35.754  64.421 0.0000000000
38138  29.772  -36.288  66.164 0.0000000000
38149  30.274  -36.117  65.720 0.0000000000
38137  31.339  -35.996  66.782 0.0000000000
39024  31.235  -35.868  66.021 0.0000000000
133394  16.472  -44.303  70.958 0.0000000000
29880  15.964  -44.454  71.678 0.0000000000
29855  15.731  -44.518  73.387 0.0000000000
29856  14.871  -44.615  73.242 0.0000000000
126693  15.350  -44.635  74.228 0.0000000000
29842  15.044  -44.808  75.161 0.0000000000
29872  11.930  -44.836  72.258 0.0000000000
29844  12.466  -44.937  74.468 0.0000000000
127232  11.255  -45.344  75.536 0.0000000000
29828  12.220  -45.125  75.611 0.0000000000
128016  13.201  -44.919  75.345 0.0000000000
64703  50.657  -7.134  35.140 0.0000000000
63805  50.528  -8.237  35.846 0.0000000000
63791  50.012  -8.543  36.231 0.0000000000
63776  51.152  -8.983  37.154 0.0000000000
62799  51.032  -9.193  37.885 0.0000000000
62788  50.920  -9.210  38.792 0.0000000000
63793  47.310  -8.477  36.737 0.0000000000
62817  48.352  -9.382  37.340 0.0000000000
128777  47.833  -9.634  37.643 0.0000000000
62802  48.436  -9.938  37.859 0.0000000000
139273  48.965  -9.694  37.519 0.0000000000
62789  50.297  -9.608  39.141 0.0000000000
63756  50.783  -9.158  39.666 0.0000000000
62767  50.345  -9.305  41.264 0.0000000000
62755  50.169  -9.384  42.235 0.0000000000
63714  49.721  -9.261  44.817 0.0000000000
58211  43.098  -15.165  44.052 0.0000000000
57343  43.588  -15.415  44.518 0.0000000000
57337  44.567  -15.491  45.539 0.0000000000
57327  44.940  -15.366  46.249 0.0000000000
57311  44.590  -15.521  47.199 0.0000000000
58178  45.508  -14.804  47.886 0.0000000000
58164  45.635  -14.596  48.613 0.0000000000
131183  43.659  -15.870  50.168 0.0000000000
128635  44.663  -15.188  50.591 0.0000000000
57264  45.002  -15.150  51.270 0.0000000000
58133  45.098  -14.809  50.052 0.0000000000
58148  45.833  -14.222  50.076 0.0000000000
51547  34.110  -21.972  53.965 0.0000000000
50627  34.826  -21.990  55.254 0.0000000000
131662  38.540  -31.556  62.780 0.0000000000
42694  38.265  -30.842  62.265 0.0000000000
41798  39.012  -31.314  63.773 0.0000000000
68301  46.548  -3.618  31.993 0.0000000000
123053  47.079  -5.150  34.090 0.0000000000
66487  47.818  -4.995  33.917 0.0000000000
66486  48.446  -5.087  34.028 0.0000000000
66474  49.584  -5.708  34.669 0.0000000000
138583  50.123  0.405  26.321 0.0000000000
28039  7.078  -47.132  69.884 0.0000000000
136605  6.205  -48.420  71.415 0.0000000000
26226  5.760  -48.908  71.094 0.0000000000
120799  5.873  -48.688  71.950 0.0000000000
136708  4.816  -48.936  73.366 0.0000000000
25322  4.351  -50.122  71.593 0.0000000000
25316  3.253  -49.838  73.351 0.0000000000
121073  3.057  -49.577  74.276 0.0000000000
60026  41.227  -12.329  42.358 0.0000000000
59148  41.319  -12.975  42.647 0.0000000000
58224  40.670  -14.625  42.730 0.0000000000
132271  41.287  -14.793  43.119 0.0000000000
57356  42.457  -15.254  43.800 0.0000000000
57344  42.823  -15.794  44.355 0.0000000000
56447  41.628  -16.736  44.494 0.0000000000
56443  42.235  -16.915  45.671 0.0000000000
56430  42.681  -16.727  46.428 0.0000000000
130424  42.606  -16.692  47.875 0.0000000000
56408  42.538  -16.705  48.607 0.0000000000
55573  39.808  -17.970  45.200 0.0000000000
55559  40.734  -17.918  46.252 0.0000000000
54648  39.923  -18.307  46.738 0.0000000000
55546  40.717  -17.936  47.195 0.0000000000
55545  41.379  -17.616  47.600 0.0000000000
56402  41.931  -17.159  48.972 0.0000000000
56381  41.909  -16.955  51.364 0.0000000000
56365  41.942  -16.909  52.153 0.0000000000
56356  41.970  -16.903  53.021 0.0000000000
55479  42.210  -17.160  55.173 0.0000000000
42764  34.442  -30.049  55.058 0.0000000000
138930  34.675  -30.207  55.614 0.0000000000
41861  31.152  -31.855  56.105 0.0000000000
41860  32.067  -31.731  56.066 0.0000000000
41878  32.962  -31.479  56.046 0.0000000000
42740  33.821  -31.140  56.074 0.0000000000
120699  34.604  -30.650  56.199 0.0000000000
42739  35.187  -30.358  56.583 0.0000000000
42729  35.517  -30.424  57.237 0.0000000000
42724  35.839  -30.618  58.067 0.0000000000
117130  36.187  -30.984  58.821 0.0000000000
41831  35.814  -31.662  59.141 0.0000000000
41821  37.504  -31.682  60.772 0.0000000000
39983  29.795  -34.348  60.532 0.0000000000
39124  30.641  -34.546  60.110 0.0000000000
39105  31.844  -35.147  60.453 0.0000000000
39104  32.704  -35.069  60.385 0.0000000000
39103  33.553  -34.871  60.349 0.0000000000
39102  34.387  -34.632  60.414 0.0000000000
37344  33.820  -36.339  63.342 0.0000000000
37362  34.039  -36.447  62.635 0.0000000000
37361  34.965  -36.354  62.506 0.0000000000
37379  34.358  -36.297  61.884 0.0000000000
38214  34.623  -35.839  61.297 0.0000000000
39084  34.899  -35.203  60.869 0.0000000000
39101  35.184  -34.368  60.612 0.0000000000
39979  36.206  -33.374  60.650 0.0000000000
39964  36.827  -34.031  61.020 0.0000000000
39978  36.760  -33.176  60.971 0.0000000000
40878  37.710  -32.508  61.416 0.0000000000
40877  38.241  -32.347  62.134 0.0000000000
34687  27.068  -40.493  71.348 0.0000000000
33765  25.816  -40.802  71.299 0.0000000000
33766  24.988  -41.013  71.454 0.0000000000
32817  23.676  -41.788  71.570 0.0000000000
32818  22.906  -42.092  71.351 0.0000000000
33817  23.771  -41.093  67.299 0.0000000000
32854  23.199  -41.502  67.760 0.0000000000
32848  23.269  -41.585  68.655 0.0000000000
31813  22.625  -41.982  69.906 0.0000000000
31804  22.385  -42.247  70.610 0.0000000000
31796  21.511  -42.739  71.585 0.0000000000
117575  20.751  -42.948  71.027 0.0000000000
30813  19.837  -43.452  71.046 0.0000000000
34806  20.368  -39.637  63.114 0.0000000000
33873  19.979  -40.067  63.720 0.0000000000
33874  19.131  -40.120  63.718 0.0000000000
33856  19.573  -40.498  64.318 0.0000000000
33841  19.216  -40.889  64.844 0.0000000000
138130  18.581  -41.569  65.775 0.0000000000
127081  16.746  -40.341  63.738 0.0000000000
131593  17.045  -40.677  64.410 0.0000000000
120654  18.090  -42.713  67.564 0.0000000000
31827  17.675  -43.084  68.232 0.0000000000
30842  17.331  -43.590  69.015 0.0000000000
30817  16.893  -44.060  70.291 0.0000000000
30819  15.220  -43.985  70.105 0.0000000000
30806  14.635  -44.300  70.734 0.0000000000
118967  14.327  -43.940  69.950 0.0000000000
29893  11.898  -44.457  70.393 0.0000000000
31844  12.757  -43.000  67.251 0.0000000000
30856  12.200  -43.375  67.748 0.0000000000
30868  11.110  -43.202  66.549 0.0000000000
29901  11.605  -44.156  69.670 0.0000000000
29894  11.113  -44.515  70.158 0.0000000000
123988  10.426  -44.613  69.991 0.0000000000
29908  9.610  -44.479  68.476 0.0000000000
28940  8.584  -45.588  69.533 0.0000000000
28962  8.015  -45.784  67.478 0.0000000000
28051  7.794  -46.343  68.239 0.0000000000
28038  7.448  -46.812  69.030 0.0000000000
28052  6.889  -47.379  68.968 0.0000000000
27143  6.187  -47.943  67.416 0.0000000000
26247  6.158  -48.415  68.174 0.0000000000
26248  5.560  -48.878  68.188 0.0000000000
41863  29.295  -31.699  56.418 0.0000000000
40935  28.541  -31.972  57.803 0.0000000000
40003  28.197  -32.957  59.941 0.0000000000
41839  26.240  -31.744  58.438 0.0000000000
123219  26.516  -32.405  59.483 0.0000000000
40905  27.415  -32.495  59.552 0.0000000000
39984  28.121  -33.495  60.863 0.0000000000
39953  27.867  -34.373  62.079 0.0000000000
39070  27.812  -34.674  62.360 0.0000000000
39059  27.807  -35.215  63.116 0.0000000000
37365  25.715  -36.865  62.063 0.0000000000
36517  26.110  -37.310  62.693 0.0000000000
37346  26.821  -36.857  63.200 0.0000000000
35667  26.322  -38.621  64.080 0.0000000000
37328  27.257  -37.110  63.912 0.0000000000
36493  27.663  -37.316  64.642 0.0000000000
129998  27.761  -37.900  66.045 0.0000000000
35629  27.434  -38.435  67.360 0.0000000000
35630  27.102  -38.756  68.213 0.0000000000
136344  26.582  -39.273  67.571 0.0000000000
35610  27.019  -38.926  69.153 0.0000000000
35598  27.430  -38.984  69.999 0.0000000000
30793  16.991  -44.281  72.985 0.0000000000
30781  17.484  -44.326  73.983 0.0000000000
28018  7.435  -46.954  72.211 0.0000000000
27076  6.815  -47.397  73.609 0.0000000000
27999  7.181  -46.948  74.220 0.0000000000
27998  7.902  -46.678  73.792 0.0000000000
27992  7.720  -46.566  74.938 0.0000000000
27984  7.461  -46.471  76.255 0.0000000000
122440  51.840  -7.843  35.311 0.0000000000
117635  52.910  -7.863  36.114 0.0000000000
64658  52.852  -7.781  37.821 0.0000000000
122090  53.449  -7.276  37.533 0.0000000000
122047  53.879  -6.804  38.625 0.0000000000
65535  54.156  -6.672  39.413 0.0000000000
64637  52.434  -7.967  40.492 0.0000000000
62807  43.958  -9.575  38.292 0.0000000000
61937  44.528  -10.124  38.841 0.0000000000
61921  45.107  -10.741  39.373 0.0000000000
119874  45.898  -11.186  39.628 0.0000000000
136488  44.061  -11.428  40.505 0.0000000000
127396  44.712  -11.477  40.590 0.0000000000
60973  46.207  -11.478  40.373 0.0000000000
61888  47.400  -10.780  41.671 0.0000000000
62758  48.094  -10.063  43.288 0.0000000000
62748  48.499  -9.864  44.085 0.0000000000
62738  49.027  -9.772  44.758 0.0000000000
137168  49.949  -9.416  45.503 0.0000000000
58209  44.276  -14.803  44.547 0.0000000000
58208  45.092  -14.285  44.588 0.0000000000
58199  46.227  -14.466  45.340 0.0000000000
59118  46.011  -14.130  44.824 0.0000000000
59128  45.534  -13.392  44.506 0.0000000000
59127  46.263  -13.369  44.774 0.0000000000
59996  46.792  -12.717  44.943 0.0000000000
59070  47.345  -13.311  49.190 0.0000000000
59082  47.506  -13.466  48.260 0.0000000000
59097  47.832  -13.529  47.285 0.0000000000
59971  48.482  -12.688  48.196 0.0000000000
59995  47.638  -12.421  45.271 0.0000000000
60891  47.696  -11.438  45.076 0.0000000000
60882  49.904  -11.165  46.272 0.0000000000
62728  49.513  -9.807  45.325 0.0000000000
53598  37.210  -19.445  48.237 0.0000000000
53578  37.938  -19.148  48.588 0.0000000000
54607  38.286  -18.874  49.256 0.0000000000
116730  35.065  -19.350  51.064 0.0000000000
53562  35.641  -19.444  50.267 0.0000000000
53542  35.979  -19.136  50.942 0.0000000000
54595  36.717  -18.917  51.047 0.0000000000
54594  37.299  -18.935  50.537 0.0000000000
54608  37.844  -18.937  49.956 0.0000000000
133083  39.143  -18.400  50.650 0.0000000000
54574  39.399  -18.163  52.022 0.0000000000
55507  40.028  -17.840  52.544 0.0000000000
54537  39.093  -18.391  53.850 0.0000000000
55496  40.505  -17.659  53.139 0.0000000000
125510  40.728  -17.622  53.959 0.0000000000
55488  41.490  -17.387  54.622 0.0000000000
43759  36.041  -28.961  56.155 0.0000000000
45733  37.029  -27.837  56.134 0.0000000000
45750  36.579  -27.543  55.513 0.0000000000
49624  36.101  -23.139  55.175 0.0000000000
123730  35.604  -22.427  55.610 0.0000000000
51532  34.897  -21.718  56.156 0.0000000000
133397  38.575  -29.800  61.729 0.0000000000
44715  38.949  -29.004  61.097 0.0000000000
44700  38.910  -28.549  61.880 0.0000000000
44714  39.313  -28.337  60.502 0.0000000000
45695  39.544  -27.694  60.952 0.0000000000
45701  39.562  -27.484  60.009 0.0000000000
47522  39.470  -25.934  58.987 0.0000000000
46563  38.815  -26.512  63.373 0.0000000000
117676  38.864  -25.044  63.175 0.0000000000
47493  39.179  -25.296  62.139 0.0000000000
46572  39.387  -26.210  62.054 0.0000000000
122217  39.534  -25.736  61.041 0.0000000000
47516  39.555  -25.823  59.750 0.0000000000
48569  39.300  -25.239  59.069 0.0000000000
48570  38.831  -24.777  58.251 0.0000000000
48577  38.186  -24.063  57.896 0.0000000000
121340  37.605  -23.407  57.616 0.0000000000
49608  37.021  -22.970  57.226 0.0000000000
124724  36.455  -22.589  56.810 0.0000000000
51527  34.311  -20.992  56.682 0.0000000000
52472  34.622  -20.327  57.206 0.0000000000
52461  35.566  -20.863  58.487 0.0000000000
53463  35.149  -19.769  57.671 0.0000000000
53470  34.788  -19.325  56.849 0.0000000000
54495  35.450  -19.030  57.349 0.0000000000
54506  36.418  -18.492  56.666 0.0000000000
136184  36.963  -18.481  57.044 0.0000000000
132184  37.305  -20.772  61.704 0.0000000000
53412  37.174  -19.602  61.046 0.0000000000
53424  37.001  -19.113  60.328 0.0000000000
54457  37.036  -18.851  59.520 0.0000000000
135600  37.140  -18.731  58.784 0.0000000000
54493  37.709  -18.568  57.444 0.0000000000
54505  37.813  -18.610  56.452 0.0000000000
118127  38.469  -18.696  57.021 0.0000000000
54503  39.312  -18.719  57.124 0.0000000000
54502  40.190  -18.518  56.869 0.0000000000
54491  40.748  -18.333  57.425 0.0000000000
55471  40.829  -18.124  56.627 0.0000000000
72121  49.434  0.947  26.502 0.0000000000
71189  50.150  -0.562  27.302 0.0000000000
70258  50.956  -0.725  27.091 0.0000000000
70245  51.355  -1.251  27.569 0.0000000000
68355  51.963  -2.522  28.734 0.0000000000
68354  52.791  -2.766  28.752 0.0000000000
68353  53.551  -3.077  28.724 0.0000000000
67434  54.746  -4.222  29.445 0.0000000000
67433  55.480  -4.482  29.930 0.0000000000
67423  51.995  -4.484  30.797 0.0000000000
67422  52.819  -4.477  30.718 0.0000000000
68308  53.441  -3.464  32.341 0.0000000000
122996  53.788  -3.705  31.818 0.0000000000
67421  53.685  -4.464  30.598 0.0000000000
68322  54.736  -4.280  30.944 0.0000000000
67419  55.261  -4.370  30.479 0.0000000000
67432  56.041  -4.166  30.258 0.0000000000
140257  56.138  -1.933  31.048 0.0000000000
70186  57.165  -1.728  32.991 0.0000000000
26225  6.347  -48.217  71.986 0.0000000000
28873  8.869  -45.948  76.277 0.0000000000
28915  9.098  -45.878  72.250 0.0000000000
29859  11.765  -44.973  73.699 0.0000000000
29860  11.084  -45.159  73.445 0.0000000000
30803  18.671  -43.795  71.745 0.0000000000
30826  18.852  -43.675  69.736 0.0000000000
30828  17.337  -43.890  69.745 0.0000000000
30829  16.634  -43.850  69.616 0.0000000000
33815  25.257  -40.245  67.487 0.0000000000
33838  21.679  -40.893  65.079 0.0000000000
38148  30.792  -35.998  66.120 0.0000000000
38250  24.336  -35.244  59.547 0.0000000000
39045  28.502  -35.898  63.442 0.0000000000
44699  39.288  -28.311  61.182 0.0000000000
46581  39.552  -26.298  61.290 0.0000000000
46585  39.624  -26.607  60.057 0.0000000000
47494  39.006  -25.961  62.857 0.0000000000
50595  36.796  -21.659  59.601 0.0000000000
52448  36.321  -20.311  59.652 0.0000000000
54477  37.675  -18.612  58.308 0.0000000000
56393  43.379  -16.112  50.736 0.0000000000
58210  43.560  -14.613  44.136 0.0000000000
60916  44.684  -12.168  43.729 0.0000000000
61860  47.835  -10.924  44.691 0.0000000000
61875  47.815  -10.414  42.458 0.0000000000
63790  50.733  -8.774  36.500 0.0000000000
66483  50.990  -4.720  33.832 0.0000000000
67412  54.069  -4.356  31.164 0.0000000000
67413  53.215  -4.243  31.454 0.0000000000
68320  56.185  -2.891  30.691 0.0000000000
69263  56.098  -1.853  31.773 0.0000000000
69336  54.379  -1.805  26.836 0.0000000000
117556  21.355  -41.883  66.857 0.0000000000
119947  48.329  -10.633  39.978 0.0000000000
123099  22.627  -38.696  62.287 0.0000000000
123559  38.919  -24.498  59.224 0.0000000000
129646  44.164  -14.065  44.248 0.0000000000
130738  13.753  -44.642  72.157 0.0000000000
130983  38.517  -28.140  64.648 0.0000000000
132993  15.125  -43.404  68.578 0.0000000000
132995  36.991  -18.481  56.358 0.0000000000
133433  40.354  -18.334  56.203 0.0000000000
135184  36.223  -20.878  59.561 0.0000000000
135502  39.444  -25.748  61.561 0.0000000000
137630  53.642  -7.014  38.112 0.0000000000
138107  57.773  -1.064  24.569 0.0000000000
139069  38.495  -18.561  53.865 0.0000000000
139918  38.786  -29.158  61.727 0.0000000000
139938  49.561  -7.078  35.495 0.0000000000
139985  52.616  -8.062  36.547 0.0000000000
140457  44.655  -15.084  50.025 0.0000000000
140486  16.082  -44.580  74.259 0.0000000000
