#!ascii label  , from subject sub-v1s21x0050411_ses-1 vox2ras=TkReg
810
12348  -42.496  -70.124  42.085 0.0000000000
10396  -43.306  -72.326  32.775 0.0000000000
17513  -51.051  -62.764  41.248 0.0000000000
11696  -38.685  -70.381  38.431 0.0000000000
16729  -42.409  -63.129  39.311 0.0000000000
13752  -53.240  -67.289  42.703 0.0000000000
21291  -57.656  -58.546  41.860 0.0000000000
23378  -47.000  -56.817  40.139 0.0000000000
19349  -53.821  -60.907  38.614 0.0000000000
140737  -46.820  -62.382  39.937 0.0000000000
155956  -49.677  -62.808  37.582 0.0000000000
17488  -57.077  -62.260  44.047 0.0000000000
19268  -53.722  -60.726  43.387 0.0000000000
160846  -44.414  -53.674  36.471 0.0000000000
23431  -48.041  -57.102  36.428 0.0000000000
8901  -38.834  -74.675  39.740 0.0000000000
137976  -41.505  -71.438  35.708 0.0000000000
162682  -45.523  -72.366  37.237 0.0000000000
9635  -48.856  -72.759  35.398 0.0000000000
142298  -47.227  -66.137  41.803 0.0000000000
12360  -39.240  -69.476  41.561 0.0000000000
145463  -38.665  -66.458  39.601 0.0000000000
158161  -37.131  -67.827  36.166 0.0000000000
15984  -53.200  -64.205  41.744 0.0000000000
18409  -57.441  -61.182  41.106 0.0000000000
22423  -59.768  -57.606  38.852 0.0000000000
20242  -49.426  -59.355  43.715 0.0000000000
21307  -52.090  -58.525  40.381 0.0000000000
22436  -53.628  -57.386  37.563 0.0000000000
21377  -55.353  -57.791  35.292 0.0000000000
8923  -42.518  -74.049  37.958 0.0000000000
13163  -42.394  -67.330  30.955 0.0000000000
11758  -45.757  -70.183  31.328 0.0000000000
12466  -51.497  -69.467  29.859 0.0000000000
19366  -55.007  -60.437  36.921 0.0000000000
18454  -51.574  -61.575  37.361 0.0000000000
11654  -39.167  -70.901  42.706 0.0000000000
10368  -41.957  -72.212  34.037 0.0000000000
10355  -45.095  -72.032  35.630 0.0000000000
10384  -45.694  -72.791  33.759 0.0000000000
10385  -48.601  -72.420  33.619 0.0000000000
10399  -46.606  -72.676  32.672 0.0000000000
16698  -49.563  -63.794  42.052 0.0000000000
16709  -47.490  -63.536  41.529 0.0000000000
16731  -44.282  -62.788  39.658 0.0000000000
15991  -43.509  -63.904  40.635 0.0000000000
15989  -41.275  -64.067  40.132 0.0000000000
137949  -37.667  -66.796  38.090 0.0000000000
167672  -38.218  -64.794  38.838 0.0000000000
154579  -50.615  -66.314  42.514 0.0000000000
143552  -53.437  -65.650  42.442 0.0000000000
19272  -57.744  -60.238  43.382 0.0000000000
17519  -57.835  -61.471  42.346 0.0000000000
20292  -59.413  -59.057  41.856 0.0000000000
20322  -60.094  -59.956  40.128 0.0000000000
157870  -58.588  -57.453  40.242 0.0000000000
21286  -48.525  -58.256  41.455 0.0000000000
150167  -50.379  -59.271  41.798 0.0000000000
22374  -49.074  -57.720  40.039 0.0000000000
23433  -49.091  -57.026  35.211 0.0000000000
22433  -50.543  -57.570  37.383 0.0000000000
21363  -51.897  -57.771  36.140 0.0000000000
22449  -55.237  -57.551  36.774 0.0000000000
11681  -38.396  -70.178  39.902 0.0000000000
10329  -38.328  -72.104  38.928 0.0000000000
9605  -40.035  -72.752  37.683 0.0000000000
8924  -48.245  -74.453  39.595 0.0000000000
14622  -43.705  -66.092  30.560 0.0000000000
12437  -44.253  -69.219  30.880 0.0000000000
13170  -49.537  -68.714  30.115 0.0000000000
145171  -51.752  -61.645  39.897 0.0000000000
17528  -49.319  -62.182  40.609 0.0000000000
17550  -50.247  -61.607  39.225 0.0000000000
17566  -48.739  -61.820  38.044 0.0000000000
157871  -46.430  -62.726  37.828 0.0000000000
15964  -55.751  -64.100  43.564 0.0000000000
18351  -56.514  -61.299  44.799 0.0000000000
20261  -56.006  -59.557  42.538 0.0000000000
24356  -45.416  -55.149  38.540 0.0000000000
23413  -47.277  -56.447  38.565 0.0000000000
24377  -45.917  -55.107  36.857 0.0000000000
24389  -46.911  -55.216  34.805 0.0000000000
24403  -48.040  -55.237  33.841 0.0000000000
11034  -40.042  -70.822  37.045 0.0000000000
139386  -42.785  -72.391  37.182 0.0000000000
137990  -43.328  -71.564  36.054 0.0000000000
156770  -47.360  -71.928  36.877 0.0000000000
8953  -50.279  -74.199  35.302 0.0000000000
167419  -50.603  -73.496  34.202 0.0000000000
9658  -51.229  -72.762  33.048 0.0000000000
10420  -52.330  -71.739  32.071 0.0000000000
13071  -44.974  -68.564  41.485 0.0000000000
12347  -41.707  -69.829  41.980 0.0000000000
13761  -41.305  -67.795  41.159 0.0000000000
13760  -40.272  -67.511  40.919 0.0000000000
15993  -45.057  -63.946  41.012 0.0000000000
14500  -41.130  -65.971  40.504 0.0000000000
13101  -38.549  -68.093  39.199 0.0000000000
137967  -38.355  -69.498  37.113 0.0000000000
137968  -38.932  -70.640  35.460 0.0000000000
11726  -40.335  -70.969  33.693 0.0000000000
141737  -47.638  -67.045  41.841 0.0000000000
15222  -49.497  -65.120  42.406 0.0000000000
16712  -51.745  -63.498  41.584 0.0000000000
16716  -56.010  -63.633  42.237 0.0000000000
17517  -55.414  -62.898  41.394 0.0000000000
18407  -54.478  -61.909  40.410 0.0000000000
19332  -55.967  -60.561  39.673 0.0000000000
19352  -57.872  -59.885  39.064 0.0000000000
20360  -58.322  -59.366  37.020 0.0000000000
19266  -51.834  -60.490  43.530 0.0000000000
20287  -53.054  -59.375  41.553 0.0000000000
21309  -54.647  -58.420  40.462 0.0000000000
22414  -49.655  -57.376  38.466 0.0000000000
22398  -52.893  -57.724  38.998 0.0000000000
21331  -55.710  -57.695  39.653 0.0000000000
143437  -57.382  -57.061  38.749 0.0000000000
22451  -57.702  -57.661  36.673 0.0000000000
11004  -38.202  -71.756  40.634 0.0000000000
8902  -40.039  -74.570  38.976 0.0000000000
141376  -44.488  -73.484  38.127 0.0000000000
137982  -46.507  -74.736  40.142 0.0000000000
138845  -37.549  -65.183  36.865 0.0000000000
137958  -38.007  -68.522  34.664 0.0000000000
11735  -40.841  -70.556  32.968 0.0000000000
11754  -42.233  -70.330  31.563 0.0000000000
11085  -44.520  -71.326  31.632 0.0000000000
11089  -48.198  -70.927  31.988 0.0000000000
11762  -51.602  -70.147  31.959 0.0000000000
19367  -56.150  -60.397  36.912 0.0000000000
19380  -54.385  -61.062  36.640 0.0000000000
10980  -38.465  -71.646  42.711 0.0000000000
10381  -43.010  -72.456  33.742 0.0000000000
10370  -43.916  -72.561  34.089 0.0000000000
10383  -44.552  -72.711  33.497 0.0000000000
10398  -45.906  -72.886  32.978 0.0000000000
142548  -45.112  -72.792  32.838 0.0000000000
16711  -50.107  -63.156  41.640 0.0000000000
15983  -48.213  -64.000  41.989 0.0000000000
157790  -49.507  -62.678  41.323 0.0000000000
16730  -43.621  -62.743  39.203 0.0000000000
16719  -42.663  -63.508  40.234 0.0000000000
16718  -41.810  -63.552  39.891 0.0000000000
15247  -38.677  -64.754  39.381 0.0000000000
16728  -41.028  -63.695  39.476 0.0000000000
13063  -51.841  -68.559  42.492 0.0000000000
146861  -52.243  -67.769  42.529 0.0000000000
153681  -51.702  -66.871  42.513 0.0000000000
150812  -53.356  -66.508  42.653 0.0000000000
20290  -57.345  -59.180  42.547 0.0000000000
20264  -58.709  -59.516  42.530 0.0000000000
21292  -58.906  -58.303  41.924 0.0000000000
21293  -59.408  -58.320  41.324 0.0000000000
21311  -57.898  -57.909  40.900 0.0000000000
23395  -45.432  -56.078  39.783 0.0000000000
23376  -44.958  -56.661  40.250 0.0000000000
22371  -46.811  -57.195  40.772 0.0000000000
22350  -47.290  -57.657  41.226 0.0000000000
22372  -47.535  -57.293  40.566 0.0000000000
21303  -48.783  -57.976  40.750 0.0000000000
22373  -48.298  -57.489  40.294 0.0000000000
23444  -49.372  -56.497  34.662 0.0000000000
22456  -50.290  -57.578  35.785 0.0000000000
22458  -52.103  -57.606  35.450 0.0000000000
23446  -51.110  -56.683  34.399 0.0000000000
142254  -38.466  -69.795  39.205 0.0000000000
11024  -38.922  -71.503  38.160 0.0000000000
11029  -39.815  -71.335  37.400 0.0000000000
13166  -45.593  -67.684  30.811 0.0000000000
13169  -48.284  -68.584  30.499 0.0000000000
13190  -48.666  -68.446  29.625 0.0000000000
18424  -53.188  -61.269  39.422 0.0000000000
18422  -51.152  -61.485  38.937 0.0000000000
18438  -51.639  -61.430  38.242 0.0000000000
17582  -51.265  -62.098  37.150 0.0000000000
17567  -49.746  -61.906  37.758 0.0000000000
17580  -49.045  -62.361  37.729 0.0000000000
17565  -47.786  -61.946  38.089 0.0000000000
17579  -48.295  -62.557  37.733 0.0000000000
19295  -55.328  -60.190  43.052 0.0000000000
19294  -54.175  -60.267  42.811 0.0000000000
25378  -44.492  -54.030  38.062 0.0000000000
25364  -45.126  -54.544  37.975 0.0000000000
24370  -45.697  -55.117  37.723 0.0000000000
155306  -45.453  -54.553  36.428 0.0000000000
24390  -47.539  -55.341  34.379 0.0000000000
8296  -40.756  -75.289  39.334 0.0000000000
137934  -41.010  -71.122  36.266 0.0000000000
137930  -42.023  -71.456  36.344 0.0000000000
137981  -42.189  -71.552  35.799 0.0000000000
10372  -46.013  -72.381  35.041 0.0000000000
143364  -46.230  -72.104  36.238 0.0000000000
10356  -47.527  -72.374  35.878 0.0000000000
8954  -50.539  -73.644  34.829 0.0000000000
10402  -49.817  -71.932  33.483 0.0000000000
10387  -50.674  -72.208  33.873 0.0000000000
11060  -51.284  -71.825  33.466 0.0000000000
10403  -51.876  -72.222  32.644 0.0000000000
11074  -51.671  -71.251  32.835 0.0000000000
151434  -46.010  -67.144  41.436 0.0000000000
13764  -44.434  -67.979  41.381 0.0000000000
14501  -42.513  -66.475  40.755 0.0000000000
146117  -47.775  -62.180  40.052 0.0000000000
17526  -47.128  -62.797  40.845 0.0000000000
16722  -46.381  -62.882  40.583 0.0000000000
15990  -42.584  -64.550  40.641 0.0000000000
14499  -40.312  -66.212  40.393 0.0000000000
13776  -38.963  -67.249  40.019 0.0000000000
13787  -38.528  -67.300  39.350 0.0000000000
146605  -38.474  -68.503  38.407 0.0000000000
137951  -37.471  -67.829  36.933 0.0000000000
137960  -37.644  -69.251  36.384 0.0000000000
137962  -37.691  -69.518  35.637 0.0000000000
137964  -39.348  -70.572  34.701 0.0000000000
138955  -38.666  -70.047  34.807 0.0000000000
168517  -52.031  -65.365  42.417 0.0000000000
15223  -50.299  -65.323  42.461 0.0000000000
163734  -51.720  -64.818  42.330 0.0000000000
16700  -51.306  -64.086  42.051 0.0000000000
16713  -53.687  -63.743  41.504 0.0000000000
16680  -56.376  -63.374  44.031 0.0000000000
16689  -56.258  -63.646  42.984 0.0000000000
16690  -56.717  -62.947  43.480 0.0000000000
147610  -57.876  -61.111  41.611 0.0000000000
17518  -56.822  -62.591  41.946 0.0000000000
18394  -56.250  -62.312  41.442 0.0000000000
17533  -54.727  -62.542  40.889 0.0000000000
158658  -56.347  -61.355  40.817 0.0000000000
18408  -55.167  -61.259  40.180 0.0000000000
160774  -57.170  -60.680  40.320 0.0000000000
20324  -60.562  -58.361  39.240 0.0000000000
20321  -58.961  -59.591  39.473 0.0000000000
20342  -59.320  -58.931  38.675 0.0000000000
142729  -58.162  -59.287  38.263 0.0000000000
21346  -59.387  -58.176  38.476 0.0000000000
19290  -50.358  -59.776  43.318 0.0000000000
20306  -51.688  -58.945  41.000 0.0000000000
20286  -52.164  -59.414  41.541 0.0000000000
20307  -52.562  -58.913  41.001 0.0000000000
20288  -53.984  -59.303  41.602 0.0000000000
21308  -52.975  -58.505  40.375 0.0000000000
23423  -47.618  -56.829  37.223 0.0000000000
22413  -48.693  -57.262  38.495 0.0000000000
22431  -49.151  -57.470  37.805 0.0000000000
22434  -51.927  -57.384  37.668 0.0000000000
22417  -52.407  -57.453  38.350 0.0000000000
22418  -53.223  -57.458  38.283 0.0000000000
22399  -54.282  -57.821  39.351 0.0000000000
22419  -54.456  -57.515  38.624 0.0000000000
22400  -56.539  -57.326  39.271 0.0000000000
22420  -55.310  -57.360  38.425 0.0000000000
21365  -54.882  -57.986  36.000 0.0000000000
22450  -56.425  -57.589  36.703 0.0000000000
21366  -55.913  -57.814  35.865 0.0000000000
21368  -58.361  -58.066  35.904 0.0000000000
12346  -40.858  -69.567  41.868 0.0000000000
11674  -39.106  -70.330  41.975 0.0000000000
11673  -38.496  -70.823  41.251 0.0000000000
9595  -39.768  -73.184  38.110 0.0000000000
9594  -38.779  -72.938  38.609 0.0000000000
9596  -40.330  -73.967  38.282 0.0000000000
8914  -42.305  -74.718  38.572 0.0000000000
8915  -43.684  -74.487  39.129 0.0000000000
137987  -44.097  -72.457  37.234 0.0000000000
137989  -43.473  -72.895  37.482 0.0000000000
139007  -45.161  -73.032  37.851 0.0000000000
8935  -48.075  -74.950  39.148 0.0000000000
165650  -46.926  -74.612  40.078 0.0000000000
16001  -38.096  -64.695  38.252 0.0000000000
16005  -37.906  -64.516  36.838 0.0000000000
12416  -39.173  -69.131  33.825 0.0000000000
12418  -40.213  -70.240  33.385 0.0000000000
12426  -40.360  -69.732  32.831 0.0000000000
156372  -44.590  -69.941  31.069 0.0000000000
11755  -42.901  -70.064  31.188 0.0000000000
168124  -44.271  -70.671  31.317 0.0000000000
11084  -43.655  -71.158  31.601 0.0000000000
11086  -45.578  -71.195  31.623 0.0000000000
11087  -46.436  -71.441  31.801 0.0000000000
11759  -46.556  -70.387  31.506 0.0000000000
12454  -50.142  -69.198  30.739 0.0000000000
12442  -49.776  -69.526  31.371 0.0000000000
12444  -51.482  -70.097  31.338 0.0000000000
19365  -54.027  -60.773  37.386 0.0000000000
18440  -53.149  -61.093  37.685 0.0000000000
18456  -53.461  -61.109  36.853 0.0000000000
17591  -51.975  -61.878  36.825 0.0000000000
17583  -52.010  -62.827  36.881 0.0000000000
26292  -44.421  -53.396  35.550 0.0000000000
26295  -44.141  -52.956  34.877 0.0000000000
9579  -38.123  -73.517  40.334 0.0000000000
10352  -41.991  -71.934  35.041 0.0000000000
10354  -43.396  -71.954  35.398 0.0000000000
168678  -43.397  -72.371  34.601 0.0000000000
10371  -44.866  -72.485  34.501 0.0000000000
9646  -47.036  -72.626  34.534 0.0000000000
147125  -47.839  -72.597  34.215 0.0000000000
9645  -46.701  -72.785  33.472 0.0000000000
10400  -47.686  -72.481  32.762 0.0000000000
11071  -47.948  -71.850  32.343 0.0000000000
15967  -48.095  -64.810  42.156 0.0000000000
15234  -47.310  -65.098  41.969 0.0000000000
15982  -46.721  -64.370  41.634 0.0000000000
15980  -45.143  -64.867  41.307 0.0000000000
17525  -45.969  -62.571  39.782 0.0000000000
16721  -44.479  -63.422  40.474 0.0000000000
16720  -43.573  -63.138  40.097 0.0000000000
155275  -41.960  -63.990  40.383 0.0000000000
15239  -39.751  -65.573  40.080 0.0000000000
149730  -38.158  -66.641  38.863 0.0000000000
15248  -39.332  -64.955  39.778 0.0000000000
161505  -37.726  -66.010  38.437 0.0000000000
139044  -37.469  -66.008  37.640 0.0000000000
15225  -52.522  -66.048  42.475 0.0000000000
15972  -53.288  -64.845  42.090 0.0000000000
18370  -57.565  -60.985  44.072 0.0000000000
17504  -57.753  -61.427  43.228 0.0000000000
18388  -58.045  -60.687  43.065 0.0000000000
18389  -58.522  -60.189  42.498 0.0000000000
19312  -58.583  -60.418  41.772 0.0000000000
18410  -58.294  -60.599  40.903 0.0000000000
20309  -60.120  -59.266  40.712 0.0000000000
21314  -60.402  -57.957  40.179 0.0000000000
22402  -59.755  -57.325  39.309 0.0000000000
21266  -47.567  -58.587  42.382 0.0000000000
20255  -48.996  -58.938  42.899 0.0000000000
20256  -49.923  -59.380  42.692 0.0000000000
20283  -49.057  -58.731  41.817 0.0000000000
21304  -49.535  -58.194  40.586 0.0000000000
21306  -51.217  -58.520  40.400 0.0000000000
22443  -48.810  -57.615  36.384 0.0000000000
143120  -49.239  -57.700  37.056 0.0000000000
22444  -49.613  -57.732  36.387 0.0000000000
22446  -51.318  -57.635  36.937 0.0000000000
147852  -52.309  -57.507  36.914 0.0000000000
22437  -54.607  -57.361  37.702 0.0000000000
158594  -52.777  -57.773  36.232 0.0000000000
21375  -53.326  -57.834  35.728 0.0000000000
22459  -54.143  -57.596  35.042 0.0000000000
12372  -38.662  -69.364  41.019 0.0000000000
151565  -38.310  -70.875  40.207 0.0000000000
11023  -38.406  -71.272  38.826 0.0000000000
10330  -39.578  -72.318  37.845 0.0000000000
9606  -40.620  -73.161  37.595 0.0000000000
10338  -47.320  -73.219  38.851 0.0000000000
13865  -44.176  -66.724  30.675 0.0000000000
13164  -43.220  -67.576  30.816 0.0000000000
144476  -43.032  -68.615  30.819 0.0000000000
13150  -44.961  -68.263  30.892 0.0000000000
13151  -45.669  -68.551  31.077 0.0000000000
12439  -46.293  -69.183  31.249 0.0000000000
12440  -47.157  -69.396  31.319 0.0000000000
12453  -49.099  -69.056  30.845 0.0000000000
13171  -50.686  -69.005  30.057 0.0000000000
17530  -51.482  -62.146  40.599 0.0000000000
17512  -50.148  -62.415  41.031 0.0000000000
18404  -50.911  -61.737  39.970 0.0000000000
17549  -49.467  -61.747  39.557 0.0000000000
144239  -48.685  -61.890  39.797 0.0000000000
157888  -51.041  -61.513  37.978 0.0000000000
18436  -49.545  -61.645  38.481 0.0000000000
151142  -48.160  -61.745  38.903 0.0000000000
17546  -46.489  -62.127  39.201 0.0000000000
17545  -45.412  -62.340  39.017 0.0000000000
17562  -44.905  -62.463  38.212 0.0000000000
15218  -54.781  -65.511  43.278 0.0000000000
16681  -56.450  -62.853  45.053 0.0000000000
18328  -56.339  -61.927  45.369 0.0000000000
18352  -56.939  -61.386  44.655 0.0000000000
19271  -57.191  -60.427  43.942 0.0000000000
21290  -56.181  -58.765  41.637 0.0000000000
24339  -45.027  -55.440  39.263 0.0000000000
24340  -45.868  -55.652  39.157 0.0000000000
150963  -47.162  -56.541  39.370 0.0000000000
23422  -46.800  -55.996  38.079 0.0000000000
23429  -46.953  -56.232  37.230 0.0000000000
23430  -47.324  -56.448  36.449 0.0000000000
25393  -45.593  -54.370  35.514 0.0000000000
24382  -46.704  -55.398  35.501 0.0000000000
24379  -47.134  -55.959  35.820 0.0000000000
23442  -47.935  -55.873  34.876 0.0000000000
154989  -48.307  -55.688  34.307 0.0000000000
24404  -48.768  -55.402  33.651 0.0000000000
11697  -39.142  -70.648  37.551 0.0000000000
11030  -40.671  -71.297  37.092 0.0000000000
164553  -41.235  -71.351  36.980 0.0000000000
137927  -43.099  -71.724  36.430 0.0000000000
137988  -44.640  -72.117  36.812 0.0000000000
10347  -47.732  -72.499  37.633 0.0000000000
9625  -50.251  -73.739  36.254 0.0000000000
10386  -49.947  -72.498  34.167 0.0000000000
10388  -51.114  -72.441  33.859 0.0000000000
9669  -50.724  -73.633  32.263 0.0000000000
10418  -50.805  -72.952  31.503 0.0000000000
10434  -51.229  -72.142  31.213 0.0000000000
153178  -43.125  -69.874  41.840 0.0000000000
11655  -40.907  -70.105  42.348 0.0000000000
12364  -43.508  -69.253  41.568 0.0000000000
12363  -42.479  -69.378  41.669 0.0000000000
13068  -41.973  -68.575  41.397 0.0000000000
13763  -43.162  -67.883  41.244 0.0000000000
157026  -41.141  -68.525  41.427 0.0000000000
12373  -39.037  -68.695  41.169 0.0000000000
142142  -38.676  -68.763  40.657 0.0000000000
13088  -38.602  -68.487  39.976 0.0000000000
17511  -48.811  -62.669  41.261 0.0000000000
15981  -45.806  -64.068  41.311 0.0000000000
15243  -43.555  -64.922  40.874 0.0000000000
13778  -40.982  -66.861  40.715 0.0000000000
13777  -39.497  -67.373  40.549 0.0000000000
143986  -38.548  -68.924  39.211 0.0000000000
11698  -38.780  -69.791  37.694 0.0000000000
140752  -38.957  -70.348  37.017 0.0000000000
140798  -39.481  -70.833  36.351 0.0000000000
13102  -38.051  -68.207  37.714 0.0000000000
144084  -38.142  -70.011  36.297 0.0000000000
139046  -40.619  -71.350  35.297 0.0000000000
11052  -41.288  -71.799  34.659 0.0000000000
137973  -40.661  -71.566  34.229 0.0000000000
11058  -41.634  -71.780  33.343 0.0000000000
155489  -45.641  -68.408  41.491 0.0000000000
13766  -46.284  -67.902  41.472 0.0000000000
14484  -48.139  -66.343  42.110 0.0000000000
14485  -48.991  -66.606  42.316 0.0000000000
15221  -48.734  -65.530  42.312 0.0000000000
15968  -48.961  -64.462  42.263 0.0000000000
156464  -50.910  -63.475  41.746 0.0000000000
17514  -52.204  -62.769  40.993 0.0000000000
15226  -54.691  -65.325  42.629 0.0000000000
15974  -54.872  -64.676  42.171 0.0000000000
15985  -53.989  -64.486  41.839 0.0000000000
16703  -56.658  -62.984  42.539 0.0000000000
16715  -55.679  -63.480  41.811 0.0000000000
140269  -55.112  -63.531  41.614 0.0000000000
17516  -54.384  -63.202  41.232 0.0000000000
17515  -53.299  -63.037  41.035 0.0000000000
17531  -52.949  -62.247  40.587 0.0000000000
18406  -53.526  -61.742  40.172 0.0000000000
19330  -54.155  -61.272  39.706 0.0000000000
19331  -54.834  -60.753  39.204 0.0000000000
19334  -58.063  -60.232  39.918 0.0000000000
19333  -57.075  -60.273  39.316 0.0000000000
139736  -56.238  -60.130  38.545 0.0000000000
20358  -56.571  -59.979  37.555 0.0000000000
20359  -57.537  -59.683  37.413 0.0000000000
150720  -50.826  -59.693  42.373 0.0000000000
19292  -52.247  -60.267  42.734 0.0000000000
19293  -53.178  -60.319  42.693 0.0000000000
20260  -54.640  -59.681  42.303 0.0000000000
20289  -55.007  -59.133  41.684 0.0000000000
161736  -55.127  -58.682  41.064 0.0000000000
22393  -48.524  -57.292  39.483 0.0000000000
22394  -49.362  -57.440  39.270 0.0000000000
21327  -51.617  -58.131  39.727 0.0000000000
22415  -50.604  -57.407  38.282 0.0000000000
22397  -52.023  -57.726  39.052 0.0000000000
21328  -52.509  -58.132  39.699 0.0000000000
21329  -53.478  -58.071  39.665 0.0000000000
21330  -54.900  -58.010  39.833 0.0000000000
148958  -56.755  -58.287  41.008 0.0000000000
22376  -57.697  -57.349  39.630 0.0000000000
155814  -58.852  -57.045  39.431 0.0000000000
143436  -59.046  -57.095  38.742 0.0000000000
22438  -55.772  -57.336  37.611 0.0000000000
22439  -56.914  -57.374  37.507 0.0000000000
22441  -58.770  -57.789  38.098 0.0000000000
21356  -58.767  -58.257  37.196 0.0000000000
20361  -58.759  -58.946  36.586 0.0000000000
147496  -39.948  -70.397  42.596 0.0000000000
10993  -38.313  -71.627  41.704 0.0000000000
139624  -38.225  -72.970  39.916 0.0000000000
10323  -38.218  -72.336  39.822 0.0000000000
9585  -38.377  -73.409  39.498 0.0000000000
166660  -39.308  -74.430  39.264 0.0000000000
8309  -42.053  -75.351  39.190 0.0000000000
10335  -41.196  -72.110  37.205 0.0000000000
9608  -42.681  -73.154  37.540 0.0000000000
152804  -43.757  -73.883  38.342 0.0000000000
137984  -46.567  -73.905  39.670 0.0000000000
137986  -45.696  -73.988  39.499 0.0000000000
9597  -45.000  -74.214  39.356 0.0000000000
141594  -53.064  -62.730  36.516 0.0000000000
17578  -47.396  -62.709  37.730 0.0000000000
17577  -45.395  -62.908  37.804 0.0000000000
17561  -43.649  -62.651  38.236 0.0000000000
144048  -41.702  -63.320  38.939 0.0000000000
15996  -38.698  -64.247  38.866 0.0000000000
15254  -37.668  -65.137  38.244 0.0000000000
138729  -37.080  -67.068  36.309 0.0000000000
158203  -36.806  -66.123  35.680 0.0000000000
138702  -37.075  -67.411  35.514 0.0000000000
137937  -37.336  -68.276  35.201 0.0000000000
12409  -39.214  -69.850  34.175 0.0000000000
11067  -41.988  -71.427  32.585 0.0000000000
12435  -42.396  -69.405  31.134 0.0000000000
12434  -41.584  -69.817  31.645 0.0000000000
12427  -40.965  -69.902  32.237 0.0000000000
11736  -41.568  -70.642  32.219 0.0000000000
11068  -42.870  -71.641  32.163 0.0000000000
11069  -43.872  -71.949  32.105 0.0000000000
10417  -46.005  -72.167  32.036 0.0000000000
11070  -46.957  -72.132  32.149 0.0000000000
11072  -49.111  -71.429  32.666 0.0000000000
156744  -49.410  -70.060  31.833 0.0000000000
11740  -51.250  -70.607  32.465 0.0000000000
11742  -52.333  -70.865  32.233 0.0000000000
8911  -38.790  -73.919  39.233 0.0000000000
8912  -39.442  -73.857  38.708 0.0000000000
8913  -41.077  -74.695  38.685 0.0000000000
8922  -41.370  -74.086  37.922 0.0000000000
9607  -41.703  -73.173  37.515 0.0000000000
9609  -48.396  -73.904  39.474 0.0000000000
9636  -50.557  -73.383  35.565 0.0000000000
9647  -49.261  -72.670  34.590 0.0000000000
9649  -50.701  -72.901  34.363 0.0000000000
9656  -47.679  -72.627  33.446 0.0000000000
9657  -50.697  -73.387  33.511 0.0000000000
9670  -51.368  -72.872  32.244 0.0000000000
10316  -38.040  -72.751  40.703 0.0000000000
10334  -40.307  -72.156  37.395 0.0000000000
10336  -42.097  -72.315  37.214 0.0000000000
10337  -46.112  -73.034  38.226 0.0000000000
10346  -46.496  -72.296  37.330 0.0000000000
10353  -42.712  -71.735  35.592 0.0000000000
10357  -48.539  -72.080  37.078 0.0000000000
10369  -42.690  -72.218  34.717 0.0000000000
10382  -43.757  -72.586  33.291 0.0000000000
10397  -44.207  -72.534  32.687 0.0000000000
10401  -48.788  -72.193  33.147 0.0000000000
10404  -52.153  -71.649  32.572 0.0000000000
10405  -52.348  -71.300  32.270 0.0000000000
10416  -44.958  -72.177  32.119 0.0000000000
10419  -51.828  -72.386  31.823 0.0000000000
11016  -38.259  -71.539  39.582 0.0000000000
11057  -40.980  -71.389  33.480 0.0000000000
11059  -42.411  -72.093  33.077 0.0000000000
11061  -51.765  -71.710  32.996 0.0000000000
11075  -52.105  -71.174  32.638 0.0000000000
11088  -47.249  -71.172  31.854 0.0000000000
11091  -52.414  -71.057  31.908 0.0000000000
11636  -39.839  -70.889  43.188 0.0000000000
11653  -38.736  -71.066  42.062 0.0000000000
11656  -41.769  -70.388  42.534 0.0000000000
11691  -38.358  -70.698  39.321 0.0000000000
11722  -39.987  -71.119  34.513 0.0000000000
11725  -39.772  -70.428  33.961 0.0000000000
11737  -42.277  -71.015  31.966 0.0000000000
11738  -49.002  -70.649  32.122 0.0000000000
11739  -50.079  -70.796  32.435 0.0000000000
11741  -52.032  -70.642  32.380 0.0000000000
11756  -43.691  -70.219  31.153 0.0000000000
11757  -45.004  -70.522  31.292 0.0000000000
11760  -47.573  -70.234  31.594 0.0000000000
11761  -50.565  -70.037  31.929 0.0000000000
12345  -40.029  -69.888  41.995 0.0000000000
12359  -38.732  -70.004  41.344 0.0000000000
12361  -40.615  -68.933  41.559 0.0000000000
12362  -41.494  -69.165  41.639 0.0000000000
12365  -44.744  -69.221  41.596 0.0000000000
12383  -38.492  -69.366  40.125 0.0000000000
12388  -38.643  -69.353  38.392 0.0000000000
12389  -38.454  -68.980  37.715 0.0000000000
12417  -39.718  -69.582  33.438 0.0000000000
12433  -41.009  -69.354  31.728 0.0000000000
12436  -43.361  -69.329  30.892 0.0000000000
12438  -45.386  -69.597  31.145 0.0000000000
12443  -50.793  -69.737  31.352 0.0000000000
12455  -51.049  -69.556  30.640 0.0000000000
13066  -39.750  -68.777  41.405 0.0000000000
13067  -40.396  -68.234  41.307 0.0000000000
13070  -44.256  -68.827  41.471 0.0000000000
13078  -38.915  -68.024  40.595 0.0000000000
13079  -39.546  -68.067  41.098 0.0000000000
13103  -37.871  -68.713  37.061 0.0000000000
13148  -42.326  -68.373  30.988 0.0000000000
13149  -44.006  -68.117  30.774 0.0000000000
13189  -47.690  -68.203  29.931 0.0000000000
13762  -42.412  -67.875  41.191 0.0000000000
13765  -45.337  -67.685  41.398 0.0000000000
13779  -42.011  -67.146  40.852 0.0000000000
13866  -44.848  -66.764  30.534 0.0000000000
14479  -53.700  -66.679  42.989 0.0000000000
14488  -52.768  -67.125  42.497 0.0000000000
14495  -48.393  -67.133  42.122 0.0000000000
14498  -39.436  -66.484  40.132 0.0000000000
14506  -38.956  -65.599  39.739 0.0000000000
14515  -38.212  -65.589  39.098 0.0000000000
14621  -43.010  -65.826  30.714 0.0000000000
15220  -47.893  -65.575  42.104 0.0000000000
15224  -51.379  -65.598  42.470 0.0000000000
15242  -41.958  -65.561  40.623 0.0000000000
15963  -55.255  -64.867  42.980 0.0000000000
15969  -49.913  -64.511  42.309 0.0000000000
15970  -50.823  -64.662  42.338 0.0000000000
15971  -52.554  -65.137  42.361 0.0000000000
15973  -54.175  -65.255  42.233 0.0000000000
15975  -55.586  -64.196  42.590 0.0000000000
15987  -40.043  -64.803  39.987 0.0000000000
15988  -40.858  -64.696  40.218 0.0000000000
15992  -44.335  -64.368  40.945 0.0000000000
15997  -39.455  -64.271  39.450 0.0000000000
15998  -40.456  -64.195  39.754 0.0000000000
16000  -37.767  -64.870  37.370 0.0000000000
16697  -48.420  -63.289  41.633 0.0000000000
16699  -50.424  -63.908  42.092 0.0000000000
16701  -52.343  -64.315  41.944 0.0000000000
16702  -55.347  -63.975  41.970 0.0000000000
16707  -45.595  -63.275  40.683 0.0000000000
16708  -46.499  -63.437  41.173 0.0000000000
16710  -49.195  -63.178  41.702 0.0000000000
16714  -54.564  -63.945  41.716 0.0000000000
16726  -39.344  -63.879  38.943 0.0000000000
16727  -40.103  -63.760  39.150 0.0000000000
16732  -45.083  -62.787  39.844 0.0000000000
16743  -43.006  -62.838  38.683 0.0000000000
17459  -56.332  -62.468  45.568 0.0000000000
17472  -56.771  -62.084  44.877 0.0000000000
17473  -57.227  -61.632  44.361 0.0000000000
17489  -57.474  -61.831  43.675 0.0000000000
17503  -57.372  -62.212  42.606 0.0000000000
17510  -48.003  -62.748  41.081 0.0000000000
17527  -48.516  -62.319  40.610 0.0000000000
17529  -50.137  -61.909  40.224 0.0000000000
17532  -53.894  -62.478  40.680 0.0000000000
17534  -55.389  -62.018  40.906 0.0000000000
17544  -44.231  -62.519  38.701 0.0000000000
17547  -47.197  -61.867  38.918 0.0000000000
17548  -48.908  -61.709  38.912 0.0000000000
17563  -45.788  -62.388  38.263 0.0000000000
17564  -46.509  -62.176  38.464 0.0000000000
17581  -50.457  -62.366  37.454 0.0000000000
18368  -54.303  -61.160  44.164 0.0000000000
18395  -58.172  -60.827  42.216 0.0000000000
18405  -52.622  -61.613  40.015 0.0000000000
18423  -52.215  -61.376  39.056 0.0000000000
18437  -50.359  -61.550  38.180 0.0000000000
18439  -52.309  -61.300  37.961 0.0000000000
18453  -50.726  -61.799  37.596 0.0000000000
18455  -52.582  -61.415  36.884 0.0000000000
18471  -53.561  -61.538  36.556 0.0000000000
19243  -57.097  -60.894  44.517 0.0000000000
19270  -56.159  -60.676  43.999 0.0000000000
19291  -51.302  -60.130  42.932 0.0000000000
19296  -56.407  -60.108  43.390 0.0000000000
19297  -58.282  -59.970  42.986 0.0000000000
19313  -59.114  -59.811  42.073 0.0000000000
19321  -59.545  -59.992  41.231 0.0000000000
19335  -59.130  -59.986  40.475 0.0000000000
19350  -54.725  -60.499  38.061 0.0000000000
19351  -57.207  -59.858  38.344 0.0000000000
20257  -51.746  -59.837  42.165 0.0000000000
20258  -52.657  -59.843  42.114 0.0000000000
20259  -53.590  -59.783  42.170 0.0000000000
20262  -57.262  -59.782  43.293 0.0000000000
20263  -58.105  -59.573  42.967 0.0000000000
20284  -49.618  -59.105  42.048 0.0000000000
20285  -51.271  -59.387  41.617 0.0000000000
20291  -58.601  -58.909  42.607 0.0000000000
20293  -59.922  -58.489  40.808 0.0000000000
20308  -53.435  -58.884  41.016 0.0000000000
20310  -60.490  -58.406  40.116 0.0000000000
20311  -60.614  -58.253  39.541 0.0000000000
20323  -60.383  -59.030  39.669 0.0000000000
20343  -60.212  -58.709  38.967 0.0000000000
20371  -57.093  -60.166  36.908 0.0000000000
21267  -48.321  -58.618  42.243 0.0000000000
21287  -49.857  -58.735  41.259 0.0000000000
21288  -50.799  -58.919  41.061 0.0000000000
21289  -54.313  -58.823  41.038 0.0000000000
21305  -50.356  -58.393  40.489 0.0000000000
21310  -55.663  -58.251  40.534 0.0000000000
21312  -59.097  -57.797  41.009 0.0000000000
21313  -59.810  -57.882  40.586 0.0000000000
21315  -60.669  -57.850  39.595 0.0000000000
21325  -49.907  -57.851  39.899 0.0000000000
21326  -50.751  -58.055  39.776 0.0000000000
21332  -60.712  -57.964  39.280 0.0000000000
21364  -53.494  -57.862  36.196 0.0000000000
21367  -57.261  -57.746  35.800 0.0000000000
21369  -58.791  -58.477  36.203 0.0000000000
21376  -54.162  -57.936  35.778 0.0000000000
22349  -46.529  -57.686  41.287 0.0000000000
22351  -48.062  -57.711  41.050 0.0000000000
22375  -56.651  -57.803  40.162 0.0000000000
22377  -59.449  -57.434  40.079 0.0000000000
22378  -60.283  -57.602  39.813 0.0000000000
22392  -47.735  -57.058  39.803 0.0000000000
22395  -50.254  -57.539  39.148 0.0000000000
22396  -51.138  -57.682  39.072 0.0000000000
22401  -58.262  -56.944  38.903 0.0000000000
22403  -60.473  -57.668  39.260 0.0000000000
22416  -51.554  -57.446  38.376 0.0000000000
22421  -56.401  -57.188  38.406 0.0000000000
22422  -58.159  -57.148  38.346 0.0000000000
22424  -60.479  -57.964  39.013 0.0000000000
22432  -49.838  -57.497  37.670 0.0000000000
22435  -52.778  -57.362  37.616 0.0000000000
22440  -57.991  -57.470  37.576 0.0000000000
22445  -50.439  -57.713  36.598 0.0000000000
22447  -53.173  -57.460  36.861 0.0000000000
22448  -54.134  -57.621  36.690 0.0000000000
22452  -58.624  -57.918  36.835 0.0000000000
22454  -48.566  -57.162  35.683 0.0000000000
22455  -49.309  -57.516  35.727 0.0000000000
22457  -51.256  -57.551  35.592 0.0000000000
22469  -51.589  -57.238  34.918 0.0000000000
23377  -45.768  -56.640  40.343 0.0000000000
23396  -46.636  -55.992  38.912 0.0000000000
23397  -47.889  -56.901  38.976 0.0000000000
23414  -47.868  -56.906  38.089 0.0000000000
23424  -48.465  -57.350  37.334 0.0000000000
23432  -47.814  -56.427  35.609 0.0000000000
23443  -48.569  -56.402  34.941 0.0000000000
24355  -44.573  -54.755  38.681 0.0000000000
24357  -46.144  -55.542  38.331 0.0000000000
24371  -46.360  -55.592  37.452 0.0000000000
24378  -46.622  -55.694  36.449 0.0000000000
24381  -46.102  -54.955  35.942 0.0000000000
24383  -47.348  -55.684  35.159 0.0000000000
24391  -48.934  -55.966  34.274 0.0000000000
25388  -45.002  -53.959  36.024 0.0000000000
25389  -45.338  -54.746  37.191 0.0000000000
25409  -47.465  -54.823  33.695 0.0000000000
26287  -43.812  -53.121  36.460 0.0000000000
26291  -43.849  -52.866  35.480 0.0000000000
137933  -41.753  -71.642  36.894 0.0000000000
137950  -37.402  -66.893  37.202 0.0000000000
137957  -37.335  -68.480  36.349 0.0000000000
137959  -38.643  -69.233  34.371 0.0000000000
137961  -37.322  -68.828  35.722 0.0000000000
137963  -38.022  -69.461  34.950 0.0000000000
137969  -39.757  -70.974  35.437 0.0000000000
137972  -40.385  -70.959  36.342 0.0000000000
137977  -40.859  -71.102  36.837 0.0000000000
137978  -47.339  -75.001  40.086 0.0000000000
137980  -42.525  -71.805  36.749 0.0000000000
137985  -42.667  -71.516  36.159 0.0000000000
138963  -41.419  -71.305  36.603 0.0000000000
138984  -43.258  -72.082  36.931 0.0000000000
139294  -37.145  -66.052  36.494 0.0000000000
139339  -47.530  -74.308  39.856 0.0000000000
139403  -43.745  -71.864  36.532 0.0000000000
139875  -38.236  -70.140  35.508 0.0000000000
140680  -52.912  -61.139  38.601 0.0000000000
141118  -55.037  -57.601  39.154 0.0000000000
141226  -58.567  -58.459  37.753 0.0000000000
141725  -60.047  -59.454  39.327 0.0000000000
142170  -38.477  -70.110  40.664 0.0000000000
142457  -37.571  -68.960  35.170 0.0000000000
142698  -41.269  -71.862  33.939 0.0000000000
142999  -57.358  -57.129  38.129 0.0000000000
143182  -55.594  -60.160  37.662 0.0000000000
145074  -56.235  -63.091  41.828 0.0000000000
145856  -40.084  -69.335  41.693 0.0000000000
146113  -51.191  -57.438  37.749 0.0000000000
146195  -45.962  -64.859  41.528 0.0000000000
146298  -47.784  -58.149  41.707 0.0000000000
146876  -46.777  -67.069  41.566 0.0000000000
147031  -53.914  -57.442  38.213 0.0000000000
147131  -49.912  -57.707  37.008 0.0000000000
147739  -38.037  -72.255  41.367 0.0000000000
147860  -41.556  -68.981  31.342 0.0000000000
148810  -44.123  -72.228  35.064 0.0000000000
150065  -53.827  -58.483  40.420 0.0000000000
150231  -37.153  -68.196  35.759 0.0000000000
150739  -38.377  -74.147  39.966 0.0000000000
151473  -46.343  -56.285  39.769 0.0000000000
151703  -38.290  -72.793  39.276 0.0000000000
152037  -46.025  -62.218  38.926 0.0000000000
152149  -40.080  -66.891  40.537 0.0000000000
152163  -54.100  -65.888  42.765 0.0000000000
153198  -50.750  -62.158  40.665 0.0000000000
153299  -51.027  -57.707  36.195 0.0000000000
153393  -44.776  -62.475  39.090 0.0000000000
153670  -53.702  -57.664  38.860 0.0000000000
154064  -49.657  -65.952  42.451 0.0000000000
154082  -44.763  -54.250  37.049 0.0000000000
154885  -44.233  -69.483  41.646 0.0000000000
154985  -52.737  -63.608  41.446 0.0000000000
155828  -43.036  -62.980  39.592 0.0000000000
156567  -49.828  -57.062  35.160 0.0000000000
156772  -54.210  -58.155  39.947 0.0000000000
157164  -45.673  -72.609  32.473 0.0000000000
157885  -47.055  -62.134  38.068 0.0000000000
158981  -52.943  -57.601  35.316 0.0000000000
159280  -55.752  -57.339  39.006 0.0000000000
159561  -41.391  -71.162  32.907 0.0000000000
161232  -48.859  -63.726  41.967 0.0000000000
161394  -37.706  -67.489  37.695 0.0000000000
161617  -47.976  -69.461  31.352 0.0000000000
161946  -57.098  -62.489  43.237 0.0000000000
162435  -44.977  -69.146  30.956 0.0000000000
162911  -56.696  -62.682  44.329 0.0000000000
163143  -44.191  -62.563  37.985 0.0000000000
163234  -47.303  -56.473  37.852 0.0000000000
163395  -47.557  -64.348  41.896 0.0000000000
163607  -52.833  -67.697  42.635 0.0000000000
163771  -38.712  -67.824  39.849 0.0000000000
164473  -42.913  -70.784  31.561 0.0000000000
164595  -60.682  -57.812  39.273 0.0000000000
164600  -49.544  -68.591  29.361 0.0000000000
164961  -55.423  -60.398  38.658 0.0000000000
165302  -52.197  -62.036  40.474 0.0000000000
165413  -52.592  -57.778  35.782 0.0000000000
166244  -51.547  -72.143  33.394 0.0000000000
166296  -45.856  -73.442  38.982 0.0000000000
167180  -49.164  -58.388  41.158 0.0000000000
167889  -46.404  -56.777  40.404 0.0000000000
167904  -38.605  -70.573  36.127 0.0000000000
167932  -57.232  -61.897  41.627 0.0000000000
