#!ascii label  , from subject sub-v1s21x0050411_ses-1 vox2ras=TkReg
1576
4632  6.515  -84.603  16.757 0.6999999881
4160  4.640  -85.685  17.035 0.8000000119
4621  3.924  -85.269  17.781 0.8000000119
4622  2.797  -85.265  18.023 0.6999999881
4167  5.961  -85.396  16.363 0.6000000238
4161  3.543  -85.819  17.231 0.6000000238
4176  7.195  -85.646  16.191 0.6000000238
4620  5.049  -85.054  17.635 0.8000000119
159491  4.384  -84.733  18.451 0.6999999881
4607  3.335  -84.526  18.625 0.6999999881
4609  1.791  -84.608  19.255 0.6999999881
4166  6.819  -84.908  16.469 0.6000000238
138151  6.131  -84.600  17.361 0.6999999881
165958  2.229  -85.205  18.242 0.6999999881
3722  7.711  -86.625  15.950 0.6000000238
3721  8.868  -86.548  16.145 0.6000000238
3282  7.118  -87.569  15.473 0.6000000238
2874  9.314  -88.965  15.223 0.6000000238
2875  8.297  -89.117  15.136 0.6000000238
4591  6.474  -84.219  19.092 0.8000000119
4574  5.438  -83.972  19.913 0.8000000119
5108  4.118  -83.281  20.252 0.6999999881
5064  3.321  -83.541  20.614 0.6999999881
4604  7.182  -83.756  18.212 0.8000000119
4592  4.105  -83.993  19.457 0.6999999881
5085  2.912  -83.484  20.103 0.6999999881
160625  7.242  -83.496  17.294 0.6999999881
4606  5.463  -84.525  18.567 0.8000000119
4593  2.825  -83.726  19.585 0.6999999881
4619  7.003  -83.922  17.037 0.6999999881
4165  7.800  -84.360  16.455 0.6999999881
163218  9.096  -85.812  16.294 0.6000000238
4175  8.376  -85.550  16.309 0.6000000238
2868  8.763  -88.240  15.392 0.6000000238
3281  8.222  -87.495  15.657 0.6000000238
167191  9.829  -89.575  14.996 0.6000000238
1770  11.434  -91.275  16.212 0.6999999881
2155  11.147  -91.429  14.756 0.6000000238
1405  11.359  -92.443  17.405 0.5000000000
151555  11.288  -92.215  16.410 0.6000000238
1393  11.420  -93.174  18.675 0.5000000000
4572  7.596  -83.867  20.202 0.8999999762
5083  6.009  -83.521  20.447 0.6999999881
4589  8.336  -83.663  19.124 0.6999999881
4590  7.451  -83.985  19.470 0.8999999762
161450  4.735  -83.080  20.769 0.6999999881
5134  7.638  -83.056  17.393 0.8000000119
4603  7.772  -83.505  18.395 0.8000000119
5148  8.155  -82.736  16.822 0.8000000119
5162  9.205  -83.332  16.556 0.6999999881
4631  7.320  -83.927  16.736 0.6999999881
4646  8.711  -84.524  16.358 0.8000000119
4174  9.322  -85.146  16.283 0.8000000119
3720  9.804  -85.873  16.287 0.6999999881
3280  9.230  -87.420  15.844 0.6999999881
2867  9.686  -88.193  15.628 0.6000000238
2151  11.276  -90.123  15.384 0.6999999881
1765  11.262  -91.516  17.241 0.6999999881
4571  8.879  -83.870  20.491 0.8999999762
5082  7.251  -83.564  20.595 0.8000000119
5636  5.551  -82.719  20.955 0.6999999881
5107  9.245  -83.450  18.718 0.8000000119
4588  9.033  -83.821  19.821 0.8000000119
150675  10.770  -83.265  16.659 0.6999999881
5147  10.482  -83.155  17.130 0.6000000238
143860  8.474  -82.981  16.577 0.8000000119
4644  10.578  -84.037  16.083 0.8000000119
4173  10.385  -84.931  16.039 0.8000000119
148281  9.705  -86.704  16.186 0.6999999881
164106  10.712  -86.664  16.470 0.8000000119
3279  10.129  -87.242  16.174 0.6999999881
2857  10.882  -87.185  16.687 0.8000000119
2490  10.971  -89.643  17.964 0.6999999881
2503  11.187  -89.442  16.222 0.6999999881
2866  10.366  -88.268  16.012 0.6999999881
2132  10.946  -90.789  18.042 0.6999999881
2138  11.307  -90.542  17.043 0.6999999881
7325  4.042  -78.492  24.087 0.6000000238
7324  5.209  -78.844  23.959 0.6000000238
7292  5.384  -79.867  25.129 0.6000000238
6649  6.002  -80.192  25.878 0.6999999881
5081  8.302  -83.642  20.766 0.8999999762
5060  7.398  -82.970  21.179 0.6999999881
5130  11.153  -83.679  17.932 0.6000000238
5146  11.283  -83.252  16.911 0.6000000238
5173  10.714  -83.540  16.366 0.6999999881
4657  12.736  -84.719  15.119 0.6999999881
4643  12.076  -84.123  15.497 0.6999999881
6714  7.210  -80.023  20.682 0.6999999881
6715  6.258  -80.245  20.558 0.6999999881
4182  11.990  -85.124  15.276 0.8000000119
4172  11.298  -84.518  15.663 0.8000000119
7349  7.508  -79.347  20.370 0.6000000238
7350  6.532  -79.525  20.279 0.6000000238
6716  5.036  -80.071  20.566 0.6999999881
161518  11.310  -85.382  15.629 0.6999999881
7351  5.542  -79.709  20.307 0.5000000000
7352  4.756  -79.436  20.372 0.6999999881
3711  12.103  -86.348  15.898 0.8000000119
7932  5.992  -78.876  19.937 0.5000000000
154794  11.200  -88.634  16.988 0.6999999881
7949  6.442  -77.949  19.729 0.5000000000
8503  6.864  -76.917  19.601 0.6000000238
8504  5.024  -76.729  20.131 0.5000000000
165370  4.495  -77.027  20.329 0.6000000238
7922  2.778  -77.244  20.985 0.6999999881
7912  3.431  -77.362  22.776 0.6999999881
9102  4.972  -75.775  20.516 0.5000000000
9093  3.665  -75.962  20.988 0.6000000238
8446  2.948  -77.166  21.871 0.6000000238
7899  4.504  -77.978  23.392 0.6000000238
144278  5.505  -75.776  19.950 0.6000000238
8463  3.736  -76.022  21.253 0.6000000238
7911  4.280  -77.275  22.636 0.6000000238
9120  5.550  -75.285  20.280 0.5000000000
9092  4.361  -75.606  20.973 0.5000000000
7910  5.485  -77.797  22.743 0.6000000238
7312  5.828  -79.479  24.500 0.6000000238
7291  6.400  -79.911  25.193 0.6999999881
145497  7.401  -80.305  26.811 0.6000000238
6617  6.337  -80.318  28.062 0.6999999881
8462  4.808  -75.999  21.353 0.6000000238
8443  5.788  -77.068  21.898 0.6000000238
151639  5.654  -78.516  23.438 0.6000000238
7323  6.261  -79.078  23.894 0.6999999881
6647  7.600  -80.012  26.071 0.5000000000
145253  8.005  -83.258  21.173 0.8999999762
5106  10.132  -83.744  19.013 0.6000000238
4587  9.825  -84.042  19.754 0.6999999881
146707  6.733  -82.492  21.093 0.6999999881
5606  8.509  -82.079  22.276 0.8000000119
5160  11.394  -83.362  16.321 0.6999999881
6687  8.018  -80.440  21.391 0.8000000119
6688  6.935  -80.791  20.985 0.6000000238
6713  8.760  -79.911  20.839 0.6000000238
3718  12.080  -86.161  15.472 0.8000000119
3732  12.789  -86.378  14.870 0.8000000119
140031  12.799  -86.607  15.937 0.8000000119
151850  12.602  -86.685  16.923 0.8000000119
7931  6.945  -78.760  20.011 0.5000000000
7947  8.410  -77.880  19.818 0.5000000000
8502  7.880  -76.907  19.686 0.6000000238
7948  7.441  -77.915  19.780 0.6000000238
9118  7.242  -75.768  19.555 0.6000000238
9750  5.904  -75.003  19.952 0.6000000238
6629  8.160  -80.141  27.279 0.5000000000
156448  5.344  -75.361  20.900 0.5000000000
6616  7.165  -80.190  28.080 0.6000000238
8461  6.037  -76.058  21.415 0.6000000238
7909  6.723  -77.952  22.505 0.6999999881
7898  6.528  -78.623  23.210 0.6999999881
7311  6.872  -79.558  24.555 0.6999999881
9091  6.603  -75.101  21.006 0.6000000238
7322  7.265  -79.187  23.833 0.6000000238
8460  7.083  -76.144  21.448 0.6999999881
7897  7.537  -78.616  23.121 0.5000000000
4570  9.511  -84.133  20.571 0.6999999881
4559  9.144  -83.892  21.216 0.6999999881
5059  8.691  -83.395  21.711 0.6999999881
5037  8.564  -82.803  22.143 0.8000000119
6129  9.390  -81.987  22.390 0.6999999881
6686  9.148  -80.545  21.521 0.6999999881
6146  8.684  -81.232  22.162 0.6999999881
7255  9.137  -79.515  28.247 0.5000000000
8500  9.783  -76.916  19.285 0.5000000000
8501  8.835  -76.865  19.635 0.6000000238
7256  8.384  -79.630  28.426 0.5000000000
9116  9.255  -75.514  19.381 0.5000000000
9115  10.239  -75.999  19.035 0.5000000000
9731  5.951  -74.927  20.170 0.6000000238
7310  7.964  -79.658  24.642 0.5000000000
154685  8.560  -74.546  19.343 0.6000000238
10372  7.006  -74.543  20.492 0.6000000238
10404  7.962  -74.244  19.673 0.6000000238
4557  10.785  -84.233  21.342 0.6999999881
5057  10.356  -83.812  21.985 0.6999999881
5035  9.868  -83.300  22.337 0.6999999881
9090  7.661  -75.396  21.501 0.5000000000
9132  11.018  -76.379  18.643 0.5000000000
7908  7.753  -77.828  22.445 0.5000000000
145236  9.022  -74.104  19.109 0.5000000000
10371  7.718  -74.068  20.885 0.5000000000
8442  6.957  -77.139  21.788 0.5000000000
9079  8.591  -75.855  21.796 0.5000000000
148283  8.951  -76.878  22.283 0.5000000000
10385  10.052  -74.043  20.145 0.5000000000
9704  9.048  -75.255  21.744 0.5000000000
8459  7.982  -76.770  21.873 0.5000000000
161283  10.210  -74.596  19.352 0.5000000000
10370  8.546  -73.954  21.036 0.5000000000
9715  8.253  -74.544  21.501 0.5000000000
9763  10.615  -75.434  19.126 0.5000000000
10387  8.143  -73.971  20.155 0.5000000000
10369  9.534  -74.195  20.881 0.5000000000
7826  9.006  -78.118  30.016 0.6000000238
7828  7.490  -77.719  30.005 0.6000000238
162290  9.466  -78.643  29.315 0.5000000000
8358  9.318  -77.287  30.388 0.6999999881
145273  7.613  -76.931  30.119 0.6000000238
8986  7.104  -76.800  29.686 0.6000000238
9610  7.627  -76.375  29.342 0.6999999881
8984  9.234  -76.362  30.430 0.6000000238
166065  8.637  -76.090  30.173 0.6999999881
9595  7.970  -76.393  29.972 0.6999999881
9611  6.596  -76.539  29.208 0.6999999881
9625  8.863  -75.828  27.721 0.8000000119
149412  10.017  -75.939  30.749 0.5000000000
155518  9.908  -76.710  30.565 0.5000000000
9609  8.631  -75.745  29.419 0.8000000119
9594  9.216  -75.636  30.267 0.6000000238
10287  9.098  -75.358  27.231 0.6999999881
9584  11.248  -75.226  31.191 0.5000000000
8983  10.733  -76.634  30.664 0.5000000000
9624  9.310  -75.086  28.309 0.6999999881
161667  8.809  -76.133  26.773 0.6999999881
9608  9.398  -74.943  29.563 0.6999999881
9593  9.854  -75.045  30.448 0.6999999881
10957  9.060  -74.385  27.464 0.6999999881
166152  9.864  -73.830  28.371 0.6999999881
9592  10.563  -75.185  30.986 0.6000000238
15357  8.315  -67.599  24.989 0.6999999881
14719  9.179  -68.510  26.066 0.8000000119
10891  12.840  -72.828  32.125 0.4000000060
10946  9.435  -73.461  28.152 0.6999999881
10907  11.935  -72.954  31.964 0.5000000000
10245  10.977  -74.444  31.295 0.6000000238
10909  10.737  -73.624  31.087 0.6000000238
10283  9.732  -74.341  28.721 0.6999999881
10263  10.367  -74.366  30.717 0.8000000119
10264  9.875  -74.251  29.794 0.8000000119
20488  8.983  -60.885  21.651 0.5000000000
148091  9.408  -61.856  21.757 0.5000000000
18575  8.345  -62.473  21.203 0.5000000000
16064  9.226  -66.277  21.987 0.5000000000
16858  9.027  -64.932  23.470 0.6000000238
15394  8.107  -68.273  20.902 0.6000000238
16078  6.769  -66.258  20.963 0.6000000238
16056  7.773  -66.068  23.255 0.6999999881
143117  8.723  -65.575  22.722 0.6999999881
16035  8.114  -66.563  24.784 0.6999999881
16044  7.611  -66.579  24.094 0.6999999881
12832  10.047  -70.876  28.888 0.6999999881
13405  10.086  -70.309  28.194 0.6999999881
14038  9.927  -69.299  27.101 0.8000000119
11563  12.312  -72.158  32.191 0.5000000000
11610  9.678  -72.505  28.709 0.6999999881
10908  11.471  -73.673  31.511 0.6000000238
10945  10.008  -73.184  28.604 0.8000000119
148691  10.609  -72.851  30.620 0.6999999881
12226  10.372  -71.804  29.681 0.8000000119
10933  10.043  -73.675  28.998 0.8000000119
20475  9.605  -60.946  22.230 0.5000000000
19480  10.299  -61.675  22.598 0.5000000000
18574  9.683  -62.837  21.357 0.6000000238
17699  7.733  -63.333  20.857 0.6000000238
17698  8.888  -63.451  20.768 0.6000000238
17713  8.267  -64.254  20.551 0.5000000000
16076  10.021  -67.798  21.536 0.5000000000
15393  9.335  -68.497  21.025 0.5000000000
16055  9.783  -65.350  22.732 0.6000000238
14761  8.764  -68.384  20.773 0.6000000238
14762  8.010  -68.187  20.733 0.6999999881
16890  7.598  -65.129  20.609 0.6000000238
16849  8.482  -65.000  24.248 0.6999999881
16065  7.889  -66.549  22.240 0.6999999881
15379  6.892  -67.346  21.579 0.8000000119
16092  7.620  -67.472  20.714 0.6999999881
160504  8.843  -64.836  25.907 0.6999999881
16030  8.590  -65.971  25.603 0.6999999881
16029  9.099  -65.361  26.396 0.6999999881
15354  8.964  -66.974  26.074 0.8000000119
14705  10.178  -68.259  27.667 0.8000000119
11564  11.603  -72.137  31.738 0.5000000000
13375  11.539  -69.506  30.824 0.6000000238
138356  10.321  -70.261  29.033 0.8000000119
14037  10.311  -68.883  28.011 0.8000000119
11565  11.152  -72.842  31.368 0.6000000238
12189  11.304  -71.284  31.221 0.6999999881
12815  10.305  -70.995  29.344 0.8000000119
12205  10.787  -71.529  30.412 0.6999999881
158709  10.624  -71.104  29.860 0.6999999881
10932  10.343  -72.646  29.800 0.8000000119
21458  10.142  -60.233  23.673 0.4000000060
20468  10.205  -60.982  23.131 0.5000000000
18561  10.411  -62.375  22.096 0.4000000060
17712  9.346  -64.488  20.359 0.5000000000
16063  10.605  -66.432  22.024 0.5000000000
15404  10.476  -68.351  20.597 0.6000000238
16090  9.597  -67.018  19.947 0.6000000238
16889  8.668  -65.347  20.303 0.6000000238
16857  10.177  -64.693  23.540 0.6000000238
16091  8.610  -67.322  20.333 0.6999999881
145356  8.015  -66.340  20.448 0.6999999881
152885  9.072  -64.137  25.661 0.6000000238
15345  9.601  -67.091  26.983 0.8000000119
13988  11.289  -68.981  30.050 0.6999999881
13989  10.750  -69.629  29.465 0.6999999881
143238  10.397  -69.472  28.611 0.8000000119
14689  10.551  -67.822  28.471 0.8000000119
12797  10.965  -70.776  30.365 0.6999999881
143748  10.749  -60.216  24.349 0.4000000060
164032  10.953  -59.505  24.629 0.4000000060
21450  10.079  -59.318  24.244 0.4000000060
18551  11.268  -61.830  22.960 0.5000000000
19472  10.779  -61.524  23.346 0.4000000060
23355  10.315  -57.808  25.158 0.5000000000
17697  10.007  -63.667  20.749 0.5000000000
16887  10.859  -65.489  19.465 0.5000000000
16888  9.772  -65.681  19.868 0.5000000000
17710  11.265  -64.509  19.345 0.5000000000
152047  8.964  -66.329  20.133 0.6999999881
16824  9.330  -64.300  26.319 0.6000000238
152483  10.261  -67.180  27.808 0.8000000119
14661  11.535  -68.091  30.292 0.6000000238
15322  10.865  -67.262  29.103 0.6000000238
16010  10.535  -66.112  28.457 0.6999999881
16021  10.112  -66.066  27.663 0.6999999881
14002  10.843  -68.793  29.303 0.6999999881
24373  10.336  -56.368  25.655 0.3000000119
20467  12.061  -61.048  23.965 0.4000000060
20457  11.410  -60.774  24.278 0.3000000119
21449  11.711  -59.136  24.681 0.4000000060
22346  10.791  -58.672  24.904 0.4000000060
23354  11.340  -57.756  25.160 0.4000000060
23341  10.880  -57.007  25.417 0.5000000000
18560  11.029  -62.434  22.209 0.4000000060
24372  11.344  -55.988  25.361 0.3000000119
18573  10.629  -62.997  21.418 0.4000000060
17696  10.784  -63.678  20.319 0.4000000060
154938  11.579  -66.572  19.630 0.6000000238
18572  11.233  -62.906  21.163 0.4000000060
16886  11.809  -65.337  19.201 0.4000000060
17711  10.334  -64.584  19.975 0.5000000000
16022  9.542  -65.869  27.000 0.6999999881
23342  9.900  -57.127  25.379 0.4000000060
153405  11.775  -56.858  25.045 0.4000000060
25311  11.331  -54.847  25.360 0.3000000119
19470  11.817  -61.415  23.379 0.3000000119
17709  12.273  -64.257  18.776 0.4000000060
18588  11.568  -63.604  19.453 0.4000000060
21448  12.571  -59.624  24.318 0.3000000119
162687  11.745  -58.364  24.841 0.3000000119
163585  12.012  -56.115  24.746 0.3000000119
25325  12.015  -55.242  24.710 0.3000000119
140990  12.735  -60.423  23.811 0.3000000119
18558  11.564  -62.244  21.511 0.3000000119
18571  11.613  -62.671  20.181 0.3000000119
141776  12.277  -63.023  18.630 0.3000000119
23353  12.270  -57.602  24.603 0.3000000119
148667  12.920  -57.954  24.140 0.3000000119
24386  12.340  -55.861  24.087 0.3000000119
19489  11.918  -61.788  21.080 0.3000000119
19502  11.946  -61.864  19.331 0.3000000119
25312  10.525  -55.472  25.748 0.3000000119
22358  13.200  -58.745  23.833 0.3000000119
23364  13.277  -57.780  23.481 0.3000000119
20487  12.207  -60.970  20.478 0.3000000119
7933  5.164  -78.813  20.104 0.6000000238
7935  3.281  -77.762  20.597 0.6999999881
7354  2.928  -78.398  20.792 0.6999999881
160870  2.649  -77.990  21.535 0.6999999881
152259  10.560  -66.710  19.647 0.6000000238
26177  11.855  -54.296  24.854 0.3000000119
4169  4.407  -86.019  16.713 0.6999999881
4594  2.111  -83.885  19.702 0.6999999881
4630  8.550  -83.583  16.456 0.8000000119
163575  11.195  -90.688  14.883 0.6000000238
2509  10.801  -89.239  15.634 0.6999999881
5132  9.015  -82.868  17.398 0.6000000238
3719  11.363  -85.885  15.863 0.8000000119
2865  10.887  -88.424  16.495 0.6999999881
2856  11.279  -87.565  17.111 0.8000000119
6648  6.881  -80.078  26.024 0.6999999881
7951  4.772  -77.765  20.137 0.5000000000
7258  6.690  -79.748  28.622 0.6000000238
6147  7.697  -81.415  21.848 0.8000000119
155132  8.415  -79.295  20.402 0.5000000000
7930  7.946  -78.668  20.079 0.6000000238
10405  7.015  -74.364  19.923 0.6000000238
1353  12.198  -92.201  24.648 0.4000000060
2054  10.886  -90.382  25.997 0.4000000060
141598  13.637  -93.189  23.217 0.3000000119
1062  12.710  -93.565  24.299 0.4000000060
1063  11.956  -93.025  24.601 0.4000000060
149249  10.736  -92.061  25.550 0.4000000060
2073  13.789  -89.919  23.168 0.4000000060
2059  14.503  -89.880  23.801 0.5000000000
2060  14.500  -90.478  24.053 0.5000000000
1699  13.657  -90.964  22.872 0.3000000119
2066  14.273  -90.645  23.561 0.4000000060
162525  12.519  -91.406  24.794 0.4000000060
1366  13.420  -91.982  22.632 0.3000000119
150576  13.624  -92.408  23.946 0.3000000119
1352  12.927  -92.720  24.254 0.3000000119
139896  13.581  -92.931  22.621 0.3000000119
2074  12.501  -90.368  22.732 0.4000000060
2428  13.010  -88.759  23.254 0.4000000060
2774  14.325  -88.255  23.908 0.5000000000
145559  11.173  -89.834  22.662 0.3000000119
1700  12.483  -91.249  22.407 0.3000000119
1089  11.985  -93.210  20.851 0.4000000060
1373  11.643  -92.277  21.399 0.3000000119
1387  11.007  -92.890  19.695 0.4000000060
1099  11.558  -93.544  20.023 0.4000000060
1104  11.662  -93.638  19.161 0.4000000060
2429  11.818  -88.550  22.968 0.4000000060
3223  11.345  -87.676  22.037 0.4000000060
143924  10.422  -89.294  22.273 0.4000000060
2810  10.441  -88.452  21.818 0.4000000060
144537  12.014  -88.251  20.909 0.5000000000
2076  10.667  -90.369  22.241 0.4000000060
2466  10.404  -88.915  21.068 0.4000000060
1379  11.080  -92.722  20.615 0.4000000060
162306  10.620  -91.508  20.486 0.5000000000
162814  10.370  -90.211  20.415 0.4000000060
1736  10.777  -91.846  19.584 0.4000000060
1773  11.178  -91.971  15.139 0.6000000238
141779  11.601  -93.307  17.599 0.4000000060
2833  12.796  -88.539  20.312 0.6000000238
2843  13.238  -88.353  19.537 0.6000000238
2835  11.214  -88.300  20.104 0.6000000238
3248  12.531  -87.873  19.329 0.6000000238
2845  11.098  -88.192  19.249 0.6000000238
3256  12.686  -87.385  18.391 0.6999999881
2115  10.509  -90.148  19.577 0.5000000000
3257  12.117  -87.419  18.052 0.6999999881
2841  14.826  -89.308  18.164 0.6999999881
2848  15.116  -88.896  16.970 0.6999999881
2842  14.069  -88.595  18.882 0.6000000238
3254  14.113  -87.567  18.108 0.6999999881
3276  14.150  -87.443  15.037 0.6999999881
3290  13.339  -86.727  14.775 0.6999999881
4181  12.605  -85.749  14.839 0.6999999881
3264  13.550  -87.084  17.850 0.6999999881
3271  13.542  -86.729  16.818 0.6999999881
3265  12.784  -86.930  17.607 0.6999999881
2863  15.768  -88.739  14.683 0.5000000000
2864  15.150  -87.931  14.546 0.6000000238
3270  14.340  -87.231  16.147 0.6999999881
3288  14.660  -87.449  14.441 0.6000000238
3294  14.309  -87.099  14.387 0.6999999881
4188  15.022  -86.279  14.144 0.6999999881
3263  14.323  -87.227  17.269 0.6999999881
3730  14.059  -86.422  14.379 0.6999999881
4180  13.465  -85.341  14.683 0.6000000238
3293  15.078  -87.383  14.152 0.6000000238
3738  16.491  -86.945  13.476 0.6000000238
4179  14.481  -85.333  14.436 0.6000000238
4187  15.970  -86.224  13.749 0.6000000238
5145  12.772  -83.539  17.217 0.5000000000
3688  1.836  -85.629  19.812 0.6000000238
3692  1.671  -85.732  18.911 0.6000000238
147045  14.108  -84.453  14.702 0.6000000238
4656  13.499  -84.137  15.010 0.6000000238
149488  14.038  -83.220  15.533 0.5000000000
5159  12.901  -83.273  16.302 0.5000000000
4147  3.250  -84.877  21.062 0.6000000238
4575  2.549  -83.965  20.434 0.6000000238
4149  2.224  -84.880  20.403 0.6000000238
4178  15.533  -85.143  14.201 0.6000000238
5184  14.310  -83.539  14.979 0.5000000000
144630  13.247  -83.307  15.750 0.5000000000
5039  5.484  -83.298  22.383 0.6000000238
4549  4.832  -84.096  22.116 0.6000000238
4146  4.397  -85.017  21.976 0.6000000238
4560  3.642  -83.979  21.257 0.6000000238
5062  5.429  -82.615  21.558 0.6000000238
5063  4.403  -83.365  21.193 0.6000000238
4568  11.035  -84.457  20.590 0.6000000238
154847  15.619  -84.042  14.441 0.6000000238
5038  5.744  -82.778  22.755 0.6000000238
6130  5.325  -81.445  21.645 0.6000000238
6149  5.654  -81.364  21.122 0.6000000238
5624  5.647  -82.014  21.264 0.6000000238
6689  5.970  -80.850  20.814 0.5000000000
5623  5.929  -82.169  21.046 0.6000000238
6148  6.552  -81.657  21.181 0.5000000000
4533  5.798  -83.546  23.534 0.6999999881
5607  5.599  -82.117  22.421 0.6000000238
6150  4.989  -80.783  21.189 0.6000000238
6690  5.283  -80.605  20.805 0.6000000238
6126  1.845  -81.136  23.316 0.6000000238
164233  5.546  -82.092  23.095 0.6000000238
6123  5.202  -81.636  22.724 0.6000000238
143230  3.685  -80.255  22.137 0.6000000238
6132  3.403  -80.699  22.546 0.6000000238
6133  2.374  -80.610  22.830 0.6000000238
5598  5.010  -82.121  23.445 0.6000000238
6691  4.667  -80.175  20.814 0.6000000238
6131  4.537  -80.868  22.165 0.6000000238
6673  4.155  -80.205  21.492 0.5000000000
6674  3.128  -79.531  21.855 0.6000000238
6675  2.745  -80.002  22.459 0.5000000000
6670  1.947  -79.978  23.111 0.5000000000
7353  3.887  -78.956  20.548 0.6000000238
160132  2.788  -78.843  21.247 0.6000000238
7330  2.317  -79.249  22.685 0.6000000238
7914  2.356  -78.598  22.936 0.6000000238
7315  2.504  -78.907  24.207 0.6999999881
6665  2.302  -79.734  24.535 0.6999999881
6651  3.242  -80.225  25.490 0.6999999881
6642  3.965  -80.857  26.366 0.6999999881
7329  2.582  -78.604  22.196 0.6000000238
7913  2.667  -77.816  22.733 0.6999999881
7314  3.537  -78.916  24.598 0.6999999881
7294  3.044  -79.393  24.856 0.6999999881
139608  4.338  -80.320  25.896 0.6000000238
139435  3.281  -77.915  23.577 0.6000000238
5128  13.581  -83.735  18.189 0.5000000000
5129  12.704  -83.831  18.115 0.5000000000
5103  14.114  -83.787  19.300 0.5000000000
4585  12.275  -84.270  19.623 0.6000000238
154543  15.234  -83.410  20.331 0.6000000238
152913  14.840  -83.651  19.760 0.6000000238
152305  13.611  -84.027  19.967 0.6000000238
158536  12.269  -84.293  20.415 0.6000000238
159161  11.736  -84.222  21.072 0.6000000238
5635  14.867  -82.983  20.912 0.5000000000
5053  13.967  -83.059  20.975 0.6000000238
5056  11.263  -83.676  21.797 0.6000000238
5619  13.508  -82.280  21.428 0.6000000238
6142  12.758  -81.787  21.542 0.5000000000
5621  11.678  -82.995  22.066 0.6000000238
5034  10.733  -83.182  22.265 0.6000000238
160796  13.399  -81.379  21.329 0.5000000000
5603  11.014  -82.301  22.229 0.6000000238
6711  10.560  -80.219  20.661 0.5000000000
6145  9.692  -81.282  22.060 0.6000000238
6144  10.607  -81.412  21.899 0.6000000238
1752  11.055  -91.804  18.366 0.6000000238
158071  11.001  -88.594  18.479 0.6999999881
5105  11.452  -84.113  19.121 0.5000000000
6692  3.651  -79.485  20.876 0.6000000238
7889  3.079  -78.366  24.123 0.6999999881
4586  10.723  -84.315  19.710 0.6000000238
5604  10.092  -82.636  22.439 0.6000000238
6685  10.124  -80.722  21.362 0.6000000238
1351  13.455  -93.139  23.827 0.3000000119
1359  13.776  -92.387  23.439 0.3000000119
2061  13.803  -91.080  24.362 0.4000000060
1367  12.355  -91.947  22.040 0.3000000119
2075  11.454  -90.657  22.439 0.4000000060
1374  10.788  -91.713  21.183 0.4000000060
2808  11.576  -87.792  21.617 0.4000000060
2447  10.235  -89.241  21.713 0.3000000119
2823  11.275  -88.216  20.989 0.5000000000
2834  11.796  -88.212  20.163 0.6000000238
1724  10.420  -90.747  21.052 0.5000000000
2491  10.696  -89.182  19.174 0.5000000000
144837  10.484  -90.938  20.047 0.5000000000
3255  13.383  -87.654  18.706 0.6000000238
3269  14.953  -88.028  15.389 0.6999999881
148843  3.956  -81.232  27.251 0.6000000238
141069  14.322  -83.609  20.301 0.6000000238
6140  15.020  -81.406  21.325 0.5000000000
5080  12.645  -83.950  20.925 0.6000000238
5055  12.185  -83.519  21.534 0.6000000238
5618  14.488  -82.210  21.358 0.5000000000
5054  13.092  -83.303  21.266 0.6000000238
6141  14.138  -81.399  21.286 0.5000000000
6143  11.475  -81.487  21.713 0.5000000000
6684  11.034  -80.813  21.299 0.5000000000
167062  8.003  -89.892  36.784 0.4000000060
1917  9.014  -90.536  36.571 0.4000000060
1545  8.542  -90.682  35.709 0.5000000000
150606  6.104  -92.517  37.922 0.5000000000
928  6.171  -93.796  38.247 0.5000000000
650  5.022  -95.499  38.307 0.5000000000
149481  6.523  -92.101  36.967 0.5000000000
1536  6.433  -91.283  37.304 0.5000000000
1535  9.503  -91.164  37.143 0.4000000060
142788  9.780  -91.839  37.887 0.4000000060
141791  9.873  -91.997  37.009 0.5000000000
2018  8.125  -90.258  28.575 0.3000000119
2002  7.246  -90.203  29.835 0.3000000119
1660  8.349  -91.352  27.355 0.3000000119
1672  9.621  -91.414  26.679 0.3000000119
1908  6.205  -90.744  37.947 0.4000000060
910  5.709  -93.581  38.681 0.5000000000
2294  7.039  -89.813  37.776 0.4000000060
1906  7.385  -89.954  37.120 0.4000000060
1892  9.166  -90.566  38.347 0.3000000119
1893  8.710  -90.014  38.894 0.3000000119
647  10.641  -94.524  37.667 0.4000000060
926  9.653  -92.706  38.585 0.3000000119
909  9.986  -93.797  38.514 0.4000000060
925  10.280  -93.697  37.598 0.5000000000
621  9.974  -94.054  39.723 0.3000000119
2367  8.079  -89.736  30.036 0.3000000119
1983  7.851  -90.488  30.532 0.3000000119
2036  9.279  -90.254  27.440 0.3000000119
2046  9.762  -90.635  26.906 0.3000000119
1680  10.221  -91.754  26.144 0.3000000119
1894  6.457  -89.934  38.254 0.3000000119
1520  5.388  -91.525  38.674 0.4000000060
2281  7.305  -89.483  38.488 0.3000000119
893  8.923  -93.956  40.003 0.3000000119
166644  11.011  -94.361  38.720 0.4000000060
646  10.945  -94.678  37.997 0.4000000060
629  10.483  -94.256  39.023 0.4000000060
613  10.237  -93.704  40.548 0.3000000119
2676  9.455  -88.817  31.272 0.4000000060
2337  9.064  -89.540  31.109 0.4000000060
1969  9.416  -89.984  31.577 0.4000000060
1968  10.022  -90.536  31.875 0.4000000060
1270  10.827  -91.969  31.792 0.4000000060
978  11.880  -93.200  32.082 0.5000000000
2724  9.075  -89.029  29.178 0.3000000119
2382  8.608  -89.628  28.838 0.3000000119
2381  9.280  -89.194  28.364 0.3000000119
1671  10.283  -90.970  26.390 0.3000000119
140019  11.685  -90.918  25.391 0.3000000119
2282  6.001  -89.723  38.990 0.3000000119
1184  12.668  -92.629  39.874 0.3000000119
908  12.046  -93.176  38.610 0.3000000119
924  12.397  -93.575  37.808 0.4000000060
644  12.828  -94.819  37.100 0.4000000060
605  9.776  -93.913  41.319 0.3000000119
151842  11.348  -93.214  40.256 0.3000000119
159581  10.925  -93.171  40.957 0.3000000119
620  10.624  -93.732  39.843 0.3000000119
431  14.535  -96.366  33.219 0.5000000000
425  14.506  -96.687  34.028 0.5000000000
3094  11.065  -87.538  33.410 0.3000000119
2666  10.316  -88.229  32.779 0.3000000119
3110  10.390  -87.125  31.926 0.3000000119
2325  10.177  -89.074  32.736 0.3000000119
2326  9.637  -89.258  31.834 0.4000000060
1260  12.389  -92.668  33.669 0.5000000000
968  13.732  -94.306  33.570 0.5000000000
3111  9.957  -87.941  31.397 0.3000000119
1955  10.429  -90.184  32.784 0.4000000060
1594  10.939  -91.647  32.569 0.4000000060
1261  11.824  -92.581  33.062 0.5000000000
970  12.463  -93.375  32.825 0.5000000000
2739  9.929  -88.749  27.897 0.3000000119
2409  10.000  -89.898  27.061 0.3000000119
2408  10.593  -89.677  26.524 0.3000000119
2418  11.206  -89.647  26.069 0.3000000119
2053  11.861  -90.130  25.666 0.4000000060
1195  12.605  -92.463  38.797 0.3000000119
148864  13.044  -92.456  37.624 0.4000000060
881  10.385  -93.834  42.064 0.3000000119
141397  11.878  -93.132  41.296 0.3000000119
890  12.922  -93.123  41.113 0.3000000119
923  13.342  -93.800  37.282 0.4000000060
880  11.119  -93.393  41.785 0.3000000119
409  14.191  -96.281  36.291 0.4000000060
231  14.288  -96.703  35.533 0.5000000000
641  16.620  -95.549  37.084 0.4000000060
225  15.127  -96.411  36.074 0.5000000000
151185  12.823  -88.495  33.905 0.3000000119
682  14.802  -95.929  34.406 0.5000000000
417  15.835  -96.148  35.968 0.5000000000
148695  11.501  -88.890  33.881 0.3000000119
139261  15.081  -94.842  35.080 0.4000000060
3536  10.789  -86.708  32.337 0.3000000119
2316  10.838  -89.368  33.489 0.4000000060
1941  11.728  -90.251  34.066 0.4000000060
956  13.632  -93.325  34.351 0.5000000000
683  14.375  -94.537  34.338 0.5000000000
3126  9.974  -87.801  30.426 0.3000000119
145918  11.381  -90.880  33.679 0.5000000000
1247  11.973  -92.029  33.776 0.5000000000
2722  10.171  -88.008  28.141 0.3000000119
2738  10.334  -88.219  27.457 0.4000000060
2750  10.844  -87.981  26.829 0.3000000119
2407  11.007  -88.926  26.373 0.4000000060
2417  11.970  -89.221  25.814 0.4000000060
2147  6.645  -90.367  15.529 0.5000000000
2052  13.850  -90.104  24.728 0.3000000119
155626  11.516  -93.974  43.054 0.3000000119
872  12.063  -93.611  42.373 0.3000000119
1533  14.640  -91.138  37.956 0.3000000119
148820  11.237  -93.972  42.762 0.3000000119
1213  14.946  -91.998  37.466 0.3000000119
642  15.809  -95.336  37.237 0.5000000000
640  17.274  -95.058  37.105 0.4000000060
921  16.594  -94.578  37.361 0.3000000119
155108  13.548  -88.658  33.610 0.3000000119
670  16.723  -95.652  36.318 0.5000000000
2645  11.903  -88.074  33.747 0.3000000119
948  15.431  -93.758  35.336 0.4000000060
147132  16.063  -95.106  35.564 0.4000000060
1940  12.496  -90.258  34.385 0.4000000060
1570  12.944  -91.070  34.520 0.4000000060
1245  13.437  -92.065  34.617 0.4000000060
150419  14.106  -92.705  34.840 0.4000000060
3125  10.309  -87.104  31.049 0.3000000119
3581  10.815  -86.552  29.750 0.3000000119
1571  11.995  -91.177  34.144 0.4000000060
957  12.941  -92.671  34.124 0.5000000000
3608  10.914  -86.724  27.828 0.3000000119
3165  11.090  -86.989  27.059 0.4000000060
2758  11.618  -88.271  26.203 0.4000000060
2511  6.406  -89.503  15.590 0.5000000000
2757  12.594  -88.480  25.712 0.5000000000
1775  7.167  -91.438  15.046 0.5000000000
586  12.803  -93.620  42.988 0.3000000119
919  17.916  -94.318  37.065 0.3000000119
146225  17.781  -93.119  37.385 0.3000000119
3686  4.193  -86.238  21.671 0.5000000000
3675  4.981  -86.076  22.715 0.6000000238
2323  14.911  -89.604  32.707 0.3000000119
2313  14.148  -89.208  33.931 0.3000000119
3100  13.088  -87.648  32.622 0.3000000119
2314  13.266  -89.027  34.168 0.3000000119
141630  14.080  -90.114  34.662 0.3000000119
947  16.614  -94.093  35.644 0.4000000060
657  17.567  -94.688  36.805 0.4000000060
3698  2.009  -86.065  18.189 0.5000000000
4118  5.216  -85.653  24.995 0.5000000000
1939  13.350  -90.224  34.582 0.3000000119
1569  13.923  -90.949  34.836 0.3000000119
1231  15.738  -92.579  35.387 0.3000000119
1230  16.867  -92.829  35.526 0.3000000119
145039  2.747  -86.267  17.608 0.5000000000
3562  11.326  -86.096  30.212 0.3000000119
3596  10.933  -86.567  28.799 0.3000000119
3274  4.588  -86.774  16.498 0.5000000000
141332  11.481  -86.193  28.233 0.3000000119
2851  5.457  -88.175  16.156 0.5000000000
3606  12.342  -85.996  27.205 0.4000000060
2859  5.594  -88.177  15.747 0.6000000238
3614  12.732  -86.301  26.588 0.4000000060
3626  13.289  -86.730  25.948 0.5000000000
2877  6.622  -89.405  15.358 0.5000000000
3180  14.042  -87.264  25.288 0.4000000060
2756  13.740  -88.657  25.193 0.3000000119
2416  13.173  -89.286  25.276 0.4000000060
2157  7.566  -90.714  14.801 0.6000000238
3655  16.555  -86.212  23.379 0.3000000119
3657  14.849  -86.376  23.513 0.4000000060
2762  14.489  -88.427  24.130 0.4000000060
2423  14.523  -89.671  24.186 0.3000000119
139959  8.647  -90.555  14.667 0.6000000238
1774  7.827  -91.828  14.947 0.5000000000
3673  16.095  -86.495  22.597 0.3000000119
151929  15.124  -86.426  22.686 0.5000000000
3658  14.273  -86.660  22.666 0.4000000060
2775  13.415  -87.946  23.395 0.4000000060
1778  9.539  -92.035  14.520 0.6000000238
157848  16.667  -87.000  22.096 0.3000000119
3683  15.541  -86.745  22.098 0.5000000000
3685  13.901  -86.885  22.148 0.4000000060
165417  12.595  -87.361  22.351 0.4000000060
2805  15.803  -87.931  21.225 0.4000000060
3237  14.171  -87.233  21.685 0.5000000000
3239  12.312  -87.400  22.061 0.4000000060
2806  13.512  -88.275  21.258 0.5000000000
4139  5.220  -85.057  22.853 0.6000000238
3674  5.369  -85.705  23.510 0.6000000238
166469  15.323  -90.172  32.085 0.3000000119
2312  15.102  -89.674  33.678 0.3000000119
1949  15.948  -90.228  33.817 0.3000000119
1937  15.534  -90.228  34.270 0.3000000119
4138  5.663  -84.971  23.558 0.6000000238
4125  5.723  -85.163  24.313 0.6000000238
2674  14.205  -88.899  32.135 0.3000000119
1568  15.989  -90.937  34.780 0.3000000119
1554  17.262  -92.138  35.233 0.3000000119
162871  5.251  -84.292  25.144 0.6000000238
2336  13.699  -88.945  30.282 0.3000000119
1556  15.469  -91.512  35.094 0.3000000119
1555  16.291  -91.828  35.207 0.3000000119
5003  4.505  -84.067  25.222 0.6000000238
4051  11.882  -85.798  29.585 0.3000000119
5021  3.842  -83.328  24.584 0.6000000238
5004  3.482  -83.979  25.001 0.6000000238
5005  2.383  -83.462  24.294 0.6000000238
155899  0.988  -83.101  24.600 0.5000000000
3624  14.638  -85.912  25.406 0.4000000060
3188  14.606  -86.722  24.262 0.4000000060
2819  16.303  -88.768  20.801 0.4000000060
150437  14.670  -88.114  21.254 0.5000000000
142887  15.934  -90.653  31.836 0.3000000119
158406  16.710  -91.059  32.279 0.3000000119
1954  15.812  -90.307  32.908 0.3000000119
1948  16.613  -90.876  33.352 0.3000000119
1566  17.718  -91.929  34.463 0.3000000119
1242  19.919  -92.996  34.901 0.3000000119
4548  5.614  -84.252  23.084 0.5000000000
2334  14.663  -89.814  31.637 0.3000000119
2675  13.751  -88.503  31.301 0.3000000119
5019  5.662  -83.332  24.081 0.5000000000
4529  5.784  -84.168  24.496 0.6000000238
2335  14.013  -89.440  30.939 0.3000000119
1227  19.289  -93.095  35.471 0.3000000119
5020  5.115  -83.485  24.615 0.6000000238
2348  13.900  -89.942  30.026 0.3000000119
4098  14.818  -85.556  26.012 0.3000000119
4086  14.169  -85.518  26.680 0.3000000119
5595  1.690  -82.581  23.754 0.6000000238
5581  0.882  -82.878  24.986 0.6000000238
5593  4.371  -82.665  24.070 0.6000000238
5599  3.511  -81.997  23.370 0.6000000238
5594  2.825  -82.713  23.724 0.6000000238
142219  1.056  -82.525  24.391 0.6000000238
5580  1.109  -82.419  25.364 0.6000000238
5596  1.244  -82.392  23.917 0.6000000238
146942  1.875  -82.801  27.054 0.5000000000
5592  5.312  -82.836  23.996 0.5000000000
6124  4.207  -81.370  22.897 0.5000000000
5600  2.108  -81.994  23.303 0.5000000000
6120  1.172  -81.924  23.975 0.6000000238
6620  2.507  -81.274  28.211 0.5000000000
165636  3.581  -81.364  27.660 0.6000000238
157827  1.887  -79.761  28.251 0.5000000000
149638  2.570  -80.307  28.340 0.6000000238
6125  2.726  -81.288  22.968 0.5000000000
6652  1.489  -81.253  24.393 0.5000000000
160620  1.867  -81.400  25.413 0.5000000000
166701  1.690  -82.019  25.746 0.6000000238
138253  2.048  -80.575  24.986 0.6000000238
6106  2.542  -81.884  26.352 0.5000000000
5561  2.371  -82.118  27.924 0.5000000000
6105  2.916  -81.170  25.987 0.6000000238
7293  4.187  -79.695  25.231 0.6000000238
6101  3.499  -81.557  26.808 0.6000000238
7262  2.617  -79.322  28.402 0.5000000000
11613  6.804  -72.568  28.531 0.5000000000
6119  1.436  -81.411  23.742 0.5000000000
12817  7.594  -70.539  29.769 0.5000000000
13386  7.636  -69.854  29.642 0.6000000238
12228  7.596  -71.255  29.566 0.6000000238
11612  7.775  -72.576  28.490 0.6000000238
11595  7.193  -71.965  29.220 0.5000000000
10948  7.356  -73.283  27.934 0.5000000000
10290  6.685  -74.359  26.241 0.5000000000
7852  2.825  -78.320  28.531 0.5000000000
14047  9.328  -69.663  26.246 0.6000000238
14048  8.551  -69.645  25.587 0.6999999881
153331  9.453  -70.193  26.718 0.6000000238
13428  8.782  -70.273  26.016 0.6999999881
14039  7.845  -69.606  26.609 0.6000000238
14024  7.763  -69.010  28.097 0.6000000238
160677  8.950  -70.444  26.744 0.6000000238
13429  8.464  -70.180  26.248 0.6000000238
13418  9.663  -70.451  27.484 0.6000000238
13419  8.912  -70.323  27.966 0.6000000238
13420  8.381  -70.018  27.223 0.5000000000
166343  9.711  -71.303  29.012 0.6000000238
12834  8.934  -70.564  28.842 0.6000000238
12816  8.145  -70.321  29.342 0.5000000000
13407  8.183  -69.596  28.691 0.6000000238
140857  9.265  -71.049  28.990 0.6000000238
12227  8.326  -70.840  29.315 0.6000000238
11611  8.827  -72.390  28.533 0.6000000238
12247  8.572  -71.461  29.096 0.6000000238
10947  8.467  -73.384  27.927 0.6000000238
10958  8.107  -74.136  27.249 0.5000000000
10299  6.348  -74.801  25.434 0.5000000000
148152  6.766  -75.639  25.504 0.5000000000
9638  5.573  -76.274  26.043 0.5000000000
9639  4.480  -75.952  26.712 0.5000000000
14049  7.954  -69.682  25.466 0.6000000238
12246  9.384  -71.687  28.955 0.5000000000
10288  8.768  -75.151  26.672 0.6000000238
10289  7.753  -74.738  26.406 0.5000000000
9651  8.279  -75.730  26.028 0.6000000238
9029  6.641  -76.398  25.716 0.5000000000
9012  7.490  -76.966  26.854 0.6000000238
9019  6.485  -76.790  26.520 0.6000000238
16823  10.055  -63.939  26.695 0.4000000060
15362  7.535  -67.995  24.302 0.6999999881
15371  5.786  -68.456  23.173 0.5000000000
15364  6.092  -68.140  23.862 0.5000000000
148883  10.061  -65.224  27.465 0.6000000238
16811  9.688  -64.790  26.965 0.5000000000
14740  6.611  -68.827  24.296 0.6000000238
14733  6.564  -68.750  24.671 0.5000000000
16009  10.920  -65.417  28.995 0.5000000000
14739  6.825  -69.024  24.534 0.8000000119
14720  8.467  -68.760  25.223 0.6999999881
14064  7.307  -69.196  24.601 0.8000000119
14050  6.959  -69.237  24.866 0.6999999881
9650  8.805  -75.904  26.478 0.6000000238
9637  8.330  -76.614  26.240 0.6000000238
15372  5.237  -68.040  22.740 0.5000000000
17643  9.673  -63.588  26.027 0.5000000000
16045  6.613  -68.001  23.356 0.6999999881
157262  11.144  -64.731  28.671 0.4000000060
16803  10.540  -65.071  28.158 0.4000000060
159406  11.580  -66.497  29.862 0.4000000060
164730  11.680  -67.526  30.404 0.5000000000
13977  11.723  -68.674  30.854 0.4000000060
160013  5.322  -68.194  22.703 0.5000000000
16057  4.715  -66.902  22.482 0.5000000000
17660  10.430  -63.543  25.560 0.3000000119
17670  10.174  -63.779  24.850 0.3000000119
15380  6.564  -67.723  22.555 0.6000000238
164112  11.886  -66.901  30.536 0.4000000060
14648  11.975  -67.781  30.974 0.4000000060
12785  11.755  -70.723  31.714 0.4000000060
165916  5.799  -67.902  22.341 0.6000000238
159351  11.902  -69.198  31.408 0.4000000060
15396  5.165  -67.361  21.951 0.5000000000
15373  4.830  -67.601  22.292 0.5000000000
17658  12.438  -63.588  25.884 0.3000000119
17669  11.026  -63.891  24.823 0.3000000119
16847  10.608  -64.277  24.253 0.3000000119
16054  11.022  -65.402  22.859 0.4000000060
13365  12.446  -69.420  32.068 0.3000000119
12188  11.925  -71.388  32.085 0.4000000060
12173  12.677  -71.436  32.346 0.4000000060
16053  11.927  -65.102  23.142 0.4000000060
15395  6.692  -67.294  21.481 0.6000000238
16079  5.464  -66.677  21.602 0.4000000060
16062  11.808  -66.366  22.009 0.4000000060
145272  13.034  -63.571  26.301 0.3000000119
17668  12.614  -63.847  24.882 0.3000000119
16075  11.178  -67.744  21.472 0.4000000060
162183  12.023  -67.374  21.253 0.4000000060
15391  11.230  -68.211  20.932 0.4000000060
147933  13.676  -64.099  19.308 0.3000000119
160855  13.056  -64.505  18.886 0.3000000119
16885  12.724  -65.278  19.304 0.3000000119
166257  13.657  -63.569  18.590 0.3000000119
1228  18.663  -93.382  35.875 0.3000000119
3613  13.544  -85.911  26.262 0.4000000060
15390  12.054  -67.475  20.608 0.3000000119
9011  8.386  -76.509  27.202 0.6000000238
23356  9.238  -57.765  24.997 0.4000000060
16002  10.995  -66.413  29.247 0.5000000000
16088  12.477  -66.334  19.901 0.3000000119
2422  14.642  -89.128  24.003 0.3000000119
3206  13.659  -87.136  23.279 0.4000000060
5601  1.454  -81.941  23.653 0.5000000000
1905  8.780  -89.951  37.930 0.4000000060
1920  6.952  -90.581  36.659 0.5000000000
632  5.709  -94.742  38.783 0.5000000000
936  10.399  -93.897  36.829 0.5000000000
2349  8.327  -89.882  30.461 0.4000000060
2280  8.172  -89.603  38.282 0.4000000060
630  10.366  -94.352  38.589 0.4000000060
400  10.941  -94.992  37.095 0.4000000060
2707  8.931  -89.069  29.979 0.4000000060
1601  9.453  -90.799  31.243 0.4000000060
1600  10.224  -91.528  31.344 0.4000000060
1521  4.924  -92.058  39.140 0.3000000119
615  8.654  -94.032  40.838 0.3000000119
900  11.189  -93.815  39.233 0.3000000119
628  11.415  -94.265  38.383 0.4000000060
645  11.830  -94.823  37.425 0.4000000060
2689  9.448  -88.526  30.569 0.3000000119
2706  9.594  -88.338  29.653 0.4000000060
1202  12.626  -92.310  37.994 0.4000000060
397  13.556  -95.792  36.550 0.4000000060
969  13.021  -93.383  33.579 0.5000000000
158923  6.178  -88.889  16.702 0.5000000000
2394  10.314  -88.982  27.092 0.4000000060
878  13.495  -93.509  42.231 0.3000000119
140806  14.012  -92.889  37.233 0.4000000060
922  14.538  -94.550  37.135 0.4000000060
396  14.849  -95.872  36.882 0.5000000000
416  16.391  -95.912  36.285 0.5000000000
2308  12.897  -89.550  34.372 0.3000000119
3545  10.727  -86.516  31.586 0.3000000119
161947  10.100  -87.665  29.689 0.3000000119
3152  10.454  -87.241  28.378 0.3000000119
2154  6.764  -90.192  15.261 0.6000000238
155274  15.973  -93.121  37.368 0.3000000119
138565  15.339  -93.784  37.351 0.4000000060
3714  5.054  -86.627  15.890 0.5000000000
3174  12.420  -87.092  26.280 0.4000000060
146947  18.571  -92.150  37.543 0.3000000119
945  18.111  -94.032  36.391 0.3000000119
4124  16.121  -85.895  24.017 0.4000000060
3179  14.521  -86.689  24.914 0.4000000060
3189  14.400  -87.743  24.531 0.4000000060
3219  17.507  -87.353  22.340 0.3000000119
142580  18.118  -92.386  33.057 0.3000000119
4116  15.680  -85.755  24.656 0.3000000119
1583  18.956  -92.521  33.438 0.3000000119
1259  19.744  -92.736  34.061 0.3000000119
2380  13.867  -89.080  28.947 0.3000000119
5568  2.572  -82.341  27.232 0.5000000000
6087  3.025  -81.745  27.812 0.6000000238
14063  7.935  -69.422  25.036 0.6999999881
14078  6.756  -69.156  24.253 0.6999999881
14732  7.710  -68.915  24.626 0.6999999881
15363  6.552  -68.538  23.954 0.6000000238
164778  10.973  -63.471  25.963 0.3000000119
166875  11.844  -64.043  24.666 0.3000000119
3723  6.598  -86.637  15.696 0.5000000000
3724  5.721  -86.649  15.664 0.5000000000
6666  1.752  -80.488  23.899 0.4000000060
7316  2.036  -79.563  23.792 0.5000000000
7261  3.286  -79.808  28.437 0.5000000000
6650  5.100  -80.258  25.806 0.5000000000
6641  4.844  -80.630  26.470 0.5000000000
6086  4.138  -80.823  27.833 0.5000000000
143232  4.050  -80.133  28.353 0.5000000000
7313  4.720  -79.223  24.575 0.5000000000
151883  3.243  -79.013  28.595 0.4000000060
6640  5.637  -80.526  26.555 0.5000000000
6093  4.890  -80.693  27.469 0.5000000000
154863  3.901  -79.256  28.642 0.5000000000
8378  3.407  -77.630  28.973 0.5000000000
6631  5.892  -80.552  27.347 0.6000000238
6618  4.863  -80.324  28.194 0.5000000000
7851  3.647  -78.448  28.847 0.5000000000
160301  5.246  -76.273  27.408 0.5000000000
161444  5.577  -80.429  27.976 0.6000000238
8999  3.603  -76.258  29.183 0.5000000000
9614  3.966  -75.759  28.990 0.5000000000
7260  4.693  -79.534  28.679 0.6000000238
7841  4.163  -77.795  29.258 0.6000000238
159123  3.285  -76.902  29.070 0.5000000000
6639  6.476  -80.430  26.703 0.6000000238
7259  5.647  -79.814  28.605 0.6000000238
7850  4.438  -78.669  29.050 0.6000000238
8998  4.346  -76.336  29.316 0.6000000238
155300  5.264  -78.946  29.193 0.6000000238
9613  4.896  -76.042  28.885 0.5000000000
9627  6.228  -76.496  28.139 0.5000000000
151953  5.056  -77.929  29.502 0.6000000238
8367  3.873  -76.977  29.336 0.6000000238
14721  7.325  -68.914  25.976 0.5000000000
9626  7.434  -76.506  28.269 0.6000000238
7840  5.777  -78.360  29.546 0.6000000238
9612  5.710  -76.403  29.186 0.6000000238
154466  4.648  -77.084  29.480 0.6000000238
8997  5.145  -76.561  29.381 0.6000000238
8366  5.905  -77.523  29.769 0.6000000238
142800  9.610  -60.042  22.506 0.3000000119
164966  13.528  -89.105  20.928 0.4000000060
2832  13.608  -89.422  19.912 0.5000000000
1776  10.890  -92.100  14.859 0.5000000000
143036  9.572  -91.175  14.519 0.5000000000
2488  14.918  -90.552  18.465 0.4000000060
158571  9.768  -90.273  14.700 0.4000000060
2502  15.652  -89.628  16.204 0.4000000060
3284  5.437  -87.276  15.653 0.4000000060
144943  6.681  -88.527  15.367 0.4000000060
3283  6.011  -87.590  15.480 0.4000000060
2876  7.273  -89.285  15.170 0.4000000060
2514  7.907  -89.928  14.900 0.4000000060
2872  17.615  -88.907  14.114 0.4000000060
3285  17.292  -88.235  13.979 0.4000000060
3286  16.448  -88.059  13.898 0.4000000060
4168  5.072  -85.882  16.308 0.4000000060
2512  17.370  -89.447  14.201 0.4000000060
2862  16.746  -88.762  14.094 0.4000000060
150159  17.278  -86.720  13.384 0.4000000060
4662  16.414  -85.460  13.756 0.5000000000
7248  6.158  -79.114  29.265 0.5000000000
7257  7.577  -79.701  28.556 0.5000000000
7839  6.658  -78.236  29.697 0.5000000000
7247  7.153  -79.174  29.197 0.5000000000
7246  8.069  -79.213  29.060 0.5000000000
8360  6.760  -77.234  29.865 0.5000000000
7837  8.581  -78.668  29.494 0.5000000000
14722  6.696  -68.176  25.672 0.4000000060
15358  6.381  -67.820  24.907 0.4000000060
7838  7.708  -78.578  29.606 0.5000000000
8996  6.023  -76.809  29.620 0.5000000000
2854  15.390  -88.753  15.841 0.5000000000
2507  16.770  -90.016  14.538 0.4000000060
3291  17.051  -87.465  13.541 0.4000000060
649  6.106  -94.805  38.494 0.4000000060
164643  6.514  -95.659  38.143 0.4000000060
141529  5.327  -97.594  34.740 0.4000000060
1216  6.510  -92.986  37.281 0.4000000060
927  6.583  -94.007  37.700 0.4000000060
21  7.403  -98.451  35.669 0.4000000060
401  6.999  -95.755  37.778 0.4000000060
240  8.218  -97.345  34.660 0.4000000060
94  8.264  -98.296  36.032 0.4000000060
160758  7.046  -98.374  36.338 0.4000000060
1547  6.814  -91.380  36.182 0.5000000000
938  6.798  -93.322  36.593 0.5000000000
951  6.693  -92.801  35.342 0.4000000060
660  7.146  -94.415  37.105 0.4000000060
91  8.147  -98.204  37.173 0.4000000060
1927  7.743  -90.547  35.657 0.5000000000
144656  7.868  -90.977  34.915 0.5000000000
1235  6.802  -91.778  35.220 0.5000000000
675  7.193  -94.371  35.854 0.4000000060
413  7.510  -95.365  36.799 0.4000000060
1250  7.313  -92.094  34.143 0.4000000060
1251  6.836  -92.259  34.537 0.4000000060
980  7.590  -93.892  32.708 0.4000000060
696  7.084  -94.288  33.399 0.4000000060
429  7.796  -96.354  35.169 0.4000000060
422  7.783  -96.440  36.435 0.4000000060
227  7.931  -97.550  37.531 0.4000000060
145886  7.694  -96.188  34.126 0.4000000060
235  8.388  -97.706  36.131 0.4000000060
1263  7.510  -92.639  33.657 0.5000000000
974  6.938  -92.748  33.926 0.4000000060
687  6.767  -93.552  34.956 0.4000000060
971  8.913  -93.148  33.622 0.5000000000
973  7.136  -93.297  33.353 0.4000000060
686  6.984  -94.300  34.567 0.4000000060
674  7.470  -95.282  35.519 0.4000000060
694  10.215  -94.657  33.276 0.3000000119
435  10.771  -95.344  32.620 0.3000000119
142089  11.012  -95.460  33.504 0.4000000060
695  9.540  -93.850  33.493 0.3000000119
428  11.714  -95.962  34.342 0.4000000060
684  10.792  -95.060  34.252 0.4000000060
454  13.546  -96.376  30.541 0.3000000119
442  12.826  -96.517  31.389 0.4000000060
434  11.941  -96.112  32.840 0.4000000060
427  12.745  -96.790  33.866 0.4000000060
251  13.791  -96.865  31.298 0.4000000060
433  13.230  -96.862  32.489 0.4000000060
426  13.222  -97.115  34.584 0.4000000060
226  13.596  -96.661  35.844 0.3000000119
979  8.604  -93.596  32.909 0.3000000119
420  12.308  -96.419  35.738 0.3000000119
142109  11.217  -95.434  35.190 0.4000000060
267  14.104  -96.573  30.701 0.4000000060
234  12.456  -96.763  35.064 0.3000000119
245  13.599  -97.194  33.392 0.4000000060
238  14.295  -97.038  33.743 0.4000000060
232  13.648  -97.045  35.069 0.4000000060
959  9.824  -93.587  34.472 0.4000000060
958  10.590  -94.538  34.963 0.4000000060
462  12.849  -95.637  30.038 0.4000000060
410  13.154  -96.263  36.206 0.3000000119
703  13.789  -94.918  31.660 0.4000000060
717  13.834  -95.368  30.671 0.4000000060
692  14.068  -95.122  32.474 0.4000000060
432  14.511  -95.984  32.275 0.4000000060
244  14.184  -97.069  32.904 0.4000000060
1248  9.037  -92.539  34.381 0.4000000060
673  10.871  -95.088  35.987 0.3000000119
411  12.011  -95.918  36.183 0.3000000119
977  12.907  -94.172  31.541 0.4000000060
1277  11.326  -92.797  31.441 0.4000000060
691  14.408  -95.461  33.392 0.4000000060
243  14.408  -96.831  33.218 0.4000000060
1558  8.780  -91.250  35.274 0.4000000060
659  10.746  -94.789  36.799 0.3000000119
1544  9.394  -91.309  36.129 0.4000000060
1234  8.493  -91.669  34.658 0.4000000060
166132  9.833  -92.215  36.280 0.4000000060
1233  9.413  -92.083  35.376 0.4000000060
950  9.829  -92.973  35.152 0.4000000060
4654  16.435  -84.454  14.051 0.4000000060
441  14.474  -96.276  31.543 0.4000000060
18  7.055  -98.421  37.242 0.4000000060
20  7.815  -98.411  36.515 0.4000000060
98  8.453  -98.322  35.035 0.4000000060
233  12.947  -96.861  35.463 0.3000000119
239  13.896  -97.206  34.061 0.4000000060
249  14.388  -96.575  32.370 0.4000000060
250  14.191  -96.670  31.560 0.4000000060
394  16.500  -95.789  36.656 0.5000000000
395  15.945  -95.921  36.875 0.4000000060
398  12.513  -95.593  36.640 0.4000000060
399  11.675  -95.306  36.728 0.4000000060
402  5.956  -95.709  38.448 0.4000000060
407  15.945  -96.075  36.494 0.4000000060
408  15.160  -96.203  36.533 0.5000000000
412  11.250  -95.313  36.632 0.4000000060
418  14.864  -96.439  35.196 0.5000000000
419  12.712  -96.446  35.926 0.3000000119
421  11.587  -95.809  35.963 0.3000000119
461  13.831  -96.068  30.338 0.4000000060
577  11.255  -93.847  43.406 0.3000000119
587  12.037  -93.753  43.099 0.3000000119
596  12.142  -93.801  42.905 0.3000000119
614  9.390  -93.952  40.448 0.3000000119
622  9.518  -94.046  39.720 0.3000000119
631  9.929  -94.223  39.199 0.3000000119
643  13.798  -95.014  36.882 0.4000000060
648  6.614  -95.023  38.068 0.4000000060
658  16.973  -95.428  36.742 0.5000000000
669  17.286  -94.972  36.325 0.4000000060
671  16.384  -95.864  35.938 0.5000000000
672  15.559  -95.922  35.425 0.5000000000
685  10.167  -94.339  34.103 0.3000000119
693  13.258  -94.201  32.674 0.5000000000
702  14.345  -95.712  31.392 0.4000000060
716  14.358  -96.193  30.823 0.4000000060
723  13.162  -95.379  30.211 0.4000000060
862  11.862  -93.578  43.405 0.3000000119
871  12.887  -93.626  42.691 0.3000000119
879  12.715  -93.500  42.006 0.3000000119
891  12.112  -92.884  40.400 0.3000000119
892  10.481  -93.540  41.337 0.3000000119
899  11.960  -92.925  39.512 0.3000000119
901  9.405  -93.650  39.346 0.3000000119
920  17.396  -94.326  37.273 0.4000000060
937  10.077  -92.970  36.025 0.5000000000
943  19.906  -93.403  35.801 0.3000000119
944  19.107  -93.552  36.257 0.3000000119
946  17.488  -93.895  35.883 0.3000000119
949  10.379  -93.985  35.749 0.4000000060
955  14.502  -93.618  34.909 0.5000000000
960  6.841  -93.466  34.019 0.4000000060
961  6.726  -92.936  34.472 0.4000000060
972  7.892  -93.098  33.161 0.5000000000
989  12.118  -93.622  30.911 0.4000000060
1194  13.273  -92.275  39.177 0.3000000119
1212  16.065  -91.978  37.478 0.3000000119
1214  13.692  -91.753  37.766 0.3000000119
1215  10.044  -92.823  37.774 0.4000000060
1222  10.150  -92.905  36.916 0.5000000000
1223  6.713  -92.389  36.234 0.5000000000
1229  17.869  -93.027  35.691 0.3000000119
1232  15.001  -91.935  35.177 0.3000000119
1243  19.255  -92.728  34.379 0.3000000119
1244  14.330  -91.899  34.979 0.4000000060
1246  12.558  -91.950  34.217 0.5000000000
1249  8.073  -92.088  34.035 0.4000000060
1262  8.297  -92.623  33.676 0.5000000000
1269  11.299  -92.336  32.386 0.5000000000
1341  11.276  -92.493  24.986 0.4000000060
1380  10.813  -92.186  20.366 0.5000000000
1394  11.093  -92.467  18.946 0.4000000060
1537  5.883  -91.534  38.170 0.4000000060
1546  7.257  -90.723  35.975 0.5000000000
1553  18.376  -92.511  35.177 0.3000000119
1557  14.755  -91.211  34.964 0.3000000119
1559  7.168  -90.999  35.262 0.5000000000
1567  16.791  -91.378  34.661 0.3000000119
1572  7.736  -91.584  34.418 0.4000000060
1573  7.201  -91.515  34.659 0.5000000000
1584  17.208  -91.383  33.829 0.3000000119
1585  11.397  -91.696  33.302 0.5000000000
1586  10.915  -90.994  33.050 0.5000000000
1593  17.326  -91.345  32.027 0.3000000119
1595  10.546  -91.146  32.224 0.4000000060
1679  11.486  -91.710  25.141 0.4000000060
1684  13.979  -91.734  23.907 0.4000000060
1685  13.278  -91.951  24.307 0.3000000119
1690  14.077  -91.445  23.396 0.4000000060
1701  11.231  -91.344  22.043 0.3000000119
1712  10.556  -90.864  21.789 0.4000000060
1777  10.450  -91.704  14.505 0.5000000000
1779  8.352  -91.503  14.681 0.5000000000
1780  7.287  -91.260  14.920 0.5000000000
1904  9.149  -90.481  37.477 0.4000000060
1907  6.680  -90.325  37.456 0.4000000060
1918  8.284  -90.221  36.295 0.4000000060
1919  7.596  -90.287  36.379 0.4000000060
1926  15.286  -90.789  34.781 0.3000000119
1936  16.399  -90.673  34.169 0.3000000119
1938  14.713  -90.425  34.674 0.3000000119
1950  11.057  -90.237  33.566 0.4000000060
1956  9.922  -89.770  32.170 0.4000000060
1970  8.747  -90.261  30.957 0.4000000060
1984  7.152  -90.619  30.293 0.3000000119
2019  7.265  -90.443  29.042 0.3000000119
2037  8.400  -90.690  27.803 0.3000000119
2047  9.019  -91.007  27.168 0.3000000119
2084  10.275  -90.065  21.827 0.4000000060
2099  10.301  -89.754  21.102 0.3000000119
2145  11.423  -90.373  16.127 0.6999999881
2146  6.975  -91.167  15.532 0.5000000000
2152  10.669  -89.933  14.959 0.6000000238
2153  6.864  -90.912  15.113 0.5000000000
2156  10.629  -90.844  14.604 0.6000000238
2158  6.964  -90.684  14.971 0.6000000238
2293  7.590  -89.668  37.787 0.4000000060
2300  8.132  -89.698  37.442 0.4000000060
2306  14.615  -89.768  34.301 0.3000000119
2307  13.730  -89.604  34.420 0.3000000119
2309  12.082  -89.426  34.177 0.4000000060
2315  11.440  -89.614  33.890 0.4000000060
2324  14.288  -89.027  33.198 0.3000000119
2350  7.422  -90.196  30.148 0.3000000119
2366  13.802  -89.604  29.466 0.3000000119
2383  7.966  -90.017  29.356 0.3000000119
2395  9.616  -89.487  27.648 0.3000000119
2396  8.849  -89.880  28.083 0.3000000119
2415  14.156  -89.341  24.759 0.3000000119
2427  14.250  -89.064  23.638 0.5000000000
2435  12.120  -89.382  23.013 0.4000000060
2436  11.053  -88.877  22.726 0.4000000060
2465  13.642  -89.502  20.445 0.6000000238
2480  10.423  -89.422  20.248 0.4000000060
2489  14.276  -90.014  19.302 0.4000000060
2497  11.250  -89.589  16.957 0.6999999881
2504  6.292  -89.697  16.063 0.5000000000
2508  16.015  -89.502  15.117 0.4000000060
2510  10.171  -89.040  15.379 0.6000000238
2513  8.959  -89.723  14.854 0.6000000238
2515  7.052  -90.080  15.031 0.4000000060
2644  12.476  -88.882  34.115 0.3000000119
2654  13.617  -88.394  32.892 0.3000000119
2655  10.824  -88.317  33.476 0.3000000119
2665  13.598  -88.169  32.145 0.3000000119
2667  9.918  -88.499  32.078 0.3000000119
2690  8.934  -89.269  30.535 0.4000000060
2723  9.678  -88.514  28.688 0.3000000119
2763  14.428  -88.808  24.436 0.3000000119
2776  12.292  -87.937  22.928 0.4000000060
2789  11.293  -88.036  22.430 0.4000000060
2790  10.667  -88.435  22.261 0.4000000060
2807  12.497  -87.872  21.461 0.5000000000
2809  10.891  -87.944  21.706 0.4000000060
2820  15.244  -88.747  20.957 0.4000000060
2821  14.144  -89.310  20.973 0.4000000060
2822  12.970  -88.684  20.888 0.5000000000
2824  10.786  -88.383  21.037 0.5000000000
2836  10.717  -88.634  20.148 0.6000000238
2844  11.467  -87.901  18.372 0.6999999881
2849  14.662  -88.084  17.702 0.6999999881
2850  11.501  -87.728  17.616 0.6999999881
2855  14.867  -87.904  16.607 0.6999999881
2858  5.880  -88.847  15.860 0.6000000238
2861  18.065  -89.441  14.089 0.4000000060
2869  7.695  -88.382  15.316 0.6000000238
2870  6.032  -88.580  15.593 0.6000000238
2871  5.572  -87.847  15.648 0.4000000060
2873  15.888  -88.290  14.200 0.6000000238
3093  12.917  -88.027  33.405 0.3000000119
3095  10.635  -87.610  33.029 0.3000000119
3103  10.276  -87.742  32.322 0.3000000119
3141  10.423  -87.135  29.264 0.3000000119
3153  10.104  -87.849  28.964 0.3000000119
3166  10.580  -87.481  27.557 0.4000000060
3175  11.595  -87.423  26.536 0.4000000060
3204  17.781  -87.041  23.220 0.3000000119
3205  14.371  -87.293  23.950 0.4000000060
3207  12.849  -87.419  22.757 0.4000000060
3220  16.078  -87.209  21.671 0.3000000119
3221  13.348  -87.070  22.482 0.4000000060
3222  12.046  -87.594  22.341 0.4000000060
3224  10.787  -87.971  22.062 0.4000000060
3236  15.172  -87.238  21.617 0.5000000000
3238  13.248  -87.236  21.894 0.4000000060
3249  11.818  -87.817  19.075 0.6000000238
3266  12.021  -87.054  17.381 0.8000000119
3272  11.831  -86.733  16.665 0.8000000119
3273  5.174  -87.528  15.872 0.5000000000
3277  13.505  -87.035  15.045 0.6999999881
3278  12.749  -86.538  15.157 0.8000000119
3287  15.482  -87.808  14.141 0.6000000238
3289  13.917  -87.070  14.626 0.6999999881
3292  16.005  -87.509  13.799 0.4000000060
3527  10.902  -87.038  32.973 0.3000000119
3544  11.314  -86.040  31.199 0.3000000119
3563  10.756  -86.467  30.677 0.3000000119
3580  11.296  -86.220  29.452 0.3000000119
3595  11.523  -86.103  28.940 0.3000000119
3607  11.578  -86.359  27.455 0.4000000060
3615  11.869  -86.633  26.813 0.4000000060
3625  14.028  -86.301  25.616 0.4000000060
3641  15.433  -86.064  23.982 0.4000000060
3642  15.023  -86.112  24.558 0.3000000119
3656  15.663  -86.176  23.316 0.3000000119
3672  17.072  -86.642  22.801 0.3000000119
3684  14.662  -86.753  22.114 0.4000000060
3699  1.842  -85.242  18.531 0.6999999881
3712  11.317  -86.381  16.306 0.8000000119
3713  10.517  -86.275  16.304 0.6999999881
3715  4.018  -86.208  16.923 0.6999999881
3731  13.591  -86.731  14.621 0.6999999881
3733  12.039  -85.852  15.236 0.8000000119
3739  15.509  -86.985  13.822 0.6000000238
3740  14.878  -86.902  14.108 0.6999999881
4085  15.103  -85.516  26.625 0.3000000119
4087  13.197  -85.667  26.975 0.3000000119
4099  5.448  -84.922  25.212 0.6000000238
4150  1.745  -84.534  19.839 0.6000000238
4155  1.580  -85.103  19.244 0.6000000238
4158  2.530  -85.708  17.824 0.6999999881
4177  6.244  -85.848  16.006 0.6000000238
4186  16.924  -86.183  13.375 0.4000000060
4558  9.930  -84.184  21.384 0.6999999881
4567  12.947  -84.192  20.203 0.6000000238
4569  10.291  -84.360  20.585 0.6999999881
4573  6.713  -84.100  20.059 0.8999999762
4605  6.618  -84.124  17.836 0.6999999881
4608  2.222  -84.536  18.790 0.6999999881
4618  7.532  -83.168  16.815 0.6999999881
4633  5.631  -85.249  16.865 0.8000000119
4641  13.620  -83.521  15.372 0.6000000238
4642  12.904  -83.763  15.441 0.6000000238
4645  9.541  -84.138  16.335 0.8000000119
4655  14.864  -84.210  14.568 0.6000000238
5022  1.294  -83.053  24.196 0.5000000000
5024  5.645  -82.687  23.383 0.6000000238
5036  9.176  -83.255  22.213 0.6999999881
5058  9.521  -83.738  21.945 0.6999999881
5061  6.418  -83.046  20.850 0.6999999881
5079  13.435  -83.733  20.597 0.6000000238
5084  3.726  -83.288  20.423 0.6999999881
5104  12.117  -83.979  18.567 0.5000000000
5109  3.420  -83.334  20.055 0.6999999881
5131  10.067  -83.338  17.956 0.6000000238
5133  8.292  -82.985  17.867 0.8000000119
5158  13.720  -83.150  16.124 0.5000000000
5161  9.979  -83.227  16.707 0.6999999881
5163  7.920  -83.196  16.556 0.6999999881
5172  12.248  -83.402  15.885 0.5000000000
5174  10.011  -83.662  16.462 0.6999999881
5567  2.871  -82.114  26.908 0.5000000000
5576  1.993  -82.469  26.564 0.5000000000
5577  0.928  -82.862  26.044 0.6000000238
5605  9.252  -82.739  22.374 0.6999999881
5620  12.568  -82.725  21.681 0.5000000000
5622  7.690  -82.322  21.736 0.8000000119
6092  5.201  -80.735  27.002 0.5000000000
6094  3.271  -81.805  27.203 0.6000000238
6100  4.451  -80.995  26.933 0.5000000000
6107  1.221  -81.882  24.817 0.6000000238
6128  10.191  -81.942  22.317 0.6000000238
6615  7.930  -80.103  27.997 0.5000000000
6619  3.316  -80.837  28.175 0.6000000238
6621  1.754  -80.779  28.280 0.5000000000
6630  6.819  -80.411  27.449 0.6999999881
6717  4.472  -79.714  20.623 0.6999999881
7290  7.337  -79.883  25.342 0.5000000000
7326  2.101  -79.056  23.381 0.6000000238
7348  9.301  -79.364  20.330 0.5000000000
7827  8.221  -78.143  29.972 0.6000000238
7900  2.567  -78.359  23.558 0.6999999881
7934  4.328  -78.436  20.336 0.6000000238
7950  5.538  -77.906  19.834 0.5000000000
8359  8.326  -77.463  30.241 0.6000000238
8444  4.519  -76.752  22.003 0.6000000238
8445  3.519  -76.731  21.921 0.6000000238
8464  3.157  -76.445  21.160 0.6000000238
8480  4.128  -76.278  20.629 0.5000000000
8481  3.213  -76.620  20.854 0.6999999881
8976  10.795  -75.840  30.997 0.5000000000
8985  8.458  -76.670  30.281 0.6999999881
9028  7.359  -77.016  25.996 0.5000000000
9117  8.267  -75.716  19.555 0.5000000000
9119  6.256  -75.802  19.645 0.6000000238
9615  3.344  -75.860  28.848 0.5000000000
9628  4.165  -75.731  28.274 0.5000000000
9652  7.514  -76.212  25.675 0.6000000238
9714  9.132  -74.526  21.477 0.5000000000
9716  7.465  -74.537  21.112 0.5000000000
9717  6.082  -74.928  20.443 0.6000000238
9718  5.281  -75.440  20.663 0.5000000000
9719  4.384  -75.700  20.867 0.5000000000
9746  9.823  -74.747  19.222 0.5000000000
9747  8.521  -74.096  19.323 0.6000000238
9748  7.730  -74.557  19.583 0.6000000238
9749  6.635  -74.845  19.753 0.6000000238
10284  9.528  -74.450  27.960 0.6999999881
10298  7.277  -75.286  25.712 0.5000000000
10386  9.073  -73.963  20.053 0.5000000000
10388  7.338  -74.219  20.195 0.6000000238
10389  6.560  -74.532  20.103 0.6000000238
10402  9.536  -74.100  19.334 0.5000000000
10403  8.743  -74.021  19.424 0.5000000000
10406  6.349  -74.637  20.036 0.6000000238
10923  10.228  -73.477  30.075 0.8000000119
10959  6.969  -73.866  27.251 0.5000000000
11581  10.635  -72.213  30.387 0.6999999881
11594  10.070  -72.510  29.128 0.8000000119
12190  10.989  -72.067  31.053 0.6000000238
12245  9.953  -71.662  29.161 0.6999999881
12248  8.006  -71.907  29.028 0.6000000238
12784  12.414  -70.545  32.231 0.3000000119
12796  11.416  -70.367  30.964 0.6999999881
12833  9.798  -70.635  28.320 0.6000000238
13366  11.848  -69.953  31.583 0.4000000060
13376  11.116  -69.941  30.184 0.6999999881
13385  10.681  -70.437  29.668 0.6999999881
13406  8.399  -70.046  29.056 0.5000000000
13417  10.063  -69.924  27.553 0.6999999881
14023  10.600  -68.560  28.737 0.6999999881
14674  11.343  -67.354  29.797 0.5000000000
14675  10.932  -67.986  29.188 0.6000000238
14706  9.754  -68.324  26.976 0.8000000119
14759  10.507  -68.502  20.870 0.6000000238
14760  9.865  -68.559  20.831 0.6000000238
15329  10.619  -66.903  28.634 0.6999999881
15381  5.542  -67.773  22.191 0.6000000238
15392  10.444  -68.478  21.046 0.4000000060
15405  9.386  -68.122  20.417 0.6000000238
15406  8.223  -68.106  20.654 0.6999999881
15407  7.644  -67.985  20.798 0.6999999881
16077  8.525  -67.587  21.381 0.6000000238
16089  11.210  -67.804  20.206 0.5000000000
16810  10.418  -64.444  27.391 0.4000000060
16836  8.961  -64.300  24.966 0.6000000238
16837  8.541  -65.175  25.068 0.6999999881
16848  9.518  -64.255  24.379 0.6000000238
16856  11.125  -64.795  23.638 0.3000000119
17642  10.533  -63.569  26.281 0.3000000119
17659  11.557  -63.657  25.470 0.3000000119
17661  9.565  -63.777  25.280 0.3000000119
17721  13.141  -63.652  18.328 0.3000000119
18559  11.389  -62.204  22.148 0.4000000060
18598  13.624  -63.098  18.322 0.3000000119
19462  10.688  -61.039  24.017 0.4000000060
19471  11.281  -61.386  23.852 0.4000000060
19478  11.866  -61.638  22.406 0.3000000119
19479  10.778  -62.043  22.754 0.5000000000
20456  12.142  -60.430  24.274 0.3000000119
22345  12.472  -58.564  24.461 0.3000000119
22347  9.729  -58.309  24.545 0.5000000000
140670  14.832  -92.695  35.138 0.4000000060
140786  13.629  -86.955  15.626 0.6999999881
141171  6.942  -93.645  35.967 0.4000000060
141253  8.275  -83.884  20.036 0.8999999762
141707  14.315  -91.089  23.874 0.4000000060
142321  8.083  -82.966  21.682 0.8999999762
142348  11.432  -93.223  16.581 0.4000000060
142417  10.373  -87.096  30.140 0.3000000119
142556  10.838  -91.288  25.752 0.4000000060
142984  13.669  -87.980  30.864 0.3000000119
143594  16.836  -93.263  37.399 0.3000000119
144337  13.898  -97.041  32.282 0.4000000060
144501  10.304  -67.749  20.054 0.5000000000
144763  11.162  -88.636  17.670 0.6999999881
144846  5.892  -76.857  19.689 0.6000000238
144862  11.442  -91.116  15.294 0.6999999881
144874  10.742  -90.158  18.732 0.5000000000
145177  13.191  -87.734  25.657 0.5000000000
145204  12.000  -83.590  17.494 0.5000000000
146740  14.178  -88.113  25.101 0.3000000119
148149  7.547  -67.970  20.894 0.8000000119
148173  8.256  -76.132  28.433 0.8000000119
148352  12.054  -83.326  16.563 0.6000000238
149359  4.668  -86.291  16.431 0.4000000060
150063  6.694  -89.394  38.930 0.3000000119
150116  5.882  -84.450  23.858 0.6000000238
151246  11.073  -86.264  32.013 0.3000000119
151291  11.306  -91.850  15.606 0.6999999881
151646  10.729  -90.962  19.047 0.5000000000
152280  10.706  -85.648  16.078 0.6999999881
152403  10.721  -83.831  18.745 0.6000000238
152526  11.605  -84.450  20.096 0.6000000238
152923  11.970  -82.157  21.825 0.5000000000
153482  8.614  -90.041  37.053 0.4000000060
153507  14.263  -96.961  34.593 0.4000000060
153514  7.301  -95.244  34.262 0.4000000060
153578  9.444  -91.093  37.922 0.4000000060
153587  12.185  -81.426  21.491 0.5000000000
153853  9.006  -82.883  16.761 0.8000000119
154212  11.386  -83.728  15.913 0.6999999881
154499  12.725  -89.897  25.344 0.4000000060
154942  14.468  -96.449  36.118 0.5000000000
154953  11.547  -65.779  29.547 0.4000000060
154967  7.505  -80.286  27.550 0.6000000238
155448  14.029  -86.714  23.134 0.4000000060
155478  16.767  -95.380  35.914 0.4000000060
155628  8.509  -89.504  29.529 0.3000000119
156908  7.441  -96.482  37.432 0.4000000060
157492  10.568  -95.272  32.038 0.3000000119
157924  11.316  -92.620  18.223 0.5000000000
158336  16.565  -89.321  14.432 0.4000000060
158434  4.664  -66.928  21.958 0.4000000060
158493  5.542  -86.023  15.929 0.5000000000
158674  12.408  -95.952  36.245 0.3000000119
159707  9.696  -82.970  17.122 0.6000000238
160078  11.218  -68.241  29.706 0.6000000238
160726  12.380  -56.646  24.355 0.3000000119
160744  10.606  -87.198  32.562 0.3000000119
161014  13.077  -84.043  19.177 0.6000000238
161364  18.594  -92.451  33.978 0.3000000119
161502  3.996  -77.306  20.470 0.6000000238
161597  5.515  -80.328  20.610 0.6999999881
161638  11.611  -59.981  24.512 0.4000000060
161678  7.979  -79.769  20.767 0.6000000238
161716  11.848  -96.187  35.385 0.4000000060
162312  13.171  -86.082  14.612 0.6999999881
162765  10.167  -73.098  29.208 0.8000000119
162973  13.906  -89.952  28.917 0.3000000119
163375  12.215  -87.791  26.095 0.5000000000
163529  6.472  -67.991  25.227 0.4000000060
164138  10.310  -92.259  14.651 0.5000000000
164327  10.801  -93.428  40.415 0.3000000119
164641  10.796  -72.472  30.899 0.6000000238
165049  9.151  -79.716  27.794 0.5000000000
165052  10.860  -94.948  37.054 0.4000000060
165295  11.986  -88.786  34.034 0.3000000119
165646  5.345  -77.112  29.631 0.6000000238
165840  12.739  -90.604  25.039 0.4000000060
165870  9.420  -70.550  28.076 0.6000000238
166657  14.205  -85.724  25.973 0.4000000060
166659  16.108  -86.820  22.087 0.3000000119
166830  10.297  -90.308  26.591 0.3000000119
