#!ascii label  , from subject sub-v1s21x0050411_ses-1 vox2ras=TkReg
314
71630  23.120  -13.432  -4.438 0.0000000000
61105  20.375  -21.382  3.473 0.0000000000
74098  21.114  -11.312  -8.805 0.0000000000
86790  22.608  -0.730  -10.529 0.0000000000
59794  19.372  -22.334  4.571 0.0000000000
136969  24.736  -7.966  -5.327 0.0000000000
137628  24.843  -5.689  -6.057 0.0000000000
69235  20.991  -16.165  -5.064 0.0000000000
65237  21.876  -18.054  -1.638 0.0000000000
69177  23.863  -15.145  -1.527 0.0000000000
75280  25.489  -11.096  -2.607 0.0000000000
72728  26.904  -12.944  -0.493 0.0000000000
137779  22.322  -13.588  -7.921 0.0000000000
76629  24.544  -9.776  -4.604 0.0000000000
137631  22.565  -1.569  -8.421 0.0000000000
153300  25.429  -1.245  -7.075 0.0000000000
63804  22.593  -19.385  2.153 0.0000000000
156701  22.342  -7.339  -6.841 0.0000000000
156562  23.959  -5.208  -6.399 0.0000000000
143716  22.011  -15.026  -4.474 0.0000000000
67940  22.860  -15.775  -3.781 0.0000000000
70429  23.582  -14.508  -3.382 0.0000000000
61089  19.884  -21.850  4.027 0.0000000000
72856  22.008  -12.702  -8.742 0.0000000000
74056  23.102  -11.357  -5.496 0.0000000000
159987  22.835  -10.322  -5.964 0.0000000000
136968  27.398  -6.498  -5.044 0.0000000000
137556  27.149  -7.285  -4.891 0.0000000000
86792  20.904  -0.750  -10.358 0.0000000000
85735  22.896  -3.573  -10.078 0.0000000000
85762  23.249  -1.816  -10.324 0.0000000000
90070  26.434  2.684  -9.375 0.0000000000
88936  25.799  1.675  -8.238 0.0000000000
156949  25.231  0.304  -7.623 0.0000000000
86752  26.571  -0.242  -7.124 0.0000000000
85722  26.807  -1.518  -6.403 0.0000000000
66594  23.135  -16.962  -0.245 0.0000000000
65205  22.355  -18.490  0.688 0.0000000000
59777  17.884  -23.158  4.802 0.0000000000
75325  22.641  -9.645  -6.296 0.0000000000
138147  22.146  -8.766  -6.642 0.0000000000
136964  25.680  -6.811  -5.546 0.0000000000
156637  26.541  -4.734  -5.398 0.0000000000
65251  20.953  -17.871  -3.275 0.0000000000
66642  21.979  -17.295  -3.369 0.0000000000
67912  23.067  -16.384  -2.139 0.0000000000
67894  24.285  -15.780  -0.196 0.0000000000
72788  23.838  -12.895  -4.229 0.0000000000
71605  24.451  -13.507  -2.326 0.0000000000
163179  26.149  -12.039  -1.574 0.0000000000
71664  21.467  -12.980  -6.194 0.0000000000
70494  20.707  -14.199  -7.864 0.0000000000
72808  22.753  -12.770  -5.105 0.0000000000
72818  23.126  -12.084  -5.276 0.0000000000
75298  25.120  -10.541  -3.459 0.0000000000
76610  26.290  -8.931  -2.677 0.0000000000
76637  24.691  -9.046  -4.787 0.0000000000
77931  26.231  -7.875  -2.921 0.0000000000
136952  23.065  -2.922  -7.616 0.0000000000
87833  23.717  0.661  -9.473 0.0000000000
87810  23.851  0.044  -8.268 0.0000000000
156565  23.390  -1.744  -7.646 0.0000000000
156680  24.588  -3.125  -6.605 0.0000000000
157925  25.405  -3.462  -6.200 0.0000000000
156863  26.953  -2.706  -5.655 0.0000000000
62492  20.546  -20.924  1.925 0.0000000000
65224  20.831  -18.947  -0.597 0.0000000000
70396  25.333  -13.962  -1.028 0.0000000000
163518  26.423  -14.462  0.153 0.0000000000
137297  22.190  -6.632  -8.006 0.0000000000
156686  22.665  -5.417  -6.875 0.0000000000
70444  22.526  -14.219  -4.445 0.0000000000
69218  22.778  -15.038  -4.139 0.0000000000
70443  23.282  -14.372  -4.038 0.0000000000
151709  17.972  -24.073  6.295 0.0000000000
160842  17.998  -23.717  5.865 0.0000000000
72849  21.634  -11.704  -7.883 0.0000000000
74087  22.080  -11.919  -7.044 0.0000000000
74074  21.645  -10.930  -7.065 0.0000000000
156537  27.516  -5.500  -4.783 0.0000000000
147876  21.839  -0.645  -10.622 0.0000000000
86791  22.043  -1.599  -10.556 0.0000000000
85763  22.794  -1.990  -10.551 0.0000000000
86789  23.229  -1.018  -10.302 0.0000000000
88928  26.463  1.285  -7.698 0.0000000000
86751  27.347  -0.136  -6.934 0.0000000000
66576  24.258  -17.007  0.767 0.0000000000
66577  23.481  -17.317  0.523 0.0000000000
61107  18.780  -21.944  2.940 0.0000000000
75333  21.440  -9.808  -7.936 0.0000000000
137648  21.604  -8.728  -7.555 0.0000000000
137730  23.929  -6.931  -6.425 0.0000000000
136971  23.387  -7.644  -6.616 0.0000000000
136963  24.870  -6.442  -5.944 0.0000000000
137755  25.792  -6.178  -5.591 0.0000000000
159085  25.481  -5.437  -5.760 0.0000000000
88969  21.298  1.223  -11.176 0.0000000000
66661  21.305  -18.230  -4.987 0.0000000000
67972  21.417  -17.158  -4.799 0.0000000000
69190  23.514  -15.402  -2.270 0.0000000000
67925  23.034  -16.066  -3.012 0.0000000000
148710  23.491  -15.810  -1.437 0.0000000000
67895  23.590  -16.158  -0.612 0.0000000000
69158  24.030  -15.391  -0.902 0.0000000000
59776  18.851  -22.827  5.113 0.0000000000
74031  24.512  -12.076  -3.246 0.0000000000
74010  25.011  -11.914  -2.616 0.0000000000
74008  26.179  -11.384  -1.894 0.0000000000
71648  20.790  -13.326  -5.757 0.0000000000
70506  21.819  -13.918  -9.246 0.0000000000
137854  22.045  -14.098  -8.128 0.0000000000
70472  21.991  -13.454  -6.933 0.0000000000
70471  22.387  -13.274  -7.230 0.0000000000
72819  22.508  -12.351  -5.812 0.0000000000
71662  22.667  -12.640  -6.913 0.0000000000
75310  23.650  -10.735  -5.030 0.0000000000
75309  24.386  -10.536  -4.526 0.0000000000
76613  24.953  -10.209  -4.173 0.0000000000
76612  25.291  -9.803  -3.730 0.0000000000
76611  25.684  -9.373  -3.206 0.0000000000
76646  23.100  -8.841  -6.340 0.0000000000
76639  23.590  -9.092  -5.826 0.0000000000
137879  24.177  -8.551  -5.406 0.0000000000
77946  26.190  -7.744  -4.261 0.0000000000
77930  27.142  -7.380  -2.468 0.0000000000
157313  23.229  -3.050  -9.738 0.0000000000
137658  22.484  -3.779  -9.534 0.0000000000
156786  22.511  -2.629  -8.278 0.0000000000
156527  22.744  -3.892  -7.522 0.0000000000
88946  25.182  2.060  -8.838 0.0000000000
90071  25.541  2.693  -9.379 0.0000000000
87821  24.207  0.652  -8.753 0.0000000000
86753  25.513  -0.425  -7.330 0.0000000000
85731  24.476  -0.973  -7.400 0.0000000000
156528  24.186  -2.585  -7.074 0.0000000000
137387  24.813  -1.847  -7.080 0.0000000000
137284  25.184  -2.585  -6.569 0.0000000000
85721  27.639  -1.275  -6.269 0.0000000000
156867  26.636  -2.172  -6.157 0.0000000000
85714  27.350  -1.989  -5.877 0.0000000000
156638  27.325  -3.327  -5.303 0.0000000000
144159  19.999  -21.053  1.330 0.0000000000
144854  21.315  -18.107  -2.312 0.0000000000
141492  21.091  -18.494  -1.528 0.0000000000
65223  21.672  -18.340  -0.738 0.0000000000
65169  23.010  -18.705  1.566 0.0000000000
63837  21.706  -19.131  0.686 0.0000000000
63822  22.133  -19.217  1.349 0.0000000000
63805  21.809  -19.873  1.871 0.0000000000
71604  25.079  -13.107  -1.932 0.0000000000
71592  24.856  -13.711  -1.674 0.0000000000
71591  25.553  -13.377  -1.298 0.0000000000
136973  21.675  -7.827  -7.325 0.0000000000
137406  21.855  -7.239  -7.337 0.0000000000
156547  22.610  -6.844  -6.882 0.0000000000
156506  24.886  -4.973  -6.097 0.0000000000
150843  21.303  -15.122  -4.843 0.0000000000
67956  22.024  -16.452  -4.174 0.0000000000
165250  22.286  -15.685  -4.215 0.0000000000
69201  23.363  -15.245  -3.183 0.0000000000
70417  23.772  -14.622  -2.591 0.0000000000
59793  20.262  -21.997  4.885 0.0000000000
75279  26.196  -10.588  -2.268 0.0000000000
75263  26.840  -10.897  -1.537 0.0000000000
71704  21.579  -13.109  -9.242 0.0000000000
71688  22.445  -13.118  -8.272 0.0000000000
72829  22.612  -12.024  -5.987 0.0000000000
74072  22.485  -12.563  -6.638 0.0000000000
74062  22.651  -11.317  -5.974 0.0000000000
140809  23.132  -10.505  -5.638 0.0000000000
136960  26.249  -7.357  -5.302 0.0000000000
137745  25.667  -7.899  -5.148 0.0000000000
136965  27.090  -7.154  -5.237 0.0000000000
156522  27.038  -6.285  -3.952 0.0000000000
164212  23.246  -2.943  -10.198 0.0000000000
85747  23.464  -2.155  -10.060 0.0000000000
90065  26.007  2.313  -8.718 0.0000000000
87809  24.680  0.567  -7.991 0.0000000000
87808  26.073  0.423  -7.464 0.0000000000
86744  26.221  -1.011  -6.845 0.0000000000
86743  27.082  -0.771  -6.669 0.0000000000
66595  22.426  -17.565  -0.769 0.0000000000
66578  22.724  -17.681  0.217 0.0000000000
65204  23.199  -18.030  0.930 0.0000000000
58547  17.552  -23.562  5.352 0.0000000000
59810  19.043  -22.190  3.680 0.0000000000
61106  19.570  -21.754  3.129 0.0000000000
61120  20.099  -21.407  2.546 0.0000000000
75346  21.096  -10.714  -8.208 0.0000000000
75332  21.890  -9.747  -6.856 0.0000000000
136970  23.671  -8.405  -6.254 0.0000000000
137769  22.964  -8.017  -6.591 0.0000000000
166407  23.647  -8.039  -6.500 0.0000000000
138078  24.963  -7.273  -5.533 0.0000000000
140862  26.556  -6.885  -5.497 0.0000000000
156569  27.131  -5.781  -5.219 0.0000000000
137287  27.293  -5.039  -5.079 0.0000000000
87856  21.082  0.252  -10.934 0.0000000000
87855  21.991  0.243  -10.701 0.0000000000
66643  21.364  -18.011  -4.102 0.0000000000
66626  22.202  -17.406  -2.663 0.0000000000
67941  22.442  -16.628  -3.577 0.0000000000
67926  22.615  -16.890  -2.806 0.0000000000
66611  22.541  -17.347  -1.964 0.0000000000
66610  23.026  -16.680  -1.188 0.0000000000
67878  23.821  -16.533  0.181 0.0000000000
67877  24.644  -16.212  0.437 0.0000000000
71613  23.818  -13.688  -3.691 0.0000000000
72775  24.608  -12.748  -2.622 0.0000000000
72774  25.238  -12.495  -2.150 0.0000000000
72757  26.448  -12.449  -1.052 0.0000000000
73982  26.657  -11.748  -1.263 0.0000000000
73960  27.090  -12.249  -0.670 0.0000000000
70457  21.075  -14.274  -5.220 0.0000000000
70445  21.773  -14.204  -4.869 0.0000000000
71631  22.306  -13.471  -4.954 0.0000000000
70473  21.072  -12.787  -6.839 0.0000000000
71647  22.218  -12.968  -5.625 0.0000000000
162704  23.307  -12.648  -4.699 0.0000000000
72806  24.326  -12.258  -4.087 0.0000000000
163494  24.674  -11.663  -3.916 0.0000000000
74046  23.559  -11.535  -4.975 0.0000000000
74045  24.206  -11.427  -4.481 0.0000000000
76596  25.547  -10.130  -2.891 0.0000000000
76594  26.891  -9.461  -1.996 0.0000000000
157826  22.333  -10.611  -6.378 0.0000000000
75324  23.197  -9.669  -5.927 0.0000000000
76638  23.914  -9.320  -5.028 0.0000000000
77958  25.802  -8.197  -4.857 0.0000000000
77948  25.286  -8.677  -4.524 0.0000000000
76627  25.432  -9.023  -3.985 0.0000000000
77932  25.788  -8.534  -3.581 0.0000000000
156505  23.020  -4.737  -6.772 0.0000000000
88967  23.327  0.762  -10.153 0.0000000000
87834  23.358  -0.245  -9.893 0.0000000000
86771  23.501  -1.142  -10.045 0.0000000000
86762  23.139  -0.699  -9.392 0.0000000000
86755  23.475  -0.709  -7.840 0.0000000000
156649  23.682  -3.351  -6.921 0.0000000000
156885  24.133  -4.485  -6.422 0.0000000000
156688  25.074  -4.267  -6.115 0.0000000000
137305  25.898  -1.870  -6.596 0.0000000000
156482  26.110  -2.738  -6.151 0.0000000000
137269  25.821  -4.163  -5.769 0.0000000000
156507  26.465  -3.587  -5.602 0.0000000000
137361  27.267  -4.195  -5.201 0.0000000000
61136  19.885  -21.388  1.848 0.0000000000
65206  21.600  -18.704  0.058 0.0000000000
63838  21.085  -19.447  0.219 0.0000000000
63824  20.636  -19.995  0.455 0.0000000000
62502  21.122  -20.335  1.644 0.0000000000
62491  21.354  -20.398  2.391 0.0000000000
70428  23.963  -13.967  -2.847 0.0000000000
70416  24.232  -14.088  -2.088 0.0000000000
70397  24.652  -14.279  -1.436 0.0000000000
71574  26.021  -13.681  -0.636 0.0000000000
70374  25.868  -14.257  -0.381 0.0000000000
69176  24.410  -14.817  -1.182 0.0000000000
69157  24.782  -15.143  -0.519 0.0000000000
65285  21.118  -18.311  -5.284 0.0000000000
66560  23.900  -17.667  1.149 0.0000000000
66627  21.560  -17.580  -2.961 0.0000000000
66671  21.256  -17.729  -5.358 0.0000000000
67942  21.661  -17.318  -4.164 0.0000000000
69139  25.706  -14.934  0.065 0.0000000000
69140  24.974  -15.513  0.124 0.0000000000
69217  23.234  -15.030  -3.738 0.0000000000
69270  20.770  -14.277  -8.345 0.0000000000
69277  21.727  -14.136  -8.952 0.0000000000
70375  25.131  -14.552  -0.762 0.0000000000
70398  24.015  -14.655  -1.826 0.0000000000
70480  21.971  -14.092  -7.573 0.0000000000
70481  21.483  -14.028  -7.398 0.0000000000
70493  21.370  -14.185  -7.968 0.0000000000
70505  22.117  -14.009  -8.828 0.0000000000
71590  26.212  -13.089  -0.862 0.0000000000
71612  24.133  -13.345  -2.932 0.0000000000
71632  21.596  -13.486  -5.472 0.0000000000
71663  22.167  -12.711  -6.410 0.0000000000
71702  22.226  -13.560  -8.391 0.0000000000
71703  22.179  -13.341  -8.776 0.0000000000
72787  24.188  -12.858  -3.477 0.0000000000
72807  23.752  -12.152  -4.629 0.0000000000
72848  22.500  -12.673  -7.757 0.0000000000
73983  25.771  -12.659  -1.565 0.0000000000
74009  25.652  -11.936  -2.062 0.0000000000
74073  22.262  -11.550  -6.514 0.0000000000
75281  24.857  -11.320  -3.251 0.0000000000
75299  24.861  -11.009  -4.063 0.0000000000
75316  23.939  -10.031  -4.858 0.0000000000
75317  23.513  -9.865  -5.442 0.0000000000
76595  26.244  -9.796  -2.529 0.0000000000
76628  25.054  -9.450  -4.324 0.0000000000
77947  25.797  -8.256  -4.490 0.0000000000
77959  25.081  -8.417  -4.955 0.0000000000
85748  23.175  -2.639  -10.309 0.0000000000
86754  24.456  -0.127  -7.670 0.0000000000
87854  22.889  0.019  -10.350 0.0000000000
136950  26.265  -5.583  -5.487 0.0000000000
136951  23.886  -5.984  -6.326 0.0000000000
136956  26.946  -6.511  -5.416 0.0000000000
137248  24.375  -3.765  -6.473 0.0000000000
137341  22.749  -12.996  -7.493 0.0000000000
137588  21.697  -14.181  -8.446 0.0000000000
137973  26.540  -7.811  -5.034 0.0000000000
140831  22.101  -18.075  -0.061 0.0000000000
156481  22.520  -4.569  -7.615 0.0000000000
156636  25.667  -4.841  -5.730 0.0000000000
156862  23.295  -4.084  -6.810 0.0000000000
157170  21.471  -16.081  -4.599 0.0000000000
157335  22.328  -8.103  -6.663 0.0000000000
159677  22.897  -6.243  -6.685 0.0000000000
163589  21.960  -17.781  -2.290 0.0000000000
164873  24.161  -7.846  -6.141 0.0000000000
