#!ascii label  , from subject sub-v1s21x0050414_ses-1 vox2ras=TkReg
401
123471  -19.507  -5.916  -7.422 0.0000000000
66294  -18.769  -12.087  -6.050 0.0000000000
67022  -24.002  -10.606  -7.992 0.0000000000
63007  -20.680  -16.493  -6.194 0.0000000000
81852  -14.126  7.149  -8.650 0.0000000000
123692  -16.835  3.070  -8.248 0.0000000000
74304  -15.298  -2.572  -7.014 0.0000000000
60505  -19.543  -19.881  -4.218 0.0000000000
65475  -19.905  -13.479  -6.382 0.0000000000
63005  -18.979  -16.332  -5.308 0.0000000000
80099  -15.263  4.973  -8.537 0.0000000000
77540  -12.545  1.544  -9.068 0.0000000000
123119  -18.159  -6.585  -6.511 0.0000000000
71954  -15.728  -5.337  -5.757 0.0000000000
136559  -17.711  -3.910  -6.771 0.0000000000
75083  -18.200  -1.534  -7.945 0.0000000000
73529  -20.588  -3.415  -7.742 0.0000000000
71962  -22.553  -5.494  -7.630 0.0000000000
68616  -17.995  -9.866  -5.799 0.0000000000
69500  -19.884  -8.757  -7.444 0.0000000000
69506  -21.902  -8.410  -8.025 0.0000000000
67011  -21.513  -11.266  -7.558 0.0000000000
116392  -22.267  -13.857  -6.718 0.0000000000
63010  -22.965  -16.194  -5.445 0.0000000000
126056  -14.851  -0.593  -5.711 0.0000000000
76715  -15.086  0.210  -9.164 0.0000000000
117075  -18.932  1.211  -8.150 0.0000000000
136506  -18.112  -17.355  -3.734 0.0000000000
61356  -20.325  -18.053  -5.419 0.0000000000
64662  -18.200  -14.940  -5.346 0.0000000000
63805  -17.910  -15.892  -4.122 0.0000000000
78320  -11.882  2.527  -8.222 0.0000000000
77509  -13.763  1.285  -6.651 0.0000000000
71149  -18.850  -6.275  -6.782 0.0000000000
120907  -17.810  -5.724  -6.512 0.0000000000
71966  -18.427  -5.052  -6.830 0.0000000000
123187  -18.897  -3.946  -7.686 0.0000000000
72754  -20.212  -4.635  -7.772 0.0000000000
72747  -21.712  -4.343  -7.671 0.0000000000
71969  -20.934  -5.878  -7.711 0.0000000000
67779  -18.405  -10.418  -6.058 0.0000000000
68620  -18.749  -9.581  -6.381 0.0000000000
67782  -19.955  -10.656  -6.905 0.0000000000
67787  -20.746  -10.200  -8.308 0.0000000000
67009  -20.286  -11.342  -6.911 0.0000000000
63837  -20.290  -15.208  -6.342 0.0000000000
64669  -21.458  -14.108  -6.607 0.0000000000
63838  -21.252  -15.099  -6.477 0.0000000000
64670  -22.705  -14.550  -6.612 0.0000000000
63021  -22.030  -16.150  -6.247 0.0000000000
81837  -12.505  7.514  -7.364 0.0000000000
81829  -13.075  8.152  -7.431 0.0000000000
82744  -14.237  8.630  -7.430 0.0000000000
83554  -16.576  8.167  -7.329 0.0000000000
81841  -16.950  7.512  -7.760 0.0000000000
79173  -15.843  3.902  -8.378 0.0000000000
72740  -15.655  -3.885  -6.237 0.0000000000
73521  -14.571  -3.211  -5.803 0.0000000000
75058  -15.188  -1.209  -6.162 0.0000000000
75066  -13.969  -1.056  -8.204 0.0000000000
74318  -15.286  -1.137  -9.206 0.0000000000
75084  -19.040  -0.878  -7.816 0.0000000000
116332  -17.467  -0.221  -7.663 0.0000000000
76690  -20.208  0.377  -8.017 0.0000000000
68633  -22.733  -9.909  -8.042 0.0000000000
70334  -23.313  -7.766  -7.619 0.0000000000
60504  -18.759  -19.614  -3.915 0.0000000000
61326  -18.609  -18.837  -4.068 0.0000000000
61341  -19.000  -18.270  -4.474 0.0000000000
60516  -19.897  -19.347  -4.724 0.0000000000
66291  -18.134  -12.685  -5.504 0.0000000000
66295  -19.726  -12.382  -6.484 0.0000000000
65471  -19.109  -13.878  -5.929 0.0000000000
64663  -18.981  -14.733  -5.826 0.0000000000
136485  -19.508  -16.215  -5.942 0.0000000000
80932  -12.929  5.861  -8.365 0.0000000000
80934  -14.747  6.020  -8.705 0.0000000000
80097  -13.447  4.872  -8.789 0.0000000000
79187  -13.649  3.434  -9.846 0.0000000000
78336  -14.390  2.679  -9.179 0.0000000000
69494  -17.523  -7.519  -5.806 0.0000000000
71141  -16.956  -6.097  -5.960 0.0000000000
71959  -16.828  -4.805  -6.333 0.0000000000
73526  -16.726  -3.442  -6.838 0.0000000000
74312  -16.281  -1.959  -7.754 0.0000000000
74321  -17.442  -2.958  -7.777 0.0000000000
74323  -19.453  -2.554  -7.824 0.0000000000
74313  -20.199  -1.853  -7.718 0.0000000000
74315  -21.883  -2.785  -7.564 0.0000000000
58728  -20.238  -21.239  -3.222 0.0000000000
60506  -20.323  -19.947  -4.155 0.0000000000
69495  -18.097  -7.914  -6.200 0.0000000000
69499  -19.273  -8.016  -6.820 0.0000000000
69503  -19.803  -7.904  -7.314 0.0000000000
70331  -20.600  -7.437  -7.841 0.0000000000
69511  -20.827  -9.107  -8.597 0.0000000000
67792  -21.775  -10.313  -8.878 0.0000000000
67020  -22.170  -10.678  -8.236 0.0000000000
129539  -20.419  -12.754  -6.638 0.0000000000
66300  -21.801  -12.174  -7.161 0.0000000000
66301  -22.623  -12.028  -7.237 0.0000000000
65479  -23.640  -13.470  -6.642 0.0000000000
63841  -23.716  -14.630  -6.126 0.0000000000
81855  -17.481  6.897  -8.038 0.0000000000
75885  -12.901  0.270  -7.538 0.0000000000
75917  -13.347  0.112  -9.302 0.0000000000
77528  -15.603  1.346  -7.821 0.0000000000
130757  -16.265  -1.028  -8.076 0.0000000000
76701  -17.187  0.513  -7.709 0.0000000000
78323  -18.180  2.282  -8.350 0.0000000000
71152  -21.967  -6.939  -7.703 0.0000000000
71145  -22.938  -6.112  -7.619 0.0000000000
62975  -18.011  -16.726  -3.669 0.0000000000
62986  -18.476  -16.518  -4.524 0.0000000000
63006  -19.549  -16.943  -5.600 0.0000000000
62163  -20.631  -17.325  -5.787 0.0000000000
60517  -20.419  -19.256  -4.626 0.0000000000
61343  -21.359  -18.413  -4.693 0.0000000000
62164  -21.387  -17.428  -5.522 0.0000000000
77496  -14.234  1.150  -5.053 0.0000000000
130116  -19.297  -6.303  -7.059 0.0000000000
122848  -18.870  -5.712  -6.938 0.0000000000
71967  -19.076  -5.245  -7.352 0.0000000000
71968  -19.957  -5.384  -7.704 0.0000000000
122646  -20.087  -6.139  -7.677 0.0000000000
125556  -17.978  -11.758  -5.561 0.0000000000
67006  -18.554  -11.199  -6.047 0.0000000000
67781  -19.100  -10.545  -6.477 0.0000000000
125852  -19.477  -11.462  -6.529 0.0000000000
63019  -20.733  -15.783  -6.338 0.0000000000
63020  -21.416  -15.984  -6.338 0.0000000000
81851  -13.109  6.981  -8.265 0.0000000000
81838  -13.439  8.017  -8.045 0.0000000000
81839  -14.658  8.089  -8.356 0.0000000000
82753  -15.192  8.630  -8.155 0.0000000000
81853  -15.436  6.981  -8.479 0.0000000000
79174  -17.092  4.108  -8.273 0.0000000000
79175  -17.755  3.458  -8.424 0.0000000000
79176  -18.471  3.770  -8.416 0.0000000000
73525  -15.960  -3.120  -6.874 0.0000000000
73522  -15.175  -3.244  -6.349 0.0000000000
74303  -15.153  -2.261  -6.161 0.0000000000
74310  -15.068  -1.806  -7.216 0.0000000000
75080  -15.298  -1.305  -7.944 0.0000000000
75896  -20.658  -0.405  -7.775 0.0000000000
75895  -19.715  -0.257  -7.906 0.0000000000
67793  -23.131  -10.329  -7.907 0.0000000000
68634  -23.732  -9.852  -7.920 0.0000000000
67794  -24.729  -10.213  -8.958 0.0000000000
59635  -19.158  -20.436  -3.703 0.0000000000
61327  -19.318  -19.112  -4.423 0.0000000000
65470  -17.806  -13.516  -5.230 0.0000000000
130693  -18.507  -13.433  -5.606 0.0000000000
123665  -18.378  -14.130  -5.498 0.0000000000
63828  -18.306  -15.740  -4.995 0.0000000000
63829  -18.910  -15.560  -5.648 0.0000000000
63836  -19.566  -15.392  -6.104 0.0000000000
80095  -11.990  4.659  -7.457 0.0000000000
124169  -12.794  4.799  -8.344 0.0000000000
80096  -12.730  3.729  -7.986 0.0000000000
78333  -12.061  2.164  -8.537 0.0000000000
131599  -13.016  2.806  -9.423 0.0000000000
78341  -13.669  2.770  -9.634 0.0000000000
79194  -14.182  3.115  -9.785 0.0000000000
77547  -14.037  2.304  -9.384 0.0000000000
70323  -17.914  -7.036  -6.338 0.0000000000
70325  -17.620  -6.258  -6.361 0.0000000000
71965  -17.884  -4.985  -6.585 0.0000000000
71960  -17.352  -4.950  -6.412 0.0000000000
72744  -16.898  -4.235  -6.447 0.0000000000
73527  -17.220  -3.653  -6.734 0.0000000000
73534  -16.962  -2.906  -7.205 0.0000000000
73535  -17.632  -3.437  -7.187 0.0000000000
73537  -19.691  -3.302  -7.815 0.0000000000
119929  -18.858  -3.209  -7.852 0.0000000000
73528  -20.397  -2.664  -7.728 0.0000000000
121884  -21.219  -2.045  -7.652 0.0000000000
74314  -21.131  -2.878  -7.644 0.0000000000
73531  -22.457  -3.611  -7.503 0.0000000000
72748  -22.658  -4.677  -7.573 0.0000000000
58718  -20.894  -21.647  -2.739 0.0000000000
68615  -17.564  -9.332  -5.427 0.0000000000
69491  -17.567  -8.405  -5.606 0.0000000000
68619  -18.148  -8.900  -6.001 0.0000000000
68623  -19.434  -8.958  -6.843 0.0000000000
69496  -18.708  -8.460  -6.502 0.0000000000
69504  -20.400  -8.235  -8.026 0.0000000000
126641  -20.275  -8.907  -8.107 0.0000000000
67018  -21.242  -10.624  -7.963 0.0000000000
132009  -21.203  -10.437  -8.873 0.0000000000
67788  -21.772  -10.552  -8.679 0.0000000000
67019  -21.701  -10.692  -8.293 0.0000000000
65477  -21.681  -13.175  -6.789 0.0000000000
65481  -22.457  -12.978  -6.939 0.0000000000
65482  -23.180  -12.802  -6.949 0.0000000000
65478  -22.985  -13.685  -6.753 0.0000000000
63830  -22.639  -15.858  -6.116 0.0000000000
63840  -23.101  -15.132  -6.330 0.0000000000
136777  -23.191  -15.656  -5.779 0.0000000000
63831  -23.692  -15.209  -5.655 0.0000000000
125177  -15.660  5.852  -8.408 0.0000000000
80935  -16.253  6.217  -8.258 0.0000000000
80936  -17.079  6.100  -8.114 0.0000000000
71140  -16.144  -5.911  -5.727 0.0000000000
75040  -13.841  -1.310  -4.383 0.0000000000
75887  -14.696  -0.015  -5.789 0.0000000000
76683  -14.714  0.734  -6.052 0.0000000000
75918  -13.566  -0.871  -9.274 0.0000000000
75904  -13.141  -0.859  -8.833 0.0000000000
122855  -14.183  0.044  -9.154 0.0000000000
76698  -14.722  0.818  -9.077 0.0000000000
76699  -15.386  0.661  -8.208 0.0000000000
75082  -17.297  -2.168  -8.040 0.0000000000
75081  -16.282  -1.777  -7.902 0.0000000000
75907  -17.120  -1.128  -7.837 0.0000000000
126389  -18.278  0.385  -7.831 0.0000000000
77530  -17.904  1.407  -8.064 0.0000000000
77531  -18.700  1.855  -8.310 0.0000000000
77532  -19.394  1.869  -8.268 0.0000000000
70332  -21.500  -7.587  -7.873 0.0000000000
124589  -21.236  -6.748  -7.758 0.0000000000
71154  -23.309  -6.924  -7.546 0.0000000000
120301  -18.177  -18.037  -3.806 0.0000000000
62136  -17.883  -17.350  -3.078 0.0000000000
62146  -18.571  -17.346  -4.322 0.0000000000
125186  -19.839  -18.565  -5.075 0.0000000000
62147  -19.403  -17.621  -5.032 0.0000000000
61355  -19.937  -17.603  -5.629 0.0000000000
64661  -17.619  -14.326  -5.048 0.0000000000
63814  -17.691  -15.085  -4.681 0.0000000000
79159  -12.383  2.890  -7.792 0.0000000000
78300  -13.036  2.272  -7.305 0.0000000000
78299  -11.964  1.961  -8.369 0.0000000000
76680  -11.790  1.433  -7.762 0.0000000000
71148  -18.323  -5.629  -6.690 0.0000000000
72751  -18.038  -4.417  -6.745 0.0000000000
125771  -18.208  -3.928  -7.188 0.0000000000
72752  -18.594  -4.569  -7.221 0.0000000000
72753  -19.376  -4.676  -7.665 0.0000000000
73538  -19.931  -4.032  -7.825 0.0000000000
72746  -20.826  -4.144  -7.727 0.0000000000
72755  -20.926  -4.927  -7.712 0.0000000000
71961  -21.823  -5.226  -7.703 0.0000000000
67778  -17.821  -10.805  -5.540 0.0000000000
68621  -19.617  -9.857  -6.884 0.0000000000
68628  -20.319  -9.521  -7.978 0.0000000000
119115  -20.263  -10.047  -7.485 0.0000000000
67784  -20.629  -10.675  -7.464 0.0000000000
67010  -20.910  -11.311  -7.317 0.0000000000
64667  -19.711  -14.514  -6.227 0.0000000000
64668  -20.561  -14.318  -6.461 0.0000000000
128768  -22.033  -14.666  -6.654 0.0000000000
63839  -22.218  -15.407  -6.507 0.0000000000
81827  -11.346  6.717  -6.551 0.0000000000
82755  -17.874  7.846  -7.921 0.0000000000
80100  -16.431  5.146  -8.271 0.0000000000
122766  -17.635  5.073  -8.228 0.0000000000
72733  -13.944  -3.593  -5.164 0.0000000000
74296  -14.328  -2.673  -5.293 0.0000000000
116740  -14.623  -1.857  -5.447 0.0000000000
75057  -14.499  -0.565  -6.736 0.0000000000
75067  -14.755  -1.186  -7.476 0.0000000000
75079  -14.796  -1.797  -8.886 0.0000000000
75092  -15.078  -1.195  -9.356 0.0000000000
75908  -18.176  -0.587  -7.752 0.0000000000
75909  -18.911  -0.164  -7.869 0.0000000000
76702  -19.315  0.467  -8.045 0.0000000000
76703  -19.785  1.153  -8.160 0.0000000000
69513  -22.321  -9.209  -8.100 0.0000000000
69507  -22.844  -8.432  -7.777 0.0000000000
69514  -23.310  -9.234  -7.815 0.0000000000
69515  -24.315  -9.269  -7.811 0.0000000000
61314  -18.025  -18.987  -3.364 0.0000000000
135325  -20.087  -19.037  -4.990 0.0000000000
65474  -19.070  -12.970  -5.963 0.0000000000
63018  -20.090  -16.027  -6.250 0.0000000000
80894  -11.405  4.949  -6.419 0.0000000000
81835  -11.208  6.290  -6.583 0.0000000000
81850  -12.289  6.612  -7.570 0.0000000000
80933  -13.702  6.036  -8.782 0.0000000000
80098  -14.180  5.000  -8.934 0.0000000000
80114  -12.966  3.856  -9.363 0.0000000000
79171  -13.752  3.936  -9.324 0.0000000000
79172  -14.651  4.064  -8.853 0.0000000000
79188  -14.149  3.369  -9.509 0.0000000000
79189  -14.887  3.206  -8.534 0.0000000000
123680  -15.692  2.915  -8.179 0.0000000000
71955  -16.593  -5.358  -6.093 0.0000000000
71144  -17.257  -5.512  -6.310 0.0000000000
72743  -16.458  -4.046  -6.514 0.0000000000
133323  -16.541  -2.669  -7.357 0.0000000000
74311  -15.911  -1.967  -7.529 0.0000000000
74320  -16.580  -2.269  -7.618 0.0000000000
73536  -18.124  -3.456  -7.769 0.0000000000
74322  -18.339  -2.586  -8.049 0.0000000000
120656  -19.208  -1.732  -7.840 0.0000000000
75068  -19.970  -1.027  -7.752 0.0000000000
134439  -21.170  -0.729  -7.650 0.0000000000
75070  -21.634  -1.133  -7.512 0.0000000000
122637  -22.186  -1.969  -7.479 0.0000000000
73530  -21.454  -3.525  -7.647 0.0000000000
67014  -24.172  -11.148  -7.522 0.0000000000
129223  -19.601  -21.049  -3.393 0.0000000000
59636  -19.910  -20.552  -3.798 0.0000000000
69498  -18.513  -7.448  -6.517 0.0000000000
70326  -18.934  -7.010  -6.712 0.0000000000
70329  -19.516  -6.916  -6.989 0.0000000000
71150  -19.929  -6.696  -7.494 0.0000000000
70330  -20.058  -7.475  -7.531 0.0000000000
69505  -21.033  -8.400  -8.285 0.0000000000
68629  -20.740  -9.742  -8.729 0.0000000000
67791  -21.229  -9.794  -9.018 0.0000000000
69512  -21.471  -9.168  -8.580 0.0000000000
130746  -22.257  -10.289  -8.332 0.0000000000
67027  -22.228  -10.457  -8.425 0.0000000000
67021  -23.043  -10.536  -7.911 0.0000000000
67007  -20.513  -12.023  -6.853 0.0000000000
66299  -21.149  -11.890  -7.158 0.0000000000
65476  -20.860  -13.385  -6.624 0.0000000000
66296  -21.077  -12.560  -6.849 0.0000000000
67012  -22.092  -11.270  -7.646 0.0000000000
67013  -22.774  -11.153  -7.645 0.0000000000
130595  -23.463  -10.972  -7.693 0.0000000000
66302  -23.425  -11.785  -7.226 0.0000000000
65483  -23.834  -12.620  -6.815 0.0000000000
64671  -23.389  -14.261  -6.496 0.0000000000
81854  -16.535  7.001  -8.151 0.0000000000
80937  -17.963  6.124  -8.152 0.0000000000
76672  -14.355  0.767  -5.175 0.0000000000
76682  -13.499  0.768  -6.985 0.0000000000
76689  -12.252  0.767  -7.811 0.0000000000
75894  -13.440  -0.394  -7.769 0.0000000000
75893  -12.693  -0.135  -8.246 0.0000000000
125711  -13.265  0.987  -9.336 0.0000000000
77543  -14.589  1.744  -8.570 0.0000000000
125482  -14.961  2.197  -7.918 0.0000000000
78321  -16.179  2.197  -7.947 0.0000000000
74319  -15.579  -2.219  -8.953 0.0000000000
75093  -15.938  -1.262  -9.113 0.0000000000
75905  -15.883  -0.295  -8.423 0.0000000000
75906  -16.618  -0.315  -7.730 0.0000000000
76700  -16.138  0.470  -7.781 0.0000000000
77529  -16.689  1.348  -7.846 0.0000000000
78322  -17.277  2.190  -8.161 0.0000000000
123462  -17.715  2.784  -8.367 0.0000000000
78324  -18.407  2.996  -8.442 0.0000000000
71151  -20.509  -6.592  -7.740 0.0000000000
71970  -22.020  -6.139  -7.662 0.0000000000
70333  -22.490  -7.530  -7.716 0.0000000000
71153  -22.576  -6.708  -7.648 0.0000000000
62987  -19.074  -16.940  -4.927 0.0000000000
119285  -20.001  -16.841  -6.056 0.0000000000
61342  -20.559  -18.653  -5.011 0.0000000000
60518  -21.034  -18.958  -4.496 0.0000000000
61357  -20.998  -17.982  -5.304 0.0000000000
63008  -21.501  -16.768  -5.975 0.0000000000
67789  -24.013  -10.327  -8.182 0.0000000000
68624  -19.940  -9.400  -7.359 0.0000000000
68632  -21.963  -9.814  -8.711 0.0000000000
69508  -23.798  -8.495  -7.633 0.0000000000
72745  -17.498  -4.342  -6.544 0.0000000000
74324  -15.080  -1.306  -9.233 0.0000000000
74325  -15.520  -1.622  -9.155 0.0000000000
74326  -15.768  -2.031  -8.573 0.0000000000
75069  -20.858  -1.162  -7.727 0.0000000000
75078  -13.721  -1.405  -9.163 0.0000000000
75091  -14.535  -1.325  -9.337 0.0000000000
75879  -14.308  -0.577  -4.968 0.0000000000
75886  -13.911  0.110  -6.738 0.0000000000
75903  -12.871  -0.291  -9.011 0.0000000000
75919  -14.536  -0.684  -9.432 0.0000000000
75920  -15.337  -0.529  -9.322 0.0000000000
76681  -12.518  0.889  -7.532 0.0000000000
76696  -11.704  1.241  -7.984 0.0000000000
76697  -12.449  0.515  -8.378 0.0000000000
76712  -12.396  0.988  -8.517 0.0000000000
76713  -12.761  0.488  -9.079 0.0000000000
76714  -13.989  0.902  -9.330 0.0000000000
77497  -14.492  1.277  -5.854 0.0000000000
77508  -12.784  1.332  -7.355 0.0000000000
77518  -11.532  1.694  -8.102 0.0000000000
77526  -11.636  1.702  -8.273 0.0000000000
77527  -14.946  1.428  -8.102 0.0000000000
77541  -13.048  1.569  -9.281 0.0000000000
77542  -13.707  1.534  -9.377 0.0000000000
78309  -11.637  2.524  -7.716 0.0000000000
78319  -11.598  1.931  -8.153 0.0000000000
78334  -12.803  2.111  -9.233 0.0000000000
78335  -13.396  2.122  -9.304 0.0000000000
79170  -12.637  2.979  -8.637 0.0000000000
80101  -17.895  4.181  -8.396 0.0000000000
80906  -11.004  5.882  -6.377 0.0000000000
80916  -11.168  5.622  -6.534 0.0000000000
81836  -11.599  6.980  -6.833 0.0000000000
81849  -11.591  6.305  -7.097 0.0000000000
118360  -24.096  -10.152  -8.263 0.0000000000
121916  -13.191  1.748  -7.255 0.0000000000
124906  -12.461  2.528  -8.781 0.0000000000
128869  -18.368  -6.222  -6.623 0.0000000000
131452  -12.768  1.132  -9.156 0.0000000000
135415  -20.010  -11.822  -6.692 0.0000000000
