#!ascii label  , from subject sub-v1s21x0050414_ses-1 vox2ras=TkReg
1120
130523  24.876  -36.915  53.651 0.0000000000
131285  43.398  -17.384  43.710 0.0000000000
50961  32.271  -27.369  48.054 0.0000000000
33380  7.780  -45.725  60.442 0.0000000000
37508  21.238  -41.530  54.011 0.0000000000
114079  32.891  -22.587  48.133 0.0000000000
36584  13.999  -42.301  56.665 0.0000000000
32359  11.857  -46.095  59.067 0.0000000000
34525  17.543  -43.883  54.475 0.0000000000
58954  48.845  -17.955  42.660 0.0000000000
42805  29.170  -35.274  53.955 0.0000000000
44610  30.657  -33.252  51.863 0.0000000000
41123  30.846  -38.114  53.809 0.0000000000
61383  49.209  -15.166  44.683 0.0000000000
63087  47.644  -12.167  42.942 0.0000000000
58922  39.235  -16.974  46.238 0.0000000000
55502  42.102  -21.618  46.533 0.0000000000
123781  37.796  -22.054  45.996 0.0000000000
50050  37.374  -26.859  47.657 0.0000000000
133758  25.928  -43.450  53.748 0.0000000000
28558  7.088  -49.859  62.486 0.0000000000
28527  4.621  -51.159  64.215 0.0000000000
118931  4.061  -52.602  68.669 0.0000000000
40263  22.360  -38.241  53.896 0.0000000000
33457  22.363  -45.378  53.290 0.0000000000
49149  27.415  -28.472  50.810 0.0000000000
48179  33.166  -30.661  52.831 0.0000000000
66586  48.376  -8.440  41.390 0.0000000000
58084  46.353  -17.802  42.597 0.0000000000
57214  45.412  -19.322  44.503 0.0000000000
42817  27.011  -35.807  53.126 0.0000000000
41996  29.409  -36.402  51.707 0.0000000000
40281  27.801  -38.085  53.482 0.0000000000
61378  43.656  -15.162  44.373 0.0000000000
61374  47.176  -15.459  45.195 0.0000000000
60587  45.721  -15.563  42.888 0.0000000000
113860  48.162  -15.473  42.116 0.0000000000
23051  3.223  -56.432  66.626 0.0000000000
56383  37.993  -19.672  45.796 0.0000000000
57186  36.085  -19.320  47.049 0.0000000000
133106  32.325  -24.863  47.293 0.0000000000
51892  35.109  -25.019  46.480 0.0000000000
50053  34.771  -27.305  47.518 0.0000000000
49160  34.290  -28.957  49.234 0.0000000000
32374  9.611  -45.689  58.739 0.0000000000
31328  11.713  -46.865  60.842 0.0000000000
31330  9.255  -47.638  60.413 0.0000000000
29486  8.932  -48.916  62.596 0.0000000000
30395  7.403  -48.479  61.217 0.0000000000
30353  5.510  -48.970  64.337 0.0000000000
27566  3.976  -52.259  65.453 0.0000000000
38390  22.364  -40.363  53.374 0.0000000000
36646  23.268  -42.170  50.947 0.0000000000
36649  20.335  -42.360  51.354 0.0000000000
33413  17.419  -45.531  56.890 0.0000000000
32394  19.391  -46.505  56.257 0.0000000000
43693  33.022  -33.923  53.194 0.0000000000
45496  32.356  -31.358  52.900 0.0000000000
56324  34.961  -20.904  48.656 0.0000000000
130564  32.361  -23.107  50.287 0.0000000000
52717  30.422  -24.415  48.966 0.0000000000
34484  15.366  -44.660  57.320 0.0000000000
126447  14.740  -46.100  59.140 0.0000000000
34487  12.931  -44.137  57.271 0.0000000000
35529  10.515  -43.485  58.326 0.0000000000
35503  9.181  -43.527  60.410 0.0000000000
36633  18.846  -42.074  52.535 0.0000000000
122380  17.442  -41.586  54.535 0.0000000000
35574  16.185  -43.013  55.465 0.0000000000
45474  29.211  -32.946  55.343 0.0000000000
45498  28.526  -32.530  53.010 0.0000000000
43706  29.991  -34.550  52.044 0.0000000000
41993  31.886  -35.872  52.226 0.0000000000
63080  44.920  -12.167  43.712 0.0000000000
63061  49.097  -12.882  44.381 0.0000000000
60598  50.121  -15.194  42.104 0.0000000000
59728  40.844  -16.954  44.742 0.0000000000
57217  42.805  -19.254  44.774 0.0000000000
122052  40.504  -19.549  45.237 0.0000000000
55504  39.576  -21.585  45.916 0.0000000000
52754  39.214  -24.221  46.640 0.0000000000
54623  35.326  -22.459  46.466 0.0000000000
52756  37.417  -24.317  46.434 0.0000000000
38389  25.727  -39.860  54.407 0.0000000000
39282  27.014  -39.564  55.758 0.0000000000
60561  42.186  -15.418  46.448 0.0000000000
32327  7.221  -46.339  62.644 0.0000000000
30364  6.066  -48.455  63.003 0.0000000000
28546  5.737  -50.843  63.420 0.0000000000
25627  5.742  -53.113  64.116 0.0000000000
25629  4.190  -53.857  63.969 0.0000000000
113430  3.408  -53.929  66.033 0.0000000000
115182  2.763  -54.674  68.755 0.0000000000
24666  0.770  -54.823  69.677 0.0000000000
118589  23.634  -37.212  53.832 0.0000000000
37537  24.849  -41.161  52.332 0.0000000000
33468  24.438  -44.709  52.776 0.0000000000
33460  19.717  -45.078  53.698 0.0000000000
50952  29.754  -27.189  48.949 0.0000000000
47295  28.305  -30.902  51.263 0.0000000000
49130  29.827  -29.557  50.422 0.0000000000
49144  32.114  -29.000  50.694 0.0000000000
39265  29.408  -39.832  56.325 0.0000000000
65795  50.353  -9.529  39.406 0.0000000000
64911  46.119  -11.422  41.121 0.0000000000
64031  49.060  -12.469  39.407 0.0000000000
58947  45.015  -17.760  43.078 0.0000000000
130716  46.336  -18.677  43.684 0.0000000000
58066  44.869  -18.887  44.026 0.0000000000
41978  26.213  -35.989  53.328 0.0000000000
41169  27.403  -36.767  52.527 0.0000000000
41124  26.767  -38.175  54.068 0.0000000000
59735  43.372  -16.034  43.647 0.0000000000
114911  44.785  -15.595  43.345 0.0000000000
59742  44.667  -16.767  42.920 0.0000000000
59741  45.458  -16.485  42.513 0.0000000000
23040  2.046  -57.051  68.026 0.0000000000
58036  36.616  -18.672  47.264 0.0000000000
117114  36.189  -19.067  48.674 0.0000000000
50978  31.882  -25.971  47.613 0.0000000000
50976  33.337  -26.556  47.300 0.0000000000
50055  33.101  -27.328  47.806 0.0000000000
49172  34.841  -28.593  48.509 0.0000000000
49173  33.508  -28.486  48.814 0.0000000000
32363  8.193  -45.767  59.681 0.0000000000
31346  9.093  -47.069  59.685 0.0000000000
32348  7.887  -46.552  60.016 0.0000000000
30412  7.843  -47.990  60.594 0.0000000000
31332  7.611  -47.260  60.490 0.0000000000
37506  22.296  -41.199  53.940 0.0000000000
124624  21.890  -41.033  52.216 0.0000000000
37540  21.020  -41.252  52.114 0.0000000000
32383  17.225  -45.800  57.609 0.0000000000
116142  26.285  -30.776  54.515 0.0000000000
44583  33.633  -33.298  54.620 0.0000000000
52716  31.035  -23.748  49.452 0.0000000000
52705  30.339  -23.814  50.850 0.0000000000
114228  14.939  -44.182  56.998 0.0000000000
34485  14.440  -44.690  57.482 0.0000000000
34501  13.414  -43.640  56.913 0.0000000000
36551  11.528  -42.465  58.559 0.0000000000
36535  10.491  -42.552  59.537 0.0000000000
36536  9.769  -42.908  59.917 0.0000000000
37492  18.545  -41.303  55.343 0.0000000000
37475  15.307  -41.490  56.447 0.0000000000
37495  15.773  -41.728  55.895 0.0000000000
35575  15.431  -42.915  55.890 0.0000000000
34499  15.638  -44.139  56.728 0.0000000000
44584  29.669  -33.892  54.008 0.0000000000
42815  29.574  -35.038  53.089 0.0000000000
41166  29.933  -37.155  52.085 0.0000000000
41995  30.286  -36.419  51.737 0.0000000000
41146  31.304  -37.514  53.192 0.0000000000
41975  32.266  -36.321  53.189 0.0000000000
41122  31.597  -37.800  54.157 0.0000000000
61384  47.977  -15.383  44.431 0.0000000000
63062  47.911  -12.468  44.543 0.0000000000
62212  49.660  -14.294  44.224 0.0000000000
59750  48.277  -16.159  41.519 0.0000000000
60599  49.140  -15.395  41.957 0.0000000000
59749  49.556  -16.445  41.484 0.0000000000
58931  40.109  -17.239  45.169 0.0000000000
58939  40.697  -17.926  44.759 0.0000000000
123347  39.264  -18.432  45.251 0.0000000000
56368  37.638  -20.402  45.916 0.0000000000
56367  38.419  -20.568  45.747 0.0000000000
55505  38.682  -21.991  45.938 0.0000000000
119679  39.717  -22.731  46.282 0.0000000000
53703  38.684  -23.476  46.326 0.0000000000
55468  34.265  -21.405  48.466 0.0000000000
55487  34.367  -21.381  47.598 0.0000000000
54606  34.039  -21.947  47.195 0.0000000000
51879  35.582  -25.774  46.841 0.0000000000
51891  36.047  -25.058  46.589 0.0000000000
51878  37.231  -26.035  47.130 0.0000000000
51877  38.593  -25.558  47.047 0.0000000000
36607  25.839  -41.981  53.942 0.0000000000
37504  26.240  -41.590  54.705 0.0000000000
59704  39.545  -16.678  47.499 0.0000000000
59710  40.378  -16.217  45.993 0.0000000000
60575  41.019  -15.956  45.523 0.0000000000
116127  13.535  -45.967  59.093 0.0000000000
32344  12.580  -46.608  60.175 0.0000000000
29487  8.090  -49.250  62.224 0.0000000000
29458  8.718  -49.575  63.952 0.0000000000
28543  7.938  -49.963  63.506 0.0000000000
28544  7.154  -50.347  63.129 0.0000000000
32306  6.878  -47.023  63.985 0.0000000000
32318  6.738  -47.048  62.970 0.0000000000
31291  6.316  -47.719  63.379 0.0000000000
29460  4.838  -50.322  64.545 0.0000000000
122960  5.564  -50.186  63.439 0.0000000000
28547  5.156  -51.030  63.711 0.0000000000
27602  5.412  -51.626  63.669 0.0000000000
26618  5.190  -52.450  63.733 0.0000000000
25642  5.004  -53.108  63.768 0.0000000000
27604  4.137  -52.529  64.026 0.0000000000
26551  4.141  -52.448  67.599 0.0000000000
26570  3.590  -52.992  65.996 0.0000000000
25606  3.528  -53.614  67.009 0.0000000000
24701  3.323  -54.394  66.949 0.0000000000
25591  3.304  -54.172  67.988 0.0000000000
41100  22.375  -37.169  56.558 0.0000000000
41947  23.293  -36.017  56.292 0.0000000000
40283  23.038  -37.794  53.583 0.0000000000
39315  24.321  -38.747  52.966 0.0000000000
39332  23.907  -39.291  52.286 0.0000000000
35625  22.451  -43.430  51.243 0.0000000000
126822  24.074  -43.600  51.770 0.0000000000
33469  23.699  -44.964  52.758 0.0000000000
35598  18.178  -43.100  52.954 0.0000000000
34554  18.937  -43.629  52.611 0.0000000000
34523  18.923  -44.760  53.911 0.0000000000
32410  20.463  -46.415  55.368 0.0000000000
56378  42.807  -20.393  45.641 0.0000000000
56377  43.727  -20.355  45.642 0.0000000000
55500  43.814  -21.359  46.568 0.0000000000
50944  27.575  -26.867  50.782 0.0000000000
50942  28.624  -26.002  49.648 0.0000000000
130917  28.264  -27.271  49.746 0.0000000000
45497  29.364  -32.929  52.619 0.0000000000
45515  27.966  -32.051  52.460 0.0000000000
46394  29.384  -31.820  51.651 0.0000000000
114412  32.263  -31.040  52.572 0.0000000000
47293  31.093  -30.587  51.720 0.0000000000
48200  31.832  -30.084  51.954 0.0000000000
49129  31.147  -29.255  50.860 0.0000000000
49113  32.079  -29.690  51.765 0.0000000000
49126  32.996  -29.588  51.643 0.0000000000
39281  27.747  -39.633  55.778 0.0000000000
66591  49.578  -8.402  40.608 0.0000000000
63088  46.166  -12.394  42.843 0.0000000000
64001  45.094  -11.139  42.239 0.0000000000
64013  46.198  -12.136  41.406 0.0000000000
121429  48.864  -12.942  40.240 0.0000000000
63132  49.304  -13.049  39.806 0.0000000000
37457  14.357  -41.505  57.425 0.0000000000
36563  13.198  -42.213  57.214 0.0000000000
58955  47.595  -17.409  42.006 0.0000000000
58073  48.326  -18.399  43.336 0.0000000000
58064  47.042  -18.754  43.820 0.0000000000
117862  28.013  -35.542  53.633 0.0000000000
42816  28.784  -35.452  52.830 0.0000000000
41998  27.744  -36.126  52.403 0.0000000000
41149  28.490  -37.644  52.642 0.0000000000
40280  28.991  -38.321  53.416 0.0000000000
60569  46.315  -15.428  45.864 0.0000000000
121450  45.282  -15.115  44.487 0.0000000000
61385  46.496  -15.282  44.354 0.0000000000
112039  47.569  -15.332  43.523 0.0000000000
61404  47.958  -15.373  42.775 0.0000000000
60586  46.854  -15.460  42.711 0.0000000000
59752  46.759  -16.524  41.882 0.0000000000
23064  3.708  -56.174  65.902 0.0000000000
58915  38.429  -17.268  47.220 0.0000000000
58054  38.513  -18.132  45.724 0.0000000000
58045  37.333  -18.439  46.640 0.0000000000
58046  36.763  -19.180  46.571 0.0000000000
56369  36.843  -20.704  46.129 0.0000000000
53688  32.310  -23.458  47.816 0.0000000000
53708  33.917  -23.387  46.653 0.0000000000
52760  33.537  -24.420  46.700 0.0000000000
51880  34.679  -25.760  46.764 0.0000000000
50052  35.635  -27.211  47.542 0.0000000000
49171  35.692  -28.567  48.535 0.0000000000
49142  35.837  -29.506  49.877 0.0000000000
33434  26.260  -45.498  54.363 0.0000000000
127106  10.297  -46.053  58.821 0.0000000000
32345  11.789  -46.522  59.821 0.0000000000
32360  10.394  -46.577  59.392 0.0000000000
31314  10.226  -47.416  60.884 0.0000000000
31300  10.365  -47.634  61.723 0.0000000000
29503  7.750  -48.982  61.549 0.0000000000
29504  7.165  -49.067  61.671 0.0000000000
30338  5.996  -48.167  64.934 0.0000000000
29446  5.206  -49.337  66.019 0.0000000000
29447  4.851  -50.103  65.577 0.0000000000
27565  4.245  -51.658  64.872 0.0000000000
28499  4.522  -50.693  66.253 0.0000000000
27533  4.329  -51.484  67.104 0.0000000000
125992  4.167  -51.882  68.136 0.0000000000
39298  22.376  -39.099  53.510 0.0000000000
39334  23.053  -39.866  52.227 0.0000000000
38408  22.575  -40.442  52.387 0.0000000000
36647  22.219  -42.444  51.014 0.0000000000
34562  20.983  -44.021  51.408 0.0000000000
33426  17.823  -45.187  55.470 0.0000000000
33442  18.509  -45.189  54.758 0.0000000000
32395  18.606  -46.243  56.424 0.0000000000
54619  41.744  -22.249  46.871 0.0000000000
132427  26.783  -29.078  51.932 0.0000000000
44608  32.127  -33.319  52.140 0.0000000000
45511  31.239  -32.646  51.897 0.0000000000
44597  32.723  -32.996  52.920 0.0000000000
45482  33.124  -31.454  53.751 0.0000000000
66575  47.094  -8.199  43.304 0.0000000000
23858  0.305  -56.099  69.569 0.0000000000
54577  34.835  -22.037  50.058 0.0000000000
54578  33.991  -22.250  49.985 0.0000000000
53669  32.409  -23.079  48.742 0.0000000000
53670  31.850  -23.526  48.516 0.0000000000
117069  31.229  -24.697  47.991 0.0000000000
50963  30.890  -26.312  48.146 0.0000000000
126805  16.252  -45.920  58.593 0.0000000000
32370  15.572  -46.111  59.059 0.0000000000
120061  14.927  -45.711  58.561 0.0000000000
33405  13.500  -44.966  57.810 0.0000000000
116671  12.009  -44.889  57.857 0.0000000000
35543  11.961  -43.157  57.454 0.0000000000
34488  11.362  -43.809  57.708 0.0000000000
33395  11.214  -45.051  58.077 0.0000000000
34475  9.772  -44.202  58.500 0.0000000000
35518  8.818  -44.190  59.747 0.0000000000
35504  8.474  -44.346  60.516 0.0000000000
37523  19.417  -41.567  52.917 0.0000000000
37509  18.959  -41.482  53.730 0.0000000000
36618  17.796  -41.910  53.703 0.0000000000
35586  17.232  -42.348  54.326 0.0000000000
38379  16.750  -41.011  55.851 0.0000000000
36596  16.547  -42.364  55.023 0.0000000000
35585  16.908  -43.249  54.857 0.0000000000
34498  16.514  -44.338  56.362 0.0000000000
33414  16.727  -45.114  57.144 0.0000000000
45475  28.381  -32.546  55.593 0.0000000000
45484  27.279  -32.044  54.359 0.0000000000
118400  28.740  -32.632  54.855 0.0000000000
44585  29.250  -33.143  53.493 0.0000000000
44598  30.342  -33.722  52.003 0.0000000000
42835  29.822  -35.344  51.757 0.0000000000
42852  30.582  -34.883  51.686 0.0000000000
43704  31.385  -34.461  51.670 0.0000000000
42814  32.460  -35.402  52.852 0.0000000000
42802  33.155  -35.474  54.490 0.0000000000
63064  45.417  -12.435  44.453 0.0000000000
63078  46.777  -12.423  43.701 0.0000000000
63076  48.523  -12.009  43.666 0.0000000000
61403  49.068  -15.333  42.746 0.0000000000
61391  50.012  -14.178  43.810 0.0000000000
58937  42.104  -16.710  44.145 0.0000000000
58068  43.189  -18.690  44.316 0.0000000000
130849  41.698  -18.309  44.571 0.0000000000
57205  41.416  -19.706  45.208 0.0000000000
132147  41.212  -20.666  45.784 0.0000000000
57207  38.648  -19.048  45.471 0.0000000000
56381  39.993  -20.274  45.517 0.0000000000
122452  41.371  -21.758  46.443 0.0000000000
120941  40.931  -22.283  46.565 0.0000000000
53685  40.879  -23.720  47.160 0.0000000000
56350  35.311  -20.113  47.753 0.0000000000
55486  35.133  -20.831  47.204 0.0000000000
114021  36.241  -22.069  46.223 0.0000000000
53707  34.847  -23.329  46.424 0.0000000000
133806  36.161  -23.677  46.297 0.0000000000
53704  37.781  -23.506  46.246 0.0000000000
52755  38.298  -24.237  46.466 0.0000000000
40261  25.598  -38.384  54.112 0.0000000000
40260  26.483  -38.686  54.864 0.0000000000
38376  26.243  -39.628  55.173 0.0000000000
130195  26.893  -40.639  55.946 0.0000000000
60573  42.459  -15.246  45.479 0.0000000000
59726  41.827  -16.010  44.418 0.0000000000
34430  7.951  -44.931  61.888 0.0000000000
33345  7.656  -45.609  63.255 0.0000000000
33357  7.597  -45.615  62.282 0.0000000000
32328  6.915  -47.138  61.999 0.0000000000
30396  6.722  -48.672  61.795 0.0000000000
29489  6.718  -49.457  62.188 0.0000000000
30352  5.914  -48.341  63.839 0.0000000000
29490  6.117  -49.704  62.833 0.0000000000
28559  6.608  -50.084  62.804 0.0000000000
28545  6.434  -50.689  63.310 0.0000000000
27586  6.586  -51.806  64.243 0.0000000000
23911  4.465  -54.838  64.770 0.0000000000
26607  3.724  -52.992  64.404 0.0000000000
25615  3.523  -53.476  65.132 0.0000000000
23898  3.615  -55.465  65.541 0.0000000000
23065  3.406  -55.813  66.101 0.0000000000
23869  2.885  -55.685  67.730 0.0000000000
23856  2.301  -55.420  68.831 0.0000000000
25578  2.804  -53.942  69.202 0.0000000000
24678  1.938  -54.749  69.386 0.0000000000
23857  1.224  -55.917  69.173 0.0000000000
42808  24.956  -35.474  54.331 0.0000000000
41968  24.091  -35.726  55.006 0.0000000000
41126  23.864  -36.504  54.058 0.0000000000
39297  25.029  -38.482  53.919 0.0000000000
38424  24.975  -40.382  52.834 0.0000000000
36616  25.490  -42.368  53.282 0.0000000000
38440  23.907  -40.608  51.483 0.0000000000
35611  24.589  -43.064  51.957 0.0000000000
34536  25.217  -44.266  53.080 0.0000000000
36632  19.333  -42.371  51.974 0.0000000000
35612  20.235  -43.911  51.691 0.0000000000
33459  20.910  -45.180  53.082 0.0000000000
33441  19.403  -45.412  54.426 0.0000000000
32425  20.742  -46.052  54.660 0.0000000000
32424  21.553  -46.111  54.511 0.0000000000
57215  44.521  -19.377  44.576 0.0000000000
52706  29.610  -24.404  50.370 0.0000000000
128700  29.357  -25.959  49.018 0.0000000000
50028  30.723  -27.612  48.806 0.0000000000
46382  26.818  -31.672  53.529 0.0000000000
47296  26.881  -30.951  52.248 0.0000000000
112437  27.616  -30.107  51.173 0.0000000000
46381  30.436  -31.107  51.641 0.0000000000
47309  29.445  -30.565  51.037 0.0000000000
48246  28.781  -29.503  50.408 0.0000000000
49164  29.777  -28.739  49.770 0.0000000000
49163  31.057  -28.466  49.562 0.0000000000
122555  31.607  -28.152  49.026 0.0000000000
49161  33.330  -28.901  49.681 0.0000000000
40259  27.407  -38.639  54.667 0.0000000000
40237  29.143  -39.123  54.963 0.0000000000
111576  29.941  -39.045  54.861 0.0000000000
39263  31.107  -39.386  56.609 0.0000000000
40235  31.457  -38.631  55.595 0.0000000000
66603  51.511  -8.436  39.668 0.0000000000
65773  46.026  -9.496  42.309 0.0000000000
65779  47.204  -9.636  41.032 0.0000000000
63114  47.349  -12.354  40.680 0.0000000000
64920  47.346  -10.952  40.083 0.0000000000
65785  48.459  -9.590  40.232 0.0000000000
65796  49.630  -9.804  39.520 0.0000000000
115514  51.224  -11.795  38.597 0.0000000000
58948  44.144  -17.521  43.431 0.0000000000
58077  44.469  -18.283  43.680 0.0000000000
41152  25.351  -35.945  53.618 0.0000000000
41151  25.897  -36.637  53.323 0.0000000000
41125  25.934  -37.790  53.863 0.0000000000
130721  43.769  -16.737  43.426 0.0000000000
59734  44.239  -16.052  43.265 0.0000000000
50977  32.467  -26.623  47.620 0.0000000000
129540  33.685  -27.969  48.149 0.0000000000
50042  32.886  -27.944  48.381 0.0000000000
33379  8.064  -45.100  60.188 0.0000000000
116647  7.492  -46.454  60.798 0.0000000000
37507  22.037  -41.478  53.980 0.0000000000
37521  21.535  -41.149  53.094 0.0000000000
37522  20.539  -41.330  53.028 0.0000000000
32354  17.379  -46.606  59.023 0.0000000000
31358  18.214  -46.954  58.882 0.0000000000
46353  26.855  -31.221  55.901 0.0000000000
35559  14.017  -43.168  56.502 0.0000000000
34500  14.213  -43.943  56.887 0.0000000000
36583  14.725  -42.007  56.396 0.0000000000
36582  15.286  -42.178  56.039 0.0000000000
35576  14.684  -42.691  56.225 0.0000000000
35558  14.956  -43.503  56.460 0.0000000000
43686  29.769  -34.473  54.603 0.0000000000
42804  29.676  -34.866  54.271 0.0000000000
41147  30.462  -37.749  52.876 0.0000000000
62206  49.717  -14.045  44.865 0.0000000000
128248  49.036  -13.003  44.799 0.0000000000
113009  48.930  -15.228  43.710 0.0000000000
119143  48.751  -16.645  41.527 0.0000000000
119672  48.921  -15.879  41.531 0.0000000000
58962  49.411  -17.347  41.898 0.0000000000
128627  50.162  -17.002  41.641 0.0000000000
23062  5.074  -55.841  65.874 0.0000000000
59721  39.818  -16.764  45.789 0.0000000000
58932  39.256  -17.496  45.606 0.0000000000
55506  37.883  -21.240  45.913 0.0000000000
54622  38.198  -22.736  46.122 0.0000000000
55469  33.675  -21.905  47.859 0.0000000000
54607  33.551  -22.559  47.193 0.0000000000
130120  36.705  -26.443  47.322 0.0000000000
124455  36.440  -25.826  46.962 0.0000000000
36615  25.925  -42.879  53.816 0.0000000000
36606  26.269  -42.569  54.500 0.0000000000
35584  26.274  -43.528  54.230 0.0000000000
59711  39.767  -16.503  46.601 0.0000000000
32372  12.744  -45.877  58.903 0.0000000000
32358  13.157  -46.297  59.588 0.0000000000
131537  12.441  -46.308  59.511 0.0000000000
29471  7.636  -49.720  62.704 0.0000000000
114618  7.617  -50.542  63.864 0.0000000000
29473  5.022  -50.497  63.878 0.0000000000
27603  4.721  -51.933  63.871 0.0000000000
26619  4.500  -52.748  63.802 0.0000000000
27587  4.332  -51.935  64.254 0.0000000000
122482  3.883  -52.957  67.030 0.0000000000
116766  3.766  -53.347  68.136 0.0000000000
40241  22.079  -38.147  55.013 0.0000000000
41110  22.360  -37.313  55.501 0.0000000000
41128  22.516  -37.475  54.469 0.0000000000
40294  23.475  -38.546  52.843 0.0000000000
39316  22.779  -38.634  53.038 0.0000000000
34550  22.108  -44.510  52.093 0.0000000000
122990  22.733  -44.194  51.779 0.0000000000
33470  22.806  -44.857  52.546 0.0000000000
33456  23.274  -45.367  53.250 0.0000000000
34540  17.849  -43.502  53.691 0.0000000000
34539  18.493  -43.964  53.349 0.0000000000
34524  18.184  -44.336  54.158 0.0000000000
56363  42.403  -20.977  46.115 0.0000000000
56362  43.320  -20.877  46.134 0.0000000000
55501  42.965  -21.472  46.557 0.0000000000
49999  26.955  -27.786  52.165 0.0000000000
49998  27.218  -27.195  52.028 0.0000000000
50008  27.215  -27.535  51.277 0.0000000000
50018  27.787  -27.621  50.239 0.0000000000
44611  29.968  -33.194  52.052 0.0000000000
45513  29.560  -32.523  51.972 0.0000000000
45512  30.380  -32.471  51.818 0.0000000000
47279  32.968  -31.016  53.091 0.0000000000
48180  32.315  -30.628  52.316 0.0000000000
48199  32.535  -30.195  52.260 0.0000000000
49112  32.723  -29.849  52.065 0.0000000000
67407  48.705  -7.873  41.874 0.0000000000
66585  49.142  -8.096  41.216 0.0000000000
66592  48.805  -8.758  40.748 0.0000000000
115415  46.749  -12.374  42.046 0.0000000000
112488  14.203  -41.450  58.141 0.0000000000
116028  14.179  -41.457  58.929 0.0000000000
38332  14.906  -41.185  57.942 0.0000000000
58083  47.151  -17.941  42.559 0.0000000000
58074  47.509  -18.420  43.216 0.0000000000
58075  46.700  -18.373  43.142 0.0000000000
58065  45.674  -18.792  43.887 0.0000000000
57213  46.414  -19.147  44.400 0.0000000000
42837  27.940  -35.723  52.670 0.0000000000
121272  27.698  -37.346  52.671 0.0000000000
61377  43.755  -14.927  44.984 0.0000000000
61376  45.039  -15.070  45.117 0.0000000000
123687  44.401  -14.988  44.723 0.0000000000
61393  45.501  -15.255  43.699 0.0000000000
61392  46.511  -15.310  43.506 0.0000000000
119039  46.219  -15.776  42.428 0.0000000000
58957  46.040  -17.029  42.279 0.0000000000
59740  46.137  -16.201  42.202 0.0000000000
58956  46.840  -17.292  42.089 0.0000000000
58964  47.322  -16.834  41.745 0.0000000000
22268  3.610  -56.788  66.397 0.0000000000
58916  37.914  -17.513  47.771 0.0000000000
58924  37.857  -17.742  46.951 0.0000000000
58035  37.212  -18.006  47.536 0.0000000000
57176  36.076  -19.041  47.821 0.0000000000
57193  36.344  -19.922  46.537 0.0000000000
52742  32.611  -24.223  47.199 0.0000000000
123875  32.926  -24.973  46.974 0.0000000000
50975  34.251  -26.547  47.115 0.0000000000
50974  35.164  -26.517  47.134 0.0000000000
50039  36.088  -27.854  48.047 0.0000000000
50040  35.237  -27.959  47.991 0.0000000000
49159  35.282  -29.131  49.151 0.0000000000
115671  34.901  -29.444  50.002 0.0000000000
58914  38.932  -16.991  47.575 0.0000000000
32361  9.490  -46.434  59.160 0.0000000000
32347  10.053  -47.072  59.940 0.0000000000
133308  9.688  -47.831  61.240 0.0000000000
30393  8.928  -48.232  61.093 0.0000000000
30394  8.134  -48.526  60.984 0.0000000000
28508  4.463  -50.859  65.154 0.0000000000
29431  4.742  -49.840  66.599 0.0000000000
28493  4.166  -51.059  68.094 0.0000000000
38377  22.529  -40.962  54.432 0.0000000000
115106  22.322  -39.795  54.278 0.0000000000
39284  22.211  -39.166  55.149 0.0000000000
37558  20.623  -41.841  51.556 0.0000000000
117202  21.686  -41.587  51.455 0.0000000000
36648  21.062  -42.386  51.077 0.0000000000
35626  21.459  -43.280  51.118 0.0000000000
35627  20.439  -43.154  51.256 0.0000000000
34497  17.269  -45.043  56.259 0.0000000000
33412  17.894  -45.692  56.255 0.0000000000
49097  26.629  -28.766  53.188 0.0000000000
48181  26.401  -29.526  53.315 0.0000000000
121067  32.543  -33.793  52.487 0.0000000000
45494  33.068  -32.305  53.636 0.0000000000
118631  33.495  -32.191  54.482 0.0000000000
23027  -0.444  -56.667  69.438 0.0000000000
127245  34.241  -21.823  49.338 0.0000000000
53658  32.259  -23.155  49.537 0.0000000000
52728  30.989  -24.175  48.633 0.0000000000
52729  30.690  -24.981  48.321 0.0000000000
51867  31.172  -25.651  47.902 0.0000000000
33404  15.927  -45.118  57.626 0.0000000000
33392  15.714  -45.597  58.287 0.0000000000
127913  15.112  -45.196  57.913 0.0000000000
34486  13.615  -44.346  57.288 0.0000000000
33394  12.733  -45.294  58.160 0.0000000000
33406  12.736  -44.687  57.648 0.0000000000
37459  12.862  -41.849  57.913 0.0000000000
35561  12.630  -42.781  57.115 0.0000000000
36564  12.422  -42.426  57.628 0.0000000000
36552  10.783  -42.782  58.772 0.0000000000
35544  11.243  -43.110  58.089 0.0000000000
34489  10.922  -43.669  57.966 0.0000000000
131070  11.470  -44.451  57.793 0.0000000000
34474  10.729  -44.301  57.970 0.0000000000
33396  10.234  -45.219  58.310 0.0000000000
35517  9.334  -43.684  59.402 0.0000000000
111789  19.968  -41.505  53.999 0.0000000000
112277  18.996  -41.460  54.446 0.0000000000
37493  17.708  -41.210  55.160 0.0000000000
37510  18.207  -41.437  54.260 0.0000000000
36597  15.906  -42.305  55.575 0.0000000000
37494  16.376  -41.612  55.428 0.0000000000
132176  16.565  -43.687  55.632 0.0000000000
34512  17.205  -44.315  55.405 0.0000000000
33415  16.057  -44.652  57.058 0.0000000000
33403  16.485  -45.579  57.966 0.0000000000
45483  29.228  -33.079  54.465 0.0000000000
43687  29.852  -34.523  53.465 0.0000000000
44599  30.017  -33.782  52.862 0.0000000000
42836  28.522  -35.772  52.131 0.0000000000
111552  29.270  -35.346  52.076 0.0000000000
130754  29.146  -35.740  51.739 0.0000000000
41994  31.140  -36.244  51.852 0.0000000000
42013  30.468  -35.660  51.611 0.0000000000
42834  31.279  -35.339  51.671 0.0000000000
42833  32.070  -34.954  51.925 0.0000000000
41966  32.469  -36.633  54.210 0.0000000000
42803  32.687  -35.796  53.895 0.0000000000
61368  47.485  -15.409  45.970 0.0000000000
63056  45.052  -12.317  45.259 0.0000000000
63055  45.994  -12.511  45.197 0.0000000000
63063  46.476  -12.522  44.441 0.0000000000
63077  47.782  -12.184  43.807 0.0000000000
62222  49.411  -12.685  44.117 0.0000000000
61402  50.034  -14.929  42.846 0.0000000000
62221  49.796  -12.350  43.863 0.0000000000
58938  41.538  -17.376  44.431 0.0000000000
116551  42.597  -17.760  44.127 0.0000000000
58053  40.139  -18.696  45.064 0.0000000000
57219  41.055  -18.900  44.935 0.0000000000
56380  40.931  -20.255  45.546 0.0000000000
58055  37.925  -18.719  45.952 0.0000000000
56366  39.291  -20.794  45.676 0.0000000000
130747  40.043  -21.010  45.816 0.0000000000
56365  40.711  -20.820  45.816 0.0000000000
55503  40.610  -21.543  46.122 0.0000000000
54620  40.123  -22.232  46.242 0.0000000000
53702  39.530  -23.366  46.449 0.0000000000
53701  40.380  -23.037  46.617 0.0000000000
53686  40.074  -23.925  46.807 0.0000000000
57168  35.806  -19.785  49.035 0.0000000000
56335  35.307  -20.265  48.501 0.0000000000
55508  34.705  -21.715  46.934 0.0000000000
55507  35.570  -21.485  46.617 0.0000000000
52759  34.519  -24.224  46.421 0.0000000000
52757  36.520  -24.334  46.422 0.0000000000
53705  36.882  -23.580  46.241 0.0000000000
39296  25.727  -39.066  54.657 0.0000000000
36592  26.657  -42.185  55.392 0.0000000000
37486  26.595  -41.095  55.467 0.0000000000
60560  43.248  -15.347  46.460 0.0000000000
60581  41.196  -16.247  44.896 0.0000000000
111218  41.668  -15.645  45.022 0.0000000000
59727  41.466  -16.632  44.489 0.0000000000
31345  15.877  -46.771  59.872 0.0000000000
32356  14.959  -46.512  59.694 0.0000000000
29469  9.202  -49.017  63.519 0.0000000000
34429  8.475  -44.371  62.384 0.0000000000
32317  7.252  -46.317  63.644 0.0000000000
112980  7.297  -46.376  61.689 0.0000000000
31301  6.429  -47.977  62.353 0.0000000000
30381  6.203  -48.913  62.495 0.0000000000
30365  5.693  -49.196  63.310 0.0000000000
28560  6.053  -50.303  63.116 0.0000000000
27601  6.165  -51.407  63.619 0.0000000000
26617  5.947  -52.201  63.873 0.0000000000
26606  6.411  -52.584  64.558 0.0000000000
25643  4.489  -53.346  63.787 0.0000000000
25628  5.024  -53.780  64.042 0.0000000000
24729  4.541  -54.316  64.295 0.0000000000
27543  4.299  -51.525  65.867 0.0000000000
27588  3.957  -52.343  64.613 0.0000000000
24715  3.567  -54.549  65.244 0.0000000000
24716  3.347  -55.235  66.032 0.0000000000
24688  3.086  -54.951  67.889 0.0000000000
24702  3.191  -55.114  66.867 0.0000000000
26540  3.559  -53.157  69.096 0.0000000000
26528  2.783  -53.043  69.587 0.0000000000
24665  1.580  -54.284  69.814 0.0000000000
24679  1.341  -55.255  69.346 0.0000000000
23849  0.641  -55.477  69.505 0.0000000000
23850  0.063  -55.417  69.747 0.0000000000
42807  25.944  -35.408  54.565 0.0000000000
41957  23.390  -36.120  55.491 0.0000000000
42797  23.913  -35.677  55.940 0.0000000000
41969  23.545  -36.256  54.691 0.0000000000
116993  24.186  -35.881  54.330 0.0000000000
40262  24.455  -37.396  53.661 0.0000000000
38407  24.528  -39.600  52.641 0.0000000000
37519  25.384  -41.336  53.230 0.0000000000
38441  23.310  -40.808  51.390 0.0000000000
38426  23.567  -40.025  51.924 0.0000000000
37556  23.462  -41.443  51.011 0.0000000000
34548  24.555  -43.944  52.359 0.0000000000
35610  25.004  -43.488  52.670 0.0000000000
33435  25.490  -45.685  53.954 0.0000000000
33455  25.030  -45.187  53.330 0.0000000000
37542  19.440  -41.868  52.147 0.0000000000
34538  19.295  -44.441  53.122 0.0000000000
35613  19.542  -43.241  51.875 0.0000000000
34553  19.745  -44.180  52.333 0.0000000000
34552  20.712  -44.559  52.246 0.0000000000
34537  20.114  -44.840  52.982 0.0000000000
32412  19.041  -46.163  55.769 0.0000000000
33424  19.161  -45.818  55.147 0.0000000000
32411  19.681  -46.290  55.566 0.0000000000
32392  21.023  -46.830  55.941 0.0000000000
32409  21.284  -46.481  55.173 0.0000000000
57216  43.658  -19.323  44.685 0.0000000000
52692  29.590  -24.269  51.373 0.0000000000
51846  28.911  -24.821  50.933 0.0000000000
50030  28.822  -26.951  49.413 0.0000000000
50951  30.291  -26.467  48.503 0.0000000000
45499  27.642  -32.122  53.349 0.0000000000
46395  27.624  -31.415  51.932 0.0000000000
47310  27.378  -30.726  51.619 0.0000000000
46380  31.277  -31.535  51.989 0.0000000000
119190  30.130  -31.869  51.703 0.0000000000
114695  30.233  -30.135  51.078 0.0000000000
48202  30.365  -30.577  51.409 0.0000000000
48227  29.398  -30.049  50.734 0.0000000000
49147  29.023  -28.956  49.973 0.0000000000
49145  31.407  -28.956  50.427 0.0000000000
49146  30.714  -28.919  50.016 0.0000000000
49162  31.851  -28.682  49.817 0.0000000000
49174  32.563  -28.438  49.164 0.0000000000
121228  32.560  -28.890  49.998 0.0000000000
48224  33.732  -29.582  51.317 0.0000000000
40240  26.791  -39.248  55.398 0.0000000000
40239  27.082  -39.113  55.446 0.0000000000
39280  28.756  -39.551  55.714 0.0000000000
40238  28.099  -39.133  55.180 0.0000000000
39279  29.759  -39.377  55.563 0.0000000000
40222  31.096  -39.108  56.055 0.0000000000
40234  32.146  -38.229  55.902 0.0000000000
66604  50.910  -8.897  39.569 0.0000000000
66590  50.961  -8.063  40.157 0.0000000000
65810  50.951  -9.759  39.125 0.0000000000
63991  44.380  -11.532  44.008 0.0000000000
64912  45.640  -10.799  41.639 0.0000000000
65774  45.351  -10.156  42.380 0.0000000000
65780  45.917  -10.003  41.759 0.0000000000
66588  46.651  -9.361  41.781 0.0000000000
133658  46.384  -10.376  41.106 0.0000000000
63133  48.549  -12.774  39.926 0.0000000000
63134  47.837  -12.359  40.077 0.0000000000
64032  48.302  -11.971  39.568 0.0000000000
65786  47.669  -10.026  40.349 0.0000000000
64926  48.143  -10.722  39.719 0.0000000000
65797  48.892  -10.012  39.691 0.0000000000
64925  49.066  -11.071  39.272 0.0000000000
58085  45.702  -17.616  42.716 0.0000000000
58076  45.830  -18.273  43.171 0.0000000000
123385  45.158  -18.435  43.548 0.0000000000
41977  26.828  -36.339  52.886 0.0000000000
41150  26.833  -37.321  53.129 0.0000000000
60590  43.117  -15.569  44.079 0.0000000000
60589  43.911  -15.574  43.740 0.0000000000
60588  45.035  -15.989  42.798 0.0000000000
60602  45.676  -15.956  42.513 0.0000000000
58958  45.348  -17.143  42.637 0.0000000000
22259  2.747  -56.959  67.251 0.0000000000
58028  36.652  -18.449  48.177 0.0000000000
51866  31.789  -25.178  47.564 0.0000000000
51881  32.623  -25.703  47.258 0.0000000000
50054  33.925  -27.335  47.583 0.0000000000
50041  34.439  -27.967  48.025 0.0000000000
132826  34.158  -28.453  48.502 0.0000000000
33386  8.886  -45.622  59.057 0.0000000000
32362  8.600  -46.486  59.551 0.0000000000
31331  8.325  -47.350  60.053 0.0000000000
30411  8.468  -47.986  60.581 0.0000000000
31315  7.348  -47.818  60.894 0.0000000000
37520  22.100  -40.947  53.141 0.0000000000
32396  17.912  -46.067  57.087 0.0000000000
128227  17.856  -46.413  58.080 0.0000000000
43679  33.579  -34.843  54.792 0.0000000000
43692  33.392  -34.064  54.145 0.0000000000
43685  33.752  -34.059  54.858 0.0000000000
117475  31.753  -23.346  49.885 0.0000000000
53647  32.045  -23.242  50.531 0.0000000000
53648  31.236  -23.467  50.415 0.0000000000
121672  30.357  -24.007  49.876 0.0000000000
36550  12.201  -42.139  58.297 0.0000000000
36534  11.248  -42.341  59.212 0.0000000000
35516  9.995  -43.129  59.011 0.0000000000
38362  15.807  -40.881  56.830 0.0000000000
37474  16.077  -41.194  56.138 0.0000000000
34513  15.907  -43.573  56.109 0.0000000000
41165  30.863  -37.053  52.290 0.0000000000
41976  31.640  -36.749  52.663 0.0000000000
41145  31.971  -37.134  53.635 0.0000000000
41121  32.217  -37.399  54.591 0.0000000000
61372  49.452  -15.055  45.482 0.0000000000
111153  47.247  -12.523  45.178 0.0000000000
60609  48.255  -15.703  41.751 0.0000000000
60608  49.744  -15.699  41.624 0.0000000000
59748  50.403  -16.338  41.517 0.0000000000
130261  39.846  -17.956  45.085 0.0000000000
133298  38.775  -21.251  45.785 0.0000000000
130456  39.440  -22.257  46.070 0.0000000000
54621  39.049  -22.763  46.163 0.0000000000
56336  34.803  -20.731  48.004 0.0000000000
54624  34.341  -22.532  46.737 0.0000000000
51890  37.054  -25.172  46.725 0.0000000000
51889  37.971  -24.982  46.661 0.0000000000
119807  37.775  -25.609  46.948 0.0000000000
37505  25.788  -40.994  54.135 0.0000000000
38388  26.192  -40.537  54.951 0.0000000000
59698  40.202  -16.638  48.148 0.0000000000
59703  40.307  -16.281  47.357 0.0000000000
60549  41.047  -15.844  47.128 0.0000000000
60563  40.936  -15.784  46.255 0.0000000000
60574  41.563  -15.524  45.840 0.0000000000
59720  40.529  -16.526  45.332 0.0000000000
32357  14.068  -46.303  59.563 0.0000000000
32343  13.489  -46.657  60.265 0.0000000000
29470  8.418  -49.429  63.078 0.0000000000
28525  8.251  -50.171  64.351 0.0000000000
27600  6.982  -51.083  63.866 0.0000000000
29459  5.212  -49.566  64.962 0.0000000000
29472  5.212  -49.789  63.977 0.0000000000
26620  4.012  -53.197  63.912 0.0000000000
27544  4.112  -52.286  66.503 0.0000000000
119805  3.341  -54.646  66.158 0.0000000000
24667  0.016  -54.778  69.923 0.0000000000
41109  22.902  -36.758  55.050 0.0000000000
41127  23.212  -36.974  54.285 0.0000000000
40282  23.935  -37.833  53.335 0.0000000000
123242  23.072  -42.937  51.009 0.0000000000
35624  23.358  -43.597  51.480 0.0000000000
34549  23.711  -44.320  52.160 0.0000000000
115698  24.144  -45.342  53.239 0.0000000000
124043  23.701  -45.704  53.742 0.0000000000
36617  18.206  -42.326  52.985 0.0000000000
35614  18.778  -42.752  52.444 0.0000000000
32380  19.776  -46.879  56.883 0.0000000000
32393  20.169  -46.697  56.136 0.0000000000
121479  20.710  -47.159  56.898 0.0000000000
57204  42.338  -19.801  45.210 0.0000000000
57203  43.252  -19.820  45.196 0.0000000000
56361  44.210  -20.794  46.175 0.0000000000
50926  28.052  -26.039  52.159 0.0000000000
50933  27.924  -26.129  51.091 0.0000000000
51852  28.413  -25.604  50.485 0.0000000000
50943  28.006  -26.560  50.017 0.0000000000
45514  28.784  -32.341  52.220 0.0000000000
126201  28.495  -31.714  51.726 0.0000000000
47280  31.545  -30.798  51.992 0.0000000000
47292  31.619  -30.452  51.917 0.0000000000
48201  31.087  -30.133  51.592 0.0000000000
48226  30.775  -29.666  51.048 0.0000000000
48225  31.476  -29.644  51.462 0.0000000000
49128  31.730  -29.295  51.208 0.0000000000
49127  32.359  -29.433  51.428 0.0000000000
39267  27.493  -40.119  56.139 0.0000000000
39266  28.378  -40.150  56.349 0.0000000000
38354  29.114  -40.475  56.861 0.0000000000
66605  50.116  -8.767  39.948 0.0000000000
63089  45.338  -12.215  42.877 0.0000000000
130752  44.698  -11.528  42.996 0.0000000000
63102  45.767  -12.241  42.117 0.0000000000
64014  45.593  -11.656  41.747 0.0000000000
63112  49.499  -13.036  40.222 0.0000000000
62271  50.252  -13.213  39.651 0.0000000000
37477  13.912  -41.842  57.110 0.0000000000
37458  13.626  -41.707  57.643 0.0000000000
38347  15.798  -40.889  57.768 0.0000000000
37456  15.069  -41.176  57.144 0.0000000000
37476  14.535  -41.671  56.828 0.0000000000
116004  48.416  -17.406  41.941 0.0000000000
58082  47.971  -18.001  42.566 0.0000000000
58063  47.844  -18.750  43.921 0.0000000000
41997  28.562  -36.235  51.860 0.0000000000
41168  28.074  -36.836  52.163 0.0000000000
41167  28.937  -37.084  51.965 0.0000000000
41148  29.484  -37.804  52.687 0.0000000000
40279  29.984  -38.333  53.522 0.0000000000
61375  45.935  -15.302  45.142 0.0000000000
61394  44.529  -15.160  43.979 0.0000000000
132101  47.133  -15.274  43.967 0.0000000000
60600  47.483  -15.521  42.267 0.0000000000
60601  46.906  -15.796  42.035 0.0000000000
60610  47.660  -15.667  41.913 0.0000000000
59751  47.566  -16.121  41.652 0.0000000000
58963  47.968  -16.774  41.593 0.0000000000
127765  4.009  -56.754  66.118 0.0000000000
59712  39.010  -16.902  46.890 0.0000000000
58923  38.562  -17.456  46.397 0.0000000000
58044  37.971  -18.031  46.290 0.0000000000
132778  37.390  -19.145  46.156 0.0000000000
57192  37.126  -19.823  46.133 0.0000000000
122641  37.023  -21.664  46.053 0.0000000000
53687  33.040  -23.406  47.167 0.0000000000
126729  34.284  -25.023  46.538 0.0000000000
51893  33.643  -25.602  46.825 0.0000000000
50973  36.008  -26.469  47.228 0.0000000000
50051  36.469  -27.092  47.624 0.0000000000
49170  36.558  -28.468  48.579 0.0000000000
49158  36.185  -29.117  49.112 0.0000000000
34522  26.396  -44.561  54.265 0.0000000000
34511  26.823  -44.676  54.977 0.0000000000
33423  26.854  -45.521  55.039 0.0000000000
118759  11.098  -45.739  58.615 0.0000000000
119347  11.085  -46.316  59.277 0.0000000000
32346  10.983  -46.707  60.011 0.0000000000
31329  10.788  -46.983  60.662 0.0000000000
112101  8.556  -48.765  61.683 0.0000000000
29488  7.374  -49.408  62.076 0.0000000000
30339  5.585  -48.779  65.464 0.0000000000
28492  4.370  -50.433  67.264 0.0000000000
128349  22.179  -38.795  54.328 0.0000000000
39317  22.736  -39.513  52.733 0.0000000000
38427  23.000  -40.359  51.859 0.0000000000
37557  22.707  -41.492  51.133 0.0000000000
37539  22.497  -40.904  51.657 0.0000000000
34561  21.845  -44.016  51.527 0.0000000000
34551  21.455  -44.451  51.943 0.0000000000
33443  17.835  -44.640  54.824 0.0000000000
33425  18.480  -45.760  55.604 0.0000000000
32382  18.571  -46.543  57.337 0.0000000000
116306  19.118  -46.630  56.870 0.0000000000
49114  26.746  -28.513  52.422 0.0000000000
49131  26.944  -28.402  51.619 0.0000000000
44609  31.436  -33.546  51.795 0.0000000000
132066  31.731  -32.987  51.991 0.0000000000
45510  32.047  -32.339  52.346 0.0000000000
45495  32.611  -32.032  53.175 0.0000000000
44596  33.259  -33.158  53.810 0.0000000000
131502  32.863  -31.191  53.274 0.0000000000
66582  47.418  -8.249  42.463 0.0000000000
63086  48.482  -11.814  42.821 0.0000000000
23026  0.927  -56.989  69.267 0.0000000000
56323  35.507  -20.702  49.291 0.0000000000
55458  34.877  -21.419  49.270 0.0000000000
54589  33.585  -22.052  48.898 0.0000000000
54579  33.056  -22.638  49.565 0.0000000000
126221  31.828  -24.253  47.711 0.0000000000
53659  31.528  -23.608  49.065 0.0000000000
126127  31.393  -23.998  48.337 0.0000000000
50962  31.542  -26.669  47.924 0.0000000000
32355  16.496  -46.365  59.149 0.0000000000
126347  14.274  -45.364  58.169 0.0000000000
32371  14.175  -45.839  58.841 0.0000000000
33393  13.495  -45.573  58.493 0.0000000000
32373  11.931  -45.531  58.391 0.0000000000
35560  13.230  -42.883  56.751 0.0000000000
34502  12.673  -43.446  57.090 0.0000000000
36565  11.841  -42.625  57.978 0.0000000000
33407  12.126  -44.107  57.465 0.0000000000
33397  9.441  -45.104  58.648 0.0000000000
34467  9.003  -44.628  59.019 0.0000000000
34468  8.460  -44.934  59.589 0.0000000000
34444  7.969  -44.958  60.977 0.0000000000
37524  18.481  -41.724  53.266 0.0000000000
35599  17.714  -42.660  53.531 0.0000000000
124325  17.382  -43.114  54.094 0.0000000000
120171  17.057  -41.291  55.204 0.0000000000
131501  16.882  -41.804  54.846 0.0000000000
32384  16.960  -46.084  58.424 0.0000000000
45476  27.403  -32.027  55.467 0.0000000000
116860  28.055  -32.371  54.867 0.0000000000
113198  28.367  -32.552  54.025 0.0000000000
42014  29.783  -35.865  51.600 0.0000000000
43705  30.732  -34.042  51.780 0.0000000000
43703  32.115  -34.091  51.897 0.0000000000
121156  32.553  -34.508  52.609 0.0000000000
42813  32.970  -34.855  53.705 0.0000000000
63980  44.317  -11.477  44.751 0.0000000000
63079  45.797  -12.455  43.634 0.0000000000
116158  46.942  -12.319  43.014 0.0000000000
123580  49.038  -11.761  43.545 0.0000000000
58078  43.634  -18.095  43.899 0.0000000000
58069  42.442  -18.656  44.488 0.0000000000
57218  41.936  -19.152  44.787 0.0000000000
56379  41.791  -20.442  45.640 0.0000000000
56364  41.452  -21.118  46.079 0.0000000000
57206  39.558  -19.350  45.267 0.0000000000
56382  38.966  -19.970  45.531 0.0000000000
53700  41.298  -22.944  47.025 0.0000000000
57177  35.667  -19.585  48.250 0.0000000000
57187  35.723  -19.585  47.567 0.0000000000
57194  35.650  -20.010  47.039 0.0000000000
56370  35.932  -20.685  46.616 0.0000000000
126018  36.303  -21.310  46.323 0.0000000000
52758  35.549  -24.151  46.340 0.0000000000
53706  35.620  -23.322  46.319 0.0000000000
119859  36.226  -22.958  46.209 0.0000000000
121727  37.167  -22.650  46.093 0.0000000000
128948  38.679  -24.817  46.733 0.0000000000
52741  39.314  -25.039  47.002 0.0000000000
39295  26.347  -39.133  55.102 0.0000000000
39283  26.734  -39.570  55.534 0.0000000000
38375  26.597  -40.163  55.592 0.0000000000
39268  26.945  -40.028  55.991 0.0000000000
60572  43.468  -15.096  45.562 0.0000000000
126921  43.094  -15.073  44.859 0.0000000000
60580  42.467  -15.455  44.524 0.0000000000
132861  43.049  -15.306  44.450 0.0000000000
59736  42.560  -15.996  43.992 0.0000000000
58949  42.928  -16.728  43.785 0.0000000000
32341  15.130  -46.922  60.295 0.0000000000
34443  8.413  -44.347  61.517 0.0000000000
34412  8.064  -44.965  62.800 0.0000000000
33369  7.623  -45.640  61.344 0.0000000000
32335  7.212  -47.180  61.158 0.0000000000
31316  6.898  -47.916  61.448 0.0000000000
31286  6.378  -47.538  64.419 0.0000000000
26589  6.902  -52.044  65.027 0.0000000000
25614  5.714  -53.843  64.609 0.0000000000
23897  4.390  -55.488  65.281 0.0000000000
26591  3.653  -52.780  65.068 0.0000000000
25630  3.742  -53.767  64.413 0.0000000000
24730  3.964  -54.488  64.446 0.0000000000
23912  3.922  -55.141  65.007 0.0000000000
127018  3.927  -55.716  65.406 0.0000000000
23882  3.159  -55.771  66.748 0.0000000000
23039  2.767  -56.359  67.450 0.0000000000
23025  2.123  -56.292  68.498 0.0000000000
25566  1.921  -53.667  70.084 0.0000000000
42818  25.995  -35.604  53.740 0.0000000000
41967  24.539  -35.942  53.865 0.0000000000
131771  25.431  -39.121  54.314 0.0000000000
39314  25.096  -39.497  53.567 0.0000000000
127215  25.419  -40.446  53.603 0.0000000000
39333  23.251  -39.220  52.400 0.0000000000
37538  24.308  -41.125  51.559 0.0000000000
36645  24.065  -41.879  51.129 0.0000000000
36631  24.665  -42.052  51.956 0.0000000000
36630  25.091  -42.718  52.645 0.0000000000
35597  25.539  -43.330  53.268 0.0000000000
34535  25.908  -44.038  53.664 0.0000000000
33454  25.787  -44.924  53.708 0.0000000000
37541  20.068  -41.543  52.095 0.0000000000
36650  19.870  -42.004  51.665 0.0000000000
35628  19.860  -42.592  51.556 0.0000000000
33471  21.696  -44.956  52.633 0.0000000000
32426  19.931  -45.962  54.869 0.0000000000
33440  20.207  -45.576  54.193 0.0000000000
127732  20.397  -45.283  53.572 0.0000000000
33439  21.042  -45.645  53.901 0.0000000000
33458  21.586  -45.395  53.373 0.0000000000
33438  21.947  -45.714  53.957 0.0000000000
124585  22.262  -46.119  54.434 0.0000000000
58067  44.049  -18.813  44.173 0.0000000000
57202  44.137  -19.842  45.144 0.0000000000
57201  45.035  -19.834  45.096 0.0000000000
132488  43.468  -21.909  46.883 0.0000000000
52718  29.723  -24.798  49.369 0.0000000000
51851  29.023  -25.183  49.915 0.0000000000
51858  30.119  -25.364  48.632 0.0000000000
51868  30.602  -25.748  48.256 0.0000000000
50044  30.960  -26.948  48.321 0.0000000000
50043  31.523  -27.476  48.429 0.0000000000
46370  26.680  -31.435  55.019 0.0000000000
121589  26.544  -31.483  54.222 0.0000000000
46383  26.309  -30.984  53.642 0.0000000000
46396  27.169  -31.652  52.704 0.0000000000
46397  26.623  -31.160  52.972 0.0000000000
114025  26.410  -30.319  52.884 0.0000000000
48230  26.842  -30.002  51.871 0.0000000000
117085  27.165  -29.247  51.288 0.0000000000
47294  29.412  -31.085  51.383 0.0000000000
48228  28.530  -30.132  50.814 0.0000000000
48229  27.860  -29.397  50.666 0.0000000000
49148  28.153  -28.693  50.147 0.0000000000
49165  28.686  -28.017  49.675 0.0000000000
50029  29.425  -27.819  49.355 0.0000000000
134095  30.507  -29.290  50.399 0.0000000000
119069  30.225  -28.181  49.328 0.0000000000
126592  32.173  -27.889  48.583 0.0000000000
117884  33.965  -29.313  50.276 0.0000000000
49143  32.975  -29.249  50.750 0.0000000000
131074  34.539  -29.616  50.850 0.0000000000
40258  28.520  -38.699  54.318 0.0000000000
40257  29.532  -38.727  54.232 0.0000000000
40256  30.380  -38.641  54.402 0.0000000000
39250  29.965  -40.109  56.946 0.0000000000
39264  30.403  -39.498  56.275 0.0000000000
40236  30.633  -39.010  55.324 0.0000000000
40255  31.162  -38.418  54.713 0.0000000000
41108  31.860  -38.042  55.064 0.0000000000
64903  44.795  -10.694  42.850 0.0000000000
65762  46.372  -8.679  43.611 0.0000000000
66583  46.579  -8.783  42.639 0.0000000000
133171  47.034  -8.747  42.124 0.0000000000
66587  47.530  -8.779  41.657 0.0000000000
117807  47.624  -12.347  42.136 0.0000000000
63115  46.825  -12.347  41.188 0.0000000000
64024  46.656  -12.024  40.784 0.0000000000
63113  48.164  -12.654  40.624 0.0000000000
64023  47.242  -11.825  40.286 0.0000000000
65787  46.739  -11.204  40.570 0.0000000000
130229  47.030  -10.416  40.552 0.0000000000
66593  48.018  -9.164  40.908 0.0000000000
64939  50.113  -10.632  38.986 0.0000000000
130713  49.634  -11.878  38.996 0.0000000000
131104  51.017  -10.742  38.754 0.0000000000
23063  4.230  -56.136  65.700 0.0000000000
35623  23.913  -42.865  51.210 0.0000000000
37555  23.862  -41.107  51.142 0.0000000000
38358  22.557  -40.332  55.207 0.0000000000
38425  24.319  -40.243  52.008 0.0000000000
48203  26.550  -29.348  52.579 0.0000000000
49141  36.736  -29.437  49.755 0.0000000000
50934  27.519  -26.714  51.627 0.0000000000
60562  41.494  -15.605  46.561 0.0000000000
63057  44.512  -11.789  45.320 0.0000000000
63065  44.666  -12.045  44.567 0.0000000000
64878  44.255  -10.776  44.667 0.0000000000
64927  47.715  -11.614  39.841 0.0000000000
65784  49.254  -9.173  40.124 0.0000000000
65794  51.586  -9.083  39.257 0.0000000000
66581  48.031  -8.180  41.967 0.0000000000
114990  25.121  -41.926  52.688 0.0000000000
119410  45.741  -9.313  43.032 0.0000000000
120399  13.195  -44.556  57.496 0.0000000000
122354  40.460  -16.084  46.653 0.0000000000
122971  22.165  -37.858  56.027 0.0000000000
129464  24.320  -42.480  51.502 0.0000000000
131336  45.187  -11.821  42.315 0.0000000000
132290  26.643  -45.106  54.615 0.0000000000
132633  38.553  -17.210  47.903 0.0000000000
132770  44.239  -11.213  45.265 0.0000000000
