#!ascii label  , from subject sub-v1s21x0050414_ses-1 vox2ras=TkReg
1038
68658  17.249  -5.903  -3.621 0.2500000000
68657  18.038  -6.102  -4.163 0.2500000000
117077  18.238  -7.002  -4.184 0.7500000000
71260  15.518  -3.457  -2.536 0.2500000000
70401  16.077  -3.906  -3.129 0.1250000000
71274  16.120  -2.751  -3.104 0.3750000000
70400  16.624  -4.303  -3.484 0.2500000000
69541  16.538  -5.386  -3.321 0.2500000000
69555  17.762  -5.132  -4.255 0.7500000000
68656  18.721  -6.427  -4.612 0.8750000000
67875  19.413  -6.639  -4.875 0.8750000000
122597  17.617  -4.268  -4.208 0.8750000000
69556  17.215  -4.756  -3.744 0.7500000000
114314  20.235  -4.787  -5.457 1.0000000000
69567  19.074  -4.889  -5.022 1.0000000000
68671  19.938  -6.263  -5.206 1.0000000000
69554  18.489  -5.470  -4.643 0.8750000000
68683  21.117  -6.118  -5.571 1.0000000000
72108  15.531  -2.392  -2.599 0.2500000000
71273  16.787  -3.098  -3.617 0.7500000000
71283  17.376  -3.038  -3.991 0.8750000000
70411  17.707  -3.519  -4.334 0.8750000000
70412  17.260  -3.775  -3.866 0.7500000000
70425  20.492  -4.184  -5.563 1.0000000000
114624  19.088  -3.764  -5.239 1.0000000000
116483  21.572  -4.775  -5.626 1.0000000000
69582  20.941  -5.077  -5.535 1.0000000000
69581  21.604  -5.682  -5.624 1.0000000000
69565  20.471  -5.731  -5.430 1.0000000000
122724  14.870  -2.842  -2.187 0.1250000000
118603  17.300  -2.328  -3.920 1.0000000000
70427  18.298  -3.197  -4.778 1.0000000000
71309  21.895  -3.475  -5.943 1.0000000000
71311  20.404  -3.254  -5.695 1.0000000000
71297  18.920  -2.706  -5.273 1.0000000000
70442  22.135  -4.344  -5.740 1.0000000000
70444  20.965  -4.104  -5.660 1.0000000000
70441  24.396  -4.206  -5.526 1.0000000000
70451  22.802  -4.722  -5.661 1.0000000000
74519  11.436  0.699  -1.116 0.2500000000
72109  14.704  -2.119  -2.300 0.3750000000
123297  16.325  -1.265  -3.100 1.0000000000
72921  15.572  -1.333  -2.594 0.6250000000
72126  16.705  -1.921  -3.504 1.0000000000
72152  18.773  -1.982  -5.226 1.0000000000
72137  17.672  -1.951  -4.349 1.0000000000
129955  22.137  -2.793  -6.124 1.0000000000
71310  21.072  -3.322  -5.896 1.0000000000
72172  20.002  -1.981  -5.873 1.0000000000
72168  23.398  -2.231  -6.011 1.0000000000
71307  23.983  -3.033  -5.541 1.0000000000
72167  24.126  -1.861  -5.949 1.0000000000
72166  24.806  -2.468  -5.640 1.0000000000
74518  13.978  0.332  -2.064 0.5000000000
73723  11.161  -0.337  -1.062 0.3750000000
116665  13.923  -0.789  -2.061 0.3750000000
72923  14.054  -0.999  -2.191 0.5000000000
73742  14.281  -0.096  -2.200 0.5000000000
72941  16.057  -0.602  -2.881 0.8750000000
72940  16.777  -0.937  -3.554 1.0000000000
73759  16.370  -0.203  -3.354 1.0000000000
72173  19.300  -1.727  -5.589 1.0000000000
72952  17.772  -1.094  -4.614 1.0000000000
72982  22.408  -1.463  -6.493 1.0000000000
115450  20.312  -1.725  -6.162 1.0000000000
72980  24.446  -1.114  -6.387 1.0000000000
72981  23.477  -1.419  -6.427 1.0000000000
122723  25.759  -2.171  -5.238 0.8750000000
75351  12.066  1.682  -1.129 0.5000000000
73722  13.948  -0.078  -2.120 0.5000000000
74539  14.122  0.585  -2.743 0.6250000000
74553  15.188  0.858  -2.684 0.6250000000
74552  16.035  0.446  -3.032 1.0000000000
73760  15.565  0.047  -2.620 0.7500000000
73778  17.862  0.069  -5.234 1.0000000000
74590  23.418  0.274  -6.588 1.0000000000
74592  21.452  0.522  -6.619 1.0000000000
73793  20.226  -0.854  -6.530 1.0000000000
72996  19.503  -0.857  -6.087 1.0000000000
73791  24.352  0.047  -6.588 1.0000000000
120021  22.977  -0.689  -6.601 1.0000000000
120821  22.047  -0.877  -6.581 1.0000000000
74588  24.879  0.310  -6.350 0.8750000000
123234  24.002  -0.551  -6.617 1.0000000000
72966  25.709  -1.236  -5.455 0.8750000000
74555  13.834  1.128  -3.415 0.5000000000
117518  14.983  1.289  -2.705 0.8750000000
76316  18.727  1.398  -6.496 1.0000000000
109352  17.720  0.648  -5.317 1.0000000000
74591  22.439  0.864  -6.572 1.0000000000
118936  20.797  1.170  -6.630 1.0000000000
73801  19.159  -0.087  -6.415 1.0000000000
113014  23.199  2.122  -6.389 1.0000000000
126191  25.220  0.601  -5.867 1.0000000000
74589  24.177  0.668  -6.424 1.0000000000
75420  22.555  1.680  -6.544 1.0000000000
126484  25.220  1.361  -5.235 1.0000000000
75370  13.811  1.018  -3.297 0.5000000000
75388  13.811  1.191  -3.548 0.8750000000
75404  16.193  1.581  -3.950 1.0000000000
127964  19.084  3.047  -6.291 1.0000000000
76305  18.402  1.785  -5.895 1.0000000000
76289  16.874  1.652  -4.723 1.0000000000
78021  23.196  4.214  -6.334 1.0000000000
77198  22.274  3.205  -6.627 1.0000000000
77186  24.293  3.760  -5.569 1.0000000000
77197  23.022  3.562  -6.480 1.0000000000
130075  22.874  2.909  -6.487 1.0000000000
76272  25.134  2.377  -4.813 1.0000000000
76299  23.528  2.968  -6.246 1.0000000000
75385  25.619  1.800  -4.572 0.8750000000
79786  17.507  6.364  -5.048 1.0000000000
78873  15.693  6.053  -3.313 0.3750000000
77992  17.432  5.686  -5.008 0.8750000000
77187  18.263  3.798  -5.695 1.0000000000
117685  22.300  4.090  -6.593 1.0000000000
78024  21.111  4.322  -6.517 1.0000000000
112558  17.780  6.749  -5.248 0.8750000000
79800  18.114  6.836  -5.427 1.0000000000
78886  17.843  6.149  -5.349 1.0000000000
118895  18.336  6.427  -5.542 1.0000000000
79810  18.825  6.984  -5.634 1.0000000000
78026  18.820  5.054  -6.039 1.0000000000
78023  21.886  4.976  -6.405 1.0000000000
124132  21.151  5.233  -6.410 1.0000000000
78008  23.302  4.740  -5.977 1.0000000000
80627  17.653  7.810  -4.863 0.7500000000
80633  19.444  7.689  -5.672 1.0000000000
79809  19.600  6.947  -5.867 1.0000000000
79806  21.613  6.262  -6.014 1.0000000000
79807  21.077  6.675  -6.159 1.0000000000
78896  21.491  5.827  -6.227 1.0000000000
80634  18.795  7.618  -5.544 1.0000000000
80632  20.041  7.526  -5.820 1.0000000000
79808  20.375  6.886  -6.068 1.0000000000
84103  17.003  12.882  -3.153 0.1250000000
114922  16.653  13.059  -2.247 0.1250000000
84120  17.642  12.799  -4.727 0.2500000000
111476  17.403  13.490  -3.841 0.1250000000
84787  17.859  13.180  -5.998 0.5000000000
114785  17.889  14.018  -6.010 0.2500000000
118315  17.263  14.116  -3.335 0.2500000000
84777  17.685  14.188  -4.645 0.2500000000
85425  17.690  14.838  -4.777 0.2500000000
86220  17.692  15.188  -5.434 0.2500000000
85444  17.883  14.639  -6.232 0.2500000000
86219  17.888  15.262  -6.192 0.2500000000
86218  18.132  15.074  -6.207 0.3750000000
85445  17.746  14.627  -5.829 0.2500000000
127591  18.070  15.587  -6.214 0.2500000000
68644  16.522  -6.274  -3.133 0.1250000000
69542  16.084  -5.012  -3.039 0.1250000000
69587  23.249  -5.391  -5.762 1.0000000000
129987  16.129  1.200  -3.615 0.8750000000
76301  21.504  2.626  -6.620 1.0000000000
111244  16.982  -7.998  -2.754 0.1250000000
120897  18.379  -7.744  -4.103 0.6250000000
67858  19.690  -8.033  -4.729 0.7500000000
70388  15.832  -4.617  -2.694 0.1250000000
67062  20.363  -7.969  -5.098 1.0000000000
68645  16.197  -5.956  -2.825 0.1250000000
67885  21.235  -6.903  -5.594 1.0000000000
122764  22.793  -5.967  -5.939 1.0000000000
119883  24.695  -5.733  -5.996 1.0000000000
71261  14.105  -2.810  -1.998 0.3750000000
72902  11.139  -0.926  -0.877 0.2500000000
72900  13.786  -1.568  -2.010 0.2500000000
72149  26.063  -2.822  -5.041 0.8750000000
73758  26.052  -0.547  -4.112 0.8750000000
72950  25.992  -1.621  -4.240 0.8750000000
134141  26.107  0.348  -4.117 0.8750000000
129158  15.337  6.124  -2.475 0.1250000000
78859  14.997  5.429  -2.952 0.1250000000
76247  13.794  1.236  -3.576 0.3750000000
121690  15.809  2.244  -3.791 0.6250000000
76273  24.682  3.115  -5.171 1.0000000000
74551  25.821  0.967  -4.537 0.8750000000
77994  15.761  5.268  -3.856 0.3750000000
122366  16.191  3.722  -4.308 0.8750000000
78883  23.849  4.819  -5.456 1.0000000000
78871  23.755  5.490  -5.152 1.0000000000
132014  18.336  7.320  -5.436 1.0000000000
79797  22.114  6.172  -5.746 1.0000000000
81396  18.894  9.342  -5.871 0.8750000000
81395  19.402  9.368  -5.780 1.0000000000
116753  20.334  8.079  -5.630 1.0000000000
79798  21.308  6.897  -5.935 1.0000000000
113712  16.954  12.417  -1.880 0.1250000000
83478  17.340  11.995  -3.746 0.1250000000
83506  17.787  11.605  -6.459 0.6250000000
84786  18.027  13.371  -6.125 0.5000000000
84761  16.720  13.626  -2.692 0.2500000000
85443  18.207  14.361  -5.976 0.5000000000
85407  17.493  14.870  -3.605 0.2500000000
113424  19.044  15.095  -5.455 0.5000000000
86199  17.645  15.467  -4.444 0.1250000000
87020  18.464  16.280  -6.101 0.2500000000
87019  19.551  16.402  -6.033 0.2500000000
87022  17.656  15.993  -5.416 0.1250000000
113484  17.009  -7.045  -3.162 0.1250000000
67861  17.630  -6.730  -3.754 0.3750000000
67860  17.691  -7.614  -3.621 0.5000000000
67859  19.037  -7.361  -4.582 0.7500000000
68672  19.216  -5.871  -4.981 0.8750000000
67874  20.024  -7.189  -5.058 1.0000000000
68670  20.644  -6.622  -5.419 1.0000000000
70410  18.261  -4.312  -4.657 1.0000000000
69566  19.762  -5.367  -5.279 1.0000000000
68687  22.086  -6.144  -5.766 1.0000000000
69588  22.338  -5.295  -5.680 1.0000000000
72127  16.108  -1.868  -2.986 0.8750000000
71298  18.241  -2.320  -4.772 1.0000000000
71324  22.698  -3.904  -5.730 1.0000000000
71296  19.720  -2.960  -5.552 1.0000000000
72151  19.535  -2.243  -5.585 1.0000000000
71323  23.564  -3.995  -5.545 1.0000000000
70449  24.179  -4.997  -5.604 1.0000000000
72110  13.986  -1.944  -2.211 0.3750000000
72922  14.614  -1.148  -2.293 0.5000000000
72138  17.274  -1.540  -3.943 1.0000000000
72967  18.475  -1.462  -5.156 1.0000000000
71308  22.918  -3.016  -5.839 1.0000000000
72170  21.324  -2.694  -6.133 1.0000000000
72171  20.564  -2.425  -5.970 1.0000000000
118671  20.834  -1.992  -6.274 1.0000000000
121797  21.746  -2.123  -6.336 1.0000000000
123560  24.763  -1.600  -5.958 1.0000000000
117264  15.186  -0.398  -2.427 0.6250000000
73741  14.950  0.260  -2.436 0.6250000000
73773  16.928  -0.436  -3.878 1.0000000000
74577  17.333  0.014  -4.574 1.0000000000
72985  20.035  -1.210  -6.335 1.0000000000
72986  18.913  -1.138  -5.588 1.0000000000
133659  18.189  -0.991  -5.068 1.0000000000
73777  25.460  -0.231  -6.001 0.8750000000
114375  26.285  -2.105  -3.683 0.8750000000
74571  16.335  0.613  -3.613 1.0000000000
109962  18.407  0.666  -5.766 1.0000000000
126140  23.669  0.852  -6.491 1.0000000000
120793  22.267  -0.095  -6.620 1.0000000000
74593  20.316  0.170  -6.616 1.0000000000
74568  25.886  0.150  -4.673 0.8750000000
76315  19.273  1.845  -6.569 1.0000000000
75408  17.573  1.262  -5.361 1.0000000000
75422  20.722  2.027  -6.595 1.0000000000
75428  18.925  1.075  -6.667 1.0000000000
75421  21.683  1.654  -6.605 1.0000000000
74594  19.355  0.406  -6.636 1.0000000000
76298  24.047  2.186  -6.083 1.0000000000
75419  23.843  1.360  -6.332 1.0000000000
76258  14.040  1.341  -3.270 0.6250000000
76274  16.332  2.200  -4.355 0.7500000000
76288  17.588  2.204  -5.479 1.0000000000
76287  18.470  2.833  -5.854 1.0000000000
76303  19.659  2.766  -6.502 1.0000000000
77202  18.835  3.917  -6.116 1.0000000000
77201  19.585  3.602  -6.451 1.0000000000
77200  20.407  3.478  -6.549 1.0000000000
76286  23.720  3.682  -6.117 1.0000000000
77199  21.386  3.421  -6.603 1.0000000000
76302  20.594  2.800  -6.578 1.0000000000
78872  17.275  5.892  -4.735 0.7500000000
78010  17.817  5.328  -5.357 1.0000000000
127310  17.039  4.880  -4.701 0.7500000000
77188  17.663  3.280  -5.422 1.0000000000
114577  19.484  4.487  -6.350 1.0000000000
122285  17.746  4.332  -5.371 1.0000000000
78009  18.304  4.714  -5.697 1.0000000000
117729  20.153  4.120  -6.508 1.0000000000
80626  18.776  8.376  -5.564 0.8750000000
78885  18.302  5.692  -5.612 1.0000000000
78899  18.989  6.112  -5.854 1.0000000000
133211  19.446  5.351  -6.213 1.0000000000
78025  20.291  5.060  -6.391 1.0000000000
78884  22.761  5.327  -5.904 1.0000000000
80624  19.913  8.307  -5.657 1.0000000000
78898  19.898  6.096  -6.195 1.0000000000
79799  20.601  7.462  -5.848 1.0000000000
80625  19.294  8.515  -5.621 1.0000000000
112212  17.031  12.436  -2.618 0.1250000000
130188  17.772  13.535  -5.113 0.2500000000
84130  18.005  12.752  -6.359 0.7500000000
123102  18.732  15.714  -5.880 0.2500000000
67030  16.780  -8.348  -2.326 0.1250000000
67848  17.182  -7.925  -3.057 0.1250000000
67048  18.806  -8.430  -4.292 0.7500000000
67873  20.813  -7.397  -5.416 1.0000000000
124525  15.656  3.444  -3.843 0.5000000000
76257  14.944  2.010  -3.179 0.6250000000
77189  16.915  2.682  -4.891 0.8750000000
77163  15.619  2.992  -3.783 0.7500000000
77175  16.213  2.969  -4.351 0.8750000000
77993  17.003  3.859  -4.858 1.0000000000
131449  17.396  4.868  -5.049 1.0000000000
81394  19.806  8.976  -5.616 1.0000000000
81393  20.485  8.214  -5.524 1.0000000000
83505  18.073  12.052  -6.742 0.7500000000
84131  17.847  12.525  -6.186 0.7500000000
124336  17.669  12.096  -5.276 0.5000000000
86217  19.928  15.703  -5.645 0.2500000000
63632  21.668  -12.110  -4.978 0.7500000000
63630  23.430  -12.324  -5.559 0.7500000000
63613  20.864  -12.405  -4.645 0.7500000000
115642  20.827  -11.664  -4.679 0.7500000000
113890  23.111  -11.636  -5.683 0.7500000000
64515  21.522  -11.059  -5.135 0.7500000000
64524  23.770  -11.327  -6.700 0.7500000000
64525  22.915  -11.069  -5.892 0.7500000000
65410  22.175  -10.788  -5.745 0.7500000000
67047  19.673  -8.943  -4.557 0.7500000000
132751  20.080  -8.389  -4.801 0.6250000000
128433  21.672  -10.361  -5.528 0.7500000000
66248  21.503  -9.631  -5.632 0.8750000000
66249  21.020  -9.195  -5.237 0.8750000000
64532  24.377  -11.271  -7.200 0.7500000000
64533  23.665  -11.067  -7.303 0.7500000000
65427  22.700  -10.487  -7.087 0.7500000000
67060  21.380  -8.830  -5.699 0.8750000000
67067  21.600  -8.086  -5.886 0.8750000000
67069  24.906  -8.882  -7.176 0.7500000000
67070  23.184  -8.639  -7.331 0.7500000000
67071  21.899  -7.940  -7.088 0.8750000000
67884  21.609  -7.217  -5.795 0.8750000000
67887  24.515  -7.361  -7.181 0.7500000000
67889  22.844  -7.459  -7.180 0.8750000000
68685  22.817  -6.418  -6.609 0.8750000000
69580  25.419  -5.956  -6.391 0.8750000000
69585  24.844  -5.591  -6.953 0.8750000000
70439  25.210  -5.291  -5.702 0.8750000000
128931  24.768  -5.255  -5.733 0.8750000000
70366  27.591  -3.878  -1.571 0.3750000000
70398  26.616  -3.598  -3.105 0.6250000000
70409  26.047  -4.129  -4.707 0.7500000000
71295  25.558  -4.168  -5.347 0.7500000000
116043  28.284  -3.602  -0.870 0.5000000000
71259  27.126  -3.347  -2.243 0.5000000000
72124  26.887  -2.903  -2.830 0.7500000000
72125  26.445  -2.789  -3.507 0.7500000000
72059  29.978  -2.666  -0.404 0.1250000000
72076  28.123  -2.397  -1.153 0.3750000000
72077  27.595  -2.169  -1.682 0.6250000000
72102  26.810  -2.142  -2.960 0.6250000000
72939  26.440  -1.357  -3.451 0.6250000000
72074  32.425  -2.753  -1.911 0.1250000000
72058  30.931  -2.605  -0.595 0.1250000000
72892  29.021  -1.328  -0.498 0.1250000000
122928  29.706  -1.074  -0.464 0.1250000000
73717  27.337  -0.778  -2.082 0.6250000000
74513  27.393  -0.038  -1.909 0.6250000000
74530  26.502  0.209  -3.510 0.7500000000
72875  31.102  -1.327  -0.729 0.1250000000
73714  31.520  -0.706  -1.140 0.1250000000
74511  28.798  0.023  -0.599 0.1250000000
119666  27.715  0.798  -1.351 0.5000000000
121832  26.747  0.850  -3.047 0.6250000000
123034  26.268  0.951  -3.744 0.7500000000
72913  32.436  -1.821  -2.346 0.1250000000
75344  27.671  1.689  -1.232 0.5000000000
75361  26.900  1.458  -2.551 0.6250000000
75384  26.091  1.734  -4.036 0.7500000000
82128  17.880  9.822  -5.966 0.5000000000
81397  18.384  9.246  -5.796 0.7500000000
76236  26.853  2.850  -2.068 0.6250000000
77162  26.008  3.394  -3.823 0.6250000000
77174  24.807  3.851  -4.882 0.8750000000
77128  27.341  3.488  -1.419 0.5000000000
77142  26.750  3.762  -2.335 0.6250000000
77143  26.377  3.871  -3.144 0.6250000000
77173  25.462  4.030  -4.290 0.7500000000
82127  18.258  10.055  -6.652 0.7500000000
79796  23.010  5.801  -5.431 0.8750000000
79785  22.615  6.590  -5.218 0.8750000000
77991  24.918  4.503  -4.579 0.7500000000
79783  24.176  5.877  -4.518 0.8750000000
79784  23.470  6.253  -4.884 0.8750000000
80614  23.077  7.014  -4.574 0.8750000000
77942  27.804  4.086  -0.687 0.3750000000
77955  26.565  4.615  -2.765 0.5000000000
78852  25.320  5.234  -3.652 0.6250000000
77930  28.551  4.701  -0.448 0.2500000000
77943  27.152  4.510  -1.620 0.3750000000
78835  26.391  5.374  -2.639 0.5000000000
82792  17.889  10.658  -6.878 0.7500000000
82126  18.854  10.195  -6.628 0.8750000000
80623  20.921  7.549  -5.778 0.8750000000
80616  21.321  7.739  -5.259 0.7500000000
80605  22.655  7.628  -4.289 0.8750000000
78853  24.769  5.526  -4.082 0.6250000000
79769  24.446  6.216  -3.744 0.7500000000
78825  27.123  5.388  -1.344 0.3750000000
78826  26.643  5.755  -1.837 0.5000000000
80603  24.135  7.016  -3.366 0.7500000000
77931  27.655  5.002  -0.716 0.2500000000
119436  18.795  10.371  -6.694 0.8750000000
133004  19.237  9.961  -6.178 0.8750000000
81387  20.105  8.903  -5.553 0.8750000000
82782  19.435  10.388  -5.797 0.7500000000
81386  20.930  8.599  -4.859 0.8750000000
81375  22.629  8.306  -3.729 0.7500000000
79756  24.690  6.551  -2.894 0.5000000000
132389  26.882  7.096  -1.104 0.2500000000
79745  25.783  6.796  -1.803 0.5000000000
79754  26.143  6.044  -2.265 0.5000000000
78812  28.291  5.590  -0.460 0.2500000000
82784  17.677  10.557  -5.345 0.5000000000
82791  18.172  11.342  -7.227 0.6250000000
82790  18.668  10.981  -7.028 0.7500000000
82783  19.026  11.205  -6.128 0.7500000000
83491  20.107  11.266  -5.083 0.7500000000
82769  21.618  10.562  -4.029 0.7500000000
82781  20.662  10.393  -4.815 0.7500000000
82109  21.263  9.605  -4.427 0.7500000000
82108  22.142  9.865  -3.679 0.7500000000
81361  24.333  8.368  -2.288 0.5000000000
82092  24.045  9.387  -2.454 0.3750000000
133930  23.341  9.534  -2.804 0.6250000000
80572  26.397  7.481  -1.370 0.2500000000
81346  25.162  8.449  -1.742 0.3750000000
82078  24.875  9.277  -2.015 0.3750000000
130631  18.427  11.694  -6.830 0.7500000000
118481  20.159  12.075  -4.880 0.7500000000
117846  21.016  12.032  -4.656 0.7500000000
83477  21.961  11.456  -3.764 0.7500000000
82768  22.452  10.816  -3.451 0.6250000000
82753  24.733  10.258  -2.417 0.3750000000
82754  23.796  10.305  -2.692 0.3750000000
82075  27.323  9.052  -1.514 0.1250000000
82089  27.054  10.120  -2.110 0.1250000000
82091  25.558  9.936  -2.077 0.2500000000
84129  18.344  12.582  -6.168 0.6250000000
84119  19.499  12.686  -4.968 0.7500000000
121887  21.623  12.003  -4.102 0.7500000000
83460  23.400  11.161  -3.058 0.3750000000
83476  22.771  11.706  -3.486 0.3750000000
83458  25.093  11.130  -2.707 0.2500000000
83459  24.297  11.093  -2.753 0.3750000000
82767  22.946  10.160  -3.090 0.6250000000
121520  28.404  10.721  -3.358 0.1250000000
82750  27.122  10.632  -2.634 0.1250000000
113501  27.663  9.709  -1.821 0.1250000000
84118  20.685  12.779  -4.677 0.3750000000
84116  22.479  13.142  -3.884 0.3750000000
132917  24.763  12.755  -3.981 0.2500000000
119616  23.473  11.987  -3.362 0.3750000000
84102  22.243  12.307  -3.753 0.3750000000
83488  26.475  11.704  -4.416 0.1250000000
130714  24.711  11.636  -2.992 0.3750000000
83475  24.093  11.828  -3.122 0.3750000000
83457  25.904  11.173  -2.816 0.1250000000
85424  19.469  14.334  -5.043 0.3750000000
84785  18.786  13.482  -5.298 0.3750000000
84776  20.078  13.516  -4.757 0.3750000000
84775  21.178  13.586  -4.586 0.3750000000
84115  23.360  13.283  -4.028 0.3750000000
84117  21.628  12.843  -4.193 0.3750000000
127293  24.298  13.211  -4.562 0.3750000000
84100  23.990  12.640  -3.617 0.3750000000
83516  26.869  11.686  -6.791 0.1250000000
84114  25.349  12.337  -4.006 0.1250000000
84128  25.161  12.768  -4.686 0.2500000000
83486  28.321  11.360  -4.906 0.1250000000
85441  21.272  14.887  -5.185 0.2500000000
84784  22.824  14.394  -5.405 0.2500000000
85422  21.631  14.298  -4.720 0.3750000000
119156  24.177  13.580  -5.779 0.1250000000
84773  22.754  13.776  -4.470 0.3750000000
84774  22.003  13.705  -4.310 0.3750000000
84782  24.914  13.168  -5.349 0.1250000000
84155  25.608  12.594  -7.675 0.1250000000
85442  20.268  15.003  -5.190 0.3750000000
85440  22.084  14.779  -5.221 0.2500000000
116341  23.714  14.068  -6.568 0.1250000000
84794  24.326  13.684  -6.838 0.1250000000
84795  23.539  14.304  -7.472 0.1250000000
84154  26.239  12.185  -8.155 0.1250000000
132998  24.795  13.004  -8.682 0.1250000000
85471  22.730  15.329  -8.345 0.1250000000
84811  24.118  13.582  -8.774 0.1250000000
126334  23.246  14.480  -8.507 0.1250000000
84171  25.274  12.461  -9.901 0.1250000000
113279  26.164  12.259  -9.128 0.1250000000
67890  22.188  -7.004  -6.332 0.8750000000
110105  25.792  -5.243  -4.868 0.6250000000
128237  27.124  2.004  -1.973 0.6250000000
78869  25.012  5.007  -4.257 0.8750000000
79755  25.410  6.250  -2.552 0.5000000000
78814  26.972  6.043  -1.138 0.3750000000
122337  18.455  10.731  -7.084 0.8750000000
82119  19.472  9.667  -5.861 0.8750000000
82118  20.248  9.499  -5.245 0.7500000000
81376  21.899  8.900  -4.027 0.7500000000
80574  24.814  7.787  -1.920 0.5000000000
80590  23.883  7.747  -2.904 0.7500000000
80573  25.490  7.651  -1.655 0.5000000000
84141  25.643  12.600  -6.695 0.1250000000
84783  23.476  14.119  -5.893 0.2500000000
84804  24.214  13.685  -7.789 0.1250000000
84166  24.647  12.923  -9.296 0.1250000000
72894  27.455  -1.419  -1.842 0.5000000000
72914  27.016  -1.227  -2.636 0.6250000000
72951  25.955  -1.156  -4.893 0.7500000000
76221  28.402  2.221  -0.638 0.3750000000
76222  27.504  2.555  -1.277 0.3750000000
77112  28.746  3.786  -0.422 0.2500000000
80604  23.345  7.527  -3.670 0.7500000000
84793  25.024  13.225  -6.246 0.1250000000
77929  29.508  4.383  -0.396 0.1250000000
61928  21.839  -13.650  -4.886 0.7500000000
62749  20.950  -13.678  -4.589 0.7500000000
62750  20.427  -13.005  -4.464 0.7500000000
63614  20.128  -12.238  -4.382 0.7500000000
130361  23.376  -13.632  -5.430 0.7500000000
62770  22.161  -12.913  -5.141 0.7500000000
114921  24.205  -12.441  -5.587 0.7500000000
112845  19.397  -9.959  -4.333 0.6250000000
64495  20.662  -10.760  -4.700 0.7500000000
128465  24.715  -11.289  -6.855 0.6250000000
114004  24.955  -10.149  -7.289 0.7500000000
111740  25.010  -8.700  -7.128 0.6250000000
110646  25.791  -7.130  -7.109 0.6250000000
109221  25.870  -5.698  -3.847 0.5000000000
109227  26.832  -5.246  -2.223 0.3750000000
69540  26.009  -4.822  -3.863 0.5000000000
70364  28.969  -4.073  -0.407 0.1250000000
71216  30.773  -3.311  -0.542 0.1250000000
71232  31.742  -3.033  -0.986 0.1250000000
132282  32.505  -3.854  -3.308 0.1250000000
72100  32.689  -2.611  -2.971 0.1250000000
119764  32.641  -1.873  -3.321 0.1250000000
117794  32.299  -1.034  -2.326 0.1250000000
124207  31.642  0.010  -1.512 0.1250000000
74497  31.226  0.240  -0.892 0.1250000000
75341  30.074  1.848  -0.459 0.1250000000
76220  29.518  2.441  -0.402 0.2500000000
77127  28.055  3.170  -0.680 0.2500000000
79728  29.773  6.243  -0.602 0.1250000000
78811  29.357  5.370  -0.437 0.2500000000
81331  28.811  7.642  -0.694 0.1250000000
82074  28.132  9.095  -1.511 0.1250000000
82088  28.518  9.688  -2.047 0.1250000000
83493  17.628  11.430  -4.903 0.3750000000
82106  28.896  10.133  -2.797 0.1250000000
82779  28.817  10.999  -4.159 0.1250000000
82764  29.296  10.493  -3.549 0.1250000000
83515  27.513  11.611  -6.453 0.1250000000
84153  27.601  11.966  -8.001 0.1250000000
85401  16.980  14.458  -2.461 0.1250000000
133103  21.425  15.786  -6.299 0.2500000000
86235  21.940  15.679  -6.726 0.1250000000
86234  22.336  15.513  -7.170 0.1250000000
84812  22.886  14.532  -9.531 0.1250000000
112679  26.763  12.204  -9.530 0.1250000000
84172  24.339  12.822  -10.171 0.1250000000
117760  24.920  -3.500  -5.530 0.7500000000
120042  25.327  3.238  -4.553 0.7500000000
76255  25.795  2.524  -4.262 0.7500000000
79801  17.464  6.482  -4.958 0.3750000000
80622  21.705  7.016  -5.533 0.8750000000
117686  23.602  -5.896  -6.395 0.8750000000
67061  21.026  -8.218  -5.458 0.8750000000
67891  21.944  -6.826  -5.879 0.8750000000
71281  26.128  -3.342  -4.828 0.7500000000
73733  26.693  -0.521  -3.180 0.6250000000
78006  24.365  4.373  -5.209 0.8750000000
86237  20.762  16.254  -6.322 0.1250000000
86216  20.939  15.475  -5.714 0.2500000000
63612  21.309  -12.948  -4.767 0.7500000000
63631  22.604  -12.228  -5.380 0.7500000000
114008  22.986  -12.975  -5.414 0.7500000000
62768  23.792  -13.201  -5.498 0.7500000000
64523  24.267  -11.369  -6.205 0.7500000000
64496  20.016  -11.328  -4.426 0.7500000000
64514  22.323  -11.487  -5.501 0.7500000000
65418  22.525  -10.625  -6.331 0.7500000000
65395  20.344  -9.750  -4.743 0.7500000000
66233  18.863  -9.358  -4.142 0.6250000000
65411  21.169  -10.133  -5.114 0.7500000000
66254  21.960  -9.905  -6.672 0.8750000000
66260  23.322  -10.079  -7.384 0.7500000000
131063  21.649  -9.199  -6.656 0.8750000000
67072  21.879  -7.579  -6.061 0.8750000000
111733  24.068  -8.233  -7.205 0.7500000000
111734  25.023  -8.027  -7.153 0.7500000000
125406  25.685  -6.394  -7.049 0.7500000000
112825  23.832  -6.522  -7.081 0.8750000000
110133  25.810  -6.574  -6.608 0.6250000000
70424  25.748  -4.622  -5.221 0.7500000000
70386  27.389  -4.635  -1.643 0.2500000000
69539  26.507  -4.549  -3.060 0.5000000000
70399  26.149  -4.085  -3.735 0.6250000000
71272  26.056  -3.396  -4.033 0.7500000000
71235  27.756  -2.997  -1.533 0.5000000000
71233  29.033  -3.184  -0.449 0.2500000000
71217  29.853  -3.633  -0.396 0.1250000000
121090  28.880  -2.258  -0.539 0.2500000000
72893  28.145  -1.591  -1.095 0.3750000000
119956  27.200  -1.928  -2.278 0.6250000000
72075  31.938  -2.077  -1.447 0.1250000000
119202  30.606  -1.940  -0.554 0.1250000000
73715  28.500  -0.710  -0.754 0.5000000000
73700  29.279  -0.578  -0.498 0.1250000000
73698  30.865  -0.554  -0.659 0.1250000000
74512  28.049  -0.019  -1.086 0.5000000000
72890  31.981  -1.278  -1.678 0.1250000000
74499  29.634  0.137  -0.505 0.1250000000
119999  29.052  0.748  -0.522 0.1250000000
114902  27.205  0.772  -2.306 0.6250000000
75343  28.371  1.262  -0.716 0.1250000000
113919  26.571  2.230  -2.688 0.6250000000
122187  26.434  3.099  -2.936 0.6250000000
77956  25.961  4.974  -3.316 0.6250000000
79770  23.792  6.627  -4.141 0.7500000000
78836  25.744  5.577  -2.971 0.5000000000
81385  21.935  8.060  -4.518 0.7500000000
79732  26.548  6.544  -1.434 0.3750000000
81374  23.394  8.558  -2.911 0.6250000000
82107  22.707  9.214  -3.318 0.7500000000
80588  25.047  7.023  -2.148 0.5000000000
81344  27.699  8.429  -1.165 0.1250000000
80556  27.996  7.233  -0.531 0.1250000000
79731  27.306  6.697  -0.778 0.2500000000
130288  28.608  6.891  -0.487 0.1250000000
83492  19.194  11.874  -5.499 0.7500000000
83490  21.228  11.276  -4.445 0.7500000000
81345  26.022  8.379  -1.538 0.1250000000
82077  25.722  9.157  -1.728 0.3750000000
82752  25.521  10.595  -2.457 0.3750000000
132837  26.985  9.577  -1.717 0.1250000000
82751  26.324  10.494  -2.396 0.1250000000
82749  27.900  10.340  -2.520 0.1250000000
84101  23.053  12.542  -3.614 0.3750000000
83489  25.906  11.959  -4.000 0.2500000000
82780  27.923  11.232  -4.031 0.1250000000
82766  26.739  11.135  -2.980 0.1250000000
84099  24.728  12.190  -3.464 0.2500000000
83487  27.297  11.512  -4.896 0.1250000000
118802  26.468  11.793  -5.324 0.1250000000
84113  25.841  12.141  -4.814 0.1250000000
85423  20.693  14.289  -4.810 0.3750000000
115120  23.477  13.692  -5.003 0.3750000000
83504  27.007  11.601  -5.932 0.1250000000
84126  26.234  11.968  -6.184 0.1250000000
84140  26.264  12.093  -7.204 0.1250000000
83522  26.865  11.828  -7.658 0.1250000000
132466  26.013  12.056  -5.521 0.1250000000
84127  25.555  12.544  -5.645 0.1250000000
83503  27.873  11.541  -5.745 0.1250000000
86215  21.731  15.330  -5.802 0.2500000000
84810  25.433  12.623  -8.698 0.1250000000
85458  22.390  15.141  -6.111 0.1250000000
85457  22.972  14.861  -6.870 0.1250000000
84165  26.870  12.010  -8.564 0.1250000000
84803  25.031  13.208  -7.199 0.1250000000
86250  22.324  15.832  -8.250 0.1250000000
61912  21.487  -14.525  -4.674 0.7500000000
62769  22.675  -13.623  -5.261 0.7500000000
61926  23.346  -14.335  -5.381 0.7500000000
65396  19.913  -10.548  -4.495 0.6250000000
110250  25.097  -8.051  -7.083 0.6250000000
109218  25.631  -6.250  -4.582 0.5000000000
74510  31.496  0.724  -1.501 0.1250000000
74527  31.878  0.332  -2.290 0.1250000000
75326  30.055  0.984  -0.513 0.1250000000
81343  28.520  8.437  -1.099 0.1250000000
118875  27.559  11.718  -7.166 0.1250000000
126936  20.255  -13.694  -4.334 0.7500000000
64497  19.372  -11.775  -4.005 0.5000000000
61911  22.309  -15.199  -4.912 0.6250000000
123282  23.209  -15.165  -5.260 0.6250000000
61924  25.924  -15.364  -5.603 0.3750000000
120564  25.141  -14.818  -5.628 0.6250000000
63628  25.854  -13.177  -5.252 0.2500000000
63629  25.033  -13.139  -5.453 0.3750000000
61927  22.467  -14.395  -5.093 0.6250000000
64531  24.714  -11.168  -6.542 0.5000000000
110516  25.449  -9.894  -6.753 0.5000000000
110986  24.778  -8.667  -6.019 0.3750000000
61063  25.665  -15.816  -5.476 0.5000000000
131229  25.356  -15.599  -5.600 0.6250000000
110400  25.495  -6.983  -5.389 0.5000000000
60190  21.869  -16.707  -4.425 0.6250000000
63600  18.626  -12.322  -3.609 0.3750000000
62751  19.700  -13.302  -4.103 0.3750000000
61055  22.134  -15.983  -4.705 0.6250000000
133033  21.588  -15.382  -4.620 0.6250000000
61913  20.512  -14.375  -4.389 0.6250000000
60179  24.330  -16.387  -4.557 0.3750000000
60188  23.634  -16.572  -4.532 0.5000000000
60189  22.810  -16.550  -4.560 0.6250000000
61046  26.031  -15.593  -4.519 0.3750000000
64494  26.260  -12.585  -4.733 0.2500000000
62765  26.632  -14.230  -5.280 0.2500000000
125238  25.334  -10.811  -5.127 0.2500000000
125189  25.151  -9.338  -5.173 0.3750000000
109196  25.297  -8.585  -4.894 0.2500000000
109219  25.620  -7.050  -4.122 0.2500000000
110273  26.238  -6.146  -3.107 0.2500000000
72901  11.623  -1.500  -0.797 0.1250000000
76229  13.689  1.427  -1.626 0.2500000000
69527  27.605  -5.357  -1.335 0.2500000000
77979  15.463  3.185  -3.640 0.3750000000
76246  14.585  2.317  -2.402 0.2500000000
79787  17.330  6.288  -4.754 0.2500000000
73705  10.739  -0.105  -0.234 0.1250000000
72087  13.760  -2.405  -1.895 0.2500000000
67049  18.103  -8.301  -3.764 0.2500000000
77164  15.348  2.668  -3.449 0.3750000000
118586  24.734  -10.484  -7.272 0.5000000000
63615  19.505  -12.577  -4.007 0.5000000000
61925  24.319  -15.175  -5.484 0.6250000000
62767  24.693  -13.712  -5.515 0.5000000000
64512  24.733  -11.950  -5.531 0.5000000000
109231  26.516  -5.744  -2.703 0.2500000000
65397  19.260  -10.875  -4.099 0.3750000000
66224  18.029  -9.187  -3.664 0.2500000000
61056  20.828  -15.220  -4.421 0.6250000000
111410  25.494  -7.814  -4.589 0.2500000000
60196  23.553  -16.261  -4.904 0.6250000000
61065  23.915  -15.879  -5.248 0.5000000000
62766  25.820  -14.305  -5.557 0.2500000000
61062  26.292  -15.519  -5.302 0.2500000000
63611  26.876  -13.650  -4.868 0.2500000000
64511  25.265  -11.791  -5.275 0.3750000000
125190  24.881  -10.408  -6.204 0.3750000000
61054  25.121  -16.165  -5.246 0.5000000000
61047  25.113  -15.933  -4.411 0.3750000000
62752  19.030  -13.043  -3.741 0.3750000000
60180  23.625  -16.749  -3.927 0.3750000000
109991  25.547  -10.083  -4.637 0.2500000000
110541  25.845  -7.890  -3.479 0.2500000000
72066  12.571  -2.365  -0.627 0.1250000000
60181  20.353  -17.050  -3.876 0.5000000000
59337  23.038  -17.135  -3.562 0.2500000000
58536  22.014  -18.111  -3.353 0.3750000000
122863  21.833  -17.801  -3.929 0.5000000000
60191  21.085  -16.848  -4.227 0.5000000000
59350  19.750  -17.398  -3.388 0.3750000000
60182  19.522  -16.333  -3.447 0.5000000000
60192  20.339  -16.004  -4.128 0.5000000000
61057  20.013  -15.011  -4.158 0.3750000000
58532  17.878  -18.345  -2.116 0.1250000000
59339  19.239  -17.933  -2.981 0.3750000000
61900  19.304  -14.756  -3.741 0.2500000000
57731  18.164  -20.029  -1.976 0.1250000000
58531  18.740  -18.533  -2.644 0.2500000000
58530  19.564  -18.840  -3.069 0.3750000000
57736  21.067  -19.175  -3.553 0.3750000000
58538  20.794  -18.571  -3.789 0.5000000000
58524  17.269  -18.546  -1.709 0.1250000000
58539  20.040  -18.304  -3.414 0.3750000000
60174  18.137  -16.711  -2.332 0.1250000000
61892  18.340  -15.211  -2.577 0.1250000000
77111  29.776  3.417  -0.399 0.1250000000
61914  19.774  -14.167  -4.076 0.3750000000
59356  22.301  -17.230  -4.210 0.3750000000
122869  21.287  -16.040  -4.435 0.5000000000
59357  21.621  -17.316  -4.194 0.5000000000
62739  18.925  -13.847  -3.660 0.2500000000
115787  20.417  -17.843  -3.730 0.5000000000
59349  21.058  -17.792  -4.080 0.5000000000
59348  22.528  -17.530  -3.688 0.3750000000
58537  21.382  -18.457  -3.734 0.3750000000
60173  18.971  -16.981  -2.860 0.2500000000
61041  18.655  -16.058  -2.748 0.1250000000
60183  19.009  -15.401  -3.269 0.1250000000
61049  19.624  -15.495  -3.788 0.1250000000
123676  17.279  -17.985  -1.778 0.1250000000
59340  18.426  -17.629  -2.482 0.2500000000
59341  17.634  -17.419  -2.027 0.1250000000
61901  18.588  -14.592  -3.173 0.1250000000
127341  17.430  -19.771  -1.540 0.1250000000
57720  17.643  -19.149  -1.854 0.1250000000
131264  19.083  -19.270  -2.777 0.3750000000
114019  18.970  -19.932  -2.575 0.2500000000
56854  20.323  -20.160  -2.689 0.2500000000
65385  18.453  -10.234  -3.728 0.2500000000
58528  21.551  -18.808  -3.152 0.2500000000
57732  18.385  -19.211  -2.347 0.1250000000
58529  20.434  -19.128  -3.362 0.2500000000
57730  19.849  -19.698  -2.940 0.2500000000
56855  19.633  -20.468  -2.576 0.1250000000
65386  17.600  -9.957  -3.332 0.1250000000
80617  16.829  7.781  -3.811 0.1250000000
81388  17.893  9.355  -5.377 0.1250000000
120300  16.712  8.258  -3.257 0.1250000000
82110  17.528  10.348  -4.056 0.1250000000
81365  16.777  8.459  -2.597 0.1250000000
81377  16.798  8.844  -3.299 0.1250000000
82770  17.491  11.021  -3.765 0.1250000000
80618  16.498  7.167  -3.215 0.1250000000
82094  17.440  10.859  -2.932 0.1250000000
76228  14.079  1.907  -1.516 0.1250000000
62740  18.299  -13.132  -3.368 0.1250000000
118070  17.666  -10.851  -3.233 0.1250000000
77964  14.566  4.078  -2.672 0.1250000000
79774  15.922  6.645  -2.640 0.1250000000
80596  16.385  7.167  -2.412 0.1250000000
80608  16.785  7.694  -2.832 0.1250000000
82093  16.853  8.936  -2.123 0.1250000000
82744  16.905  10.047  -1.128 0.1250000000
67038  17.477  -8.513  -3.338 0.1250000000
82120  17.727  9.815  -4.992 0.1250000000
64481  18.513  -11.321  -3.638 0.1250000000
64482  17.875  -11.834  -3.253 0.1250000000
77152  14.540  3.261  -2.605 0.1250000000
65375  17.255  -10.034  -2.898 0.1250000000
117139  16.733  9.056  -2.656 0.1250000000
114583  17.211  7.994  -2.518 0.1250000000
61048  24.122  -16.246  -3.703 0.1250000000
61891  25.553  -15.385  -3.814 0.1250000000
61910  26.914  -15.134  -4.826 0.1250000000
62748  27.116  -14.494  -4.865 0.1250000000
64480  26.706  -12.031  -4.107 0.1250000000
125249  25.992  -10.958  -4.280 0.1250000000
65394  26.093  -10.215  -3.850 0.1250000000
109193  25.732  -9.306  -4.207 0.1250000000
109229  27.088  -8.163  -1.788 0.1250000000
109194  26.409  -8.420  -2.524 0.1250000000
128906  25.683  -8.491  -4.106 0.1250000000
110800  28.296  -6.920  -1.009 0.1250000000
124799  26.093  -6.958  -3.191 0.1250000000
119244  29.485  -6.434  -0.622 0.1250000000
109207  27.937  -6.162  -1.070 0.1250000000
109205  27.212  -6.057  -1.677 0.1250000000
58523  21.618  -18.915  -2.271 0.1250000000
57729  20.693  -19.667  -3.078 0.1250000000
58527  22.024  -18.234  -2.573 0.1250000000
60172  22.747  -16.919  -2.211 0.1250000000
61039  24.348  -15.084  -2.259 0.1250000000
61040  23.768  -15.788  -2.643 0.1250000000
61889  26.606  -15.025  -3.929 0.1250000000
117761  27.567  -13.541  -3.291 0.1250000000
122773  26.671  -11.102  -3.583 0.1250000000
65384  26.615  -10.276  -3.123 0.1250000000
109225  27.236  -9.179  -2.028 0.1250000000
111466  29.085  -7.029  -0.766 0.1250000000
109233  28.416  -5.496  -0.708 0.1250000000
109224  30.515  -5.347  -0.577 0.1250000000
109223  30.298  -6.192  -0.663 0.1250000000
110850  28.913  -4.881  -0.433 0.1250000000
60171  23.287  -16.708  -3.031 0.1250000000
113246  24.638  -15.513  -3.284 0.1250000000
109693  26.632  -6.197  -2.351 0.1250000000
62737  27.344  -13.819  -4.219 0.1250000000
128334  26.243  -7.593  -2.720 0.1250000000
59338  22.629  -17.541  -2.941 0.1250000000
59330  22.335  -17.496  -1.896 0.1250000000
57728  21.205  -19.466  -2.902 0.1250000000
62738  27.208  -14.409  -4.115 0.1250000000
63598  27.464  -12.983  -3.723 0.1250000000
117375  26.139  -9.627  -3.401 0.1250000000
109230  26.578  -7.703  -2.136 0.1250000000
66216  26.526  -9.437  -2.756 0.1250000000
109232  27.872  -7.662  -1.415 0.1250000000
109226  26.501  -6.994  -2.341 0.1250000000
109200  28.745  -6.288  -0.674 0.1250000000
110804  29.986  -7.021  -0.828 0.1250000000
57718  21.290  -19.600  -1.960 0.1250000000
58522  21.957  -18.201  -1.555 0.1250000000
61890  25.992  -14.213  -2.608 0.1250000000
110828  31.182  -5.849  -0.885 0.1250000000
59347  23.053  -17.058  -4.117 0.2500000000
60187  24.286  -16.282  -5.083 0.5000000000
61053  25.912  -15.918  -5.168 0.3750000000
61064  24.916  -15.957  -5.460 0.6250000000
61066  22.996  -15.844  -4.953 0.6250000000
61923  26.624  -14.976  -5.351 0.2500000000
63599  27.015  -13.040  -4.345 0.1250000000
64513  23.804  -11.562  -5.863 0.7500000000
65417  23.196  -11.076  -6.629 0.7500000000
65419  21.973  -10.084  -5.942 0.7500000000
65424  25.176  -10.136  -7.215 0.7500000000
65425  25.023  -10.936  -7.281 0.5000000000
65426  24.350  -10.785  -7.405 0.7500000000
66250  20.466  -8.714  -4.921 0.7500000000
66255  21.690  -9.156  -6.099 0.8750000000
66257  25.171  -9.543  -7.205 0.7500000000
66258  25.309  -9.488  -7.242 0.7500000000
66259  24.074  -9.615  -7.310 0.7500000000
66261  22.212  -9.325  -7.288 0.8750000000
66262  21.626  -8.447  -6.386 0.8750000000
67068  21.323  -7.530  -5.659 1.0000000000
67886  25.280  -7.068  -7.139 0.7500000000
67888  23.686  -7.642  -7.207 0.8750000000
68682  21.597  -6.502  -5.686 1.0000000000
68684  24.691  -6.476  -7.170 0.8750000000
68686  22.402  -6.522  -5.965 0.8750000000
69528  26.348  -5.372  -3.137 0.3750000000
69564  25.424  -5.450  -5.552 0.6250000000
69584  25.278  -5.767  -6.682 0.8750000000
69586  24.236  -5.761  -6.686 0.8750000000
70365  28.131  -4.564  -0.912 0.1250000000
70387  26.950  -4.185  -2.268 0.3750000000
70426  19.954  -3.853  -5.507 1.0000000000
70440  25.008  -4.588  -5.617 0.8750000000
70443  21.502  -4.009  -5.760 1.0000000000
70448  24.925  -5.695  -6.010 1.0000000000
70450  23.459  -4.788  -5.603 1.0000000000
71234  28.403  -2.897  -0.844 0.5000000000
71282  17.713  -2.692  -4.369 1.0000000000
71294  26.007  -3.676  -5.082 0.7500000000
71312  20.097  -2.482  -5.756 1.0000000000
72057  31.364  -2.080  -0.825 0.1250000000
72101  27.208  -2.602  -2.257 0.6250000000
72136  26.067  -2.590  -4.395 0.7500000000
72150  25.591  -3.036  -5.365 0.7500000000
72153  18.076  -1.664  -4.732 1.0000000000
72169  22.688  -2.170  -6.274 1.0000000000
72876  30.378  -1.197  -0.525 0.1250000000
72877  29.763  -1.747  -0.446 0.1250000000
72882  11.728  -1.646  -0.239 0.1250000000
72891  31.591  -1.496  -1.116 0.1250000000
72953  17.295  -0.969  -4.095 1.0000000000
72965  25.966  -1.937  -4.962 0.8750000000
72979  25.169  -1.055  -6.102 1.0000000000
72983  21.371  -1.466  -6.472 1.0000000000
72984  20.498  -1.418  -6.401 1.0000000000
72987  18.283  -0.436  -5.374 1.0000000000
72988  18.527  0.021  -5.714 1.0000000000
72997  18.885  -0.394  -5.846 1.0000000000
73699  30.079  -0.516  -0.494 0.1250000000
73713  32.000  -0.508  -1.909 0.1250000000
73716  27.777  -0.761  -1.431 0.6250000000
73724  10.835  -0.454  -0.661 0.1250000000
73732  27.116  -0.469  -2.558 0.6250000000
73743  14.213  -0.104  -2.288 0.5000000000
73771  25.835  -0.433  -5.169 0.8750000000
73772  17.320  -0.550  -4.281 1.0000000000
73779  17.723  -0.547  -4.790 1.0000000000
73790  24.818  -0.415  -6.495 1.0000000000
73792  21.134  -0.623  -6.584 1.0000000000
73794  19.722  -0.491  -6.518 1.0000000000
74498  30.505  0.182  -0.584 0.1250000000
74520  10.732  0.358  -0.576 0.1250000000
74529  27.013  0.153  -2.805 0.6250000000
74538  14.034  0.619  -2.930 0.6250000000
74554  13.916  1.045  -3.369 0.8750000000
74569  25.617  0.405  -5.335 1.0000000000
74570  16.843  0.285  -4.135 1.0000000000
74572  15.726  1.027  -2.979 0.8750000000
74576  24.623  1.231  -5.991 1.0000000000
74599  18.786  1.103  -6.427 1.0000000000
75324  31.198  1.176  -0.940 0.1250000000
75332  11.031  1.355  -0.440 0.2500000000
75342  29.234  1.570  -0.470 0.1250000000
75350  14.008  0.687  -1.961 0.5000000000
75362  26.413  1.602  -3.246 0.7500000000
75386  15.553  1.579  -3.234 0.8750000000
75387  14.649  1.590  -2.931 0.8750000000
75403  24.605  2.221  -5.498 1.0000000000
75409  16.629  0.914  -4.204 0.8750000000
75423  19.867  1.307  -6.609 1.0000000000
76254  26.213  2.445  -3.526 0.6250000000
76256  15.308  2.196  -3.323 0.6250000000
76285  24.181  3.048  -5.827 1.0000000000
76300  22.346  2.408  -6.579 1.0000000000
76304  18.893  2.160  -6.332 1.0000000000
77126  28.878  2.999  -0.398 0.1250000000
77944  26.794  5.143  -2.123 0.3750000000
77974  25.981  4.276  -3.579 0.7500000000
77990  25.433  4.669  -3.962 0.7500000000
78007  23.822  4.267  -5.839 1.0000000000
78022  22.656  4.810  -6.294 1.0000000000
78813  27.511  5.851  -0.683 0.3750000000
78870  24.438  5.075  -4.781 0.8750000000
78895  22.122  5.565  -6.116 1.0000000000
78897  20.753  6.004  -6.291 1.0000000000
79729  28.892  6.244  -0.444 0.1250000000
79730  28.061  6.415  -0.464 0.2500000000
79768  25.008  5.801  -3.275 0.5000000000
80557  27.326  7.610  -0.958 0.2500000000
80571  26.888  8.341  -1.366 0.2500000000
80589  24.459  7.411  -2.552 0.5000000000
80615  22.222  7.321  -4.925 0.8750000000
81332  28.045  7.909  -0.725 0.1250000000
82076  26.542  9.061  -1.591 0.1250000000
82090  26.347  9.761  -1.847 0.1250000000
82765  27.542  10.960  -3.193 0.1250000000
83472  27.052  11.368  -3.836 0.1250000000
83473  26.272  11.561  -3.533 0.1250000000
83474  25.431  11.753  -3.316 0.3750000000
85421  22.291  14.233  -4.738 0.3750000000
109198  24.887  -9.510  -6.187 0.5000000000
109199  26.918  -6.659  -1.834 0.1250000000
109204  25.168  -8.919  -7.140 0.6250000000
109208  31.878  -6.148  -1.451 0.1250000000
109214  25.825  -6.421  -3.748 0.2500000000
109216  25.986  -8.875  -3.358 0.1250000000
109220  25.810  -7.433  -6.584 0.6250000000
109222  31.042  -6.773  -1.170 0.1250000000
109228  29.434  -5.618  -0.475 0.1250000000
109351  18.530  0.430  -5.768 1.0000000000
109353  18.296  0.188  -5.571 1.0000000000
109957  25.085  -10.005  -5.417 0.3750000000
110136  25.129  -7.895  -5.734 0.2500000000
110282  32.604  -3.529  -2.582 0.1250000000
110993  27.018  -7.326  -1.736 0.1250000000
112163  19.989  2.224  -6.568 1.0000000000
112297  28.677  -7.560  -1.089 0.1250000000
112521  27.537  -6.785  -1.449 0.1250000000
113702  18.593  1.227  -5.953 1.0000000000
113862  24.889  13.081  -8.108 0.1250000000
114622  16.600  0.074  -3.739 1.0000000000
115405  11.909  -1.163  -1.332 0.3750000000
116531  24.129  -14.142  -5.505 0.6250000000
117428  23.192  1.178  -6.515 1.0000000000
119306  19.625  -4.527  -5.340 1.0000000000
120885  17.197  0.642  -4.661 1.0000000000
120908  18.799  0.435  -6.074 1.0000000000
122975  24.034  -5.533  -5.838 1.0000000000
123605  30.850  0.841  -0.663 0.1250000000
124363  25.335  -1.907  -5.621 0.8750000000
124501  12.316  -1.910  -1.192 0.2500000000
125379  25.229  -7.742  -7.144 0.7500000000
125405  25.441  -6.071  -5.580 0.6250000000
125734  26.369  -6.573  -2.760 0.1250000000
125801  32.167  -4.124  -4.142 0.1250000000
126157  19.800  -1.467  -5.935 1.0000000000
126524  25.578  -7.718  -7.129 0.6250000000
126582  18.718  1.389  -6.402 1.0000000000
127384  26.489  -15.510  -4.858 0.1250000000
127549  25.176  -6.231  -7.161 0.7500000000
128006  17.017  -0.144  -4.099 1.0000000000
128013  23.520  -11.218  -6.071 0.7500000000
128146  28.379  0.562  -0.755 0.5000000000
128845  17.595  -1.411  -4.348 1.0000000000
129082  23.292  -7.048  -7.129 0.8750000000
129170  25.876  -11.620  -4.655 0.1250000000
129273  18.907  0.668  -6.589 1.0000000000
131202  24.800  -9.672  -7.241 0.7500000000
131791  22.394  -3.278  -5.915 1.0000000000
131888  25.350  -3.799  -5.454 0.7500000000
132024  19.942  -12.785  -4.267 0.5000000000
132153  27.328  1.343  -1.921 0.6250000000
132683  17.104  1.056  -4.687 1.0000000000
133662  24.820  -11.002  -5.741 0.5000000000
133757  32.302  -6.045  -1.807 0.1250000000
134005  23.351  5.188  -5.630 1.0000000000
