#!ascii label  , from subject sub-v1s21x0050415_ses-1 vox2ras=TkReg
675
49323  25.317  -22.724  86.098 0.0000000000
61621  37.431  -10.185  65.612 0.0000000000
58888  38.460  -11.409  61.617 0.0000000000
61508  39.240  -8.816  77.294 0.0000000000
45024  31.334  -26.161  80.858 0.0000000000
42873  29.662  -27.720  85.045 0.0000000000
62633  39.394  -7.988  61.594 0.0000000000
64493  45.572  -5.650  66.344 0.0000000000
56939  36.632  -13.941  78.687 0.0000000000
49361  34.362  -22.851  81.821 0.0000000000
129999  46.404  -9.105  61.330 0.0000000000
114416  39.011  -8.382  59.556 0.0000000000
58787  36.596  -11.762  73.046 0.0000000000
64446  40.952  -6.392  71.905 0.0000000000
46056  28.511  -25.416  83.742 0.0000000000
47106  27.787  -24.944  86.018 0.0000000000
61619  39.371  -8.830  64.293 0.0000000000
63572  42.130  -6.063  62.964 0.0000000000
63558  41.668  -7.164  65.918 0.0000000000
54097  38.716  -17.460  78.249 0.0000000000
43952  32.973  -26.687  82.483 0.0000000000
47153  32.892  -24.977  80.752 0.0000000000
46079  34.524  -25.577  81.001 0.0000000000
64528  44.674  -4.982  61.152 0.0000000000
132915  43.874  -9.840  58.867 0.0000000000
62675  42.663  -8.309  58.705 0.0000000000
59840  38.514  -9.872  60.687 0.0000000000
61696  37.838  -8.852  59.844 0.0000000000
59874  38.269  -10.429  59.622 0.0000000000
59875  37.335  -11.601  58.666 0.0000000000
58008  36.994  -13.397  60.712 0.0000000000
59674  37.868  -11.184  78.770 0.0000000000
58770  36.669  -12.390  76.591 0.0000000000
62497  37.893  -8.574  76.420 0.0000000000
132600  37.895  -7.789  72.560 0.0000000000
121735  39.949  -5.789  74.937 0.0000000000
64428  42.710  -5.686  73.087 0.0000000000
62504  41.517  -7.495  74.819 0.0000000000
44988  30.662  -26.747  83.945 0.0000000000
59827  37.732  -9.895  61.004 0.0000000000
60707  39.427  -9.453  61.068 0.0000000000
60698  41.244  -9.230  62.843 0.0000000000
61605  43.996  -9.221  66.365 0.0000000000
53064  35.510  -18.270  80.690 0.0000000000
54951  36.487  -16.838  79.698 0.0000000000
56938  38.397  -14.539  78.602 0.0000000000
131917  39.683  -13.263  77.279 0.0000000000
59712  40.273  -11.172  75.583 0.0000000000
51246  33.960  -20.676  80.866 0.0000000000
128669  35.767  -21.255  81.363 0.0000000000
61711  46.925  -9.974  58.019 0.0000000000
63629  40.758  -6.737  58.717 0.0000000000
61715  40.194  -9.602  58.184 0.0000000000
59898  37.495  -11.923  56.833 0.0000000000
62580  40.559  -8.788  68.594 0.0000000000
64472  43.851  -6.026  70.051 0.0000000000
62555  44.969  -7.061  70.535 0.0000000000
48247  25.345  -23.567  86.065 0.0000000000
47107  26.840  -24.647  85.570 0.0000000000
46030  26.748  -25.414  85.866 0.0000000000
115862  37.997  -10.060  64.752 0.0000000000
62607  41.057  -7.529  65.289 0.0000000000
62599  39.742  -9.067  66.166 0.0000000000
44998  33.676  -26.197  81.401 0.0000000000
65500  43.483  -3.969  61.406 0.0000000000
63611  43.587  -7.016  59.507 0.0000000000
64564  42.722  -5.943  59.702 0.0000000000
59825  39.004  -10.278  61.207 0.0000000000
59855  38.336  -10.287  59.984 0.0000000000
58897  38.186  -10.934  60.585 0.0000000000
58907  37.297  -11.927  59.759 0.0000000000
60576  38.383  -9.975  78.194 0.0000000000
60577  37.994  -9.958  78.276 0.0000000000
62476  38.581  -8.792  77.461 0.0000000000
63466  38.289  -7.367  75.847 0.0000000000
63455  39.754  -7.626  76.388 0.0000000000
64391  40.744  -6.170  75.305 0.0000000000
62496  40.540  -7.837  76.068 0.0000000000
44989  29.822  -26.430  83.705 0.0000000000
44977  30.571  -27.173  84.316 0.0000000000
43941  31.157  -27.465  84.107 0.0000000000
61640  38.544  -8.851  61.537 0.0000000000
121463  36.947  -10.439  61.211 0.0000000000
61646  38.427  -9.073  61.148 0.0000000000
60714  39.153  -8.959  60.643 0.0000000000
61645  40.034  -8.207  61.231 0.0000000000
60699  40.635  -9.420  62.343 0.0000000000
61638  40.910  -8.178  62.072 0.0000000000
63565  43.840  -5.878  64.752 0.0000000000
61616  43.634  -7.956  64.725 0.0000000000
62605  45.123  -7.220  65.849 0.0000000000
61604  44.792  -8.685  66.886 0.0000000000
62594  45.585  -7.427  67.294 0.0000000000
126142  36.205  -18.700  80.410 0.0000000000
54072  35.727  -17.554  80.440 0.0000000000
53062  36.596  -18.127  80.040 0.0000000000
54970  38.722  -16.784  78.286 0.0000000000
136691  39.352  -14.051  77.687 0.0000000000
48280  34.273  -23.786  81.477 0.0000000000
49370  33.972  -22.327  81.353 0.0000000000
130557  34.232  -21.752  81.465 0.0000000000
122224  34.938  -20.826  81.822 0.0000000000
50318  35.433  -21.755  81.657 0.0000000000
63583  47.719  -7.418  62.477 0.0000000000
116308  46.308  -9.665  59.833 0.0000000000
125136  42.845  -10.421  58.084 0.0000000000
132467  38.364  -8.727  59.604 0.0000000000
62680  39.092  -8.376  59.417 0.0000000000
62679  39.430  -8.087  58.789 0.0000000000
63631  39.878  -7.251  58.349 0.0000000000
62678  39.859  -7.734  58.620 0.0000000000
61694  40.502  -8.650  58.415 0.0000000000
61716  39.413  -9.420  58.529 0.0000000000
114518  36.595  -12.664  58.284 0.0000000000
59887  37.411  -11.665  57.717 0.0000000000
55897  35.683  -15.426  78.989 0.0000000000
56953  36.150  -14.550  77.799 0.0000000000
114145  36.770  -11.753  74.069 0.0000000000
57903  35.675  -13.657  74.449 0.0000000000
64448  38.829  -6.739  72.190 0.0000000000
121246  36.957  -7.826  71.386 0.0000000000
63524  38.351  -7.697  70.946 0.0000000000
123959  39.109  -8.736  69.715 0.0000000000
63522  40.743  -7.798  70.418 0.0000000000
63534  42.123  -7.559  69.544 0.0000000000
64460  42.456  -6.397  71.030 0.0000000000
62516  43.068  -7.548  73.240 0.0000000000
64426  43.860  -6.527  71.826 0.0000000000
62528  44.154  -7.858  71.856 0.0000000000
61557  44.646  -9.584  71.229 0.0000000000
47115  28.066  -24.961  85.421 0.0000000000
44967  28.833  -26.857  85.633 0.0000000000
42875  28.645  -28.193  85.484 0.0000000000
43919  27.729  -26.923  86.293 0.0000000000
62619  39.949  -7.803  62.679 0.0000000000
62624  41.032  -7.319  62.145 0.0000000000
63573  41.579  -6.409  63.154 0.0000000000
63566  42.035  -5.529  63.769 0.0000000000
64495  44.169  -4.931  65.890 0.0000000000
46068  32.017  -25.962  82.099 0.0000000000
46081  32.490  -25.580  81.489 0.0000000000
46066  33.088  -25.941  81.715 0.0000000000
47134  34.222  -24.930  80.978 0.0000000000
47151  34.529  -24.378  81.328 0.0000000000
49359  35.411  -23.267  81.505 0.0000000000
46094  34.945  -25.605  80.389 0.0000000000
63592  45.482  -7.060  61.058 0.0000000000
61670  44.716  -9.350  59.836 0.0000000000
62663  44.229  -8.390  59.735 0.0000000000
61691  43.381  -9.341  58.810 0.0000000000
61713  42.017  -10.099  58.090 0.0000000000
60720  37.967  -9.217  60.704 0.0000000000
60719  37.982  -8.887  60.339 0.0000000000
60727  38.371  -9.816  60.151 0.0000000000
60744  38.582  -9.779  59.768 0.0000000000
60759  38.141  -10.639  58.703 0.0000000000
59856  37.722  -11.215  59.596 0.0000000000
58923  36.922  -12.281  59.113 0.0000000000
57876  37.489  -12.941  78.816 0.0000000000
57883  36.766  -13.244  78.206 0.0000000000
131987  37.423  -11.331  78.184 0.0000000000
60599  37.325  -10.455  76.153 0.0000000000
60620  37.479  -10.356  74.103 0.0000000000
61553  37.385  -9.307  72.757 0.0000000000
124341  37.887  -7.858  74.278 0.0000000000
64417  38.539  -6.617  74.083 0.0000000000
65389  40.174  -5.520  73.265 0.0000000000
134914  41.419  -5.588  72.535 0.0000000000
64414  41.850  -5.130  74.103 0.0000000000
64402  42.105  -5.923  74.266 0.0000000000
62517  41.910  -8.176  74.179 0.0000000000
46070  29.011  -25.661  82.342 0.0000000000
46069  29.864  -26.192  82.713 0.0000000000
45002  30.866  -26.441  82.681 0.0000000000
133171  31.811  -26.658  83.246 0.0000000000
43953  32.643  -27.102  82.965 0.0000000000
59826  38.628  -10.059  60.731 0.0000000000
59816  38.971  -10.687  61.472 0.0000000000
59815  39.473  -10.731  62.087 0.0000000000
60688  41.047  -10.303  63.467 0.0000000000
60681  41.867  -10.370  64.914 0.0000000000
61628  42.393  -8.011  63.547 0.0000000000
61617  43.102  -9.001  64.599 0.0000000000
53082  34.203  -18.567  79.439 0.0000000000
54073  35.015  -17.475  80.382 0.0000000000
54959  35.750  -16.449  79.917 0.0000000000
55888  36.740  -15.263  79.526 0.0000000000
54084  38.004  -17.179  78.840 0.0000000000
116831  37.789  -15.892  79.183 0.0000000000
57868  37.541  -13.589  78.913 0.0000000000
118325  38.386  -12.723  78.476 0.0000000000
58751  38.851  -12.329  78.237 0.0000000000
59690  39.695  -10.820  77.587 0.0000000000
60598  40.521  -10.378  76.171 0.0000000000
116697  40.138  -11.911  76.872 0.0000000000
118705  34.782  -19.275  80.776 0.0000000000
51233  35.668  -19.802  81.009 0.0000000000
51255  36.522  -20.385  80.044 0.0000000000
121017  36.125  -22.969  80.813 0.0000000000
49379  36.310  -22.090  79.173 0.0000000000
114583  47.855  -9.853  58.315 0.0000000000
64566  41.221  -5.859  59.215 0.0000000000
122127  41.145  -7.554  58.599 0.0000000000
61693  41.556  -9.221  58.326 0.0000000000
60756  39.904  -10.454  57.663 0.0000000000
60758  38.604  -10.395  58.324 0.0000000000
60775  38.701  -11.082  57.219 0.0000000000
59896  38.940  -11.421  56.236 0.0000000000
57889  36.150  -13.847  76.217 0.0000000000
118155  37.603  -9.671  67.818 0.0000000000
61594  39.483  -9.409  67.222 0.0000000000
62587  41.404  -8.226  68.075 0.0000000000
63543  42.934  -6.724  67.537 0.0000000000
64481  44.871  -5.186  68.099 0.0000000000
130402  43.001  -5.865  71.568 0.0000000000
64471  44.860  -5.808  69.689 0.0000000000
64470  45.503  -5.749  68.763 0.0000000000
62565  45.604  -7.935  69.568 0.0000000000
60609  40.562  -10.329  75.045 0.0000000000
61542  40.968  -9.726  73.836 0.0000000000
49312  25.494  -23.241  86.070 0.0000000000
114650  25.105  -22.948  86.618 0.0000000000
48246  26.013  -23.853  85.655 0.0000000000
61620  38.551  -9.731  65.334 0.0000000000
61607  39.317  -9.228  65.495 0.0000000000
64545  43.374  -5.277  60.420 0.0000000000
64546  42.047  -4.886  60.547 0.0000000000
58889  38.119  -11.401  61.137 0.0000000000
61493  39.056  -9.434  77.810 0.0000000000
61494  38.601  -9.240  77.773 0.0000000000
62475  38.879  -8.733  77.453 0.0000000000
62490  38.871  -8.220  77.081 0.0000000000
62489  39.206  -8.193  77.004 0.0000000000
62488  39.940  -8.599  76.684 0.0000000000
44966  29.412  -27.142  85.165 0.0000000000
44978  29.802  -26.831  84.531 0.0000000000
117431  29.965  -27.391  84.714 0.0000000000
41855  30.424  -28.894  84.313 0.0000000000
62627  38.884  -8.537  62.092 0.0000000000
62634  38.976  -8.176  61.142 0.0000000000
61650  38.937  -8.336  60.849 0.0000000000
61649  39.489  -7.947  61.216 0.0000000000
61639  40.358  -8.262  61.672 0.0000000000
62632  40.050  -7.729  61.734 0.0000000000
64500  44.886  -5.189  65.589 0.0000000000
63564  44.963  -6.227  65.558 0.0000000000
63556  45.532  -6.673  66.234 0.0000000000
62595  45.320  -7.748  66.511 0.0000000000
63550  45.657  -6.402  67.035 0.0000000000
52182  36.563  -19.504  80.164 0.0000000000
52170  36.607  -18.800  80.099 0.0000000000
52181  37.110  -18.905  79.522 0.0000000000
48292  33.946  -23.269  81.304 0.0000000000
117866  34.497  -21.998  81.728 0.0000000000
50319  34.909  -21.479  82.008 0.0000000000
49360  35.020  -22.506  82.041 0.0000000000
62646  47.043  -8.579  62.038 0.0000000000
62640  48.113  -8.012  62.371 0.0000000000
61656  47.159  -9.283  61.463 0.0000000000
126281  46.482  -9.423  60.785 0.0000000000
61695  39.519  -8.467  58.726 0.0000000000
61717  39.068  -9.225  58.820 0.0000000000
58025  36.489  -13.237  58.845 0.0000000000
58039  36.340  -13.523  57.961 0.0000000000
56940  36.135  -14.740  78.790 0.0000000000
64447  39.851  -6.608  71.974 0.0000000000
63508  38.158  -7.380  71.727 0.0000000000
63507  39.217  -7.342  71.354 0.0000000000
127749  39.872  -7.756  70.734 0.0000000000
63506  40.353  -7.220  71.265 0.0000000000
63521  41.827  -7.354  70.379 0.0000000000
63505  41.420  -6.911  71.156 0.0000000000
62530  43.011  -8.264  73.046 0.0000000000
62529  43.549  -7.951  72.626 0.0000000000
61550  43.477  -8.970  72.263 0.0000000000
61558  43.977  -9.526  71.661 0.0000000000
47116  27.383  -24.627  85.228 0.0000000000
46035  28.275  -25.596  85.747 0.0000000000
46028  28.089  -25.648  86.179 0.0000000000
43918  28.395  -26.900  86.099 0.0000000000
44955  28.011  -26.222  86.307 0.0000000000
61631  38.657  -9.505  64.069 0.0000000000
61641  37.897  -9.762  62.692 0.0000000000
121824  38.543  -9.212  62.845 0.0000000000
61630  39.239  -8.488  63.030 0.0000000000
127618  40.088  -7.888  63.573 0.0000000000
63567  41.556  -6.277  64.113 0.0000000000
63557  42.210  -5.806  64.758 0.0000000000
64496  43.082  -5.293  65.282 0.0000000000
63551  42.583  -6.349  66.189 0.0000000000
45000  32.565  -26.193  82.254 0.0000000000
46067  32.511  -25.932  81.906 0.0000000000
45012  34.278  -26.174  81.066 0.0000000000
46065  33.509  -25.659  81.143 0.0000000000
46080  34.086  -25.635  80.985 0.0000000000
121748  34.452  -25.061  81.055 0.0000000000
47150  34.744  -24.913  81.183 0.0000000000
64527  46.194  -5.483  61.772 0.0000000000
62662  45.015  -8.447  60.536 0.0000000000
63610  44.468  -6.901  60.204 0.0000000000
62664  43.500  -8.324  59.078 0.0000000000
61692  42.556  -9.508  58.479 0.0000000000
58898  37.264  -12.239  60.297 0.0000000000
58015  36.776  -12.805  59.599 0.0000000000
58753  37.851  -11.951  78.766 0.0000000000
58762  37.429  -11.893  78.460 0.0000000000
59675  37.885  -11.190  78.943 0.0000000000
114977  37.864  -9.534  77.594 0.0000000000
60587  37.481  -10.303  77.291 0.0000000000
120440  37.634  -9.580  76.506 0.0000000000
60610  37.479  -10.243  75.199 0.0000000000
61517  37.680  -9.186  75.405 0.0000000000
62518  37.759  -8.840  74.404 0.0000000000
62506  37.818  -8.068  75.439 0.0000000000
64393  39.474  -6.475  75.341 0.0000000000
64407  38.363  -6.683  74.804 0.0000000000
64406  39.081  -6.294  74.690 0.0000000000
64416  38.899  -6.175  73.856 0.0000000000
64405  39.709  -5.647  74.331 0.0000000000
65379  41.212  -4.889  74.112 0.0000000000
65371  40.565  -5.243  74.512 0.0000000000
62495  40.994  -7.083  75.581 0.0000000000
63475  41.381  -6.378  74.858 0.0000000000
62503  42.095  -6.995  74.314 0.0000000000
120407  28.199  -24.652  83.185 0.0000000000
47137  28.416  -24.791  82.186 0.0000000000
132189  28.618  -25.308  82.904 0.0000000000
129656  30.564  -26.554  83.354 0.0000000000
118211  31.387  -26.634  83.248 0.0000000000
60715  37.968  -9.433  60.999 0.0000000000
59841  37.641  -9.754  60.811 0.0000000000
60700  40.029  -10.168  62.133 0.0000000000
60687  41.667  -9.831  63.727 0.0000000000
60682  41.226  -10.788  64.595 0.0000000000
62617  41.644  -6.936  62.815 0.0000000000
135279  42.164  -6.884  63.078 0.0000000000
114061  43.741  -8.870  65.432 0.0000000000
60680  42.541  -9.988  65.301 0.0000000000
61606  43.229  -9.631  65.826 0.0000000000
114758  34.765  -18.490  80.446 0.0000000000
54086  34.528  -17.934  79.747 0.0000000000
54071  36.158  -17.561  80.088 0.0000000000
54952  35.936  -16.997  79.987 0.0000000000
55880  36.336  -16.230  79.700 0.0000000000
55889  36.035  -15.687  79.637 0.0000000000
55879  36.997  -15.986  79.553 0.0000000000
53080  37.991  -17.824  78.921 0.0000000000
54957  38.623  -15.913  78.420 0.0000000000
128502  38.099  -16.510  78.839 0.0000000000
55886  38.137  -15.142  78.910 0.0000000000
55887  37.398  -15.151  79.297 0.0000000000
56923  37.757  -14.378  79.023 0.0000000000
57875  38.295  -13.649  78.635 0.0000000000
57882  39.367  -13.320  77.672 0.0000000000
58761  39.491  -12.414  77.619 0.0000000000
59691  39.125  -11.351  78.112 0.0000000000
117389  39.817  -11.693  77.411 0.0000000000
136815  40.134  -11.191  77.149 0.0000000000
58760  39.939  -12.613  77.135 0.0000000000
127106  32.703  -25.171  80.847 0.0000000000
46095  32.477  -25.285  80.500 0.0000000000
47168  32.882  -24.673  80.552 0.0000000000
50343  33.600  -21.367  80.256 0.0000000000
134235  33.641  -20.713  79.901 0.0000000000
51256  33.865  -20.005  79.992 0.0000000000
113227  34.246  -19.223  80.109 0.0000000000
52172  34.430  -19.867  80.821 0.0000000000
121625  35.245  -20.960  81.704 0.0000000000
51234  35.209  -20.245  81.524 0.0000000000
50317  35.689  -20.562  81.254 0.0000000000
51245  36.200  -20.117  80.728 0.0000000000
50332  36.232  -21.100  80.742 0.0000000000
50353  36.419  -21.391  78.708 0.0000000000
61688  47.225  -9.893  59.252 0.0000000000
61730  46.671  -9.988  57.177 0.0000000000
62681  38.572  -8.612  59.334 0.0000000000
63630  40.306  -7.003  58.547 0.0000000000
63628  41.708  -7.006  58.811 0.0000000000
61714  41.161  -9.871  58.094 0.0000000000
58948  36.910  -12.357  57.112 0.0000000000
59886  37.997  -11.223  57.497 0.0000000000
60774  39.510  -11.063  56.996 0.0000000000
59897  38.152  -11.619  56.510 0.0000000000
57888  36.520  -13.371  77.002 0.0000000000
57895  36.380  -13.208  75.886 0.0000000000
62531  37.230  -8.344  72.241 0.0000000000
126423  36.946  -7.900  70.824 0.0000000000
62567  39.792  -8.876  69.301 0.0000000000
61583  38.192  -9.495  68.441 0.0000000000
61582  39.188  -9.500  68.193 0.0000000000
61595  38.594  -9.705  67.585 0.0000000000
61581  40.005  -9.116  67.868 0.0000000000
62588  40.762  -8.628  67.541 0.0000000000
63533  43.060  -6.718  69.320 0.0000000000
63544  42.304  -7.520  68.520 0.0000000000
127686  43.263  -6.633  68.490 0.0000000000
64482  43.946  -5.850  67.835 0.0000000000
119043  44.292  -5.805  69.044 0.0000000000
64429  42.174  -5.187  72.924 0.0000000000
64444  42.903  -5.696  72.296 0.0000000000
63494  44.276  -7.078  71.473 0.0000000000
64442  44.274  -6.473  71.009 0.0000000000
64457  44.782  -6.241  70.243 0.0000000000
133580  45.298  -5.637  69.324 0.0000000000
63518  45.536  -7.084  69.892 0.0000000000
122805  45.602  -6.808  69.105 0.0000000000
62554  45.408  -7.990  70.289 0.0000000000
123883  45.347  -10.034  70.677 0.0000000000
130191  40.799  -9.705  75.863 0.0000000000
48256  26.624  -24.055  85.245 0.0000000000
46029  27.597  -25.545  86.161 0.0000000000
47095  27.162  -24.970  85.862 0.0000000000
47096  26.147  -24.469  85.598 0.0000000000
61632  37.955  -9.988  63.823 0.0000000000
62609  39.960  -8.492  64.907 0.0000000000
62598  40.467  -8.351  65.688 0.0000000000
62597  40.927  -8.189  66.473 0.0000000000
43964  33.243  -27.054  82.388 0.0000000000
135056  33.279  -26.468  82.004 0.0000000000
131834  33.779  -26.895  81.777 0.0000000000
43973  34.121  -26.694  81.265 0.0000000000
63627  42.725  -7.051  59.065 0.0000000000
58906  37.932  -11.102  59.963 0.0000000000
58890  37.452  -12.360  61.034 0.0000000000
59673  38.234  -10.744  78.553 0.0000000000
60561  37.969  -10.606  78.716 0.0000000000
61495  38.299  -9.372  77.851 0.0000000000
62491  38.456  -8.290  76.972 0.0000000000
118697  38.183  -7.893  76.346 0.0000000000
63457  38.728  -7.733  76.494 0.0000000000
63465  38.972  -7.024  75.908 0.0000000000
63464  39.604  -6.914  75.936 0.0000000000
64392  40.130  -6.252  75.374 0.0000000000
63463  40.306  -6.905  75.864 0.0000000000
62505  41.234  -8.203  75.508 0.0000000000
46044  29.094  -26.115  84.231 0.0000000000
44976  31.292  -26.916  83.749 0.0000000000
60708  37.586  -9.933  61.554 0.0000000000
129815  39.293  -8.767  60.588 0.0000000000
60706  40.028  -8.928  61.423 0.0000000000
61629  41.609  -8.381  62.957 0.0000000000
63571  42.759  -6.042  63.864 0.0000000000
62615  43.440  -6.749  64.442 0.0000000000
62606  44.338  -7.020  65.142 0.0000000000
62596  44.521  -8.177  65.812 0.0000000000
62586  45.361  -8.241  67.248 0.0000000000
61591  45.479  -8.314  67.834 0.0000000000
52158  35.763  -19.017  80.793 0.0000000000
53063  36.010  -18.192  80.512 0.0000000000
54070  36.738  -17.436  79.735 0.0000000000
55895  39.285  -15.450  77.752 0.0000000000
56937  39.057  -14.419  78.105 0.0000000000
56951  39.459  -14.738  77.548 0.0000000000
56950  39.678  -14.328  77.215 0.0000000000
47152  33.720  -24.342  80.841 0.0000000000
48293  33.532  -23.991  80.746 0.0000000000
49380  33.257  -22.561  79.980 0.0000000000
126618  33.597  -22.118  80.534 0.0000000000
50333  33.908  -21.551  81.103 0.0000000000
51235  34.746  -20.420  81.427 0.0000000000
50320  34.474  -21.230  81.556 0.0000000000
61655  48.034  -9.340  61.218 0.0000000000
61668  47.194  -9.622  60.484 0.0000000000
60742  43.382  -10.078  58.551 0.0000000000
63632  39.474  -7.774  58.389 0.0000000000
62677  40.474  -7.564  58.566 0.0000000000
58940  36.883  -12.261  57.815 0.0000000000
119024  36.458  -12.894  57.443 0.0000000000
55898  35.054  -15.904  78.427 0.0000000000
59720  36.847  -11.776  74.968 0.0000000000
57902  36.153  -13.091  74.945 0.0000000000
58781  36.470  -12.407  74.533 0.0000000000
58782  36.005  -12.914  74.096 0.0000000000
63497  38.083  -7.463  72.349 0.0000000000
62543  37.301  -7.776  71.912 0.0000000000
63509  37.542  -7.592  71.847 0.0000000000
62559  37.426  -7.665  71.256 0.0000000000
116530  37.656  -7.981  70.529 0.0000000000
62568  38.156  -8.581  69.783 0.0000000000
62558  38.747  -8.282  70.297 0.0000000000
62557  39.757  -8.353  70.105 0.0000000000
62566  40.625  -8.468  69.550 0.0000000000
62579  41.428  -8.266  69.038 0.0000000000
62556  41.336  -7.965  69.760 0.0000000000
63520  42.765  -6.630  70.205 0.0000000000
64412  42.971  -6.254  73.261 0.0000000000
64427  43.299  -6.286  72.530 0.0000000000
63495  43.791  -7.067  72.310 0.0000000000
123557  44.601  -7.721  71.198 0.0000000000
130551  44.988  -8.055  70.785 0.0000000000
62542  44.572  -8.516  71.280 0.0000000000
47124  28.031  -24.620  84.380 0.0000000000
46045  28.430  -25.562  84.792 0.0000000000
44979  28.860  -26.415  85.192 0.0000000000
43929  28.917  -27.512  85.516 0.0000000000
42874  29.262  -28.111  85.248 0.0000000000
43930  28.191  -27.623  86.018 0.0000000000
44956  27.315  -26.208  86.201 0.0000000000
122228  38.083  -9.388  62.130 0.0000000000
62626  39.650  -7.953  62.060 0.0000000000
62625  40.307  -7.559  61.963 0.0000000000
62618  40.788  -7.181  62.736 0.0000000000
62608  40.771  -7.336  64.048 0.0000000000
64507  42.258  -5.618  63.506 0.0000000000
64506  42.887  -5.714  64.147 0.0000000000
65440  44.703  -4.832  65.790 0.0000000000
65437  44.904  -4.646  66.219 0.0000000000
45013  31.807  -25.888  81.833 0.0000000000
46082  31.884  -25.575  81.037 0.0000000000
47136  32.970  -25.348  81.108 0.0000000000
44999  33.070  -26.117  81.811 0.0000000000
47135  33.546  -25.117  80.897 0.0000000000
132662  34.143  -24.459  81.048 0.0000000000
48291  34.754  -23.503  81.833 0.0000000000
124238  35.075  -24.154  81.446 0.0000000000
47167  35.222  -24.749  80.822 0.0000000000
47166  35.600  -24.777  79.960 0.0000000000
63591  46.572  -7.437  61.895 0.0000000000
62647  45.975  -8.511  61.321 0.0000000000
61669  45.655  -9.285  60.496 0.0000000000
61671  44.050  -9.337  59.270 0.0000000000
114874  41.623  -10.460  57.675 0.0000000000
61672  37.596  -8.930  59.787 0.0000000000
60726  37.747  -9.024  59.931 0.0000000000
60743  38.723  -9.401  59.586 0.0000000000
57877  37.095  -13.256  78.889 0.0000000000
58754  37.315  -12.627  78.656 0.0000000000
58763  36.836  -12.531  77.800 0.0000000000
59705  36.830  -11.594  76.761 0.0000000000
125018  37.689  -10.707  78.289 0.0000000000
59692  37.155  -11.109  77.414 0.0000000000
59714  36.856  -11.742  75.912 0.0000000000
59713  37.144  -11.084  75.498 0.0000000000
59719  37.179  -11.075  74.545 0.0000000000
59724  37.060  -11.039  73.643 0.0000000000
134448  36.951  -10.845  72.930 0.0000000000
121981  37.653  -9.538  73.681 0.0000000000
129378  37.816  -8.500  73.266 0.0000000000
133907  38.043  -7.645  73.400 0.0000000000
63476  37.919  -7.156  75.051 0.0000000000
63485  38.052  -7.043  74.156 0.0000000000
120745  38.248  -7.178  73.184 0.0000000000
64433  38.433  -6.756  73.146 0.0000000000
64431  39.485  -6.056  72.732 0.0000000000
64430  40.480  -5.866  72.595 0.0000000000
65388  41.145  -5.133  73.353 0.0000000000
65387  41.834  -4.951  73.681 0.0000000000
65378  42.297  -5.203  73.547 0.0000000000
64403  41.250  -5.569  74.635 0.0000000000
64413  42.559  -5.710  73.712 0.0000000000
63484  42.807  -6.705  73.682 0.0000000000
126265  42.642  -7.738  73.735 0.0000000000
46097  30.459  -26.262  81.043 0.0000000000
46055  29.106  -25.874  83.243 0.0000000000
46083  30.369  -26.147  82.011 0.0000000000
45014  31.113  -26.223  81.886 0.0000000000
45001  31.695  -26.210  82.579 0.0000000000
46054  32.097  -26.256  82.723 0.0000000000
44987  32.367  -26.551  82.953 0.0000000000
43954  31.927  -27.145  83.539 0.0000000000
59808  39.716  -11.271  63.011 0.0000000000
59807  40.378  -10.772  63.216 0.0000000000
136357  42.950  -8.120  64.217 0.0000000000
61618  42.305  -9.378  64.080 0.0000000000
54098  34.259  -17.935  78.881 0.0000000000
54972  34.780  -16.607  78.909 0.0000000000
54960  35.029  -16.689  79.906 0.0000000000
54971  35.317  -16.068  79.379 0.0000000000
56926  36.241  -15.054  79.356 0.0000000000
56925  36.650  -14.440  79.288 0.0000000000
53081  37.226  -18.250  79.576 0.0000000000
54085  37.292  -17.634  79.458 0.0000000000
54958  37.328  -16.775  79.368 0.0000000000
56924  37.193  -14.392  79.278 0.0000000000
57869  37.104  -13.687  79.183 0.0000000000
58740  37.856  -12.671  78.689 0.0000000000
58752  38.040  -11.872  78.681 0.0000000000
57874  38.990  -13.404  78.163 0.0000000000
128415  38.333  -11.437  78.542 0.0000000000
60575  39.043  -10.333  78.132 0.0000000000
129247  39.565  -10.075  77.601 0.0000000000
61507  39.737  -9.472  77.212 0.0000000000
60574  40.195  -10.383  77.065 0.0000000000
59703  40.283  -11.163  76.545 0.0000000000
118774  40.014  -11.999  76.055 0.0000000000
58769  40.001  -12.826  76.499 0.0000000000
58774  39.924  -12.982  75.568 0.0000000000
46096  31.922  -25.941  80.153 0.0000000000
47184  32.733  -24.818  79.904 0.0000000000
52183  33.854  -19.383  78.977 0.0000000000
53049  35.305  -19.152  80.865 0.0000000000
52160  35.037  -19.744  81.279 0.0000000000
52159  35.342  -19.652  81.086 0.0000000000
52171  36.176  -19.324  80.570 0.0000000000
135907  35.649  -22.491  81.485 0.0000000000
49358  36.061  -21.958  81.139 0.0000000000
122465  36.335  -22.073  80.292 0.0000000000
50342  36.436  -21.293  79.737 0.0000000000
113583  48.628  -9.771  57.698 0.0000000000
64565  41.826  -5.753  59.615 0.0000000000
62676  41.830  -8.361  58.493 0.0000000000
127501  41.110  -8.294  58.457 0.0000000000
60755  40.897  -10.596  57.526 0.0000000000
60757  39.105  -10.332  57.922 0.0000000000
56952  36.497  -13.908  77.685 0.0000000000
56964  36.176  -14.241  76.896 0.0000000000
61570  37.592  -8.922  69.193 0.0000000000
61596  37.085  -9.836  67.175 0.0000000000
61609  37.808  -9.992  66.375 0.0000000000
61608  38.826  -9.644  66.495 0.0000000000
62589  40.268  -8.894  66.867 0.0000000000
63552  42.034  -7.452  67.278 0.0000000000
64489  43.552  -5.655  66.562 0.0000000000
64488  44.534  -5.032  66.920 0.0000000000
64487  45.095  -4.873  67.202 0.0000000000
64445  42.176  -5.823  71.935 0.0000000000
64459  43.391  -6.060  70.901 0.0000000000
64443  43.608  -6.053  71.567 0.0000000000
64458  44.171  -6.117  70.565 0.0000000000
126664  45.183  -5.291  69.011 0.0000000000
64480  45.219  -5.259  68.182 0.0000000000
64486  45.542  -5.521  67.439 0.0000000000
63542  45.747  -6.567  68.016 0.0000000000
62578  45.609  -7.854  68.483 0.0000000000
61568  45.571  -8.989  69.289 0.0000000000
61563  45.582  -8.995  70.123 0.0000000000
123975  45.590  -9.971  69.952 0.0000000000
120459  40.407  -9.572  76.550 0.0000000000
61516  40.793  -8.865  76.074 0.0000000000
61527  41.051  -9.404  75.032 0.0000000000
136101  40.734  -10.015  74.380 0.0000000000
61526  41.505  -8.820  74.499 0.0000000000
61541  41.698  -9.188  73.701 0.0000000000
42888  28.441  -28.707  85.203 0.0000000000
55896  38.734  -15.107  78.316 0.0000000000
57896  35.828  -13.883  75.387 0.0000000000
58012  36.827  -13.239  60.045 0.0000000000
58775  36.577  -12.454  75.440 0.0000000000
59693  36.935  -11.782  77.548 0.0000000000
59704  37.052  -11.040  76.475 0.0000000000
60628  37.338  -10.243  73.233 0.0000000000
61509  38.071  -8.884  77.333 0.0000000000
61528  37.640  -9.675  74.513 0.0000000000
61549  43.989  -8.773  71.847 0.0000000000
61569  38.864  -9.181  69.067 0.0000000000
61584  37.008  -9.120  68.532 0.0000000000
62541  45.127  -8.906  70.696 0.0000000000
62581  39.696  -9.176  68.639 0.0000000000
62616  42.732  -7.131  63.864 0.0000000000
63456  39.182  -7.637  76.493 0.0000000000
63483  43.321  -6.959  73.045 0.0000000000
63496  38.271  -7.120  72.387 0.0000000000
63519  45.335  -6.170  69.668 0.0000000000
63523  39.218  -7.916  70.676 0.0000000000
63563  45.439  -5.640  65.810 0.0000000000
64394  38.468  -6.931  75.378 0.0000000000
64404  40.637  -5.579  74.906 0.0000000000
64415  39.484  -5.750  73.551 0.0000000000
64432  38.715  -6.313  72.977 0.0000000000
64494  45.400  -5.048  65.848 0.0000000000
64501  43.700  -5.352  65.144 0.0000000000
64502  42.593  -5.535  64.251 0.0000000000
64508  41.871  -5.714  63.296 0.0000000000
65370  41.110  -5.142  74.481 0.0000000000
65380  40.380  -5.139  73.943 0.0000000000
65432  45.314  -4.878  66.372 0.0000000000
65436  45.110  -4.741  65.891 0.0000000000
124610  28.454  -26.250  85.984 0.0000000000
129701  35.532  -17.039  80.237 0.0000000000
131441  39.401  -8.382  60.737 0.0000000000
133066  38.879  -6.700  75.191 0.0000000000
133394  35.172  -25.134  80.259 0.0000000000
134630  41.337  -8.011  67.122 0.0000000000
134852  38.019  -9.886  67.108 0.0000000000
136096  39.685  -8.224  63.377 0.0000000000
