#!ascii label  , from subject sub-v1s21x0050415_ses-1 vox2ras=TkReg
346
15046  40.109  -62.909  23.225 0.0000000000
11167  34.177  -67.525  21.485 0.0000000000
11102  42.367  -67.802  27.398 0.0000000000
11177  42.267  -66.959  19.656 0.0000000000
7474  38.271  -72.716  23.251 0.0000000000
8833  40.951  -70.493  25.484 0.0000000000
7418  38.175  -73.345  25.320 0.0000000000
11181  38.680  -67.536  20.636 0.0000000000
14299  41.359  -63.309  18.362 0.0000000000
116788  41.728  -65.469  24.854 0.0000000000
11151  43.016  -67.323  24.157 0.0000000000
8876  40.061  -69.747  21.466 0.0000000000
9605  36.265  -69.979  21.969 0.0000000000
7455  32.933  -73.330  23.672 0.0000000000
16649  36.667  -60.030  22.701 0.0000000000
13417  37.676  -64.832  24.347 0.0000000000
11106  39.104  -67.031  26.709 0.0000000000
14296  44.377  -63.286  18.360 0.0000000000
8096  39.221  -72.109  26.499 0.0000000000
122578  36.396  -66.857  21.365 0.0000000000
12707  37.767  -65.231  20.557 0.0000000000
126441  42.968  -66.497  26.018 0.0000000000
11126  43.094  -67.106  25.742 0.0000000000
8123  39.370  -71.880  23.530 0.0000000000
9591  40.444  -70.121  23.174 0.0000000000
8859  39.204  -70.884  22.147 0.0000000000
9621  37.957  -69.679  21.317 0.0000000000
8861  37.525  -71.277  22.396 0.0000000000
8130  32.218  -71.704  23.089 0.0000000000
12670  36.023  -65.131  24.847 0.0000000000
11902  38.162  -66.293  24.879 0.0000000000
11867  36.734  -66.303  26.189 0.0000000000
12688  43.954  -65.599  21.817 0.0000000000
12734  43.403  -65.122  18.850 0.0000000000
15910  40.414  -61.643  18.612 0.0000000000
15908  42.244  -61.590  17.787 0.0000000000
9526  41.535  -69.407  28.463 0.0000000000
9549  42.301  -68.888  26.602 0.0000000000
125121  40.490  -71.066  26.745 0.0000000000
118961  39.645  -72.099  25.270 0.0000000000
6747  38.167  -73.996  24.299 0.0000000000
11197  41.067  -67.098  19.835 0.0000000000
13483  41.651  -64.976  18.697 0.0000000000
13469  39.972  -64.849  19.640 0.0000000000
119609  39.361  -63.507  19.327 0.0000000000
10366  32.046  -68.343  21.596 0.0000000000
14222  41.133  -63.953  24.337 0.0000000000
11914  44.859  -65.629  23.876 0.0000000000
11924  42.968  -66.611  21.844 0.0000000000
10332  41.873  -68.976  24.904 0.0000000000
10352  41.521  -68.477  22.625 0.0000000000
10372  41.307  -68.009  20.536 0.0000000000
10374  40.062  -68.741  20.505 0.0000000000
10360  37.691  -68.748  21.161 0.0000000000
10362  35.464  -68.502  21.546 0.0000000000
8127  35.108  -72.272  23.630 0.0000000000
8844  34.753  -71.155  23.456 0.0000000000
8865  33.284  -70.296  23.007 0.0000000000
10354  33.282  -68.978  21.978 0.0000000000
17490  38.201  -59.626  22.532 0.0000000000
122866  38.001  -61.752  22.806 0.0000000000
15050  36.670  -62.270  23.699 0.0000000000
14224  39.285  -63.892  24.236 0.0000000000
12666  39.964  -65.434  24.778 0.0000000000
11887  40.744  -66.834  25.757 0.0000000000
11104  40.861  -67.431  27.207 0.0000000000
11825  39.458  -66.833  28.665 0.0000000000
11052  40.788  -67.923  28.922 0.0000000000
130431  43.207  -63.439  17.458 0.0000000000
15058  39.589  -62.287  22.482 0.0000000000
15853  39.940  -61.768  21.629 0.0000000000
15057  40.399  -62.524  22.277 0.0000000000
11166  35.105  -67.713  21.473 0.0000000000
132243  36.646  -66.149  21.278 0.0000000000
11864  42.459  -67.135  26.629 0.0000000000
135064  43.062  -67.001  26.040 0.0000000000
115396  42.672  -67.647  26.420 0.0000000000
8124  38.792  -72.454  23.367 0.0000000000
133244  39.474  -71.183  22.806 0.0000000000
8141  38.351  -71.963  22.774 0.0000000000
8860  38.477  -71.183  22.128 0.0000000000
8142  37.704  -72.332  22.992 0.0000000000
6809  31.814  -73.062  20.685 0.0000000000
12655  36.366  -65.777  25.361 0.0000000000
11937  43.017  -66.080  20.262 0.0000000000
12722  43.380  -65.562  19.690 0.0000000000
11957  42.711  -66.264  19.649 0.0000000000
16694  40.782  -60.936  18.621 0.0000000000
8796  41.205  -70.411  28.231 0.0000000000
8804  40.672  -70.973  27.728 0.0000000000
8102  38.716  -72.687  25.814 0.0000000000
8095  39.756  -71.745  26.167 0.0000000000
8101  39.203  -72.555  25.648 0.0000000000
7416  39.133  -72.815  24.841 0.0000000000
6727  38.156  -73.867  24.845 0.0000000000
126576  39.326  -67.118  20.409 0.0000000000
11960  40.374  -66.370  19.904 0.0000000000
11939  39.477  -66.401  20.259 0.0000000000
13452  38.347  -64.666  20.188 0.0000000000
13471  38.064  -63.886  19.952 0.0000000000
120650  38.885  -62.799  19.333 0.0000000000
13413  42.043  -64.637  24.406 0.0000000000
13427  42.603  -63.974  24.158 0.0000000000
12665  42.916  -65.261  25.161 0.0000000000
11918  43.953  -66.117  22.544 0.0000000000
11155  43.327  -66.713  22.743 0.0000000000
9560  41.574  -69.575  25.859 0.0000000000
10319  42.386  -68.790  25.852 0.0000000000
9576  41.145  -69.969  24.795 0.0000000000
9604  40.440  -69.594  22.089 0.0000000000
9603  41.016  -69.252  22.839 0.0000000000
9617  41.007  -68.956  21.844 0.0000000000
135719  41.456  -68.304  21.784 0.0000000000
10358  41.154  -68.571  21.104 0.0000000000
10373  40.709  -68.738  20.638 0.0000000000
9634  40.188  -69.340  20.826 0.0000000000
9622  37.067  -69.861  21.642 0.0000000000
131899  36.474  -69.388  21.613 0.0000000000
10361  36.288  -68.733  21.485 0.0000000000
9623  35.793  -69.249  21.724 0.0000000000
5456  32.755  -77.403  22.229 0.0000000000
134809  32.446  -73.555  23.325 0.0000000000
6773  32.281  -74.349  23.149 0.0000000000
7454  33.747  -73.065  23.801 0.0000000000
133221  35.390  -71.630  23.449 0.0000000000
127745  33.456  -71.800  23.596 0.0000000000
8145  31.749  -71.417  22.386 0.0000000000
8846  32.843  -71.127  23.307 0.0000000000
8866  32.490  -70.356  22.724 0.0000000000
9608  32.871  -69.643  22.442 0.0000000000
9609  32.143  -69.741  22.206 0.0000000000
17472  37.008  -59.083  22.886 0.0000000000
16648  37.563  -60.415  22.477 0.0000000000
115429  37.966  -61.028  22.349 0.0000000000
15856  37.493  -61.212  22.606 0.0000000000
14227  36.301  -63.751  24.300 0.0000000000
15037  35.991  -62.940  24.139 0.0000000000
14238  36.958  -63.030  23.976 0.0000000000
14237  37.902  -63.131  23.871 0.0000000000
14225  38.306  -63.881  24.179 0.0000000000
13415  39.717  -64.503  24.561 0.0000000000
13416  38.778  -64.611  24.384 0.0000000000
11889  38.740  -66.767  25.437 0.0000000000
11888  39.695  -66.852  25.501 0.0000000000
11129  39.304  -67.140  26.055 0.0000000000
11128  40.233  -67.217  26.226 0.0000000000
11105  39.866  -67.287  26.852 0.0000000000
11811  37.721  -66.261  29.654 0.0000000000
11067  39.408  -67.030  29.177 0.0000000000
11066  40.117  -67.459  28.776 0.0000000000
13484  41.029  -64.107  18.723 0.0000000000
112877  42.133  -64.155  18.374 0.0000000000
15923  42.961  -61.991  17.003 0.0000000000
11182  37.781  -67.471  20.985 0.0000000000
11941  37.942  -66.097  20.749 0.0000000000
12654  42.493  -65.932  25.651 0.0000000000
12653  43.493  -65.886  25.565 0.0000000000
11885  43.647  -66.453  25.568 0.0000000000
11141  43.045  -67.349  25.243 0.0000000000
8834  40.467  -70.839  24.684 0.0000000000
9577  40.722  -70.295  24.057 0.0000000000
8841  40.252  -70.733  23.862 0.0000000000
8858  39.837  -70.372  22.363 0.0000000000
9619  39.687  -69.729  21.075 0.0000000000
8878  38.665  -70.450  21.565 0.0000000000
8879  37.769  -70.542  21.731 0.0000000000
8862  36.517  -70.767  22.537 0.0000000000
131944  32.334  -72.623  23.206 0.0000000000
7475  31.679  -72.890  22.011 0.0000000000
7493  31.520  -72.564  21.236 0.0000000000
13418  36.597  -64.596  24.433 0.0000000000
12667  38.413  -65.563  24.530 0.0000000000
12669  36.871  -65.435  24.675 0.0000000000
11903  37.218  -66.216  25.194 0.0000000000
11866  37.639  -66.626  26.571 0.0000000000
13467  43.916  -64.704  19.362 0.0000000000
13481  43.657  -64.527  18.559 0.0000000000
15110  40.922  -62.452  18.388 0.0000000000
135935  41.607  -62.784  18.185 0.0000000000
15909  41.279  -61.617  18.315 0.0000000000
16693  41.624  -60.845  18.353 0.0000000000
10290  42.203  -68.582  28.009 0.0000000000
10308  42.491  -68.428  27.165 0.0000000000
9536  42.140  -68.954  27.448 0.0000000000
9550  41.623  -69.658  26.908 0.0000000000
8817  41.074  -70.535  26.370 0.0000000000
8818  40.303  -71.200  25.654 0.0000000000
8115  39.507  -72.177  24.425 0.0000000000
7434  38.977  -72.760  24.088 0.0000000000
11196  41.791  -66.889  19.396 0.0000000000
11958  42.253  -66.432  19.115 0.0000000000
11959  41.206  -66.346  19.502 0.0000000000
13468  40.793  -64.867  19.210 0.0000000000
14284  40.141  -64.113  19.236 0.0000000000
12706  38.709  -65.619  20.340 0.0000000000
131363  39.454  -64.274  19.547 0.0000000000
14300  40.293  -63.217  18.776 0.0000000000
122633  39.552  -62.783  19.069 0.0000000000
15896  39.640  -61.578  18.951 0.0000000000
11168  33.272  -67.649  21.484 0.0000000000
14234  40.631  -63.500  23.874 0.0000000000
14243  40.998  -63.124  23.084 0.0000000000
14233  41.696  -63.658  23.792 0.0000000000
11923  43.138  -66.241  21.151 0.0000000000
11162  42.446  -67.080  20.923 0.0000000000
10331  42.529  -68.159  24.517 0.0000000000
9590  41.164  -69.571  23.883 0.0000000000
10346  41.700  -68.721  23.687 0.0000000000
10345  42.287  -67.988  23.389 0.0000000000
11157  42.023  -67.812  22.304 0.0000000000
11163  41.796  -67.767  21.227 0.0000000000
119911  41.928  -67.552  20.453 0.0000000000
11179  40.731  -67.967  20.253 0.0000000000
11180  39.706  -67.898  20.408 0.0000000000
9635  39.473  -69.283  20.742 0.0000000000
10376  38.209  -68.244  20.883 0.0000000000
122270  37.516  -68.051  21.152 0.0000000000
11164  36.999  -67.516  21.287 0.0000000000
11165  36.091  -67.808  21.406 0.0000000000
10363  34.594  -68.368  21.588 0.0000000000
132739  37.956  -74.199  23.907 0.0000000000
5457  32.210  -76.290  22.776 0.0000000000
7452  35.770  -73.604  23.767 0.0000000000
8125  37.102  -72.885  23.319 0.0000000000
8143  36.775  -71.722  23.006 0.0000000000
8843  35.765  -71.102  23.154 0.0000000000
8863  35.063  -70.318  22.879 0.0000000000
8845  33.759  -71.044  23.475 0.0000000000
8864  34.168  -70.282  23.054 0.0000000000
126928  35.396  -69.743  22.212 0.0000000000
9606  34.555  -69.649  22.411 0.0000000000
10353  34.133  -68.986  21.953 0.0000000000
10364  33.729  -68.309  21.620 0.0000000000
10365  32.867  -68.336  21.629 0.0000000000
17470  38.866  -58.983  22.821 0.0000000000
17471  37.946  -58.839  22.921 0.0000000000
17489  38.993  -59.704  22.411 0.0000000000
16647  38.393  -60.431  22.275 0.0000000000
15059  38.804  -62.026  22.594 0.0000000000
15047  39.263  -62.734  23.258 0.0000000000
15052  35.019  -61.931  24.172 0.0000000000
15846  36.357  -61.553  23.354 0.0000000000
15049  37.545  -62.398  23.469 0.0000000000
15048  38.414  -62.551  23.324 0.0000000000
14235  39.733  -63.387  23.840 0.0000000000
14223  40.202  -63.899  24.382 0.0000000000
13414  40.751  -64.658  24.652 0.0000000000
127028  40.800  -65.620  24.901 0.0000000000
11901  39.177  -66.196  24.839 0.0000000000
11900  40.254  -66.303  25.105 0.0000000000
11899  41.298  -66.146  25.368 0.0000000000
11886  41.971  -66.478  26.239 0.0000000000
11127  41.414  -67.090  26.669 0.0000000000
11103  42.037  -67.458  27.585 0.0000000000
11084  40.325  -67.401  28.028 0.0000000000
11083  41.437  -67.710  28.280 0.0000000000
11064  42.153  -68.181  28.746 0.0000000000
123049  42.562  -65.029  18.510 0.0000000000
13482  43.224  -64.645  18.331 0.0000000000
14297  43.697  -63.846  17.891 0.0000000000
15108  42.479  -62.361  17.535 0.0000000000
15123  43.086  -62.757  17.131 0.0000000000
6139  32.151  -75.262  22.977 0.0000000000
6768  37.273  -74.519  24.210 0.0000000000
7417  38.658  -73.160  25.152 0.0000000000
7435  38.578  -73.391  24.506 0.0000000000
8114  39.940  -71.562  24.826 0.0000000000
8122  39.862  -71.372  24.110 0.0000000000
8126  36.061  -72.334  23.444 0.0000000000
8128  34.219  -72.030  23.703 0.0000000000
8129  32.890  -72.184  23.515 0.0000000000
8131  31.858  -72.279  22.538 0.0000000000
8140  39.032  -71.667  22.738 0.0000000000
8144  32.163  -70.983  22.837 0.0000000000
8803  41.179  -70.549  27.358 0.0000000000
8842  39.838  -70.952  23.311 0.0000000000
8877  39.445  -70.201  21.569 0.0000000000
8880  37.009  -70.474  22.009 0.0000000000
9537  41.592  -69.629  27.758 0.0000000000
9607  33.698  -69.615  22.508 0.0000000000
9618  40.634  -69.243  21.204 0.0000000000
9620  38.993  -69.822  21.065 0.0000000000
9624  34.970  -69.102  21.820 0.0000000000
9625  32.404  -69.045  21.890 0.0000000000
10277  41.936  -68.622  28.614 0.0000000000
10291  41.966  -68.988  27.985 0.0000000000
10359  38.564  -69.092  20.876 0.0000000000
10375  39.117  -68.519  20.598 0.0000000000
11065  41.748  -67.810  29.065 0.0000000000
11081  42.272  -68.229  27.964 0.0000000000
11082  42.144  -67.857  28.373 0.0000000000
11107  38.462  -66.984  26.202 0.0000000000
11150  43.702  -66.762  23.736 0.0000000000
11156  42.776  -67.278  23.050 0.0000000000
11169  32.440  -67.670  21.489 0.0000000000
11178  41.689  -67.478  19.938 0.0000000000
11198  40.147  -67.172  20.172 0.0000000000
11890  37.858  -66.711  25.594 0.0000000000
11926  35.849  -66.112  21.411 0.0000000000
11938  42.616  -66.710  20.235 0.0000000000
11940  38.677  -66.596  20.531 0.0000000000
12668  37.640  -65.720  24.629 0.0000000000
12705  43.599  -65.644  20.705 0.0000000000
12723  42.814  -65.681  18.985 0.0000000000
12724  41.370  -65.675  19.118 0.0000000000
12725  40.574  -65.605  19.587 0.0000000000
12726  39.714  -65.589  20.001 0.0000000000
12727  39.147  -64.837  19.904 0.0000000000
12735  42.058  -65.795  18.739 0.0000000000
13412  43.345  -64.603  24.601 0.0000000000
13470  38.782  -64.098  19.685 0.0000000000
13480  44.069  -63.970  18.777 0.0000000000
14226  37.280  -63.853  24.183 0.0000000000
14236  38.834  -63.266  23.801 0.0000000000
14285  38.507  -63.378  19.560 0.0000000000
14298  42.361  -63.140  17.922 0.0000000000
14307  43.750  -63.082  17.155 0.0000000000
15051  35.799  -62.105  23.991 0.0000000000
15094  39.237  -62.182  19.124 0.0000000000
15109  41.809  -62.306  18.043 0.0000000000
15111  39.985  -62.306  18.763 0.0000000000
15122  43.731  -62.274  16.817 0.0000000000
15845  37.158  -61.712  23.069 0.0000000000
15855  38.530  -61.232  22.166 0.0000000000
15857  36.849  -60.986  22.742 0.0000000000
15922  43.693  -61.391  16.822 0.0000000000
16707  43.001  -61.242  17.308 0.0000000000
17491  37.465  -59.575  22.645 0.0000000000
17539  41.078  -60.235  18.777 0.0000000000
113993  37.045  -69.125  21.384 0.0000000000
115588  40.940  -67.758  28.660 0.0000000000
115761  42.510  -67.193  21.969 0.0000000000
118411  31.536  -72.016  21.757 0.0000000000
120937  39.211  -65.253  24.567 0.0000000000
120951  35.538  -66.974  21.447 0.0000000000
125042  38.067  -66.863  20.800 0.0000000000
125289  36.931  -68.327  21.333 0.0000000000
128821  38.237  -62.785  19.493 0.0000000000
130224  42.250  -67.259  20.138 0.0000000000
130384  42.975  -64.032  17.923 0.0000000000
131307  35.792  -70.341  22.564 0.0000000000
134057  41.814  -64.007  24.158 0.0000000000
134156  43.079  -65.169  18.634 0.0000000000
134298  42.816  -64.500  18.257 0.0000000000
135747  41.795  -66.342  19.045 0.0000000000
136785  37.284  -66.575  25.846 0.0000000000
