#!ascii label  , from subject sub-v1s21x0050428_ses-1 vox2ras=TkReg
1690
5836  -31.255  -63.302  -11.666 0.1000000015
5344  -30.957  -64.554  -11.914 0.1000000015
4429  -30.657  -66.291  -12.137 0.1000000015
5357  -30.848  -64.911  -12.682 0.1000000015
4917  -30.714  -65.472  -13.412 0.1000000015
4918  -31.426  -65.118  -14.020 0.1000000015
4460  -30.470  -66.197  -14.614 0.1000000015
4934  -31.653  -65.413  -14.659 0.1000000015
4950  -32.021  -65.600  -15.319 0.1000000015
4461  -31.213  -65.832  -15.088 0.1000000015
4479  -31.345  -66.072  -15.750 0.1000000015
4965  -32.100  -65.872  -16.134 0.1000000015
4501  -30.583  -66.835  -16.654 0.1000000015
4976  -33.583  -65.538  -17.319 0.1000000015
4502  -31.269  -66.351  -16.539 0.1000000015
4519  -31.949  -66.217  -17.219 0.1000000015
6419  -31.977  -62.079  -11.742 0.1000000015
119344  -31.109  -63.946  -11.945 0.1000000015
6434  -31.669  -62.799  -12.104 0.1000000015
5835  -31.071  -64.262  -12.403 0.1000000015
6435  -32.472  -62.718  -12.399 0.1000000015
5866  -32.107  -63.861  -13.175 0.1000000015
5358  -31.370  -64.298  -13.068 0.1000000015
5851  -32.888  -63.498  -13.018 0.1000000015
5375  -33.283  -64.641  -13.883 0.1000000015
4935  -32.593  -65.266  -14.815 0.1000000015
4951  -32.997  -65.456  -15.523 0.1000000015
6498  -38.156  -61.993  -17.937 0.1000000015
5919  -36.883  -63.552  -18.358 0.1000000015
5421  -36.214  -64.249  -17.936 0.1000000015
111670  -35.022  -64.923  -17.822 0.1000000015
4977  -34.452  -65.270  -16.975 0.1000000015
4967  -33.861  -65.441  -16.081 0.1000000015
4966  -32.866  -65.703  -16.630 0.1000000015
7670  -32.095  -60.245  -10.502 0.1000000015
7034  -33.680  -61.172  -10.829 0.2000000030
7688  -32.234  -60.903  -10.908 0.1000000015
7049  -34.264  -62.121  -11.143 0.1000000015
7689  -32.862  -61.087  -11.176 0.1000000015
6421  -34.783  -62.994  -11.399 0.1000000015
6436  -33.361  -62.942  -12.441 0.1000000015
10165  -35.744  -56.550  -15.368 0.1000000015
10182  -36.449  -56.887  -15.900 0.1000000015
6437  -34.349  -63.380  -12.114 0.1000000015
5852  -33.923  -63.816  -12.778 0.1000000015
5868  -33.584  -64.258  -13.370 0.1000000015
9544  -37.470  -57.356  -16.216 0.1000000015
9527  -38.194  -57.879  -15.646 0.1000000015
8315  -38.655  -59.351  -15.112 0.1000000015
107349  -38.869  -60.056  -15.289 0.1000000015
5869  -34.409  -64.408  -13.181 0.1000000015
5376  -34.116  -64.725  -13.743 0.1000000015
4936  -33.463  -65.191  -14.770 0.1000000015
8960  -38.962  -58.594  -15.645 0.1000000015
8316  -39.368  -59.430  -15.902 0.1000000015
7744  -39.044  -60.525  -16.066 0.1000000015
7102  -38.458  -61.232  -15.919 0.1000000015
7113  -38.109  -61.857  -16.229 0.1000000015
5895  -37.093  -63.056  -15.410 0.1000000015
5894  -36.521  -63.621  -15.541 0.1000000015
4937  -34.234  -65.151  -14.667 0.1000000015
4952  -33.856  -65.324  -15.209 0.1000000015
122877  -39.582  -59.966  -16.620 0.1000000015
6487  -38.235  -61.938  -17.042 0.1000000015
6486  -37.656  -62.503  -16.622 0.1000000015
5908  -37.123  -63.141  -16.176 0.1000000015
122604  -35.511  -64.694  -16.192 0.1000000015
4968  -34.641  -65.208  -16.069 0.1000000015
5920  -37.182  -63.217  -17.189 0.1000000015
113793  -36.534  -63.913  -17.342 0.1000000015
5907  -36.500  -63.803  -16.461 0.1000000015
4969  -35.192  -64.913  -16.688 0.1000000015
7035  -34.765  -61.864  -10.346 0.1000000015
7672  -34.463  -60.921  -10.125 0.2000000030
8218  -33.500  -59.332  -9.926 0.1000000015
8882  -33.151  -58.515  -9.410 0.2000000030
8865  -32.937  -58.009  -8.806 0.2000000030
7036  -35.538  -62.321  -10.056 0.1000000015
6404  -35.189  -62.634  -10.667 0.1000000015
11501  -34.038  -54.950  -15.478 0.1000000015
10164  -35.064  -56.051  -15.706 0.1000000015
5837  -35.249  -63.638  -11.811 0.1000000015
5853  -34.800  -64.077  -12.494 0.1000000015
5854  -35.495  -63.988  -12.417 0.1000000015
10166  -36.387  -56.916  -15.096 0.1000000015
8958  -37.615  -57.869  -14.873 0.1000000015
8959  -38.169  -58.496  -14.967 0.1000000015
114863  -35.079  -64.485  -13.068 0.1000000015
8296  -37.778  -59.312  -14.499 0.1000000015
105062  -38.123  -60.269  -14.700 0.1000000015
7101  -37.913  -61.706  -15.347 0.1000000015
121094  -37.153  -62.908  -14.350 0.1000000015
5403  -36.112  -64.199  -14.738 0.1000000015
5393  -35.550  -64.720  -14.362 0.1000000015
110262  -34.573  -64.981  -14.101 0.1000000015
5409  -35.167  -64.941  -15.618 0.1000000015
4953  -34.470  -65.231  -15.305 0.1000000015
7642  -37.994  -61.012  -8.543 0.1000000015
7641  -37.379  -60.994  -8.399 0.1000000015
7008  -37.359  -61.448  -8.848 0.1000000015
7656  -36.766  -61.504  -8.747 0.1000000015
7640  -36.474  -60.714  -8.503 0.1000000015
118817  -35.508  -60.188  -8.839 0.2000000030
8207  -34.918  -59.020  -8.789 0.2000000030
7654  -35.042  -60.632  -9.430 0.2000000030
8866  -33.831  -58.144  -8.782 0.2000000030
6405  -35.978  -62.835  -10.293 0.1000000015
7018  -36.845  -62.055  -9.269 0.1000000015
6423  -36.610  -63.131  -10.929 0.1000000015
10859  -34.557  -55.515  -15.168 0.1000000015
107261  -35.293  -56.244  -14.145 0.1000000015
10138  -35.568  -56.733  -13.683 0.1000000015
6422  -35.680  -63.262  -11.044 0.1000000015
5838  -36.042  -63.595  -11.679 0.1000000015
11500  -33.588  -54.396  -15.734 0.1000000015
106346  -33.625  -54.480  -14.933 0.1000000015
10148  -35.861  -56.698  -14.529 0.1000000015
8949  -37.359  -58.427  -14.411 0.1000000015
8295  -36.862  -59.294  -13.926 0.1000000015
109010  -37.613  -60.918  -14.115 0.1000000015
7072  -37.507  -61.754  -13.826 0.1000000015
6447  -37.317  -62.567  -13.220 0.1000000015
6446  -36.888  -63.226  -12.808 0.1000000015
5870  -35.693  -64.276  -13.122 0.1000000015
12133  -33.158  -53.827  -15.973 0.1000000015
7086  -37.856  -61.234  -14.664 0.1000000015
5872  -36.929  -63.161  -13.794 0.1000000015
5379  -36.393  -63.750  -14.085 0.1000000015
5378  -35.936  -64.404  -13.859 0.1000000015
12132  -32.775  -53.195  -16.266 0.1000000015
12147  -33.151  -53.726  -16.797 0.1000000015
118234  -33.216  -53.627  -17.630 0.1000000015
110161  -32.808  -53.080  -17.140 0.1000000015
7675  -38.360  -60.699  -9.990 0.1000000015
112968  -37.845  -61.323  -9.055 0.1000000015
8236  -37.983  -59.900  -10.383 0.1000000015
7674  -37.762  -61.272  -10.334 0.1000000015
117452  -38.115  -60.374  -8.132 0.1000000015
8209  -37.106  -60.184  -8.176 0.1000000015
8208  -36.041  -59.710  -8.405 0.2000000030
110050  -37.686  -60.521  -10.505 0.1000000015
7038  -37.521  -61.840  -10.129 0.1000000015
7019  -37.450  -61.761  -9.413 0.1000000015
8867  -35.628  -58.633  -8.370 0.2000000030
8235  -36.992  -59.596  -10.670 0.1000000015
12753  -32.455  -52.807  -13.809 0.1000000015
12116  -32.797  -53.419  -14.539 0.1000000015
12104  -32.927  -53.575  -13.712 0.1000000015
12105  -33.388  -54.182  -13.620 0.1000000015
11493  -33.688  -54.582  -14.185 0.1000000015
10845  -34.675  -55.593  -14.242 0.1000000015
10137  -35.065  -56.097  -13.467 0.1000000015
8249  -36.469  -59.721  -11.208 0.1000000015
7673  -37.137  -60.557  -10.897 0.1000000015
6407  -37.220  -62.441  -10.700 0.1000000015
10858  -34.103  -55.007  -14.674 0.1000000015
9506  -35.622  -57.543  -13.312 0.1000000015
8938  -35.853  -58.382  -13.355 0.1000000015
114893  -36.162  -59.120  -13.355 0.1000000015
7061  -37.344  -61.507  -11.899 0.1000000015
7051  -37.451  -62.281  -11.641 0.1000000015
5839  -36.788  -63.262  -11.885 0.1000000015
118912  -31.828  -51.395  -13.784 0.1000000015
9507  -36.155  -57.825  -13.781 0.1000000015
8939  -36.536  -58.432  -13.850 0.1000000015
7714  -36.598  -60.015  -13.263 0.1000000015
7715  -37.311  -60.953  -13.417 0.1000000015
7062  -37.479  -61.861  -12.685 0.1000000015
6438  -37.298  -62.731  -12.253 0.1000000015
12759  -32.413  -52.706  -14.815 0.1000000015
12125  -32.762  -53.304  -15.406 0.1000000015
13402  -32.114  -51.932  -15.180 0.1000000015
12765  -32.444  -52.574  -15.742 0.1000000015
13418  -32.152  -51.823  -16.102 0.1000000015
12780  -32.522  -52.380  -17.489 0.1000000015
12146  -32.886  -52.972  -17.999 0.1000000015
105846  -38.485  -60.477  -8.464 0.1000000015
8897  -37.394  -59.042  -10.513 0.1000000015
8898  -38.223  -59.075  -10.435 0.1000000015
8237  -39.041  -59.823  -10.209 0.1000000015
9480  -37.437  -58.208  -10.532 0.1000000015
7643  -39.002  -60.229  -8.745 0.1000000015
8869  -37.647  -59.577  -8.019 0.1000000015
8895  -35.973  -58.461  -11.024 0.1000000015
8896  -36.679  -58.583  -10.675 0.1000000015
8868  -36.650  -59.179  -8.180 0.2000000030
115636  -32.406  -52.613  -13.138 0.1000000015
11486  -33.848  -54.705  -13.496 0.1000000015
10832  -34.434  -55.339  -13.321 0.1000000015
8248  -35.974  -59.040  -11.504 0.1000000015
7698  -36.803  -60.524  -11.669 0.1000000015
111306  -37.891  -58.789  -8.092 0.1000000015
9451  -37.163  -57.732  -8.061 0.2000000030
112782  -32.662  -53.112  -13.040 0.1000000015
122329  -35.372  -57.543  -12.669 0.1000000015
8280  -35.763  -58.862  -12.973 0.1000000015
8263  -35.766  -58.945  -12.307 0.1000000015
108329  -36.456  -60.070  -12.479 0.1000000015
114644  -31.810  -51.285  -14.564 0.1000000015
13417  -31.820  -51.148  -15.508 0.1000000015
14106  -31.551  -50.198  -15.800 0.1000000015
13433  -31.801  -51.071  -16.481 0.1000000015
13444  -31.878  -51.071  -17.506 0.1000000015
9479  -36.790  -57.389  -10.571 0.1000000015
10106  -37.850  -57.377  -10.544 0.1000000015
9481  -38.531  -58.279  -10.584 0.1000000015
115670  -39.152  -59.056  -10.509 0.1000000015
7676  -39.038  -60.171  -9.557 0.1000000015
121785  -36.766  -57.991  -10.599 0.1000000015
8210  -38.836  -60.057  -8.193 0.1000000015
109992  -35.525  -56.939  -11.276 0.1000000015
9478  -35.959  -57.208  -10.810 0.1000000015
8221  -39.940  -59.470  -9.711 0.1000000015
104856  -32.159  -51.975  -13.256 0.1000000015
12744  -32.505  -52.442  -12.503 0.1000000015
12086  -32.986  -53.205  -12.269 0.1000000015
12087  -33.206  -53.757  -12.905 0.1000000015
11475  -34.005  -54.787  -12.766 0.1000000015
10129  -34.921  -55.944  -12.643 0.1000000015
10118  -35.151  -56.506  -11.906 0.1000000015
114980  -35.301  -57.499  -11.981 0.1000000015
9494  -35.667  -57.759  -11.199 0.1000000015
8884  -39.733  -59.390  -8.872 0.1000000015
107997  -38.529  -59.679  -8.064 0.1000000015
13371  -31.797  -50.954  -13.044 0.1000000015
10814  -34.457  -55.317  -12.510 0.1000000015
10130  -35.274  -56.846  -12.787 0.1000000015
8912  -35.567  -58.344  -11.737 0.1000000015
9452  -38.045  -57.955  -8.201 0.1000000015
14078  -31.600  -50.196  -13.354 0.1000000015
109066  -31.479  -49.768  -14.069 0.1000000015
111489  -31.601  -50.478  -14.803 0.1000000015
14098  -31.460  -49.739  -14.967 0.1000000015
102757  -31.405  -47.873  -15.677 0.1000000015
14849  -31.421  -49.429  -16.398 0.1000000015
16290  -31.373  -47.911  -16.535 0.1000000015
111307  -37.213  -56.550  -10.492 0.1000000015
115452  -38.226  -56.535  -10.617 0.1000000015
10107  -38.867  -57.508  -10.774 0.1000000015
10791  -36.640  -55.793  -10.430 0.1000000015
10105  -36.293  -56.552  -10.623 0.1000000015
10783  -36.191  -55.157  -10.255 0.1000000015
9482  -39.663  -58.507  -10.879 0.1000000015
8899  -39.799  -59.228  -10.403 0.1000000015
10790  -35.771  -55.727  -10.601 0.1000000015
14065  -32.041  -50.696  -12.162 0.1000000015
11474  -33.630  -54.166  -12.309 0.1000000015
10117  -34.799  -55.680  -11.842 0.1000000015
10801  -35.303  -55.971  -11.148 0.1000000015
10789  -35.019  -55.173  -10.660 0.1000000015
102166  -40.324  -58.772  -10.922 0.1000000015
8870  -39.228  -59.397  -8.448 0.1000000015
14064  -31.759  -50.098  -12.693 0.1000000015
115615  -32.538  -51.945  -11.837 0.1000000015
122073  -33.307  -53.689  -12.335 0.1000000015
12071  -33.403  -53.612  -11.845 0.1000000015
11454  -34.258  -54.837  -11.861 0.1000000015
119442  -40.239  -59.093  -9.338 0.1000000015
103651  -31.606  -49.467  -13.187 0.1000000015
16249  -31.995  -47.312  -13.906 0.1000000015
104108  -31.709  -47.994  -13.739 0.1000000015
16955  -31.987  -46.655  -14.524 0.1000000015
15558  -31.506  -48.194  -14.448 0.1000000015
103413  -31.473  -47.795  -15.019 0.1000000015
112039  -31.396  -47.328  -15.997 0.1000000015
16985  -31.732  -46.586  -15.143 0.1000000015
11412  -36.225  -54.346  -9.897 0.1000000015
11429  -36.931  -55.025  -10.186 0.1000000015
11411  -35.276  -54.000  -9.888 0.1000000015
10108  -39.188  -56.692  -10.992 0.1000000015
12043  -33.679  -52.984  -10.546 0.1000000015
12053  -34.072  -53.786  -10.585 0.1000000015
11427  -34.776  -54.388  -10.310 0.1000000015
11428  -35.500  -54.819  -10.243 0.1000000015
109834  -39.840  -57.757  -11.322 0.1000000015
14794  -32.196  -49.105  -12.196 0.1000000015
14050  -32.081  -49.878  -12.068 0.1000000015
12070  -32.852  -52.561  -11.720 0.1000000015
11426  -33.833  -54.081  -11.428 0.1000000015
109656  -34.399  -54.614  -10.949 0.1000000015
112345  -40.377  -58.404  -11.327 0.1000000015
102760  -31.818  -48.675  -12.961 0.1000000015
8900  -40.456  -59.023  -10.327 0.1000000015
8871  -40.001  -58.764  -8.777 0.1000000015
15537  -32.121  -47.914  -13.219 0.1000000015
16956  -32.505  -46.754  -14.104 0.1000000015
17715  -33.330  -45.703  -14.738 0.1000000015
16970  -32.060  -46.007  -15.039 0.1000000015
17727  -34.139  -45.408  -15.140 0.1000000015
18495  -33.840  -44.709  -15.720 0.1000000015
17724  -31.801  -45.878  -15.756 0.1000000015
117871  -37.571  -55.716  -10.446 0.1000000015
120290  -38.611  -55.614  -10.675 0.1000000015
10792  -39.593  -55.977  -11.231 0.1000000015
14778  -32.622  -49.609  -11.596 0.1000000015
120550  -33.177  -51.610  -10.754 0.1000000015
12723  -33.467  -52.156  -10.564 0.1000000015
12045  -34.903  -53.238  -9.720 0.1000000015
16232  -32.828  -47.812  -12.859 0.1000000015
15538  -32.431  -48.410  -12.503 0.1000000015
15519  -32.865  -48.839  -11.812 0.1000000015
14051  -32.473  -50.429  -11.502 0.1000000015
13344  -32.908  -51.038  -10.887 0.1000000015
12735  -33.217  -52.698  -11.084 0.1000000015
16957  -33.266  -46.877  -13.832 0.1000000015
16973  -34.113  -46.649  -14.288 0.1000000015
16987  -35.024  -46.770  -15.495 0.1000000015
17716  -33.975  -45.954  -14.607 0.1000000015
17728  -34.884  -45.862  -15.620 0.1000000015
17009  -35.610  -46.458  -17.162 0.1000000015
17742  -35.176  -45.676  -16.486 0.1000000015
17752  -35.470  -45.522  -17.367 0.1000000015
12046  -35.893  -53.296  -9.627 0.1000000015
11413  -37.189  -54.248  -9.939 0.1000000015
11430  -37.823  -54.869  -10.295 0.1000000015
11431  -38.642  -54.622  -10.462 0.1000000015
12054  -38.773  -53.803  -10.288 0.1000000015
12713  -35.312  -52.536  -9.563 0.1000000015
12711  -33.966  -52.566  -10.172 0.1000000015
16270  -34.632  -47.333  -14.089 0.1000000015
16252  -34.293  -47.549  -13.390 0.1000000015
16974  -34.803  -47.088  -14.823 0.1000000015
16303  -35.786  -47.497  -16.975 0.1000000015
17020  -35.892  -46.186  -17.824 0.1000000015
17021  -36.317  -46.333  -18.545 0.1000000015
114543  -36.717  -53.635  -9.721 0.1000000015
11414  -38.009  -54.037  -10.132 0.1000000015
105091  -34.860  -51.995  -9.633 0.1000000015
16233  -33.768  -47.826  -12.763 0.1000000015
113902  -34.296  -48.326  -12.267 0.1000000015
14030  -33.053  -50.143  -10.992 0.1000000015
14031  -33.594  -50.626  -10.537 0.1000000015
13345  -34.161  -51.874  -10.048 0.1000000015
16284  -35.303  -47.743  -15.435 0.1000000015
119611  -35.302  -47.228  -15.882 0.1000000015
17010  -36.095  -47.179  -17.855 0.1000000015
105439  -36.448  -47.313  -18.587 0.1000000015
17031  -36.759  -46.948  -19.171 0.1000000015
17032  -37.151  -46.679  -19.881 0.1000000015
12714  -36.062  -52.424  -9.533 0.1000000015
14032  -34.860  -50.789  -10.061 0.1000000015
14019  -35.520  -50.941  -9.911 0.1000000015
13334  -35.644  -51.729  -9.599 0.1000000015
16253  -35.070  -47.994  -13.721 0.1000000015
15549  -34.808  -48.104  -12.983 0.1000000015
15520  -33.806  -48.735  -11.670 0.1000000015
14764  -33.893  -49.843  -10.707 0.1000000015
114785  -34.440  -50.356  -10.358 0.1000000015
16271  -35.167  -47.922  -14.540 0.1000000015
16327  -36.728  -48.007  -19.020 0.1000000015
110519  -37.482  -48.173  -20.138 0.1000000015
16328  -37.162  -47.636  -19.658 0.1000000015
111203  -34.878  -49.712  -10.661 0.1000000015
106906  -35.241  -48.657  -12.557 0.1000000015
15521  -34.840  -48.799  -11.816 0.1000000015
15587  -35.723  -48.794  -15.845 0.1000000015
16304  -36.071  -48.399  -17.545 0.1000000015
16315  -36.357  -48.208  -18.331 0.1000000015
15626  -37.587  -49.115  -20.423 0.1000000015
15573  -35.621  -48.799  -14.990 0.1000000015
16291  -35.581  -47.740  -16.207 0.1000000015
15608  -36.318  -49.388  -18.037 0.1000000015
15617  -36.613  -49.174  -18.810 0.1000000015
15618  -37.068  -48.936  -19.627 0.1000000015
14883  -37.829  -50.202  -20.713 0.1000000015
14882  -37.256  -50.288  -20.013 0.1000000015
16292  -35.819  -48.666  -16.713 0.1000000015
14874  -36.826  -50.326  -19.249 0.1000000015
4900  -30.643  -65.674  -12.613 0.1000000015
118519  -30.401  -66.276  -12.909 0.1000000015
4933  -30.883  -65.598  -14.230 0.1000000015
5374  -32.121  -64.593  -13.804 0.1000000015
5389  -32.179  -65.036  -14.367 0.1000000015
6420  -32.879  -62.177  -11.954 0.1000000015
5850  -31.461  -63.618  -12.500 0.1000000015
5391  -33.827  -64.983  -14.234 0.1000000015
6497  -37.726  -62.447  -17.370 0.1000000015
5434  -35.698  -64.452  -18.734 0.1000000015
5420  -35.612  -64.605  -17.567 0.1000000015
7671  -32.808  -60.510  -10.761 0.1000000015
7048  -33.317  -61.695  -11.473 0.1000000015
8233  -33.528  -60.239  -10.376 0.2000000030
10147  -35.172  -56.093  -14.862 0.1000000015
10149  -36.543  -57.141  -14.611 0.1000000015
7743  -38.426  -60.812  -15.287 0.1000000015
6474  -37.550  -62.444  -15.795 0.1000000015
113706  -37.610  -61.977  -14.535 0.1000000015
5883  -36.761  -63.301  -14.693 0.1000000015
102984  -35.940  -64.431  -16.840 0.1000000015
5410  -35.914  -64.395  -15.761 0.1000000015
5402  -35.529  -64.716  -14.999 0.1000000015
5392  -34.985  -65.045  -14.637 0.1000000015
7017  -35.476  -61.652  -9.603 0.1000000015
8219  -34.533  -59.641  -9.399 0.2000000030
117987  -36.293  -61.819  -9.171 0.1000000015
5377  -35.240  -64.775  -13.795 0.1000000015
9515  -36.889  -57.623  -14.352 0.1000000015
7729  -37.283  -60.179  -14.020 0.1000000015
6460  -37.346  -62.507  -14.086 0.1000000015
6390  -37.171  -62.215  -9.848 0.1000000015
9514  -36.190  -57.156  -14.031 0.1000000015
5855  -36.217  -63.737  -12.496 0.1000000015
12126  -33.184  -53.921  -15.153 0.1000000015
5871  -36.343  -63.758  -13.349 0.1000000015
121944  -33.522  -54.158  -17.304 0.1000000015
7657  -38.419  -60.824  -9.133 0.1000000015
7020  -37.951  -61.358  -9.679 0.1000000015
112616  -36.230  -57.993  -8.146 0.2000000030
7050  -37.452  -61.667  -10.995 0.1000000015
6424  -37.166  -62.829  -11.456 0.1000000015
8264  -36.177  -59.628  -12.001 0.1000000015
110742  -38.696  -58.750  -8.296 0.1000000015
15572  -31.402  -48.441  -15.213 0.1000000015
14115  -31.576  -50.266  -16.876 0.1000000015
10104  -35.738  -56.519  -10.841 0.1000000015
14824  -31.419  -49.016  -14.651 0.1000000015
15586  -31.357  -48.604  -16.035 0.1000000015
17725  -32.427  -45.421  -15.498 0.1000000015
18510  -34.936  -44.784  -16.765 0.1000000015
115472  -33.538  -51.389  -10.469 0.1000000015
11306  -37.005  -54.936  -2.931 0.5000000000
8746  -38.727  -58.187  1.432 0.5000000000
8731  -38.384  -58.213  2.302 0.5000000000
11322  -37.404  -54.600  -3.592 0.5000000000
10706  -37.872  -55.101  -2.795 0.5000000000
111569  -37.820  -55.485  -1.891 0.5000000000
8747  -39.914  -57.452  1.439 0.5000000000
11991  -36.955  -53.868  -4.760 0.5000000000
11343  -37.378  -54.244  -4.267 0.5000000000
11323  -38.295  -54.734  -3.531 0.5000000000
9317  -40.110  -57.069  1.997 0.5000000000
110993  -37.981  -54.395  -4.140 0.5000000000
11992  -37.760  -53.984  -4.709 0.5000000000
11344  -38.699  -54.481  -4.065 0.5000000000
118639  -38.378  -54.152  -4.558 0.4000000060
8765  -39.892  -58.022  -0.843 0.5000000000
9349  -39.553  -58.075  -1.684 0.5000000000
9350  -40.636  -57.566  -1.386 0.5000000000
9372  -40.000  -57.725  -2.424 0.5000000000
9411  -40.623  -57.428  -4.262 0.5000000000
9393  -41.182  -57.152  -3.349 0.5000000000
10069  -41.713  -56.550  -5.121 0.4000000060
102945  -42.564  -55.549  -6.135 0.4000000060
8702  -34.970  -58.260  3.707 0.1000000015
8717  -38.100  -58.075  3.137 0.5000000000
11321  -36.516  -54.556  -3.343 0.5000000000
10691  -37.058  -55.245  -2.262 0.5000000000
10671  -38.647  -55.728  -1.269 0.4000000060
9302  -39.483  -57.053  2.722 0.5000000000
12006  -36.769  -53.516  -5.441 0.5000000000
11342  -36.754  -54.253  -4.066 0.5000000000
12671  -35.613  -52.621  -6.477 0.5000000000
103016  -36.508  -52.717  -6.627 0.5000000000
118390  -37.080  -53.229  -6.113 0.5000000000
12690  -36.994  -52.218  -7.226 0.4000000060
12007  -37.476  -53.605  -5.362 0.5000000000
12008  -38.361  -53.722  -5.227 0.4000000060
11993  -39.145  -54.157  -4.647 0.4000000060
12672  -37.653  -52.984  -6.470 0.3000000119
10708  -39.776  -55.060  -3.203 0.6999999881
10693  -39.858  -55.363  -2.381 0.5000000000
117986  -37.222  -52.736  -6.703 0.3000000119
12691  -37.902  -52.532  -6.972 0.3000000119
122102  -38.192  -53.013  -6.475 0.3000000119
12009  -39.246  -53.686  -5.437 0.4000000060
11324  -39.539  -54.630  -3.897 0.5000000000
10709  -40.899  -55.128  -2.577 0.6000000238
10673  -41.018  -55.591  -1.074 0.6000000238
9987  -41.475  -55.845  0.119 0.6000000238
116191  -39.258  -58.243  -0.342 0.3000000119
12025  -38.667  -53.339  -6.041 0.3000000119
12010  -40.104  -53.689  -5.565 0.4000000060
120749  -41.585  -54.659  -3.298 0.5000000000
10695  -41.915  -55.114  -1.959 0.6000000238
104991  -42.155  -55.788  -1.192 0.6000000238
9351  -41.439  -56.922  -0.493 0.5000000000
12674  -39.874  -52.927  -6.837 0.4000000060
12027  -40.393  -53.359  -6.260 0.4000000060
11362  -40.702  -54.124  -4.892 0.5000000000
11326  -42.344  -54.564  -3.129 0.5000000000
10018  -42.606  -55.004  -2.413 0.5000000000
9374  -41.921  -56.395  -1.628 0.5000000000
9373  -41.099  -57.226  -2.319 0.5000000000
116046  -40.646  -53.054  -6.830 0.4000000060
12011  -41.175  -53.757  -5.552 0.5000000000
11347  -42.606  -54.348  -3.881 0.5000000000
11327  -42.955  -54.549  -3.243 0.4000000060
10017  -42.343  -55.709  -2.104 0.5000000000
10031  -42.053  -56.353  -3.233 0.5000000000
12028  -41.290  -53.400  -6.377 0.4000000060
103361  -42.293  -53.714  -5.676 0.5000000000
11348  -43.310  -54.313  -4.125 0.5000000000
10712  -43.153  -54.591  -3.624 0.4000000060
10049  -42.643  -55.691  -3.654 0.4000000060
9412  -41.321  -57.077  -4.064 0.5000000000
12029  -43.193  -53.473  -6.034 0.5000000000
12013  -44.065  -53.871  -5.010 0.4000000060
10743  -43.730  -54.267  -4.639 0.4000000060
109626  -42.565  -55.811  -5.192 0.4000000060
12030  -44.218  -53.536  -5.693 0.3000000119
11364  -44.117  -53.914  -5.035 0.4000000060
10762  -43.954  -54.302  -5.253 0.3000000119
11380  -44.400  -53.993  -5.712 0.3000000119
10773  -44.383  -54.241  -6.777 0.3000000119
9299  -33.274  -57.443  3.778 0.1000000015
9300  -34.108  -57.885  3.712 0.1000000015
112674  -33.628  -57.300  4.235 0.1000000015
114741  -34.465  -57.732  4.045 0.1000000015
9937  -36.592  -56.455  3.999 0.4000000060
114769  -36.543  -57.502  3.936 0.4000000060
8704  -37.028  -58.185  3.743 0.4000000060
8705  -37.784  -57.797  3.545 0.5000000000
117032  -37.524  -57.448  3.713 0.4000000060
9938  -38.713  -57.052  3.398 0.5000000000
8718  -38.805  -57.492  2.795 0.5000000000
11320  -35.740  -54.365  -3.054 0.5000000000
11305  -36.276  -54.893  -2.472 0.5000000000
107461  -37.750  -55.689  -1.164 0.4000000060
9965  -39.261  -56.727  2.638 0.5000000000
9952  -39.221  -56.949  3.015 0.5000000000
104680  -36.203  -53.605  -5.060 0.5000000000
108456  -36.285  -53.918  -4.461 0.5000000000
11341  -35.994  -54.153  -3.869 0.5000000000
12660  -35.202  -53.012  -5.774 0.5000000000
12005  -36.117  -53.222  -5.866 0.5000000000
9985  -39.415  -56.195  0.536 0.6000000238
12689  -36.048  -52.170  -7.144 0.4000000060
13313  -36.478  -51.531  -7.467 0.2000000030
13993  -36.894  -50.646  -7.762 0.2000000030
12692  -38.630  -52.161  -7.449 0.3000000119
121691  -37.184  -51.495  -7.551 0.3000000119
13315  -38.449  -51.365  -7.843 0.3000000119
112471  -38.260  -50.622  -8.169 0.3000000119
13322  -39.036  -50.826  -8.390 0.4000000060
13316  -39.277  -51.690  -7.906 0.4000000060
13317  -40.224  -52.004  -7.986 0.4000000060
12676  -41.434  -52.967  -7.128 0.4000000060
13323  -39.838  -51.310  -8.440 0.3000000119
12700  -40.948  -51.936  -8.380 0.3000000119
107275  -42.186  -52.698  -7.717 0.3000000119
12702  -43.193  -52.386  -8.198 0.3000000119
12678  -43.939  -52.858  -6.249 0.3000000119
11365  -44.375  -53.542  -5.856 0.4000000060
115564  -44.775  -52.066  -8.070 0.2000000030
110775  -45.496  -52.588  -6.867 0.3000000119
108305  -45.086  -53.736  -6.159 0.3000000119
121070  -44.675  -51.613  -8.980 0.1000000015
12704  -45.928  -52.147  -7.524 0.2000000030
102421  -45.697  -52.604  -6.977 0.4000000060
103433  -45.000  -48.824  -10.321 0.1000000015
9935  -33.974  -56.789  4.455 0.1000000015
112538  -34.582  -57.190  4.306 0.1000000015
10599  -35.777  -55.706  4.162 0.2000000030
10600  -36.680  -55.601  3.706 0.5000000000
106973  -37.348  -56.461  3.614 0.4000000060
9950  -38.009  -56.561  3.384 0.4000000060
11304  -35.462  -54.530  -2.167 0.5000000000
10668  -35.891  -55.002  -1.581 0.4000000060
10669  -36.421  -55.388  -1.086 0.4000000060
103946  -37.193  -55.695  0.276 0.4000000060
9974  -38.322  -56.140  1.987 0.5000000000
9964  -38.253  -56.320  2.932 0.5000000000
11990  -35.542  -53.672  -4.521 0.5000000000
11975  -35.250  -53.835  -3.626 0.5000000000
9975  -39.310  -56.416  1.574 0.4000000060
12670  -34.736  -52.384  -6.237 0.4000000060
118002  -35.576  -53.375  -5.273 0.5000000000
12688  -35.166  -51.973  -6.954 0.4000000060
13311  -34.706  -51.205  -7.318 0.3000000119
13312  -35.631  -51.418  -7.402 0.3000000119
13992  -36.118  -50.830  -7.614 0.3000000119
14005  -36.847  -49.704  -8.110 0.2000000030
14006  -37.620  -49.992  -8.283 0.2000000030
14744  -37.196  -49.090  -8.423 0.1000000015
14745  -38.040  -49.172  -8.639 0.1000000015
14007  -38.525  -49.946  -8.575 0.3000000119
14746  -38.936  -49.197  -8.815 0.2000000030
14008  -39.350  -49.991  -8.774 0.2000000030
14009  -40.418  -50.873  -8.832 0.2000000030
14010  -41.266  -51.336  -8.856 0.2000000030
14756  -40.774  -49.244  -9.092 0.2000000030
13337  -42.000  -50.723  -9.207 0.2000000030
13324  -42.400  -51.581  -8.895 0.2000000030
111588  -41.230  -50.128  -9.241 0.2000000030
14023  -42.549  -49.814  -9.419 0.1000000015
13325  -43.609  -51.657  -8.981 0.2000000030
14758  -43.691  -48.898  -9.195 0.1000000015
14024  -44.067  -49.655  -9.620 0.1000000015
13339  -44.200  -50.907  -9.642 0.1000000015
13340  -45.365  -51.260  -9.592 0.1000000015
14759  -44.883  -48.154  -9.412 0.1000000015
118232  -45.193  -48.938  -9.847 0.1000000015
110482  -45.078  -50.032  -10.119 0.1000000015
14768  -45.145  -48.822  -9.788 0.1000000015
15510  -43.981  -47.914  -10.098 0.1000000015
15509  -42.568  -48.063  -10.848 0.1000000015
10598  -34.692  -56.009  4.289 0.3000000119
10617  -36.141  -54.995  3.573 0.3000000119
106277  -34.258  -54.419  2.064 0.3000000119
11252  -34.793  -54.740  2.699 0.3000000119
11254  -36.122  -54.795  2.658 0.3000000119
10618  -36.761  -55.209  3.128 0.3000000119
10601  -37.377  -55.911  3.257 0.4000000060
110708  -34.626  -54.027  1.000 0.3000000119
11269  -35.396  -54.622  2.104 0.3000000119
10630  -36.690  -55.222  1.980 0.5000000000
10631  -37.453  -55.700  2.543 0.5000000000
11303  -34.821  -54.066  -1.840 0.4000000060
11292  -35.226  -54.566  -1.222 0.5000000000
10640  -35.778  -54.971  0.385 0.4000000060
10652  -36.432  -55.416  -0.186 0.4000000060
10642  -37.375  -55.673  1.356 0.5000000000
101962  -33.775  -52.340  -5.113 0.4000000060
12650  -34.188  -52.890  -4.697 0.4000000060
11989  -34.699  -53.394  -4.208 0.5000000000
11319  -35.054  -53.920  -2.729 0.5000000000
13299  -33.507  -51.335  -6.407 0.4000000060
12658  -33.896  -52.027  -5.854 0.4000000060
12659  -34.422  -52.696  -5.474 0.5000000000
13310  -33.800  -50.979  -7.151 0.4000000060
13980  -33.070  -50.676  -6.883 0.4000000060
13990  -33.446  -50.166  -7.370 0.3000000119
13991  -34.293  -50.349  -7.499 0.3000000119
14731  -34.842  -49.546  -7.668 0.3000000119
102806  -35.333  -50.398  -7.616 0.3000000119
122085  -35.246  -48.904  -7.752 0.3000000119
14742  -35.650  -49.410  -7.804 0.2000000030
15486  -36.798  -48.534  -8.071 0.1000000015
16190  -37.399  -48.208  -8.050 0.1000000015
15488  -38.516  -48.570  -8.525 0.1000000015
15489  -39.559  -48.604  -8.621 0.2000000030
16192  -38.963  -48.067  -8.223 0.1000000015
117212  -39.800  -48.236  -8.214 0.1000000015
14755  -39.830  -49.239  -8.951 0.2000000030
15502  -40.393  -48.849  -8.866 0.2000000030
14757  -42.043  -49.230  -9.190 0.1000000015
15503  -41.422  -48.839  -8.887 0.1000000015
15504  -43.287  -48.370  -8.437 0.1000000015
15505  -44.247  -47.681  -8.922 0.1000000015
15493  -44.167  -47.646  -8.763 0.1000000015
15506  -44.591  -47.815  -9.040 0.1000000015
16212  -43.257  -47.520  -9.617 0.1000000015
16202  -42.489  -47.008  -9.191 0.1000000015
16211  -41.879  -47.493  -10.269 0.1000000015
16932  -40.119  -46.798  -10.207 0.1000000015
121203  -40.092  -47.019  -10.905 0.1000000015
16209  -39.613  -46.690  -10.934 0.1000000015
18439  -37.820  -44.905  -10.845 0.1000000015
11267  -33.542  -54.275  1.927 0.3000000119
11251  -33.851  -55.029  2.724 0.2000000030
11927  -34.036  -53.711  1.393 0.3000000119
11943  -34.290  -53.550  -0.382 0.4000000060
11942  -33.788  -52.809  0.272 0.3000000119
13276  -33.220  -51.850  -4.880 0.3000000119
12649  -33.598  -52.437  -4.363 0.3000000119
12641  -34.028  -52.964  -3.873 0.4000000060
11962  -34.369  -53.500  -2.403 0.4000000060
11951  -33.708  -53.024  -0.912 0.3000000119
13298  -32.863  -50.973  -6.077 0.3000000119
12627  -33.378  -52.473  -2.562 0.4000000060
11961  -33.760  -53.048  -2.000 0.4000000060
12597  -33.395  -52.210  -0.234 0.3000000119
14719  -32.221  -49.588  -6.785 0.3000000119
13979  -32.478  -50.307  -6.500 0.3000000119
13989  -32.739  -49.938  -7.161 0.3000000119
14728  -32.545  -49.235  -7.218 0.3000000119
14729  -33.202  -49.196  -7.483 0.3000000119
14730  -34.019  -49.471  -7.603 0.3000000119
109902  -34.603  -48.775  -7.656 0.3000000119
16180  -36.857  -48.029  -7.612 0.1000000015
16157  -36.891  -47.782  -6.950 0.1000000015
108472  -38.042  -47.737  -6.873 0.1000000015
16182  -38.515  -47.793  -7.616 0.1000000015
16158  -38.929  -47.700  -7.047 0.1000000015
15490  -40.743  -48.574  -8.527 0.2000000030
16184  -40.704  -48.270  -7.737 0.2000000030
107323  -41.936  -48.421  -7.631 0.2000000030
15491  -43.018  -48.159  -7.473 0.1000000015
15475  -42.630  -48.192  -6.821 0.1000000015
15476  -42.982  -47.887  -7.040 0.1000000015
15492  -43.596  -47.691  -7.953 0.1000000015
16185  -43.108  -47.537  -7.395 0.1000000015
16908  -42.903  -46.906  -7.627 0.1000000015
16193  -42.908  -46.852  -8.301 0.1000000015
16194  -43.605  -47.356  -8.087 0.1000000015
16921  -41.586  -46.588  -8.775 0.1000000015
16201  -41.155  -47.011  -9.783 0.1000000015
110450  -39.257  -46.371  -10.148 0.1000000015
16918  -39.043  -46.005  -9.384 0.1000000015
17675  -38.515  -45.799  -10.025 0.1000000015
17685  -38.342  -45.491  -10.833 0.1000000015
109475  -38.015  -45.222  -10.219 0.1000000015
18438  -37.267  -44.231  -10.820 0.1000000015
18447  -37.042  -43.870  -11.559 0.1000000015
11249  -31.445  -55.118  3.086 0.2000000030
11250  -32.598  -55.280  2.902 0.2000000030
11924  -31.885  -53.445  1.363 0.2000000030
11926  -33.345  -53.159  1.285 0.3000000119
12567  -31.603  -52.666  1.054 0.2000000030
11925  -32.855  -52.854  1.283 0.3000000119
11935  -33.599  -52.775  1.008 0.3000000119
12640  -33.477  -52.473  -3.511 0.3000000119
13956  -32.199  -50.811  -4.834 0.3000000119
13288  -32.725  -51.227  -5.262 0.3000000119
13275  -32.633  -51.421  -4.466 0.3000000119
12639  -32.943  -51.974  -3.107 0.3000000119
12611  -33.306  -52.436  -1.481 0.3000000119
13978  -31.930  -49.900  -6.115 0.3000000119
12626  -32.861  -51.915  -2.054 0.3000000119
12610  -32.892  -51.784  -0.891 0.2000000030
15452  -31.493  -48.386  -6.726 0.2000000030
14727  -32.074  -48.819  -7.056 0.2000000030
15469  -32.647  -48.492  -7.425 0.3000000119
15470  -33.419  -48.157  -7.591 0.3000000119
15471  -34.383  -47.887  -7.526 0.3000000119
109913  -33.902  -48.697  -7.634 0.3000000119
15473  -36.056  -48.144  -7.566 0.1000000015
16179  -35.247  -47.666  -7.186 0.2000000030
115060  -36.180  -47.822  -7.226 0.1000000015
15453  -38.054  -48.302  -6.002 0.1000000015
106109  -38.089  -48.818  -4.533 0.1000000015
14683  -38.803  -50.050  -2.933 0.1000000015
15437  -38.778  -48.724  -5.222 0.1000000015
15423  -39.128  -49.370  -4.354 0.1000000015
14684  -40.178  -50.134  -3.013 0.1000000015
14667  -40.427  -50.521  -2.044 0.1000000015
14651  -40.768  -50.592  -1.050 0.1000000015
15454  -39.045  -48.230  -6.239 0.1000000015
111062  -39.815  -48.831  -5.483 0.1000000015
15424  -40.151  -49.418  -4.780 0.1000000015
14699  -40.392  -49.917  -4.002 0.1000000015
111580  -40.754  -49.757  -2.441 0.1000000015
15402  -40.722  -49.767  -1.673 0.1000000015
16159  -39.673  -47.959  -6.786 0.1000000015
15455  -40.449  -48.648  -5.989 0.1000000015
16160  -40.675  -48.285  -6.841 0.1000000015
15474  -41.780  -48.449  -6.843 0.2000000030
15458  -42.808  -48.053  -6.463 0.1000000015
16888  -42.675  -47.159  -6.924 0.1000000015
16912  -42.059  -46.494  -7.958 0.1000000015
104912  -40.474  -46.306  -8.632 0.1000000015
121942  -39.580  -46.034  -8.806 0.1000000015
16919  -39.782  -46.387  -9.437 0.1000000015
108453  -38.498  -45.580  -9.222 0.1000000015
17674  -37.977  -45.211  -9.484 0.1000000015
18431  -37.435  -44.624  -9.955 0.1000000015
13210  -29.991  -50.913  0.645 0.2000000030
12583  -32.306  -51.739  0.949 0.2000000030
11934  -33.161  -52.237  1.132 0.3000000119
116456  -30.628  -50.175  0.419 0.2000000030
13211  -31.059  -50.924  0.593 0.2000000030
12584  -32.845  -51.580  0.869 0.2000000030
12585  -33.326  -52.036  0.747 0.3000000119
13955  -31.710  -50.462  -4.232 0.3000000119
13943  -32.180  -51.043  -4.112 0.3000000119
13246  -32.389  -51.442  -2.653 0.3000000119
13967  -31.645  -50.068  -5.231 0.3000000119
13259  -31.903  -50.882  -3.281 0.3000000119
13245  -31.885  -50.942  -2.228 0.3000000119
13232  -32.279  -51.271  -1.399 0.3000000119
15451  -30.796  -47.937  -6.222 0.2000000030
14707  -31.090  -49.315  -5.326 0.3000000119
110421  -32.695  -51.128  -0.295 0.2000000030
12596  -33.075  -51.443  0.275 0.2000000030
15468  -32.031  -47.928  -7.351 0.2000000030
16154  -31.416  -47.474  -6.923 0.2000000030
16177  -32.793  -47.566  -7.527 0.3000000119
16178  -33.651  -47.228  -7.469 0.3000000119
16155  -34.376  -47.089  -7.191 0.2000000030
16156  -34.917  -47.195  -6.495 0.2000000030
15435  -36.585  -48.255  -4.931 0.1000000015
15438  -40.930  -49.253  -5.181 0.1000000015
108340  -41.410  -49.530  -4.308 0.1000000015
14700  -41.362  -49.661  -3.515 0.1000000015
15413  -40.973  -49.330  -3.045 0.1000000015
119301  -41.366  -49.065  -5.475 0.1000000015
15439  -42.038  -49.039  -4.883 0.1000000015
15425  -42.242  -49.092  -4.014 0.1000000015
16131  -41.080  -48.126  -3.647 0.1000000015
15456  -41.776  -48.788  -5.904 0.1000000015
15426  -42.404  -48.512  -4.699 0.1000000015
16144  -42.235  -47.829  -4.858 0.1000000015
16854  -40.974  -47.381  -4.569 0.1000000015
16853  -39.723  -47.113  -4.079 0.1000000015
15440  -42.494  -48.485  -5.417 0.1000000015
16145  -42.626  -47.999  -5.362 0.1000000015
16866  -41.405  -47.091  -5.278 0.1000000015
16886  -41.164  -46.554  -5.937 0.1000000015
15441  -42.716  -48.079  -5.986 0.1000000015
111867  -42.565  -47.600  -6.180 0.1000000015
16887  -41.904  -46.694  -6.500 0.1000000015
112835  -40.983  -46.208  -6.589 0.1000000015
16906  -41.316  -46.212  -7.027 0.1000000015
16907  -42.061  -46.535  -7.279 0.1000000015
16911  -41.059  -46.199  -7.729 0.1000000015
13877  -28.610  -49.748  0.841 0.3000000119
14618  -30.167  -49.527  0.173 0.3000000119
13886  -31.428  -50.460  0.324 0.2000000030
114309  -32.021  -50.645  0.226 0.2000000030
13223  -32.588  -51.000  0.337 0.2000000030
13899  -30.979  -49.832  0.051 0.3000000119
115939  -31.596  -50.247  -0.160 0.3000000119
14698  -31.068  -49.680  -4.388 0.3000000119
13942  -30.922  -49.925  -2.651 0.3000000119
13927  -31.053  -49.903  -1.771 0.3000000119
16140  -30.260  -47.857  -5.432 0.2000000030
103715  -30.505  -49.107  -4.196 0.3000000119
14681  -30.572  -49.479  -3.331 0.3000000119
113592  -30.342  -47.276  -5.925 0.2000000030
16176  -32.137  -47.064  -7.350 0.2000000030
16904  -32.967  -46.750  -7.357 0.3000000119
16905  -33.695  -46.633  -7.055 0.2000000030
16884  -34.234  -46.678  -6.434 0.2000000030
16885  -40.017  -46.037  -6.271 0.1000000015
101808  -40.445  -45.918  -7.109 0.1000000015
16910  -39.795  -45.851  -7.964 0.1000000015
14609  -28.023  -49.428  1.394 0.1000000015
14617  -29.317  -49.232  0.404 0.3000000119
14630  -29.681  -48.905  -0.347 0.3000000119
14664  -30.530  -49.486  -2.231 0.3000000119
14647  -30.090  -49.056  -1.581 0.3000000119
15409  -29.716  -47.994  -4.054 0.3000000119
107999  -29.516  -48.286  -3.129 0.3000000119
14663  -29.998  -48.960  -2.685 0.3000000119
16127  -29.479  -47.265  -4.455 0.2000000030
16139  -29.836  -47.076  -5.301 0.2000000030
16860  -30.244  -46.534  -5.904 0.1000000015
16881  -31.502  -46.608  -6.807 0.2000000030
17627  -30.115  -45.679  -5.606 0.1000000015
16882  -32.305  -46.377  -6.862 0.2000000030
17644  -31.688  -45.918  -6.386 0.2000000030
121175  -33.118  -45.848  -5.956 0.3000000119
14616  -28.604  -48.941  0.770 0.3000000119
14629  -28.912  -48.596  0.097 0.3000000119
15371  -28.971  -48.291  -0.733 0.3000000119
15385  -29.564  -48.604  -1.201 0.3000000119
15397  -29.013  -47.801  -2.604 0.3000000119
15398  -29.504  -48.477  -2.138 0.3000000119
16117  -29.157  -47.450  -3.565 0.2000000030
16126  -29.085  -46.852  -4.109 0.2000000030
16848  -28.734  -46.273  -4.088 0.1000000015
17626  -29.533  -45.826  -5.097 0.1000000015
119058  -30.734  -45.370  -5.746 0.1000000015
17628  -31.231  -45.491  -5.967 0.1000000015
15362  -28.320  -48.300  0.613 0.3000000119
16068  -27.841  -47.627  0.522 0.2000000030
103895  -28.573  -47.108  -2.998 0.2000000030
16106  -28.457  -47.342  -2.149 0.3000000119
15384  -28.955  -48.036  -1.661 0.3000000119
106851  -27.618  -46.023  -2.519 0.2000000030
115838  -28.114  -46.733  -2.591 0.2000000030
104818  -27.319  -45.118  -2.726 0.1000000015
16840  -27.821  -45.496  -3.209 0.1000000015
18336  -26.984  -44.189  -2.074 0.1000000015
17606  -27.800  -44.614  -3.353 0.1000000015
105573  -28.920  -44.992  -4.400 0.1000000015
18375  -29.587  -45.069  -4.906 0.1000000015
18362  -28.541  -44.522  -3.951 0.1000000015
18363  -29.230  -44.347  -4.410 0.1000000015
18376  -30.366  -44.872  -5.254 0.1000000015
16078  -27.698  -47.228  -0.288 0.2000000030
16815  -27.277  -46.138  -1.631 0.2000000030
16092  -28.254  -47.510  -1.138 0.2000000030
16814  -26.864  -45.561  -1.298 0.1000000015
18323  -26.765  -44.473  -1.597 0.1000000015
112004  -28.165  -43.979  -3.566 0.1000000015
19162  -29.559  -43.587  -4.328 0.1000000015
18364  -29.936  -44.212  -4.785 0.1000000015
19130  -27.330  -43.699  -2.247 0.1000000015
19144  -27.689  -43.834  -3.048 0.1000000015
19131  -28.438  -43.345  -3.281 0.1000000015
19995  -27.826  -43.060  -1.971 0.1000000015
19996  -28.601  -42.765  -2.527 0.1000000015
10672  -39.972  -55.676  -1.358 0.4000000060
10707  -38.896  -55.138  -2.989 0.5000000000
10692  -38.800  -55.447  -2.156 0.4000000060
122041  -39.003  -54.789  -3.548 0.5000000000
121781  -37.660  -55.856  -0.063 0.4000000060
114532  -39.071  -58.165  0.519 0.5000000000
106351  -38.285  -55.933  -0.381 0.4000000060
9318  -40.645  -56.930  1.461 0.5000000000
10654  -39.603  -55.942  -0.422 0.6000000238
9331  -41.170  -56.555  0.496 0.5000000000
8755  -40.172  -57.636  0.301 0.3000000119
8764  -38.924  -58.637  -1.057 0.5000000000
9976  -40.360  -56.565  1.166 0.5000000000
8090  -37.777  -59.263  1.611 0.5000000000
9977  -41.060  -56.276  0.532 0.5000000000
11361  -39.835  -54.001  -4.981 0.4000000060
8756  -40.708  -57.467  -0.431 0.4000000060
10048  -41.849  -56.575  -4.291 0.4000000060
10047  -41.104  -57.146  -4.826 0.4000000060
121205  -42.455  -56.017  -4.495 0.4000000060
11379  -43.523  -54.724  -6.205 0.3000000119
10742  -43.401  -54.996  -5.237 0.4000000060
9287  -35.345  -57.747  4.051 0.2000000030
10670  -37.079  -55.512  -1.502 0.5000000000
11325  -40.712  -54.801  -3.466 0.4000000060
13314  -37.808  -51.851  -7.500 0.3000000119
12673  -38.884  -52.825  -6.801 0.4000000060
12026  -39.506  -53.314  -6.183 0.4000000060
11345  -40.179  -54.435  -4.348 0.5000000000
10710  -41.871  -54.767  -2.686 0.6000000238
10674  -41.704  -55.561  -1.073 0.6000000238
10656  -41.648  -55.713  -0.258 0.6000000238
10655  -40.912  -55.726  -0.294 0.6000000238
9986  -40.661  -56.055  0.357 0.6000000238
118223  -41.539  -55.975  0.185 0.5000000000
9338  -41.272  -56.955  0.380 0.5000000000
11363  -41.786  -54.151  -4.715 0.5000000000
10001  -41.948  -55.402  -1.772 0.6000000238
11307  -42.551  -54.810  -2.527 0.5000000000
9352  -42.005  -56.197  -0.591 0.5000000000
120282  -42.008  -56.042  -0.028 0.5000000000
117574  -41.481  -56.909  -1.291 0.5000000000
9339  -41.764  -56.221  0.019 0.5000000000
12693  -39.533  -52.414  -7.434 0.4000000060
10711  -42.927  -54.776  -2.908 0.4000000060
114582  -41.734  -56.591  -2.539 0.5000000000
12675  -40.436  -52.659  -7.397 0.4000000060
117234  -42.116  -53.399  -6.499 0.5000000000
116912  -42.013  -53.911  -5.170 0.5000000000
11994  -42.908  -53.952  -4.636 0.5000000000
10723  -43.231  -55.021  -3.220 0.4000000060
11995  -43.759  -53.953  -4.554 0.4000000060
10070  -43.317  -55.066  -4.148 0.4000000060
122287  -43.424  -54.346  -4.259 0.4000000060
12012  -43.554  -53.774  -5.167 0.4000000060
10653  -37.207  -55.697  -0.627 0.4000000060
112777  -39.968  -56.803  1.977 0.5000000000
12004  -34.912  -53.249  -5.036 0.5000000000
9984  -38.173  -56.010  0.703 0.5000000000
115882  -39.739  -50.639  -8.698 0.3000000119
119470  -40.510  -51.540  -8.540 0.3000000119
12694  -41.128  -52.418  -7.868 0.3000000119
12677  -42.679  -53.137  -6.892 0.3000000119
12701  -41.791  -52.140  -8.394 0.3000000119
12695  -43.349  -52.852  -7.301 0.3000000119
12696  -44.838  -52.590  -6.971 0.3000000119
12697  -44.943  -52.945  -6.160 0.4000000060
12038  -45.185  -52.918  -6.359 0.4000000060
13326  -45.761  -51.828  -8.091 0.2000000030
12703  -45.674  -52.130  -7.280 0.3000000119
14769  -45.336  -49.547  -10.606 0.1000000015
15511  -44.812  -48.164  -9.519 0.1000000015
10651  -35.740  -55.020  -0.645 0.5000000000
10641  -36.547  -55.313  0.826 0.4000000060
13300  -34.285  -51.686  -6.695 0.4000000060
14004  -36.203  -50.000  -7.822 0.3000000119
15487  -37.651  -48.601  -8.383 0.1000000015
14743  -36.428  -49.120  -8.122 0.1000000015
14022  -40.183  -50.028  -8.966 0.2000000030
13338  -43.019  -50.751  -9.431 0.2000000030
14025  -45.798  -50.350  -10.394 0.1000000015
14760  -45.311  -49.620  -10.260 0.1000000015
16213  -44.368  -47.666  -9.127 0.1000000015
10615  -34.252  -55.553  3.525 0.3000000119
10616  -35.314  -55.209  3.654 0.3000000119
11268  -34.700  -54.355  1.720 0.3000000119
11253  -35.609  -54.736  3.014 0.3000000119
11276  -35.260  -54.489  1.087 0.3000000119
11275  -35.013  -54.245  0.003 0.3000000119
11936  -34.238  -53.449  0.647 0.3000000119
10629  -35.952  -54.873  1.468 0.3000000119
11952  -34.249  -53.589  -1.444 0.4000000060
11291  -34.662  -54.109  -0.994 0.4000000060
11974  -34.538  -53.417  -3.312 0.4000000060
13289  -33.275  -51.573  -5.634 0.4000000060
15485  -35.908  -48.682  -7.822 0.2000000030
16181  -37.637  -47.883  -7.580 0.1000000015
16191  -38.093  -48.136  -8.152 0.1000000015
16183  -39.539  -47.888  -7.572 0.1000000015
103934  -42.170  -48.511  -8.317 0.1000000015
16203  -43.692  -47.321  -8.712 0.1000000015
16920  -40.568  -46.620  -9.389 0.1000000015
12648  -33.038  -51.973  -4.016 0.3000000119
11973  -33.918  -52.969  -2.972 0.4000000060
13968  -32.294  -50.564  -5.675 0.3000000119
15472  -35.247  -48.304  -7.571 0.1000000015
16143  -37.241  -48.037  -6.192 0.1000000015
16161  -42.836  -47.825  -6.652 0.1000000015
11266  -32.400  -54.179  1.787 0.2000000030
12568  -32.657  -52.219  1.161 0.2000000030
13260  -32.516  -51.475  -3.636 0.3000000119
14718  -31.706  -49.190  -6.449 0.3000000119
116396  -31.477  -49.488  -5.856 0.3000000119
15434  -31.159  -48.850  -6.043 0.3000000119
102995  -35.773  -47.616  -6.665 0.1000000015
15436  -37.487  -48.455  -5.252 0.1000000015
111560  -38.088  -49.267  -3.715 0.1000000015
119069  -39.371  -49.866  -3.626 0.1000000015
14685  -40.769  -49.910  -2.751 0.1000000015
14668  -40.689  -50.268  -1.939 0.1000000015
13931  -40.609  -50.738  -1.436 0.1000000015
15387  -40.248  -48.606  -1.361 0.1000000015
15457  -42.483  -48.311  -6.149 0.1000000015
121058  -41.274  -46.367  -8.280 0.1000000015
12582  -31.379  -51.821  0.789 0.2000000030
13212  -32.047  -51.113  0.596 0.2000000030
14682  -31.240  -50.187  -3.418 0.3000000119
13928  -31.413  -50.419  -2.458 0.3000000119
13231  -31.636  -50.434  -1.258 0.3000000119
13222  -32.191  -50.703  -0.319 0.3000000119
14706  -30.665  -48.605  -5.450 0.3000000119
14697  -30.675  -49.068  -4.831 0.3000000119
16142  -36.317  -47.804  -5.912 0.1000000015
16141  -35.403  -47.411  -5.661 0.2000000030
110414  -36.876  -48.160  -5.576 0.1000000015
16121  -41.756  -48.892  -3.522 0.1000000015
16109  -39.795  -47.810  -2.113 0.1000000015
16132  -42.130  -48.450  -4.149 0.1000000015
16867  -42.060  -47.306  -5.670 0.1000000015
13885  -29.498  -50.087  0.613 0.3000000119
13912  -31.083  -49.821  -0.756 0.3000000119
14648  -30.647  -49.515  -1.375 0.3000000119
15420  -30.239  -48.456  -4.649 0.3000000119
16128  -29.882  -47.736  -4.806 0.2000000030
15410  -30.063  -48.738  -3.677 0.3000000119
16880  -30.803  -46.937  -6.461 0.2000000030
16883  -33.061  -46.250  -6.655 0.2000000030
13876  -27.657  -50.265  1.860 0.1000000015
15351  -28.141  -48.630  1.173 0.2000000030
14631  -30.404  -49.362  -0.609 0.3000000119
16859  -29.770  -46.310  -5.390 0.2000000030
17643  -30.841  -45.998  -6.299 0.1000000015
16841  -28.230  -46.291  -3.312 0.2000000030
16849  -29.323  -46.468  -4.750 0.2000000030
17616  -29.042  -45.670  -4.567 0.1000000015
17607  -28.383  -45.412  -3.898 0.1000000015
16079  -28.338  -47.965  -0.159 0.3000000119
16105  -27.837  -46.777  -1.870 0.2000000030
17575  -27.093  -45.443  -2.032 0.1000000015
16800  -27.087  -46.449  -0.321 0.2000000030
107764  -27.500  -46.727  -1.043 0.2000000030
17567  -26.586  -44.956  -1.048 0.1000000015
19161  -28.837  -43.802  -3.921 0.1000000015
104893  -27.893  -43.334  -2.656 0.1000000015
8126  -38.209  -59.417  -0.745 0.3000000119
7565  -37.519  -60.713  -1.009 0.3000000119
8125  -37.730  -59.835  -1.323 0.3000000119
5242  -34.109  -64.992  -2.281 0.2000000030
5255  -32.680  -65.505  -2.851 0.2000000030
113724  -37.123  -62.277  -1.142 0.4000000060
5750  -36.715  -62.767  -1.741 0.3000000119
8763  -38.140  -59.035  -1.504 0.4000000060
6949  -36.978  -61.843  -2.149 0.3000000119
115073  -35.702  -63.777  -1.699 0.3000000119
7574  -36.904  -60.753  -2.417 0.4000000060
5760  -36.252  -63.358  -2.373 0.3000000119
5243  -34.858  -64.716  -2.573 0.2000000030
8779  -37.901  -58.631  -2.130 0.4000000060
8135  -37.496  -59.335  -2.046 0.4000000060
6334  -36.605  -62.351  -2.742 0.4000000060
8780  -38.621  -58.355  -1.896 0.4000000060
9371  -38.905  -57.785  -2.512 0.4000000060
6959  -36.617  -61.336  -2.978 0.4000000060
6333  -36.240  -62.754  -3.367 0.3000000119
5268  -35.122  -64.544  -3.856 0.3000000119
9370  -38.032  -57.985  -2.560 0.4000000060
8134  -36.946  -59.733  -2.589 0.4000000060
119690  -36.256  -61.837  -3.503 0.3000000119
5767  -35.605  -63.753  -3.952 0.4000000060
9391  -39.245  -57.500  -3.246 0.4000000060
109385  -36.587  -59.282  -3.296 0.4000000060
6958  -35.939  -62.245  -3.927 0.3000000119
9392  -40.293  -57.511  -3.344 0.4000000060
9389  -37.421  -57.806  -3.245 0.4000000060
8778  -37.247  -58.660  -2.731 0.4000000060
8154  -36.079  -59.897  -3.763 0.4000000060
7612  -35.644  -60.498  -4.220 0.3000000119
8806  -36.713  -58.291  -3.500 0.4000000060
8167  -35.569  -59.502  -4.339 0.4000000060
9409  -38.727  -57.124  -3.942 0.4000000060
9408  -37.612  -57.193  -3.918 0.4000000060
118699  -36.889  -57.621  -3.772 0.4000000060
8805  -36.141  -58.892  -3.974 0.4000000060
7611  -35.072  -60.102  -4.759 0.3000000119
9407  -36.749  -57.209  -4.212 0.4000000060
8821  -36.191  -57.805  -4.204 0.4000000060
7629  -34.597  -60.656  -5.236 0.2000000030
10046  -40.360  -57.144  -4.983 0.3000000119
10044  -38.198  -56.704  -4.597 0.4000000060
10045  -39.314  -56.865  -4.706 0.4000000060
10042  -36.145  -56.890  -4.829 0.4000000060
9406  -35.396  -57.520  -4.914 0.4000000060
8166  -34.883  -59.080  -4.840 0.2000000030
106212  -34.239  -58.716  -5.494 0.2000000030
7633  -33.415  -60.686  -6.250 0.3000000119
10068  -41.043  -56.863  -5.522 0.3000000119
10067  -39.666  -56.404  -5.447 0.3000000119
8819  -34.730  -58.106  -5.124 0.2000000030
8181  -33.763  -59.301  -5.872 0.2000000030
7001  -33.114  -61.507  -6.633 0.2000000030
10741  -41.712  -56.219  -5.851 0.3000000119
117089  -40.461  -56.598  -5.617 0.3000000119
10043  -37.137  -56.704  -4.635 0.4000000060
9405  -34.658  -57.218  -5.762 0.1000000015
10739  -39.937  -55.749  -6.204 0.3000000119
10738  -38.090  -55.714  -6.052 0.2000000030
10736  -36.358  -55.879  -6.207 0.2000000030
8191  -33.061  -59.037  -6.422 0.1000000015
7632  -32.663  -60.657  -6.898 0.2000000030
10759  -39.465  -55.384  -6.895 0.2000000030
10758  -38.453  -55.438  -6.760 0.2000000030
117601  -36.143  -55.769  -6.809 0.1000000015
9435  -34.289  -56.653  -6.713 0.1000000015
8844  -32.731  -58.094  -6.738 0.1000000015
105095  -32.843  -59.861  -6.630 0.1000000015
10761  -41.384  -55.493  -6.650 0.3000000119
10760  -40.431  -55.425  -6.771 0.3000000119
10772  -43.073  -54.975  -7.443 0.1000000015
101984  -42.150  -55.241  -7.036 0.3000000119
10770  -40.212  -55.405  -7.526 0.2000000030
10757  -37.605  -55.509  -6.702 0.1000000015
9433  -32.848  -57.461  -7.022 0.1000000015
8190  -32.393  -59.012  -7.090 0.1000000015
10771  -41.033  -55.301  -7.332 0.2000000030
10769  -39.561  -55.565  -7.723 0.1000000015
108566  -37.949  -55.487  -7.179 0.1000000015
10766  -36.456  -55.789  -7.174 0.1000000015
10086  -36.084  -56.311  -7.463 0.1000000015
9441  -33.303  -57.158  -7.226 0.1000000015
117882  -31.976  -58.832  -7.739 0.1000000015
120293  -31.391  -60.289  -8.851 0.1000000015
10778  -41.814  -55.389  -7.999 0.1000000015
101680  -40.840  -55.519  -8.128 0.2000000030
10777  -40.096  -55.742  -8.314 0.1000000015
10088  -37.867  -55.882  -7.611 0.1000000015
114906  -33.780  -57.105  -7.548 0.1000000015
9448  -33.232  -57.563  -8.058 0.1000000015
8199  -31.696  -59.262  -8.253 0.1000000015
7016  -31.274  -61.214  -9.517 0.1000000015
10776  -39.380  -55.985  -8.274 0.1000000015
110002  -36.357  -57.125  -7.890 0.1000000015
111510  -35.129  -57.675  -8.124 0.1000000015
8217  -32.558  -59.081  -9.797 0.1000000015
8231  -31.973  -59.657  -10.071 0.1000000015
117044  -34.741  -58.171  -8.465 0.1000000015
11391  -45.221  -53.396  -6.748 0.2000000030
11400  -44.731  -54.075  -7.620 0.1000000015
10780  -43.812  -54.755  -8.147 0.1000000015
115610  -41.390  -55.869  -8.723 0.1000000015
10779  -42.866  -55.492  -8.591 0.1000000015
10096  -40.794  -56.223  -8.824 0.1000000015
10093  -38.608  -56.375  -8.176 0.1000000015
8216  -31.848  -59.238  -9.403 0.1000000015
8864  -32.425  -57.933  -8.178 0.1000000015
9449  -34.151  -57.530  -8.125 0.1000000015
10092  -37.740  -56.844  -8.044 0.1000000015
7564  -37.220  -61.223  -1.560 0.3000000119
7575  -37.285  -60.244  -1.886 0.4000000060
5749  -35.469  -64.165  -2.273 0.3000000119
5759  -35.920  -63.613  -3.241 0.3000000119
7591  -36.528  -60.306  -3.133 0.4000000060
119440  -35.784  -61.461  -4.106 0.3000000119
9390  -38.298  -57.542  -3.246 0.4000000060
8820  -35.478  -58.461  -4.518 0.2000000030
8182  -34.429  -59.689  -5.293 0.2000000030
10066  -38.685  -56.250  -5.312 0.3000000119
10064  -36.695  -56.257  -5.391 0.2000000030
108158  -33.408  -59.833  -6.188 0.2000000030
10740  -40.814  -55.959  -6.170 0.3000000119
9425  -35.403  -56.843  -5.445 0.2000000030
8834  -33.535  -58.253  -6.154 0.1000000015
103893  -39.025  -55.709  -6.131 0.2000000030
10737  -37.184  -55.766  -6.047 0.2000000030
10735  -35.622  -56.006  -6.566 0.1000000015
109995  -32.382  -59.917  -7.167 0.1000000015
10755  -35.636  -55.923  -7.035 0.1000000015
8845  -33.208  -57.535  -6.668 0.1000000015
10767  -37.257  -55.646  -7.218 0.1000000015
10083  -34.107  -56.645  -7.084 0.1000000015
9440  -32.736  -57.608  -7.524 0.1000000015
8200  -31.950  -59.572  -7.687 0.1000000015
10768  -38.740  -55.602  -7.496 0.1000000015
10087  -37.014  -56.086  -7.542 0.1000000015
9442  -34.519  -56.909  -7.628 0.1000000015
8206  -31.480  -59.729  -8.913 0.1000000015
7033  -31.331  -61.082  -10.172 0.1000000015
10095  -40.071  -56.674  -8.858 0.1000000015
10784  -42.080  -56.028  -9.095 0.1000000015
7519  -36.437  -60.532  1.841 0.3000000119
6891  -36.453  -61.272  1.604 0.2000000030
114290  -35.307  -61.299  0.436 0.3000000119
6903  -36.158  -61.801  1.088 0.2000000030
8074  -37.299  -58.703  3.212 0.4000000060
8088  -36.622  -59.932  1.980 0.2000000030
7520  -36.887  -60.989  1.844 0.3000000119
8075  -37.695  -58.796  2.536 0.4000000060
6892  -36.681  -61.566  1.370 0.2000000030
6278  -36.419  -62.348  0.537 0.2000000030
6913  -34.928  -61.744  -0.263 0.1000000015
6914  -35.679  -62.186  0.301 0.2000000030
122758  -34.689  -62.160  -0.770 0.1000000015
7533  -37.564  -61.147  0.832 0.3000000119
6937  -34.452  -61.299  -1.022 0.1000000015
6295  -36.206  -62.749  -0.069 0.2000000030
6936  -34.109  -61.984  -1.450 0.1000000015
111159  -33.467  -62.293  -1.974 0.1000000015
6316  -34.835  -63.036  -0.904 0.1000000015
6315  -34.116  -63.104  -1.468 0.1000000015
6332  -32.102  -62.509  -2.606 0.1000000015
6325  -32.892  -62.650  -2.254 0.1000000015
6326  -33.492  -63.351  -1.883 0.1000000015
109759  -31.609  -63.331  -2.741 0.1000000015
7534  -37.832  -60.189  0.867 0.3000000119
6296  -36.807  -62.578  0.227 0.2000000030
6317  -35.776  -63.213  -0.630 0.2000000030
6294  -35.321  -62.559  -0.359 0.2000000030
107962  -32.692  -63.639  -2.270 0.1000000015
6330  -30.666  -63.279  -3.348 0.1000000015
8118  -38.149  -59.772  0.069 0.2000000030
7549  -37.887  -60.541  0.278 0.3000000119
6297  -37.095  -62.481  -0.260 0.2000000030
5735  -35.376  -63.650  -1.118 0.2000000030
5747  -33.706  -64.314  -1.914 0.1000000015
7548  -37.696  -61.136  -0.042 0.3000000119
118355  -35.166  -64.076  -1.514 0.2000000030
5748  -34.593  -64.414  -1.783 0.1000000015
5757  -31.307  -64.041  -3.055 0.1000000015
5758  -32.149  -64.424  -2.696 0.1000000015
5253  -30.569  -65.050  -3.762 0.1000000015
5256  -33.582  -65.509  -2.788 0.1000000015
5265  -31.392  -65.975  -3.589 0.1000000015
106540  -38.581  -58.857  -0.190 0.2000000030
5257  -34.490  -65.168  -3.110 0.1000000015
4812  -33.043  -66.189  -3.197 0.1000000015
5267  -34.547  -65.084  -4.156 0.1000000015
4825  -29.858  -65.653  -5.480 0.1000000015
4813  -33.860  -65.739  -3.530 0.1000000015
121060  -35.494  -63.123  -4.453 0.3000000119
4344  -32.025  -67.316  -3.898 0.1000000015
8104  -38.270  -59.074  0.677 0.3000000119
8089  -37.090  -59.629  2.153 0.3000000119
7521  -37.257  -60.684  1.537 0.2000000030
6938  -37.389  -61.706  -0.563 0.3000000119
5241  -33.174  -64.850  -2.356 0.1000000015
5254  -31.571  -65.074  -3.234 0.1000000015
5736  -36.174  -63.407  -1.334 0.2000000030
6904  -36.727  -62.084  0.920 0.2000000030
5733  -34.105  -63.907  -1.545 0.1000000015
5280  -30.144  -65.418  -4.482 0.1000000015
4818  -30.925  -66.259  -4.005 0.1000000015
4820  -32.454  -66.791  -3.589 0.1000000015
4819  -31.662  -66.958  -3.686 0.1000000015
5766  -35.231  -63.745  -4.591 0.2000000030
5281  -33.948  -65.181  -5.649 0.1000000015
4841  -33.524  -65.683  -6.173 0.1000000015
5295  -33.644  -64.667  -6.518 0.2000000030
119497  -32.415  -67.239  -6.739 0.1000000015
5784  -34.740  -63.653  -5.250 0.2000000030
105613  -34.060  -64.362  -6.029 0.2000000030
4852  -33.309  -65.149  -7.134 0.2000000030
4372  -32.639  -66.314  -7.701 0.1000000015
5797  -33.611  -63.674  -6.554 0.1000000015
5783  -34.233  -63.669  -5.901 0.1000000015
118235  -32.950  -65.529  -7.660 0.1000000015
5806  -33.146  -64.125  -7.322 0.1000000015
111527  -35.473  -62.218  -4.534 0.2000000030
6360  -35.030  -62.859  -5.031 0.2000000030
113570  -33.803  -63.028  -6.252 0.1000000015
5796  -33.017  -63.093  -7.181 0.1000000015
6359  -34.270  -62.688  -5.757 0.1000000015
6370  -33.561  -62.320  -6.392 0.1000000015
6973  -34.683  -61.740  -5.298 0.2000000030
6369  -32.955  -62.263  -6.978 0.1000000015
6993  -33.876  -61.656  -6.028 0.1000000015
6974  -35.226  -61.116  -4.702 0.2000000030
6377  -32.326  -62.433  -7.626 0.1000000015
106745  -34.893  -64.361  -4.668 0.1000000015
5282  -34.451  -64.584  -5.240 0.1000000015
8073  -36.659  -59.362  2.837 0.2000000030
7532  -35.793  -60.748  1.261 0.1000000015
10596  -32.578  -56.720  4.195 0.1000000015
119469  -30.675  -54.281  2.754 0.1000000015
11265  -31.268  -54.300  2.251 0.1000000015
13209  -28.999  -51.092  0.785 0.2000000030
13200  -29.196  -51.920  1.059 0.1000000015
11908  -29.418  -54.050  3.894 0.1000000015
12581  -30.204  -51.989  0.784 0.1000000015
12566  -30.477  -52.874  1.281 0.1000000015
11923  -30.781  -53.725  1.898 0.1000000015
11922  -29.898  -53.530  2.601 0.1000000015
8716  -36.634  -58.860  3.476 0.2000000030
10597  -33.605  -56.502  4.258 0.1000000015
107976  -28.438  -50.652  0.964 0.2000000030
10614  -33.169  -55.871  3.661 0.1000000015
11248  -30.541  -54.824  3.494 0.1000000015
11909  -30.145  -54.210  3.336 0.1000000015
8730  -35.408  -59.125  2.604 0.1000000015
8087  -36.227  -59.619  2.388 0.1000000015
16778  -27.447  -47.263  1.248 0.1000000015
111033  -27.637  -47.744  1.925 0.1000000015
120367  -27.670  -48.262  2.393 0.1000000015
113116  -27.679  -48.938  2.528 0.1000000015
15361  -27.936  -48.003  1.246 0.1000000015
16049  -27.228  -47.015  2.856 0.1000000015
121283  -27.322  -47.204  3.833 0.1000000015
16043  -27.420  -47.570  3.359 0.1000000015
15315  -27.886  -48.446  4.241 0.1000000015
16058  -27.164  -46.912  2.067 0.1000000015
15338  -27.569  -48.333  2.957 0.1000000015
15326  -27.676  -48.428  3.606 0.1000000015
14577  -27.716  -49.247  3.837 0.1000000015
16777  -26.930  -46.448  1.206 0.1000000015
115745  -28.015  -47.784  5.083 0.1000000015
16042  -27.075  -46.658  3.520 0.1000000015
111455  -27.727  -47.596  4.717 0.1000000015
16775  -26.844  -46.314  2.707 0.1000000015
104766  -27.539  -47.692  4.043 0.1000000015
15305  -28.145  -48.348  4.801 0.1000000015
16786  -26.734  -46.038  0.395 0.1000000015
16760  -27.327  -46.350  5.781 0.1000000015
101896  -27.418  -46.828  5.058 0.1000000015
104376  -27.770  -47.268  5.390 0.1000000015
101823  -26.799  -45.903  4.167 0.1000000015
17547  -26.626  -45.706  3.327 0.1000000015
106445  -26.575  -45.586  1.146 0.1000000015
105772  -33.624  -46.254  -6.173 0.1000000015
16862  -34.015  -46.363  -5.537 0.1000000015
16129  -35.150  -47.267  -4.606 0.1000000015
17552  -26.427  -45.133  1.852 0.1000000015
16799  -26.661  -45.598  -0.451 0.1000000015
119966  -27.030  -46.117  -0.953 0.1000000015
17645  -32.484  -45.821  -6.194 0.1000000015
16861  -33.452  -45.857  -5.146 0.1000000015
16119  -36.243  -48.100  -3.378 0.1000000015
16130  -35.840  -47.844  -4.778 0.1000000015
16118  -35.598  -47.749  -3.907 0.1000000015
16759  -27.012  -46.071  4.989 0.1000000015
16025  -27.891  -47.050  6.128 0.1000000015
14608  -27.667  -49.572  2.150 0.1000000015
15350  -27.859  -48.662  1.852 0.1000000015
16787  -27.265  -46.848  0.463 0.1000000015
16863  -34.643  -46.840  -5.380 0.1000000015
16050  -27.478  -47.630  2.607 0.1000000015
14588  -27.598  -49.110  3.157 0.1000000015
101942  -26.687  -45.995  1.918 0.1000000015
17550  -26.513  -45.479  2.551 0.1000000015
15421  -36.275  -48.313  -4.076 0.1000000015
12040  -46.085  -52.356  -7.663 0.1000000015
12050  -45.891  -52.711  -8.723 0.1000000015
9337  -33.558  -57.469  -0.223 0.1000000015
8753  -34.283  -58.052  0.146 0.1000000015
8754  -34.557  -58.988  -0.465 0.1000000015
118054  -33.025  -56.980  0.414 0.1000000015
9348  -33.308  -57.798  -1.166 0.1000000015
103729  -31.937  -56.826  -0.301 0.1000000015
9329  -33.583  -57.443  0.833 0.1000000015
9983  -31.368  -56.675  -0.809 0.1000000015
9327  -32.164  -56.810  0.691 0.1000000015
9997  -29.948  -55.882  -1.009 0.1000000015
9973  -31.338  -56.619  0.242 0.1000000015
8674  -26.520  -58.781  5.939 0.1000000015
114876  -25.806  -58.231  5.699 0.1000000015
8713  -25.709  -58.887  1.890 0.1000000015
8727  -25.659  -58.718  1.230 0.1000000015
8742  -25.418  -58.270  0.847 0.1000000015
114868  -25.282  -57.706  0.350 0.1000000015
111365  -34.876  -58.897  0.508 0.1000000015
8751  -25.533  -57.928  -0.595 0.1000000015
9326  -25.278  -57.131  -0.184 0.1000000015
9998  -30.651  -56.403  -1.544 0.1000000015
106595  -29.848  -55.883  -1.978 0.1000000015
8116  -35.028  -59.971  0.122 0.1000000015
9334  -25.517  -57.139  -1.216 0.1000000015
9996  -26.064  -56.259  -2.089 0.1000000015
10687  -27.375  -55.410  -2.462 0.1000000015
10689  -29.157  -55.409  -2.477 0.1000000015
10667  -29.339  -55.298  -1.471 0.1000000015
9982  -30.650  -56.285  -0.408 0.1000000015
7547  -34.705  -60.743  -0.479 0.1000000015
121041  -25.535  -57.807  -1.849 0.1000000015
10702  -27.026  -55.902  -3.031 0.1000000015
10666  -28.586  -55.045  -1.740 0.1000000015
10649  -28.821  -54.941  -0.833 0.1000000015
8684  -25.531  -58.273  4.831 0.1000000015
8690  -25.332  -58.332  3.982 0.1000000015
8712  -25.247  -58.367  2.376 0.1000000015
9316  -33.378  -57.497  2.034 0.1000000015
8744  -34.282  -58.141  1.423 0.1000000015
8726  -25.293  -58.285  1.601 0.1000000015
9313  -25.054  -57.651  1.199 0.1000000015
8102  -35.433  -59.604  0.915 0.1000000015
10664  -26.258  -55.759  -1.560 0.1000000015
109537  -26.945  -55.309  -1.747 0.1000000015
10665  -27.722  -55.025  -1.847 0.1000000015
9981  -29.939  -55.887  0.070 0.1000000015
10647  -26.556  -55.075  -0.965 0.1000000015
117340  -27.283  -54.934  -1.278 0.1000000015
10648  -28.018  -54.807  -1.102 0.1000000015
10650  -29.433  -55.301  -0.498 0.1000000015
116074  -25.517  -57.474  6.261 0.1000000015
9261  -25.913  -57.032  7.459 0.1000000015
8728  -33.902  -57.952  2.857 0.1000000015
9284  -24.845  -57.737  3.566 0.1000000015
9328  -32.801  -57.066  1.429 0.1000000015
8714  -34.695  -58.499  3.149 0.1000000015
112263  -24.827  -57.783  2.775 0.1000000015
8729  -34.661  -58.555  2.320 0.1000000015
9298  -24.917  -57.718  2.001 0.1000000015
9325  -25.001  -57.078  0.732 0.1000000015
9970  -25.174  -56.478  0.274 0.1000000015
10646  -25.872  -55.731  -0.803 0.1000000015
9980  -25.488  -56.452  -0.565 0.1000000015
10636  -25.510  -55.755  -0.011 0.1000000015
11280  -27.352  -54.621  -0.610 0.1000000015
9897  -25.691  -56.326  7.300 0.1000000015
9315  -32.564  -57.230  2.652 0.1000000015
113212  -25.219  -57.606  5.304 0.1000000015
9273  -25.007  -56.950  5.650 0.1000000015
111977  -25.338  -55.783  6.789 0.1000000015
10566  -26.115  -55.772  8.054 0.1000000015
9963  -31.288  -56.667  1.600 0.1000000015
103891  -32.007  -56.931  2.075 0.1000000015
104833  -33.076  -57.491  3.119 0.1000000015
9283  -24.509  -57.007  3.954 0.1000000015
9275  -24.708  -56.942  4.861 0.1000000015
9972  -30.567  -56.315  0.789 0.1000000015
8745  -35.149  -58.972  1.491 0.1000000015
122524  -24.589  -57.245  2.376 0.1000000015
111292  -24.479  -57.118  3.062 0.1000000015
10638  -28.937  -54.996  0.121 0.1000000015
9312  -24.661  -57.008  1.635 0.1000000015
11279  -26.664  -54.584  -0.223 0.1000000015
9969  -24.869  -56.409  1.038 0.1000000015
10635  -25.136  -55.827  0.593 0.1000000015
10637  -26.014  -55.040  -0.167 0.1000000015
9903  -25.216  -56.487  6.367 0.1000000015
9910  -24.656  -56.148  5.382 0.1000000015
109751  -35.386  -58.825  3.355 0.1000000015
11281  -28.226  -54.645  -0.204 0.1000000015
10639  -29.442  -55.400  0.403 0.1000000015
10627  -25.428  -54.960  0.639 0.1000000015
9297  -24.494  -56.616  2.440 0.1000000015
9971  -29.785  -55.890  1.377 0.1000000015
110655  -30.994  -56.641  2.724 0.1000000015
109463  -29.078  -55.248  1.216 0.1000000015
9920  -24.394  -56.209  4.402 0.1000000015
11273  -27.449  -54.346  0.438 0.1000000015
11274  -28.399  -54.758  0.886 0.1000000015
9931  -24.359  -56.170  3.349 0.1000000015
11272  -26.283  -54.277  0.590 0.1000000015
10626  -24.923  -55.569  1.190 0.1000000015
9960  -24.656  -56.168  1.770 0.1000000015
9962  -30.495  -56.388  2.102 0.1000000015
9948  -30.581  -56.320  3.368 0.1000000015
114827  -27.883  -54.497  1.746 0.1000000015
10584  -24.413  -55.538  4.778 0.1000000015
11262  -26.474  -53.939  1.747 0.1000000015
122581  -27.118  -54.141  1.341 0.1000000015
10609  -24.529  -55.723  2.458 0.1000000015
10612  -30.512  -56.142  3.738 0.1000000015
9961  -29.374  -55.544  2.578 0.1000000015
10628  -28.630  -54.993  2.239 0.1000000015
9902  -24.930  -55.575  6.116 0.1000000015
11261  -25.091  -54.785  1.498 0.1000000015
10611  -30.004  -55.776  3.599 0.1000000015
11183  -27.167  -54.538  9.805 0.1000000015
11182  -26.793  -54.085  9.106 0.1000000015
104138  -26.044  -54.901  7.910 0.1000000015
10545  -26.693  -55.042  9.151 0.1000000015
8700  -25.238  -58.386  3.180 0.1000000015
9995  -25.788  -56.383  -1.421 0.1000000015
10686  -26.623  -55.844  -2.295 0.1000000015
10688  -28.248  -55.198  -2.544 0.1000000015
10015  -29.758  -56.034  -2.788 0.1000000015
9276  -24.990  -57.662  4.426 0.1000000015
121963  -29.988  -56.049  2.689 0.1000000015
103519  -25.652  -54.233  1.378 0.1000000015
2752  -22.522  -70.828  -9.458 0.1000000015
2743  -22.477  -70.843  -8.479 0.1000000015
114659  -23.580  -72.395  -13.836 0.1000000015
2082  -23.186  -72.639  -13.172 0.1000000015
2074  -23.889  -72.001  -13.160 0.1000000015
2420  -23.651  -71.685  -12.306 0.1000000015
2050  -22.009  -72.399  -10.247 0.1000000015
2091  -23.707  -72.491  -14.636 0.1000000015
2102  -24.455  -72.281  -16.348 0.1000000015
107446  -25.098  -72.213  -17.205 0.1000000015
2753  -22.913  -70.100  -9.551 0.1000000015
3139  -22.652  -70.088  -8.806 0.1000000015
3132  -22.648  -69.983  -8.000 0.1000000015
2762  -23.076  -70.414  -10.246 0.1000000015
2408  -23.298  -71.443  -11.566 0.1000000015
120639  -23.019  -71.306  -11.046 0.1000000015
2761  -22.674  -71.199  -10.439 0.1000000015
2083  -24.263  -71.984  -14.113 0.1000000015
2395  -22.672  -71.854  -10.987 0.1000000015
2062  -23.051  -72.137  -11.858 0.1000000015
2454  -25.166  -71.669  -14.289 0.1000000015
2103  -25.421  -71.716  -16.250 0.1000000015
2114  -26.048  -71.697  -17.009 0.1000000015
105203  -26.499  -71.904  -17.294 0.1000000015
5315  -25.975  -64.491  -8.207 0.1000000015
3889  -25.361  -66.764  -6.962 0.1000000015
4862  -25.787  -65.218  -8.254 0.1000000015
114035  -23.117  -69.461  -9.252 0.1000000015
3522  -23.495  -68.727  -8.929 0.1000000015
3509  -23.481  -68.611  -8.090 0.1000000015
3887  -24.125  -68.003  -7.762 0.1000000015
3888  -24.853  -67.368  -7.424 0.1000000015
4370  -25.191  -66.759  -7.873 0.1000000015
3149  -23.478  -69.742  -10.003 0.1000000015
3499  -23.735  -68.612  -7.267 0.1000000015
2763  -23.835  -70.038  -10.752 0.1000000015
105799  -23.156  -69.287  -7.623 0.1000000015
2409  -23.967  -71.043  -11.875 0.1000000015
2396  -23.436  -70.804  -11.085 0.1000000015
2092  -24.641  -71.910  -15.244 0.1000000015
114535  -27.096  -64.395  -8.620 0.1000000015
103165  -25.535  -66.077  -8.263 0.1000000015
5809  -26.557  -64.084  -8.337 0.1000000015
3510  -24.039  -68.085  -8.608 0.1000000015
3919  -24.675  -67.631  -9.099 0.1000000015
3905  -24.677  -67.449  -8.279 0.1000000015
3523  -24.160  -68.314  -9.398 0.1000000015
3150  -23.770  -69.034  -9.712 0.1000000015
2421  -24.348  -71.318  -12.644 0.1000000015
2437  -24.728  -71.553  -13.445 0.1000000015
2455  -25.765  -71.421  -15.299 0.1000000015
2775  -24.315  -70.361  -11.411 0.1000000015
4850  -25.377  -65.628  -7.548 0.1000000015
4357  -25.365  -66.271  -6.605 0.1000000015
3539  -24.556  -68.788  -10.146 0.1000000015
3163  -24.239  -69.449  -10.405 0.1000000015
2765  -26.444  -70.250  -9.993 0.1000000015
105968  -26.755  -70.127  -9.730 0.1000000015
3167  -28.032  -70.056  -9.301 0.1000000015
3906  -25.294  -66.887  -8.755 0.1000000015
3524  -24.877  -68.013  -9.856 0.1000000015
3164  -25.161  -69.434  -10.564 0.1000000015
3934  -26.543  -68.233  -10.341 0.1000000015
3165  -26.070  -70.012  -10.035 0.1000000015
3933  -25.663  -67.842  -10.173 0.1000000015
4399  -25.861  -66.622  -9.326 0.1000000015
3921  -26.214  -67.184  -10.060 0.1000000015
118636  -27.518  -68.127  -10.205 0.1000000015
3540  -25.567  -68.845  -10.341 0.1000000015
2766  -27.359  -70.231  -9.740 0.1000000015
3541  -26.597  -69.678  -9.946 0.1000000015
2113  -24.327  -72.610  -17.261 0.1000000015
2127  -25.499  -72.229  -17.733 0.1000000015
2438  -25.673  -71.255  -13.637 0.1000000015
2734  -22.713  -70.655  -7.739 0.1000000015
3140  -22.993  -69.339  -8.437 0.1000000015
3920  -25.387  -67.324  -9.571 0.1000000015
4478  -30.591  -66.383  -15.411 0.1000000015
4811  -32.174  -66.249  -3.283 0.1000000015
4840  -32.988  -66.232  -6.757 0.1000000015
4863  -26.565  -64.908  -8.660 0.1000000015
5258  -35.402  -64.341  -3.166 0.2000000030
5333  -31.151  -64.019  -11.368 0.1000000015
5373  -31.204  -64.847  -13.434 0.1000000015
5390  -32.961  -64.931  -14.345 0.1000000015
5734  -34.698  -63.839  -1.272 0.1000000015
5867  -32.794  -64.194  -13.498 0.1000000015
6318  -36.648  -62.912  -0.645 0.2000000030
6344  -35.880  -62.974  -3.988 0.3000000119
6406  -36.659  -62.551  -10.059 0.1000000015
6893  -37.014  -61.544  1.318 0.2000000030
6915  -37.198  -61.977  0.452 0.2000000030
7037  -36.171  -62.294  -9.671 0.1000000015
7047  -32.450  -61.503  -11.429 0.1000000015
7114  -38.736  -61.309  -16.634 0.1000000015
7590  -36.141  -60.886  -3.628 0.3000000119
7628  -33.937  -60.210  -5.730 0.3000000119
7636  -31.577  -60.143  -8.290 0.1000000015
7637  -32.075  -60.451  -7.555 0.1000000015
7653  -31.364  -60.448  -9.437 0.1000000015
7655  -35.946  -61.180  -8.937 0.1000000015
7669  -31.577  -60.277  -10.115 0.1000000015
7699  -37.012  -60.840  -12.568 0.1000000015
8117  -37.893  -60.243  -0.458 0.2000000030
8211  -39.235  -59.770  -8.594 0.1000000015
8220  -39.483  -59.817  -9.185 0.1000000015
8232  -32.689  -59.761  -10.335 0.1000000015
8234  -36.364  -59.057  -10.923 0.1000000015
8238  -39.552  -59.767  -9.902 0.1000000015
8281  -36.080  -59.453  -12.789 0.1000000015
8715  -36.031  -59.215  3.224 0.1000000015
8732  -39.341  -57.475  2.175 0.5000000000
8835  -34.166  -57.903  -5.747 0.2000000030
8854  -32.333  -58.123  -7.429 0.1000000015
8880  -31.733  -59.034  -8.696 0.1000000015
8881  -32.293  -58.489  -9.014 0.2000000030
8883  -33.948  -58.812  -9.380 0.2000000030
8925  -35.500  -58.195  -12.650 0.1000000015
9269  -25.604  -57.010  6.937 0.1000000015
9288  -37.301  -57.043  3.827 0.4000000060
9289  -38.182  -57.244  3.576 0.5000000000
9301  -38.475  -57.333  3.389 0.5000000000
9330  -40.873  -57.042  1.249 0.5000000000
9332  -41.830  -55.857  -0.033 0.5000000000
9410  -39.831  -57.387  -4.182 0.4000000060
9424  -33.847  -57.345  -6.334 0.1000000015
9434  -33.491  -56.977  -6.926 0.1000000015
9450  -35.521  -56.967  -7.794 0.1000000015
9526  -37.126  -57.347  -15.202 0.1000000015
9936  -35.620  -56.845  4.207 0.4000000060
9951  -38.754  -56.874  3.302 0.4000000060
9966  -39.779  -56.976  2.376 0.5000000000
10000  -41.863  -55.824  -0.492 0.5000000000
10032  -42.794  -55.271  -2.797 0.4000000060
10062  -35.085  -56.439  -6.240 0.1000000015
10063  -35.851  -56.332  -5.737 0.2000000030
10065  -37.669  -56.221  -5.292 0.4000000060
10084  -34.913  -56.238  -6.910 0.1000000015
10085  -35.038  -56.328  -7.231 0.1000000015
10091  -36.844  -56.757  -7.836 0.1000000015
10094  -39.292  -56.799  -8.615 0.1000000015
10690  -36.511  -55.239  -1.799 0.5000000000
10694  -41.015  -55.410  -1.694 0.6000000238
10756  -36.808  -55.630  -6.728 0.1000000015
10831  -34.133  -55.030  -13.994 0.1000000015
11346  -41.394  -54.523  -4.004 0.5000000000
11349  -43.825  -54.035  -4.553 0.4000000060
11410  -34.592  -53.719  -10.059 0.1000000015
12024  -37.898  -53.337  -5.971 0.5000000000
12044  -34.224  -53.163  -10.078 0.1000000015
12117  -33.239  -54.045  -14.359 0.1000000015
12712  -34.535  -52.570  -9.808 0.1000000015
12722  -32.889  -51.892  -11.154 0.1000000015
12773  -32.476  -52.470  -16.627 0.1000000015
13333  -34.845  -51.384  -9.806 0.1000000015
13335  -36.571  -51.887  -9.588 0.1000000015
13346  -34.217  -51.050  -10.158 0.1000000015
13372  -32.209  -51.546  -12.371 0.1000000015
13383  -32.121  -52.022  -14.232 0.1000000015
13401  -31.592  -50.694  -13.912 0.1000000015
13434  -32.185  -51.763  -16.997 0.1000000015
13445  -32.263  -51.773  -17.743 0.1000000015
13994  -37.711  -50.991  -7.798 0.3000000119
14152  -37.794  -51.047  -20.097 0.1000000015
14779  -33.375  -49.386  -11.271 0.1000000015
14780  -34.359  -49.222  -11.158 0.1000000015
14793  -31.841  -49.421  -12.581 0.1000000015
14804  -31.543  -48.818  -13.798 0.1000000015
14842  -31.389  -49.235  -15.512 0.1000000015
15539  -33.257  -48.287  -12.257 0.1000000015
16116  -28.751  -46.799  -3.618 0.2000000030
16250  -32.592  -47.327  -13.510 0.1000000015
16251  -33.409  -47.392  -13.318 0.1000000015
16269  -31.695  -47.366  -14.553 0.1000000015
16283  -31.510  -47.240  -15.345 0.1000000015
16766  -27.265  -46.856  4.345 0.1000000015
16931  -38.927  -46.085  -10.992 0.1000000015
16958  -33.942  -47.143  -13.772 0.1000000015
16971  -32.541  -46.133  -14.582 0.1000000015
16972  -33.269  -46.298  -14.303 0.1000000015
16986  -34.549  -46.173  -14.900 0.1000000015
16999  -35.339  -46.721  -16.277 0.1000000015
17589  -26.970  -44.760  -2.168 0.1000000015
17714  -32.636  -45.646  -14.988 0.1000000015
17726  -33.238  -45.202  -15.259 0.1000000015
17741  -34.558  -45.040  -15.942 0.1000000015
18337  -27.263  -44.325  -2.655 0.1000000015
18509  -34.230  -44.272  -16.352 0.1000000015
102065  -31.494  -46.669  -15.864 0.1000000015
104753  -33.815  -62.525  -11.804 0.1000000015
105753  -26.332  -55.172  8.474 0.1000000015
106080  -31.554  -59.834  -9.620 0.1000000015
106441  -32.107  -63.222  -12.731 0.1000000015
109888  -31.055  -65.696  -14.674 0.1000000015
110397  -33.518  -53.396  -11.146 0.1000000015
111686  -39.417  -58.629  -8.540 0.1000000015
112211  -38.095  -56.987  3.695 0.4000000060
113229  -36.240  -57.899  -10.759 0.1000000015
113631  -37.366  -62.550  -14.892 0.1000000015
114200  -37.495  -62.634  -18.194 0.1000000015
116358  -32.452  -51.251  -11.593 0.1000000015
116392  -31.939  -58.552  -8.164 0.1000000015
116704  -25.689  -66.342  -8.825 0.1000000015
117045  -34.890  -56.425  4.349 0.1000000015
117496  -33.395  -62.852  -6.680 0.1000000015
118781  -34.757  -55.304  -11.197 0.1000000015
119099  -34.731  -64.739  -13.600 0.1000000015
119233  -33.587  -54.331  -13.024 0.1000000015
119577  -26.033  -71.266  -14.453 0.1000000015
119881  -30.400  -66.872  -12.444 0.1000000015
120110  -33.528  -51.957  -5.363 0.4000000060
120300  -22.329  -71.762  -10.346 0.1000000015
120342  -29.964  -48.973  -0.901 0.3000000119
120927  -26.777  -45.028  -1.671 0.1000000015
121110  -39.018  -57.054  3.196 0.5000000000
121215  -33.182  -53.104  -11.601 0.1000000015
121273  -25.448  -66.219  -7.407 0.1000000015
121620  -37.131  -58.693  -8.068 0.2000000030
121902  -34.991  -64.745  -3.147 0.2000000030
122687  -34.225  -60.112  -9.902 0.2000000030
