#!ascii label  , from subject sub-v1s21x0050428_ses-1 vox2ras=TkReg
646
110261  36.095  -9.710  38.262 0.0000000000
62063  48.504  1.002  16.978 0.0000000000
64684  55.241  4.346  13.780 0.0000000000
56075  52.390  -4.251  26.226 0.0000000000
49000  41.630  -11.564  34.875 0.0000000000
47019  39.889  -12.137  37.170 0.0000000000
63817  51.928  3.375  15.858 0.0000000000
63739  52.179  3.376  20.788 0.0000000000
54380  49.492  -5.724  29.944 0.0000000000
48995  46.536  -11.905  34.154 0.0000000000
61199  59.746  0.397  6.356 0.0000000000
63019  56.155  2.557  9.586 0.0000000000
57828  48.552  -2.659  24.519 0.0000000000
61974  49.416  1.573  24.222 0.0000000000
51144  39.336  -10.958  37.054 0.0000000000
101924  37.799  -10.831  38.056 0.0000000000
62958  50.213  1.673  16.183 0.0000000000
108169  51.770  4.371  18.157 0.0000000000
63774  50.038  3.087  18.730 0.0000000000
49071  52.411  -11.938  29.012 0.0000000000
47064  42.816  -13.012  35.830 0.0000000000
48997  44.554  -11.953  34.727 0.0000000000
118928  45.731  -14.331  35.504 0.0000000000
118887  59.544  1.680  6.311 0.0000000000
61172  59.130  0.295  8.163 0.0000000000
63040  58.773  1.793  8.080 0.0000000000
62981  53.696  2.402  12.645 0.0000000000
62116  53.970  1.024  10.652 0.0000000000
63865  56.329  4.003  11.966 0.0000000000
62978  57.376  3.563  12.027 0.0000000000
99877  56.159  3.358  14.019 0.0000000000
55232  51.162  -5.639  28.163 0.0000000000
56887  49.382  -3.705  28.197 0.0000000000
109114  50.007  -2.213  27.220 0.0000000000
59950  48.420  -0.213  25.146 0.0000000000
58867  50.841  -1.657  25.851 0.0000000000
110706  51.362  -0.508  23.998 0.0000000000
56905  52.847  -3.400  24.564 0.0000000000
100313  40.892  -12.173  36.092 0.0000000000
62084  52.413  1.478  13.430 0.0000000000
64669  53.446  4.272  14.992 0.0000000000
65411  53.435  4.295  17.541 0.0000000000
63763  53.627  2.926  19.303 0.0000000000
51200  48.367  -9.853  31.938 0.0000000000
52262  50.143  -8.637  30.595 0.0000000000
52298  51.651  -8.458  28.700 0.0000000000
53393  53.220  -8.194  26.965 0.0000000000
53439  53.882  -7.445  24.556 0.0000000000
50116  46.878  -10.516  32.435 0.0000000000
49020  48.641  -11.822  32.804 0.0000000000
59089  60.222  -0.917  6.133 0.0000000000
62146  56.465  1.950  8.312 0.0000000000
63872  58.544  3.221  10.322 0.0000000000
61124  57.327  1.387  11.374 0.0000000000
102675  48.554  1.778  20.550 0.0000000000
62859  50.395  2.769  22.674 0.0000000000
106563  52.141  0.021  22.164 0.0000000000
50027  36.314  -10.513  38.580 0.0000000000
51106  37.018  -10.388  38.207 0.0000000000
50026  37.178  -10.883  38.304 0.0000000000
62062  49.498  1.277  16.545 0.0000000000
62950  50.464  2.708  17.376 0.0000000000
62047  49.260  1.523  17.289 0.0000000000
109791  44.205  -13.709  36.330 0.0000000000
62169  58.030  1.846  6.568 0.0000000000
63039  59.152  1.638  7.373 0.0000000000
62158  57.657  2.078  7.453 0.0000000000
63841  54.696  4.276  13.430 0.0000000000
62980  54.445  3.009  12.348 0.0000000000
64691  55.417  4.333  13.191 0.0000000000
64682  56.362  4.096  13.376 0.0000000000
105736  51.624  -5.166  27.516 0.0000000000
115517  50.698  -3.940  27.882 0.0000000000
56890  50.964  -3.346  27.279 0.0000000000
58868  50.198  -1.707  26.377 0.0000000000
57803  51.770  -2.688  26.002 0.0000000000
104742  52.263  -2.749  25.393 0.0000000000
102023  52.585  -3.918  25.505 0.0000000000
100027  40.153  -11.084  36.294 0.0000000000
104612  40.010  -12.192  36.900 0.0000000000
48020  41.017  -12.853  36.230 0.0000000000
62077  51.362  1.485  14.445 0.0000000000
61112  51.377  0.315  13.521 0.0000000000
62971  51.945  2.003  13.958 0.0000000000
62970  52.703  2.391  13.620 0.0000000000
63816  52.698  3.939  15.470 0.0000000000
65448  53.447  4.450  16.159 0.0000000000
64635  52.801  4.278  16.226 0.0000000000
64600  52.138  4.238  19.553 0.0000000000
64599  52.533  4.045  19.357 0.0000000000
63752  52.715  3.271  20.280 0.0000000000
62010  53.218  1.848  20.435 0.0000000000
62872  53.038  2.093  21.010 0.0000000000
50135  49.626  -10.379  31.806 0.0000000000
51231  49.499  -9.079  31.226 0.0000000000
50152  50.762  -10.430  30.985 0.0000000000
51243  52.270  -10.205  29.100 0.0000000000
52311  52.466  -8.176  27.651 0.0000000000
48996  45.256  -11.818  34.407 0.0000000000
50095  45.974  -11.425  33.662 0.0000000000
50094  46.708  -10.942  32.936 0.0000000000
50093  47.223  -10.699  32.698 0.0000000000
49007  47.150  -11.616  33.575 0.0000000000
62175  60.118  1.481  5.307 0.0000000000
60153  60.006  -0.371  6.235 0.0000000000
61153  58.839  0.750  9.408 0.0000000000
62115  54.678  1.868  10.410 0.0000000000
61155  54.142  0.516  9.206 0.0000000000
62148  54.856  1.104  9.004 0.0000000000
61174  55.278  0.935  8.374 0.0000000000
63032  56.651  2.553  8.858 0.0000000000
109443  57.430  2.965  8.974 0.0000000000
63886  57.732  3.432  10.296 0.0000000000
62088  56.455  2.267  12.863 0.0000000000
106886  57.753  2.393  11.502 0.0000000000
111910  49.043  -6.787  30.418 0.0000000000
55227  48.887  -5.281  29.717 0.0000000000
56898  48.818  -3.313  26.971 0.0000000000
56076  48.629  -4.226  26.415 0.0000000000
61961  48.811  1.051  24.992 0.0000000000
109025  47.958  0.118  22.279 0.0000000000
61985  48.343  1.281  23.003 0.0000000000
62004  48.411  1.391  21.136 0.0000000000
62860  48.923  1.994  22.276 0.0000000000
63743  49.472  2.743  21.729 0.0000000000
62846  49.756  2.042  23.605 0.0000000000
57838  52.549  -2.575  23.332 0.0000000000
104170  51.618  -0.096  23.149 0.0000000000
58913  52.360  -1.504  22.216 0.0000000000
58924  52.632  -1.723  21.472 0.0000000000
50036  38.581  -10.878  37.467 0.0000000000
103732  38.923  -11.613  37.598 0.0000000000
47021  38.836  -12.333  37.357 0.0000000000
48001  38.750  -12.075  37.543 0.0000000000
62957  50.872  2.094  15.829 0.0000000000
115078  51.959  3.873  16.512 0.0000000000
63780  50.993  3.464  17.554 0.0000000000
63764  50.747  3.767  18.881 0.0000000000
64590  51.167  3.998  20.495 0.0000000000
48987  42.613  -12.385  35.313 0.0000000000
101745  43.270  -12.358  35.150 0.0000000000
48986  43.595  -12.395  35.109 0.0000000000
48063  45.096  -12.146  35.281 0.0000000000
47082  46.432  -13.229  34.999 0.0000000000
47100  47.131  -13.285  34.369 0.0000000000
46036  46.910  -14.134  34.692 0.0000000000
62166  59.577  1.156  6.293 0.0000000000
62156  59.460  0.667  6.957 0.0000000000
62157  59.151  1.301  7.212 0.0000000000
63029  58.820  1.532  8.055 0.0000000000
62132  58.746  1.619  9.553 0.0000000000
62100  53.064  0.749  11.967 0.0000000000
62994  53.959  2.128  11.911 0.0000000000
63006  54.943  2.479  10.984 0.0000000000
63875  56.598  3.651  11.149 0.0000000000
63874  57.496  3.683  11.023 0.0000000000
63864  57.168  3.818  11.752 0.0000000000
62979  56.802  3.365  12.875 0.0000000000
54393  50.689  -6.031  28.850 0.0000000000
56057  49.160  -4.686  29.310 0.0000000000
56064  50.167  -4.126  28.620 0.0000000000
57781  49.587  -3.135  27.798 0.0000000000
111855  48.963  -1.958  26.492 0.0000000000
113797  48.572  -1.834  24.998 0.0000000000
58869  49.326  -1.328  26.223 0.0000000000
59941  49.643  -0.751  25.924 0.0000000000
60977  49.977  0.754  25.025 0.0000000000
60989  50.119  1.136  24.455 0.0000000000
59958  51.023  -0.411  24.885 0.0000000000
57826  52.512  -2.706  24.384 0.0000000000
57825  53.133  -3.486  23.587 0.0000000000
50065  39.406  -10.748  35.986 0.0000000000
50052  40.518  -11.140  36.017 0.0000000000
118964  41.281  -11.606  35.336 0.0000000000
115556  41.394  -12.704  35.778 0.0000000000
47049  42.016  -13.578  36.188 0.0000000000
62982  52.978  1.937  12.943 0.0000000000
63842  53.969  4.144  13.696 0.0000000000
64685  54.421  4.506  14.064 0.0000000000
64647  54.380  4.247  15.525 0.0000000000
64633  54.306  4.082  16.412 0.0000000000
64608  54.197  3.380  18.214 0.0000000000
65395  52.613  4.460  18.288 0.0000000000
63773  53.607  3.456  18.791 0.0000000000
52238  47.351  -9.193  31.341 0.0000000000
52248  48.138  -8.469  31.155 0.0000000000
52263  49.331  -8.199  30.864 0.0000000000
53343  49.884  -7.732  30.393 0.0000000000
50174  51.921  -10.648  29.867 0.0000000000
52280  51.249  -8.798  29.383 0.0000000000
53380  50.776  -7.020  28.950 0.0000000000
54392  51.337  -6.714  28.158 0.0000000000
54402  52.320  -6.617  26.991 0.0000000000
54412  52.797  -6.277  26.293 0.0000000000
106130  53.743  -6.431  25.086 0.0000000000
53421  53.872  -7.605  25.413 0.0000000000
51202  47.268  -9.682  31.887 0.0000000000
50114  48.328  -10.418  32.276 0.0000000000
49019  49.417  -11.887  32.308 0.0000000000
47115  48.258  -13.829  33.299 0.0000000000
47128  49.287  -13.372  32.297 0.0000000000
59099  60.465  -0.971  4.992 0.0000000000
62170  57.085  1.309  6.940 0.0000000000
63042  57.327  2.475  8.272 0.0000000000
108332  58.800  2.969  9.641 0.0000000000
106663  58.750  2.266  10.199 0.0000000000
63862  58.299  3.191  10.925 0.0000000000
62095  58.403  2.705  11.012 0.0000000000
61137  57.899  0.818  10.609 0.0000000000
56072  48.528  -5.006  28.057 0.0000000000
62033  47.603  0.651  19.143 0.0000000000
62032  48.176  1.092  18.434 0.0000000000
63766  49.103  2.474  20.401 0.0000000000
63754  50.030  3.471  21.165 0.0000000000
63726  50.772  3.112  22.044 0.0000000000
61000  51.060  1.381  23.468 0.0000000000
104932  51.635  1.939  22.742 0.0000000000
61994  52.162  2.261  22.121 0.0000000000
102828  52.632  0.133  21.326 0.0000000000
55262  53.640  -5.378  24.078 0.0000000000
56088  53.680  -5.007  23.402 0.0000000000
51107  36.252  -9.965  38.540 0.0000000000
51108  35.479  -10.152  38.896 0.0000000000
52160  35.476  -9.721  38.518 0.0000000000
52175  36.632  -9.938  38.145 0.0000000000
62070  48.970  0.655  16.118 0.0000000000
61200  57.370  0.964  6.282 0.0000000000
64683  55.888  4.150  13.663 0.0000000000
56069  52.134  -4.669  26.969 0.0000000000
56070  51.452  -4.241  27.448 0.0000000000
56897  51.940  -3.734  26.882 0.0000000000
57804  51.539  -3.053  26.548 0.0000000000
56896  52.188  -3.325  26.035 0.0000000000
48963  39.765  -11.863  37.067 0.0000000000
50034  39.584  -11.795  37.063 0.0000000000
48022  40.257  -12.310  36.946 0.0000000000
47032  39.966  -12.779  37.024 0.0000000000
62956  51.574  2.528  15.497 0.0000000000
62964  51.794  2.267  14.750 0.0000000000
62963  52.437  2.831  14.273 0.0000000000
63831  52.231  3.105  15.061 0.0000000000
119098  52.363  3.929  16.024 0.0000000000
63753  51.632  3.756  20.662 0.0000000000
64588  52.224  3.813  20.051 0.0000000000
62888  52.801  2.728  20.830 0.0000000000
49018  50.298  -11.969  31.658 0.0000000000
49033  50.253  -10.880  31.491 0.0000000000
49032  51.153  -11.478  31.038 0.0000000000
114269  45.854  -11.704  34.225 0.0000000000
49009  45.452  -11.653  33.970 0.0000000000
50117  46.276  -11.133  33.142 0.0000000000
49008  46.463  -11.389  33.558 0.0000000000
102075  46.946  -11.056  33.180 0.0000000000
62165  59.971  0.771  5.592 0.0000000000
60152  60.054  0.085  5.823 0.0000000000
63005  55.683  2.715  10.471 0.0000000000
62133  55.216  1.865  9.644 0.0000000000
62147  55.777  1.726  8.821 0.0000000000
63018  57.072  3.153  9.539 0.0000000000
63004  56.770  3.318  10.312 0.0000000000
54366  49.164  -6.137  30.188 0.0000000000
55221  48.593  -5.934  30.080 0.0000000000
55220  49.069  -5.445  29.946 0.0000000000
57827  48.648  -2.620  25.455 0.0000000000
56906  48.596  -3.461  24.962 0.0000000000
61975  48.855  1.510  24.267 0.0000000000
108753  48.545  1.451  23.606 0.0000000000
62835  48.921  1.791  23.769 0.0000000000
62861  48.544  1.524  22.277 0.0000000000
119139  49.232  2.000  23.295 0.0000000000
62847  49.383  2.237  22.707 0.0000000000
58900  52.191  -1.725  23.004 0.0000000000
57848  52.533  -2.301  22.359 0.0000000000
58912  52.766  -2.805  21.759 0.0000000000
51105  37.709  -10.687  37.916 0.0000000000
51120  38.005  -10.584  37.472 0.0000000000
50024  39.098  -11.454  37.457 0.0000000000
50025  38.607  -11.088  37.715 0.0000000000
48950  38.147  -11.325  37.939 0.0000000000
62079  50.064  0.880  15.157 0.0000000000
61106  50.146  0.357  14.535 0.0000000000
62068  50.483  1.381  15.515 0.0000000000
62078  50.676  1.092  14.826 0.0000000000
63803  51.217  3.236  16.831 0.0000000000
63804  50.675  2.387  16.544 0.0000000000
63782  50.027  2.718  18.055 0.0000000000
63781  50.586  3.255  18.119 0.0000000000
64602  50.997  4.127  19.762 0.0000000000
118556  42.269  -13.043  35.521 0.0000000000
48978  42.726  -12.515  35.487 0.0000000000
107923  45.130  -14.039  35.993 0.0000000000
115600  44.824  -13.040  35.805 0.0000000000
103037  45.654  -12.792  35.286 0.0000000000
47083  45.737  -13.607  35.489 0.0000000000
116770  58.846  1.669  6.054 0.0000000000
62176  59.588  1.664  5.644 0.0000000000
115849  59.693  1.456  5.879 0.0000000000
62167  59.499  1.563  6.728 0.0000000000
62131  58.779  1.363  8.765 0.0000000000
63030  58.643  2.110  9.004 0.0000000000
62089  53.452  1.472  12.344 0.0000000000
62099  53.799  1.136  11.615 0.0000000000
63866  55.341  3.606  12.092 0.0000000000
62993  54.747  2.686  11.656 0.0000000000
62992  55.615  3.269  11.360 0.0000000000
63839  56.508  3.786  13.362 0.0000000000
112191  56.726  4.060  12.714 0.0000000000
62968  56.424  3.279  13.604 0.0000000000
55233  50.508  -5.057  28.768 0.0000000000
57792  50.170  -2.698  27.461 0.0000000000
56891  50.162  -3.370  28.043 0.0000000000
57793  49.860  -2.636  27.484 0.0000000000
57794  49.594  -2.640  27.380 0.0000000000
58854  49.501  -2.050  26.854 0.0000000000
58853  49.887  -2.150  27.101 0.0000000000
113645  50.559  -2.019  26.287 0.0000000000
59925  50.052  -1.489  26.258 0.0000000000
59940  50.198  -0.941  25.850 0.0000000000
60967  49.739  -0.004  25.583 0.0000000000
103487  50.775  -0.907  25.509 0.0000000000
59948  50.346  -0.126  25.352 0.0000000000
58879  51.962  -1.944  25.042 0.0000000000
105602  53.340  -3.992  23.877 0.0000000000
50055  38.745  -10.543  36.192 0.0000000000
50066  38.809  -10.536  35.429 0.0000000000
50054  39.122  -10.748  36.770 0.0000000000
50043  39.980  -11.256  35.989 0.0000000000
113483  40.813  -11.071  36.241 0.0000000000
50051  40.742  -11.290  35.607 0.0000000000
50042  40.702  -11.390  35.456 0.0000000000
48970  41.060  -12.220  35.796 0.0000000000
62090  52.094  0.654  13.147 0.0000000000
61119  52.417  0.286  12.380 0.0000000000
109732  52.769  1.054  12.737 0.0000000000
63830  52.898  3.697  14.595 0.0000000000
63843  53.214  3.421  13.781 0.0000000000
63829  53.680  4.210  14.278 0.0000000000
64668  54.072  4.426  14.617 0.0000000000
64667  54.563  4.357  14.548 0.0000000000
105082  53.862  4.409  15.358 0.0000000000
65431  53.448  4.457  16.796 0.0000000000
64634  53.870  4.457  16.175 0.0000000000
65410  53.837  4.328  16.841 0.0000000000
64617  54.163  3.864  17.393 0.0000000000
64618  51.656  4.037  17.414 0.0000000000
65433  52.500  4.307  17.048 0.0000000000
65413  52.277  4.478  17.824 0.0000000000
64587  53.024  3.522  19.540 0.0000000000
65386  53.031  3.982  18.837 0.0000000000
119544  54.076  3.000  18.714 0.0000000000
52236  48.009  -9.098  31.454 0.0000000000
53314  47.798  -8.638  31.087 0.0000000000
51217  48.449  -9.154  31.475 0.0000000000
51230  50.429  -9.528  30.817 0.0000000000
49051  51.846  -11.500  30.324 0.0000000000
49050  52.243  -11.508  29.675 0.0000000000
51254  51.977  -9.320  28.901 0.0000000000
51244  51.584  -9.679  29.609 0.0000000000
53359  51.025  -7.908  29.209 0.0000000000
53379  51.424  -7.628  28.486 0.0000000000
53394  52.449  -7.438  27.248 0.0000000000
53409  53.003  -7.234  26.508 0.0000000000
54411  53.603  -6.958  25.660 0.0000000000
53408  53.656  -7.823  26.084 0.0000000000
48998  43.274  -12.378  34.422 0.0000000000
100885  44.135  -12.309  34.337 0.0000000000
51204  46.831  -10.124  32.077 0.0000000000
51203  47.085  -9.629  31.886 0.0000000000
51187  47.096  -10.255  32.245 0.0000000000
50092  47.985  -10.916  32.705 0.0000000000
103559  48.822  -11.028  32.400 0.0000000000
48090  49.131  -12.679  32.675 0.0000000000
47116  47.792  -13.152  33.835 0.0000000000
46066  49.211  -13.804  31.849 0.0000000000
60164  60.258  -0.501  5.463 0.0000000000
59100  60.354  -1.168  5.358 0.0000000000
59101  59.827  -1.534  5.710 0.0000000000
61171  59.171  0.696  7.558 0.0000000000
61140  53.454  0.272  10.357 0.0000000000
62135  53.883  0.605  9.907 0.0000000000
62160  55.960  1.230  8.029 0.0000000000
61190  56.236  0.791  7.292 0.0000000000
62159  56.763  1.674  7.694 0.0000000000
63017  58.068  3.243  9.605 0.0000000000
63031  58.241  2.867  8.900 0.0000000000
63016  58.860  2.706  9.910 0.0000000000
63003  58.697  2.821  10.540 0.0000000000
63863  57.770  3.510  11.336 0.0000000000
62114  58.266  1.860  10.935 0.0000000000
56883  49.259  -4.281  28.806 0.0000000000
56065  48.926  -4.202  28.590 0.0000000000
109141  48.293  -0.988  24.641 0.0000000000
62011  48.251  1.251  20.583 0.0000000000
62020  47.838  0.710  19.867 0.0000000000
62903  48.072  1.216  19.924 0.0000000000
115542  48.158  1.299  19.256 0.0000000000
62915  48.710  1.748  18.836 0.0000000000
62902  48.684  1.905  19.670 0.0000000000
63727  50.213  2.912  22.254 0.0000000000
118051  49.803  3.135  21.508 0.0000000000
63742  50.116  3.218  21.762 0.0000000000
63741  50.592  3.386  21.632 0.0000000000
109117  51.050  0.387  23.970 0.0000000000
115231  50.501  1.132  24.140 0.0000000000
61013  51.787  0.939  22.683 0.0000000000
115178  52.266  1.638  22.213 0.0000000000
62003  52.784  1.762  21.562 0.0000000000
61012  52.440  0.928  21.796 0.0000000000
59987  52.784  -0.672  21.038 0.0000000000
55256  53.458  -5.652  24.838 0.0000000000
54434  53.772  -6.277  24.440 0.0000000000
51121  37.197  -10.304  37.786 0.0000000000
61098  49.411  0.338  15.276 0.0000000000
62069  49.759  1.062  15.771 0.0000000000
62951  49.939  1.979  16.895 0.0000000000
62931  49.716  2.124  17.681 0.0000000000
62914  49.470  2.289  18.543 0.0000000000
115044  43.107  -13.496  36.392 0.0000000000
115392  43.781  -12.975  36.129 0.0000000000
46004  43.483  -14.231  36.491 0.0000000000
46023  44.458  -14.501  36.107 0.0000000000
62168  59.126  1.852  6.804 0.0000000000
63046  58.673  2.073  7.440 0.0000000000
62969  54.001  3.472  13.069 0.0000000000
63854  54.957  3.982  12.734 0.0000000000
63853  55.876  4.219  12.653 0.0000000000
64690  56.018  4.282  13.275 0.0000000000
56063  50.942  -4.684  28.080 0.0000000000
57805  50.273  -2.171  26.854 0.0000000000
57791  50.791  -2.717  26.849 0.0000000000
104151  51.058  -2.388  26.224 0.0000000000
57815  51.577  -2.127  25.676 0.0000000000
56901  52.591  -3.419  25.253 0.0000000000
56081  53.013  -4.082  24.688 0.0000000000
50044  39.637  -10.999  36.708 0.0000000000
104483  39.600  -11.254  36.645 0.0000000000
48971  39.979  -11.850  36.721 0.0000000000
48962  40.461  -12.303  36.390 0.0000000000
62086  50.906  0.784  14.092 0.0000000000
62085  51.685  1.107  13.785 0.0000000000
64648  53.307  4.349  15.653 0.0000000000
65432  53.099  4.471  16.753 0.0000000000
119219  52.022  4.391  19.420 0.0000000000
65388  52.241  4.438  18.991 0.0000000000
110989  53.202  2.840  20.070 0.0000000000
62887  53.173  2.319  20.443 0.0000000000
62002  53.085  1.587  20.941 0.0000000000
51216  49.176  -9.765  31.733 0.0000000000
50134  50.036  -9.967  31.447 0.0000000000
50173  52.450  -11.083  29.127 0.0000000000
52297  52.419  -8.909  28.172 0.0000000000
51261  53.075  -9.590  27.656 0.0000000000
52310  53.390  -9.184  26.987 0.0000000000
117545  44.840  -11.823  34.324 0.0000000000
49021  45.648  -11.486  33.040 0.0000000000
105889  47.408  -11.119  33.075 0.0000000000
49006  47.927  -11.724  33.232 0.0000000000
61207  60.394  0.165  5.102 0.0000000000
61173  59.022  0.221  8.796 0.0000000000
62134  54.436  1.148  9.795 0.0000000000
62991  57.363  2.934  12.180 0.0000000000
62990  57.910  3.166  11.459 0.0000000000
62096  56.831  1.896  12.106 0.0000000000
54351  48.536  -7.201  30.700 0.0000000000
56892  48.932  -3.494  27.793 0.0000000000
56071  48.739  -4.160  27.523 0.0000000000
56083  48.612  -4.263  25.407 0.0000000000
60990  48.361  0.608  24.742 0.0000000000
59959  48.103  -0.107  24.289 0.0000000000
61001  48.115  0.832  23.805 0.0000000000
61014  47.975  0.700  22.958 0.0000000000
61995  48.120  1.039  22.248 0.0000000000
61036  48.059  0.925  20.615 0.0000000000
111094  48.337  1.279  21.538 0.0000000000
62876  48.604  1.668  21.691 0.0000000000
62890  48.580  1.731  21.189 0.0000000000
62889  48.966  2.296  21.153 0.0000000000
115121  49.105  2.366  21.986 0.0000000000
63713  49.847  2.494  22.651 0.0000000000
63712  50.229  2.431  23.049 0.0000000000
58901  51.769  -1.092  23.536 0.0000000000
59967  52.098  -0.876  22.625 0.0000000000
59977  52.433  -0.796  21.742 0.0000000000
51130  38.804  -10.727  37.068 0.0000000000
118681  38.175  -10.562  37.336 0.0000000000
51119  38.953  -10.925  37.199 0.0000000000
50035  39.058  -11.067  37.260 0.0000000000
48964  39.470  -11.516  37.117 0.0000000000
48949  39.492  -11.837  37.357 0.0000000000
47020  39.639  -12.304  37.226 0.0000000000
48000  39.453  -12.106  37.400 0.0000000000
62965  51.109  1.796  15.142 0.0000000000
118972  51.622  3.279  16.356 0.0000000000
107729  51.127  4.013  18.145 0.0000000000
64610  51.617  4.303  18.978 0.0000000000
64601  51.702  4.201  19.801 0.0000000000
64589  51.646  3.994  20.241 0.0000000000
48100  51.128  -12.547  31.014 0.0000000000
48988  41.958  -11.752  35.059 0.0000000000
48999  42.337  -12.048  34.855 0.0000000000
48052  43.832  -12.459  35.325 0.0000000000
99672  44.591  -11.954  34.938 0.0000000000
117716  45.334  -11.862  34.781 0.0000000000
48062  45.978  -12.170  34.846 0.0000000000
48072  46.652  -12.602  34.468 0.0000000000
48071  47.205  -12.463  34.052 0.0000000000
46051  47.013  -14.771  34.180 0.0000000000
62145  58.974  0.960  8.109 0.0000000000
61152  58.881  0.757  8.880 0.0000000000
61128  53.419  0.450  11.219 0.0000000000
62098  54.233  1.927  11.137 0.0000000000
109627  56.261  2.498  13.553 0.0000000000
54379  50.182  -6.342  29.585 0.0000000000
55226  49.416  -4.916  29.563 0.0000000000
55225  50.052  -5.387  29.417 0.0000000000
56056  49.515  -4.269  29.018 0.0000000000
56882  49.382  -4.032  28.655 0.0000000000
56881  49.703  -3.705  28.439 0.0000000000
56886  49.592  -3.574  28.183 0.0000000000
117223  49.349  -3.104  27.687 0.0000000000
57816  48.836  -2.534  26.431 0.0000000000
109869  48.801  -1.800  25.892 0.0000000000
58881  48.680  -1.053  25.457 0.0000000000
59949  48.924  -0.483  25.834 0.0000000000
58852  50.097  -1.956  26.832 0.0000000000
59942  49.336  -0.655  25.906 0.0000000000
116920  49.019  -0.022  25.806 0.0000000000
60979  49.110  0.613  25.433 0.0000000000
60978  49.411  0.670  25.293 0.0000000000
61959  49.589  1.193  24.722 0.0000000000
61973  49.772  1.624  24.196 0.0000000000
60988  50.447  0.530  24.707 0.0000000000
58880  51.277  -1.423  25.348 0.0000000000
58891  51.547  -1.222  24.530 0.0000000000
58890  52.052  -1.906  23.985 0.0000000000
50076  41.210  -11.213  34.291 0.0000000000
50053  39.899  -11.022  36.344 0.0000000000
50077  40.570  -10.907  34.679 0.0000000000
50064  40.965  -10.956  35.050 0.0000000000
48989  41.553  -11.650  35.207 0.0000000000
48980  41.631  -12.041  35.358 0.0000000000
48979  41.830  -12.447  35.346 0.0000000000
48040  41.921  -13.131  35.909 0.0000000000
48961  41.144  -12.605  35.906 0.0000000000
48041  41.589  -13.074  35.955 0.0000000000
103030  42.230  -13.450  36.089 0.0000000000
120061  53.292  2.715  13.207 0.0000000000
64646  54.889  3.970  15.004 0.0000000000
65412  52.923  4.464  17.448 0.0000000000
118503  53.015  4.396  17.906 0.0000000000
65394  53.043  4.271  18.292 0.0000000000
64609  53.593  3.932  18.180 0.0000000000
53315  47.778  -8.583  31.085 0.0000000000
53326  48.150  -7.697  30.905 0.0000000000
52247  48.755  -8.539  31.145 0.0000000000
53325  48.549  -7.858  30.932 0.0000000000
53344  49.076  -7.367  30.634 0.0000000000
54365  49.531  -6.725  30.189 0.0000000000
50151  51.404  -10.798  30.559 0.0000000000
51229  51.174  -10.013  30.349 0.0000000000
51245  50.855  -9.137  30.115 0.0000000000
52281  50.584  -8.253  29.907 0.0000000000
53360  50.341  -7.334  29.719 0.0000000000
52312  51.888  -7.503  27.855 0.0000000000
113978  51.882  -6.902  27.509 0.0000000000
54403  51.720  -6.140  27.515 0.0000000000
55242  52.197  -5.671  26.920 0.0000000000
55251  52.579  -5.253  26.248 0.0000000000
55250  53.194  -5.915  25.575 0.0000000000
54422  54.049  -7.103  24.923 0.0000000000
52329  53.699  -8.140  25.572 0.0000000000
52348  53.655  -8.218  25.200 0.0000000000
101071  42.729  -12.279  33.761 0.0000000000
48091  43.661  -12.487  33.530 0.0000000000
52237  47.354  -9.258  31.468 0.0000000000
51201  48.017  -9.526  31.720 0.0000000000
50115  47.635  -10.157  32.179 0.0000000000
50113  48.991  -10.365  32.092 0.0000000000
49034  49.601  -11.066  32.007 0.0000000000
99703  47.723  -12.333  33.616 0.0000000000
48080  48.417  -12.730  33.265 0.0000000000
47114  48.858  -13.364  32.877 0.0000000000
59112  60.480  -1.341  4.501 0.0000000000
63041  58.330  2.353  8.174 0.0000000000
61136  58.678  1.448  10.223 0.0000000000
63873  58.068  3.453  10.855 0.0000000000
62113  58.600  2.288  10.596 0.0000000000
61092  48.026  0.221  16.571 0.0000000000
56058  48.950  -4.805  29.311 0.0000000000
61048  47.751  0.491  19.754 0.0000000000
62049  47.429  0.407  18.208 0.0000000000
100993  48.031  0.804  17.751 0.0000000000
62048  48.618  1.216  17.680 0.0000000000
62932  48.993  1.672  18.046 0.0000000000
118243  49.077  2.177  19.098 0.0000000000
62901  49.466  2.685  19.462 0.0000000000
63755  49.447  2.981  21.074 0.0000000000
102165  49.755  3.211  20.363 0.0000000000
64603  50.478  3.757  20.498 0.0000000000
64591  50.587  3.640  21.192 0.0000000000
64579  51.134  3.802  20.975 0.0000000000
63740  51.376  3.432  21.360 0.0000000000
61972  50.202  1.902  23.873 0.0000000000
61984  50.740  2.307  23.126 0.0000000000
117977  51.404  0.650  23.335 0.0000000000
62858  51.236  2.634  22.456 0.0000000000
62874  51.728  2.861  21.842 0.0000000000
116880  52.183  2.999  21.331 0.0000000000
62873  52.537  2.437  21.503 0.0000000000
61023  52.926  1.019  21.102 0.0000000000
56082  52.887  -4.846  25.373 0.0000000000
115180  53.290  -4.896  24.540 0.0000000000
56089  53.491  -4.568  23.925 0.0000000000
55261  53.784  -5.852  23.713 0.0000000000
56094  53.503  -4.445  23.457 0.0000000000
56911  53.460  -4.155  23.266 0.0000000000
51145  38.348  -10.437  36.751 0.0000000000
53420  53.938  -7.769  25.068 0.0000000000
54367  48.770  -6.324  30.288 0.0000000000
56059  48.576  -5.121  29.060 0.0000000000
57780  50.063  -3.177  27.841 0.0000000000
57806  49.192  -2.601  27.251 0.0000000000
59926  49.691  -1.557  26.408 0.0000000000
60165  60.308  -0.789  5.686 0.0000000000
60968  49.327  0.052  25.680 0.0000000000
60980  48.763  0.331  25.400 0.0000000000
61189  59.361  0.278  7.441 0.0000000000
61960  49.210  1.159  24.912 0.0000000000
61976  48.594  1.304  24.258 0.0000000000
62064  47.609  0.349  17.398 0.0000000000
62834  49.289  1.885  23.718 0.0000000000
62845  50.133  2.410  23.255 0.0000000000
62848  48.863  1.816  23.038 0.0000000000
62875  48.941  2.118  21.728 0.0000000000
63728  49.750  2.682  22.238 0.0000000000
63765  50.246  3.476  19.606 0.0000000000
63818  51.294  2.813  16.147 0.0000000000
65387  52.586  4.298  18.905 0.0000000000
65396  52.144  4.525  18.473 0.0000000000
103964  48.005  0.717  21.358 0.0000000000
108337  47.983  -0.048  23.331 0.0000000000
114639  49.587  2.155  23.128 0.0000000000
115873  48.894  -1.207  25.947 0.0000000000
116440  49.906  -4.675  29.169 0.0000000000
116796  51.977  -8.124  28.193 0.0000000000
116875  52.974  -8.825  27.509 0.0000000000
