#!ascii label  , from subject sub-v1s21x0050428_ses-1 vox2ras=TkReg
1772
1564  22.320  -76.339  -18.470 0.6999999881
1303  22.177  -76.758  -17.695 0.8000000119
1557  22.226  -76.284  -16.964 0.8000000119
1552  21.897  -77.042  -16.044 0.6999999881
1571  22.488  -76.292  -19.890 0.6000000238
1310  22.180  -76.835  -19.192 0.6000000238
1558  22.026  -77.158  -16.938 0.6000000238
1578  22.508  -76.473  -20.727 0.6000000238
1839  22.313  -75.468  -16.547 0.8000000119
1547  21.855  -76.585  -15.122 0.6999999881
1542  21.587  -76.728  -14.052 0.6999999881
106435  22.510  -76.004  -19.148 0.6000000238
104146  22.342  -76.020  -17.859 0.6999999881
118390  21.713  -77.221  -15.333 0.6999999881
1584  22.556  -76.704  -21.679 0.6000000238
1592  22.571  -77.017  -22.835 0.6000000238
104863  22.125  -77.383  -22.183 0.6000000238
1347  21.896  -78.149  -24.276 0.6000000238
1341  21.535  -78.387  -23.393 0.6000000238
2164  22.296  -74.512  -15.293 0.8000000119
1823  22.011  -75.028  -14.625 0.8000000119
2150  21.766  -75.102  -13.812 0.6999999881
2135  21.334  -74.703  -13.339 0.6999999881
1804  20.719  -75.206  -13.075 0.6999999881
107548  22.527  -74.870  -16.926 0.8000000119
1824  21.832  -75.867  -14.382 0.6999999881
1813  21.292  -75.459  -13.360 0.6999999881
1847  22.484  -75.356  -17.519 0.6999999881
1832  22.106  -75.483  -15.465 0.8000000119
100025  21.457  -76.039  -13.601 0.6999999881
1860  22.587  -75.549  -18.448 0.6999999881
1886  22.877  -75.892  -20.362 0.6999999881
1898  23.157  -76.350  -22.240 0.6000000238
105339  23.036  -76.066  -21.189 0.6000000238
1600  22.627  -77.356  -24.138 0.6000000238
1340  21.994  -77.688  -23.329 0.6000000238
1084  22.022  -78.585  -24.497 0.6000000238
848  22.931  -79.500  -22.532 0.6999999881
849  22.261  -79.896  -23.075 0.6000000238
592  23.346  -80.655  -20.513 0.5000000000
103056  22.863  -80.604  -21.348 0.6000000238
116892  23.915  -81.321  -19.647 0.5000000000
2149  22.289  -74.198  -14.256 0.8999999762
2134  21.854  -74.094  -13.573 0.8000000119
107140  21.315  -73.889  -13.230 0.6999999881
2557  22.656  -74.051  -15.942 0.6999999881
2546  22.662  -73.769  -15.092 0.8999999762
2507  20.145  -73.464  -12.764 0.6999999881
2212  23.290  -74.396  -18.110 0.8000000119
2196  22.838  -74.601  -17.484 0.8000000119
1859  23.081  -74.907  -18.793 0.8000000119
1884  23.987  -75.048  -20.864 0.6999999881
111591  22.803  -75.471  -19.112 0.6999999881
1885  23.415  -75.486  -20.684 0.8000000119
1897  23.829  -75.603  -21.668 0.8000000119
1591  23.174  -76.658  -23.489 0.6999999881
1346  22.567  -77.770  -24.668 0.6000000238
852  22.649  -79.219  -23.674 0.6999999881
845  23.121  -79.763  -21.319 0.6999999881
2545  23.276  -73.103  -14.892 0.8999999762
2519  21.668  -73.039  -13.144 0.8000000119
111045  20.358  -72.717  -12.574 0.6999999881
2195  23.427  -73.883  -17.280 0.8000000119
114304  23.109  -73.549  -15.618 0.8000000119
2235  24.533  -74.443  -20.550 0.6999999881
2223  24.264  -74.189  -19.599 0.6000000238
2236  23.737  -74.951  -20.068 0.8000000119
2247  24.587  -74.887  -21.440 0.8000000119
1909  23.889  -76.069  -22.973 0.8000000119
1590  23.796  -76.408  -24.112 0.6999999881
116083  23.352  -77.157  -24.970 0.8000000119
1345  23.188  -77.047  -24.760 0.6999999881
1350  24.334  -77.624  -25.012 0.8000000119
1075  24.119  -78.306  -22.001 0.6999999881
1079  23.475  -78.765  -23.040 0.6999999881
1087  22.868  -78.135  -24.840 0.6999999881
1071  23.495  -79.033  -20.670 0.6999999881
4268  25.141  -70.203  -23.487 0.6000000238
4267  25.911  -69.700  -23.996 0.6000000238
4688  27.647  -69.545  -25.519 0.6000000238
4687  28.245  -69.409  -26.377 0.6999999881
2912  22.982  -72.795  -14.047 0.8999999762
2888  21.006  -72.396  -12.538 0.6999999881
2582  23.976  -73.767  -18.098 0.6000000238
2600  24.867  -73.842  -20.103 0.6000000238
2211  24.449  -73.632  -18.835 0.6000000238
119863  25.083  -74.351  -21.195 0.6999999881
2257  25.870  -74.667  -23.108 0.6999999881
2246  25.356  -74.585  -21.970 0.6999999881
3696  21.428  -69.921  -14.686 0.6999999881
3701  21.021  -70.653  -15.101 0.6999999881
1896  24.876  -75.384  -22.677 0.8000000119
4154  21.760  -69.189  -15.341 0.6000000238
3700  21.652  -70.147  -15.667 0.6000000238
3710  21.756  -70.328  -16.594 0.6999999881
1908  24.558  -75.934  -24.142 0.6999999881
4182  22.176  -69.861  -16.871 0.5000000000
3721  22.037  -70.358  -17.455 0.6999999881
1353  24.391  -77.060  -25.600 0.8000000119
111456  24.078  -76.392  -25.908 0.8000000119
108006  22.053  -68.947  -16.126 0.5000000000
4167  22.298  -69.222  -16.747 0.5000000000
1078  24.392  -78.241  -23.054 0.6999999881
5061  22.384  -67.842  -17.222 0.5000000000
5072  22.492  -67.200  -17.892 0.6000000238
4637  22.879  -68.262  -18.092 0.5000000000
4197  23.349  -68.988  -18.725 0.6000000238
4215  23.508  -69.555  -19.429 0.6999999881
3780  24.226  -70.342  -22.216 0.6999999881
4646  23.582  -68.518  -19.649 0.5000000000
4236  23.863  -69.330  -20.252 0.6000000238
4251  24.000  -69.979  -20.848 0.6000000238
4259  25.378  -69.421  -23.118 0.6000000238
5080  22.871  -67.373  -18.689 0.6000000238
4668  24.246  -69.156  -21.071 0.6000000238
4674  25.279  -68.829  -22.507 0.6000000238
5079  23.319  -67.395  -19.493 0.5000000000
4656  23.999  -68.405  -20.567 0.5000000000
4678  25.924  -68.804  -23.174 0.6000000238
4681  27.354  -69.028  -24.735 0.6000000238
4680  28.005  -68.753  -25.157 0.6999999881
5129  28.730  -67.656  -27.091 0.6000000238
4697  28.074  -68.059  -28.758 0.6999999881
4667  24.522  -68.219  -21.315 0.6000000238
4666  25.188  -68.185  -21.879 0.6000000238
4677  26.721  -68.795  -23.943 0.6000000238
5123  27.638  -68.310  -24.194 0.6999999881
5625  28.448  -66.815  -26.358 0.5000000000
2900  22.523  -72.483  -13.326 0.8999999762
2570  24.235  -73.236  -17.344 0.6000000238
2555  23.853  -73.330  -16.643 0.6999999881
3269  21.128  -71.487  -12.449 0.8000000119
2901  19.343  -72.404  -12.903 0.6999999881
3270  20.298  -71.419  -12.590 0.6999999881
3681  21.590  -70.663  -12.645 0.8000000119
2234  25.279  -73.884  -20.708 0.6999999881
112185  21.249  -69.799  -13.922 0.8000000119
3299  20.757  -70.460  -13.958 0.6000000238
4145  21.512  -69.115  -14.331 0.6999999881
4567  21.608  -68.328  -14.008 0.6000000238
1604  24.635  -76.152  -26.098 0.8000000119
1917  25.079  -75.803  -25.484 0.8000000119
1348  25.823  -76.684  -25.548 0.8000000119
4577  21.552  -68.237  -14.795 0.5000000000
1349  25.104  -77.352  -25.058 0.8000000119
4605  22.174  -68.406  -16.583 0.5000000000
5544  21.491  -66.430  -15.667 0.5000000000
5062  21.755  -66.319  -16.654 0.6000000238
5049  21.804  -67.369  -16.350 0.6000000238
5553  22.220  -66.205  -17.605 0.6000000238
5564  22.669  -66.546  -18.448 0.6000000238
6104  28.088  -65.006  -27.696 0.5000000000
5095  24.318  -67.440  -20.763 0.5000000000
5629  28.204  -65.940  -26.981 0.5000000000
5632  28.301  -66.764  -28.078 0.6000000238
5105  25.074  -67.509  -21.361 0.6000000238
4673  26.548  -68.240  -23.088 0.6999999881
5116  27.226  -67.975  -23.369 0.6999999881
5130  28.599  -67.707  -25.907 0.6999999881
5592  24.545  -66.701  -20.401 0.6000000238
5115  27.842  -67.515  -23.681 0.6000000238
5601  26.054  -67.015  -21.164 0.6999999881
5109  26.940  -67.659  -22.623 0.6000000238
5606  27.811  -66.777  -23.165 0.5000000000
2930  23.786  -73.073  -15.762 0.6999999881
2911  23.632  -72.385  -14.358 0.6999999881
114195  23.303  -72.099  -13.627 0.6999999881
3285  22.783  -71.642  -13.053 0.8000000119
3268  22.236  -71.066  -12.642 0.6999999881
4128  21.831  -69.931  -13.012 0.6999999881
7163  26.913  -62.706  -27.459 0.5000000000
6475  21.653  -64.854  -14.960 0.5000000000
6011  21.558  -65.699  -16.104 0.6000000238
6586  27.819  -64.120  -28.267 0.5000000000
6023  21.930  -65.370  -16.832 0.5000000000
6474  22.042  -64.308  -14.693 0.5000000000
5575  23.422  -66.531  -19.506 0.6000000238
108107  28.308  -66.851  -25.195 0.5000000000
6484  22.224  -64.521  -16.367 0.5000000000
6501  22.586  -64.789  -17.242 0.6000000238
6046  23.705  -65.910  -19.282 0.6000000238
6021  23.017  -65.128  -17.983 0.6000000238
2920  24.301  -72.298  -15.508 0.6999999881
2899  23.553  -71.414  -13.392 0.6999999881
6060  26.146  -66.006  -19.916 0.5000000000
7058  22.452  -63.712  -14.924 0.5000000000
5607  27.422  -66.863  -22.279 0.5000000000
6483  22.973  -64.133  -16.779 0.5000000000
6045  24.306  -65.426  -18.944 0.5000000000
6061  25.023  -66.183  -19.887 0.5000000000
5600  27.082  -66.585  -21.354 0.5000000000
6044  26.549  -65.447  -19.557 0.5000000000
6059  27.051  -65.575  -20.138 0.5000000000
7064  24.393  -63.511  -16.540 0.5000000000
6515  25.195  -64.921  -18.526 0.5000000000
5590  26.693  -66.285  -20.590 0.5000000000
7065  23.467  -63.557  -16.283 0.5000000000
6499  24.487  -64.475  -17.742 0.5000000000
115673  25.424  -65.571  -19.305 0.5000000000
7057  23.171  -63.242  -15.362 0.5000000000
6500  23.446  -64.550  -17.541 0.5000000000
6498  25.618  -64.366  -17.870 0.5000000000
7846  25.045  -61.739  -27.586 0.6000000238
6589  25.168  -63.146  -28.111 0.6000000238
7845  25.605  -61.885  -27.326 0.5000000000
7837  23.519  -61.974  -26.584 0.6999999881
7165  23.763  -62.831  -26.993 0.6000000238
105775  24.274  -63.527  -27.298 0.6000000238
102128  22.616  -64.196  -24.689 0.6999999881
8491  22.880  -61.041  -25.787 0.6000000238
111778  22.684  -62.667  -25.798 0.6999999881
7151  23.099  -63.206  -26.136 0.6999999881
6568  23.281  -64.681  -25.156 0.6999999881
7128  22.056  -63.967  -23.889 0.8000000119
115751  23.168  -59.658  -25.311 0.5000000000
8490  23.784  -60.858  -26.333 0.5000000000
7140  22.055  -63.225  -24.976 0.8000000119
7825  22.309  -62.116  -25.450 0.6000000238
6540  20.603  -64.240  -21.717 0.6999999881
9783  23.550  -58.608  -24.435 0.5000000000
9141  24.095  -59.762  -25.261 0.5000000000
7130  21.027  -63.053  -23.149 0.6999999881
7119  21.199  -64.070  -22.225 0.6999999881
7141  21.492  -63.178  -24.102 0.6999999881
8485  21.973  -61.491  -25.009 0.6999999881
6542  18.938  -64.309  -21.485 0.6999999881
7806  20.480  -62.727  -21.765 0.6999999881
119164  22.311  -59.714  -24.874 0.6000000238
8475  21.283  -61.376  -24.241 0.8000000119
10349  15.212  -58.795  -21.309 0.6999999881
9754  16.097  -59.608  -20.994 0.8000000119
10984  22.856  -57.161  -22.502 0.4000000060
7108  18.511  -63.791  -20.916 0.6999999881
7107  19.465  -63.610  -20.734 0.6999999881
115421  23.054  -58.139  -24.255 0.6000000238
9785  21.805  -59.382  -24.405 0.6000000238
7815  20.730  -62.099  -23.480 0.6999999881
9136  21.495  -60.409  -24.254 0.8000000119
8476  20.703  -61.198  -23.480 0.8000000119
13400  14.900  -53.568  -10.748 0.5000000000
13410  14.661  -53.527  -11.851 0.5000000000
13415  16.191  -54.082  -12.081 0.5000000000
12182  13.805  -55.667  -19.676 0.5000000000
11568  15.229  -56.049  -20.192 0.6000000238
12180  15.977  -55.327  -19.566 0.6000000238
11558  13.157  -56.031  -19.040 0.6000000238
102232  16.361  -55.378  -15.576 0.6000000238
11581  14.551  -56.831  -20.585 0.6999999881
11569  14.076  -56.082  -20.229 0.6999999881
120137  14.977  -58.263  -21.379 0.6999999881
10350  14.399  -58.357  -21.233 0.6999999881
7762  18.700  -62.023  -19.582 0.6999999881
8422  18.604  -61.253  -19.592 0.6999999881
9090  18.483  -60.308  -19.702 0.8000000119
10993  22.791  -57.228  -23.346 0.5000000000
7096  18.872  -63.194  -20.219 0.6999999881
10381  22.187  -58.094  -24.116 0.6000000238
7791  20.119  -62.848  -20.640 0.8000000119
9137  20.887  -60.206  -23.536 0.6999999881
8449  20.243  -61.249  -21.005 0.8000000119
110175  20.466  -61.931  -22.614 0.8000000119
14029  13.833  -53.066  -10.362 0.5000000000
14035  13.803  -53.157  -11.402 0.6000000238
102277  13.044  -52.620  -12.093 0.5000000000
14041  13.774  -53.242  -12.340 0.6000000238
13417  14.519  -53.574  -12.736 0.6000000238
12749  15.884  -54.160  -13.792 0.6000000238
13454  14.781  -54.109  -14.134 0.6000000238
12764  15.582  -54.411  -14.523 0.5000000000
12831  15.555  -54.587  -19.131 0.5000000000
12833  13.732  -55.273  -18.949 0.5000000000
12829  17.717  -54.578  -19.117 0.6000000238
12162  13.234  -54.980  -17.976 0.6000000238
12161  13.995  -55.917  -17.360 0.6999999881
12776  15.788  -54.845  -15.170 0.6000000238
117651  17.496  -55.853  -19.447 0.6000000238
10947  15.880  -56.903  -20.476 0.6999999881
10948  13.678  -57.355  -20.127 0.6999999881
10937  13.382  -56.625  -19.541 0.6999999881
11548  13.750  -56.492  -18.430 0.8000000119
11536  14.989  -55.984  -16.539 0.6999999881
102620  18.290  -56.179  -19.396 0.6999999881
10946  17.088  -57.352  -20.035 0.6999999881
11566  18.002  -56.950  -19.485 0.6999999881
115881  17.140  -58.068  -20.293 0.8000000119
10341  18.965  -58.867  -19.521 0.8000000119
9753  17.322  -59.247  -20.390 0.8000000119
10994  22.205  -57.313  -23.862 0.5000000000
10995  21.178  -57.250  -23.768 0.6000000238
9103  19.887  -60.886  -19.664 0.8000000119
9742  19.177  -59.713  -19.495 0.8000000119
10382  21.118  -58.488  -23.813 0.6000000238
105572  21.438  -57.818  -23.835 0.6999999881
9102  20.196  -60.644  -20.262 0.8000000119
9131  20.430  -59.913  -22.654 0.6999999881
9120  20.203  -60.369  -21.467 0.6999999881
8464  20.342  -60.990  -22.367 0.8000000119
14030  13.255  -52.317  -10.026 0.4000000060
14036  13.039  -52.282  -11.099 0.5000000000
14042  13.106  -52.883  -12.941 0.4000000060
13418  13.809  -53.369  -13.026 0.5000000000
13455  13.815  -54.097  -14.882 0.5000000000
102251  17.237  -53.881  -19.032 0.5000000000
12819  13.999  -54.351  -18.596 0.6000000238
12151  13.102  -54.454  -17.454 0.6000000238
12778  14.125  -54.639  -15.447 0.6000000238
12827  18.597  -54.591  -19.480 0.6000000238
111620  13.480  -55.148  -17.210 0.6999999881
12150  15.151  -55.397  -15.877 0.6999999881
12177  18.802  -55.476  -19.488 0.6000000238
119716  18.801  -58.183  -19.567 0.8000000119
10985  20.112  -57.235  -23.067 0.6999999881
10360  20.017  -58.626  -21.980 0.6999999881
9752  19.849  -60.000  -19.813 0.8000000119
10347  19.700  -58.258  -20.236 0.8000000119
10372  20.458  -58.045  -23.202 0.6999999881
14673  12.850  -51.491  -10.529 0.4000000060
14667  12.952  -51.669  -9.592 0.4000000060
14668  12.675  -50.950  -9.086 0.4000000060
14043  12.546  -51.964  -12.838 0.5000000000
14037  12.629  -51.651  -12.002 0.4000000060
15353  12.080  -50.236  -8.173 0.5000000000
13456  13.062  -53.301  -14.425 0.5000000000
13473  12.604  -53.235  -16.398 0.5000000000
12779  13.289  -54.223  -15.957 0.5000000000
14118  13.194  -52.083  -17.615 0.5000000000
111136  13.291  -54.586  -16.722 0.6999999881
11565  19.048  -56.126  -19.578 0.6000000238
10958  19.511  -57.410  -20.017 0.8000000119
11611  20.763  -56.503  -23.820 0.6000000238
11604  19.797  -56.439  -22.943 0.6000000238
12219  19.567  -55.546  -22.821 0.6999999881
11596  19.635  -56.773  -20.944 0.6999999881
115067  19.842  -58.273  -21.154 0.6999999881
16103  11.599  -49.281  -7.888 0.3000000119
15401  12.839  -50.897  -11.973 0.4000000060
14678  12.691  -51.294  -11.322 0.3000000119
107138  12.885  -50.783  -10.804 0.4000000060
15375  12.947  -50.490  -9.875 0.4000000060
103563  12.592  -50.064  -9.210 0.4000000060
117980  12.210  -49.502  -8.586 0.5000000000
14706  12.444  -51.044  -13.644 0.4000000060
16102  12.090  -48.760  -8.543 0.3000000119
14062  12.588  -52.325  -13.833 0.4000000060
110015  13.413  -53.014  -17.946 0.5000000000
14076  12.326  -52.381  -14.926 0.4000000060
118585  14.460  -52.569  -18.364 0.6000000238
112332  12.136  -51.290  -14.596 0.4000000060
14772  14.274  -51.286  -17.901 0.4000000060
14096  12.304  -52.206  -16.658 0.5000000000
11580  19.398  -56.457  -20.084 0.6999999881
10976  19.742  -57.597  -21.017 0.6999999881
16090  11.309  -49.985  -7.631 0.4000000060
16113  12.613  -49.319  -9.362 0.4000000060
106386  12.611  -48.520  -9.706 0.3000000119
15416  12.887  -50.693  -13.081 0.3000000119
14737  12.088  -50.717  -16.061 0.4000000060
14764  13.926  -51.126  -17.149 0.4000000060
14754  12.631  -50.834  -16.609 0.4000000060
15386  13.165  -50.623  -11.292 0.3000000119
15374  13.296  -50.396  -10.284 0.3000000119
16126  12.985  -49.896  -9.832 0.4000000060
16899  13.060  -49.247  -9.935 0.3000000119
15400  13.256  -50.556  -12.394 0.3000000119
120154  12.473  -50.530  -14.568 0.3000000119
15459  13.059  -50.416  -16.272 0.3000000119
15450  12.484  -50.237  -15.601 0.3000000119
100249  14.374  -50.987  -17.199 0.3000000119
16125  13.608  -49.861  -10.081 0.3000000119
103326  12.986  -48.643  -10.375 0.3000000119
15373  14.018  -50.385  -10.647 0.3000000119
16898  13.679  -49.107  -10.093 0.3000000119
107949  13.135  -50.079  -14.915 0.3000000119
106021  13.681  -50.482  -15.933 0.3000000119
15457  14.421  -50.866  -16.696 0.3000000119
16867  11.996  -47.943  -8.682 0.3000000119
15385  13.866  -50.512  -11.617 0.3000000119
15372  14.902  -50.259  -10.753 0.3000000119
15447  14.320  -50.548  -15.183 0.3000000119
3720  22.762  -70.090  -17.990 0.6000000238
4216  23.207  -69.849  -18.618 0.6999999881
3744  22.939  -70.367  -19.448 0.6999999881
102694  23.458  -70.464  -20.823 0.6999999881
13465  12.805  -53.370  -15.393 0.4000000060
12798  12.870  -53.921  -16.964 0.6000000238
17645  12.744  -48.026  -10.623 0.3000000119
1304  21.882  -77.695  -17.550 0.6999999881
1531  21.086  -76.781  -13.290 0.6999999881
103279  23.203  -75.468  -20.041 0.8000000119
853  22.102  -79.509  -23.905 0.6000000238
1083  23.060  -78.629  -24.362 0.6999999881
106453  23.747  -74.255  -18.811 0.6000000238
2889  20.288  -72.039  -12.362 0.6999999881
110693  23.875  -78.387  -23.900 0.6999999881
1081  24.651  -77.976  -24.175 0.8000000119
4686  28.687  -68.546  -26.757 0.6999999881
4198  23.047  -69.358  -17.945 0.5000000000
4250  24.338  -69.818  -21.639 0.6000000238
5636  27.637  -66.569  -28.548 0.6000000238
5104  25.769  -67.616  -21.759 0.6999999881
3690  20.555  -70.747  -13.063 0.8000000119
5013  21.659  -67.385  -14.413 0.5000000000
5031  21.542  -67.372  -15.285 0.6000000238
5563  23.054  -66.124  -18.941 0.6000000238
7775  19.806  -62.306  -19.872 0.8000000119
98325  26.093  -80.302  -13.275 0.4000000060
98323  27.162  -80.354  -11.906 0.4000000060
112639  25.982  -80.865  -15.524 0.3000000119
115987  25.992  -80.334  -14.140 0.4000000060
102107  25.194  -80.341  -13.277 0.4000000060
112819  26.088  -80.526  -11.663 0.4000000060
1039  28.178  -78.902  -16.138 0.4000000060
814  28.315  -79.424  -16.190 0.5000000000
799  28.724  -79.334  -14.722 0.5000000000
822  28.190  -79.873  -16.804 0.3000000119
815  28.354  -79.907  -16.212 0.4000000060
539  27.175  -80.089  -13.803 0.4000000060
563  27.701  -80.168  -17.075 0.3000000119
547  27.218  -80.316  -14.871 0.3000000119
119520  27.351  -80.412  -16.641 0.3000000119
1053  27.804  -79.579  -17.100 0.4000000060
1048  26.459  -78.528  -16.715 0.4000000060
1040  27.522  -78.422  -15.971 0.5000000000
1055  25.631  -78.556  -17.233 0.3000000119
102072  27.591  -79.946  -17.394 0.3000000119
181  26.374  -81.091  -18.637 0.4000000060
578  26.288  -79.949  -18.117 0.3000000119
391  24.633  -81.127  -19.181 0.4000000060
199  25.869  -80.974  -18.899 0.4000000060
205  24.248  -81.305  -19.256 0.4000000060
1297  25.610  -77.760  -16.505 0.4000000060
1301  25.004  -77.736  -17.227 0.4000000060
1056  24.833  -78.314  -17.641 0.4000000060
1302  24.652  -77.807  -17.843 0.4000000060
1563  25.369  -76.630  -18.498 0.5000000000
830  25.102  -78.991  -17.829 0.4000000060
1315  24.589  -77.736  -19.494 0.4000000060
584  25.836  -80.572  -18.720 0.4000000060
585  24.923  -80.186  -18.795 0.5000000000
1065  24.256  -78.453  -19.084 0.4000000060
587  23.728  -80.279  -19.640 0.4000000060
597  22.407  -80.838  -21.749 0.6000000238
395  23.020  -81.099  -20.859 0.4000000060
105071  26.407  -76.323  -19.848 0.6000000238
1577  26.059  -76.729  -20.360 0.6000000238
1329  25.575  -77.280  -21.084 0.6000000238
1321  24.685  -77.704  -20.462 0.6000000238
104271  25.475  -77.606  -22.122 0.6999999881
113458  23.798  -78.728  -20.184 0.5000000000
1070  24.009  -78.322  -20.871 0.6000000238
1338  25.208  -77.812  -23.096 0.6999999881
1582  27.456  -76.576  -21.934 0.6999999881
1588  27.632  -76.635  -23.059 0.6999999881
1583  26.632  -76.823  -21.313 0.6000000238
1589  26.865  -76.988  -22.452 0.6999999881
1603  26.851  -76.474  -25.023 0.6999999881
1607  26.073  -75.804  -25.860 0.6999999881
1907  25.588  -75.318  -24.229 0.6999999881
1328  26.172  -77.255  -21.964 0.6999999881
1344  26.250  -77.183  -24.382 0.6999999881
100579  25.549  -77.541  -24.051 0.6999999881
1587  28.430  -76.254  -23.753 0.5000000000
1596  28.113  -75.633  -24.883 0.6000000238
1597  26.996  -77.005  -23.716 0.6999999881
1606  27.014  -75.642  -25.791 0.6000000238
1923  26.655  -75.111  -25.891 0.6999999881
105395  26.977  -74.616  -25.863 0.6999999881
1337  26.116  -77.391  -23.061 0.6999999881
1916  26.155  -75.258  -25.456 0.6999999881
1925  27.385  -74.888  -25.971 0.6000000238
2266  28.059  -73.872  -25.452 0.6000000238
2268  26.612  -74.403  -24.662 0.6000000238
2267  27.435  -73.901  -25.413 0.6000000238
2591  24.954  -73.472  -19.496 0.5000000000
1281  21.197  -77.455  -13.789 0.6000000238
1033  21.193  -78.024  -14.503 0.6000000238
2256  26.551  -73.824  -23.398 0.6000000238
2245  26.008  -74.130  -22.361 0.6000000238
2598  26.041  -73.290  -20.946 0.5000000000
2599  25.448  -73.368  -20.137 0.5000000000
1524  19.999  -76.263  -12.854 0.6000000238
1523  20.429  -75.958  -12.969 0.6000000238
1532  20.456  -76.644  -12.913 0.6000000238
105050  27.196  -73.472  -24.562 0.6000000238
2606  26.466  -73.349  -22.271 0.5000000000
2607  25.709  -73.953  -21.515 0.5000000000
2532  18.717  -73.975  -14.655 0.6000000238
111425  18.620  -73.395  -13.984 0.6000000238
2136  19.181  -74.629  -13.613 0.6000000238
1815  19.546  -75.664  -13.412 0.6000000238
2126  19.723  -75.009  -13.275 0.6000000238
2891  19.147  -72.994  -12.930 0.6000000238
111651  19.412  -74.206  -13.203 0.6000000238
2929  24.429  -72.627  -16.443 0.6000000238
2620  27.187  -73.040  -23.652 0.6000000238
117075  18.702  -73.279  -14.827 0.6000000238
3320  20.075  -71.965  -16.040 0.6000000238
2914  18.813  -72.753  -14.315 0.6000000238
2922  19.912  -71.748  -15.085 0.6000000238
105445  19.328  -72.216  -14.674 0.6000000238
3287  19.609  -71.721  -13.001 0.6000000238
3286  20.114  -71.115  -13.438 0.5000000000
102270  18.959  -74.759  -15.276 0.6999999881
2547  18.802  -73.759  -15.686 0.6000000238
2923  18.943  -72.781  -15.405 0.6000000238
103379  20.677  -71.531  -16.575 0.6000000238
3711  21.171  -70.843  -16.139 0.6000000238
2965  19.981  -73.108  -19.924 0.6000000238
2931  18.881  -73.156  -16.278 0.6000000238
114690  19.399  -72.569  -16.412 0.6000000238
3327  20.701  -71.714  -17.463 0.5000000000
2937  19.466  -72.651  -17.461 0.6000000238
3350  20.934  -71.963  -19.079 0.6000000238
2953  20.409  -72.538  -19.519 0.6000000238
3360  21.315  -72.396  -20.678 0.6000000238
2938  18.987  -73.157  -17.033 0.6000000238
3722  21.327  -71.039  -17.146 0.6000000238
3338  20.778  -71.850  -18.269 0.6000000238
99909  21.192  -71.385  -17.871 0.5000000000
3349  21.642  -71.524  -19.471 0.6000000238
3361  21.102  -72.144  -19.892 0.5000000000
3372  22.021  -72.049  -21.051 0.5000000000
105046  22.662  -70.343  -18.674 0.6000000238
3745  22.211  -70.892  -19.056 0.6000000238
3359  22.470  -71.388  -20.711 0.6000000238
3382  23.328  -71.454  -22.073 0.6999999881
3383  22.880  -72.163  -22.105 0.6999999881
3393  24.072  -72.608  -23.835 0.6999999881
103211  24.897  -72.061  -24.754 0.6999999881
3763  22.959  -70.733  -20.371 0.6000000238
3781  23.725  -70.531  -21.595 0.6999999881
3794  24.425  -70.767  -23.053 0.6999999881
3381  23.874  -71.597  -22.988 0.6999999881
3805  24.914  -71.132  -24.079 0.6999999881
3815  25.334  -71.726  -25.104 0.6000000238
4260  24.789  -69.755  -22.521 0.6000000238
2590  25.650  -72.853  -19.462 0.5000000000
2580  25.115  -73.023  -18.813 0.5000000000
3336  26.004  -72.099  -18.282 0.5000000000
115624  25.655  -72.555  -18.754 0.5000000000
2934  25.347  -72.555  -18.131 0.6000000238
3717  27.272  -70.248  -17.866 0.6000000238
3324  26.357  -71.445  -17.832 0.6000000238
3325  25.627  -71.875  -17.420 0.6000000238
2928  25.045  -71.901  -16.612 0.6000000238
3318  24.703  -71.905  -15.939 0.6000000238
3718  26.624  -70.673  -17.506 0.5000000000
3709  25.618  -70.692  -16.390 0.6000000238
3308  24.627  -71.576  -15.251 0.6000000238
4166  25.642  -69.918  -16.250 0.6000000238
117488  24.976  -70.189  -14.978 0.5000000000
3296  24.906  -70.853  -15.035 0.6000000238
3284  24.316  -71.021  -13.719 0.6000000238
4152  25.116  -69.596  -15.588 0.5000000000
3695  24.680  -70.423  -14.209 0.6000000238
4566  22.026  -68.464  -13.477 0.5000000000
4565  22.872  -68.129  -13.435 0.5000000000
3680  22.828  -70.376  -12.957 0.6000000238
4131  23.857  -69.669  -13.341 0.6000000238
842  23.446  -79.734  -20.246 0.6000000238
1330  24.738  -77.793  -21.443 0.6999999881
2581  24.680  -73.135  -18.115 0.5000000000
3734  22.122  -70.639  -18.275 0.6000000238
3795  23.878  -70.899  -22.372 0.6999999881
2935  24.884  -72.542  -17.362 0.6000000238
3688  23.849  -70.878  -13.340 0.6000000238
4553  22.695  -69.040  -13.169 0.6000000238
115199  26.341  -80.582  -15.006 0.3000000119
556  27.127  -80.494  -15.791 0.3000000119
546  28.130  -79.893  -14.792 0.4000000060
570  26.914  -80.159  -17.634 0.3000000119
829  26.176  -79.386  -17.743 0.4000000060
579  25.769  -79.791  -18.267 0.4000000060
105718  25.210  -76.685  -17.701 0.4000000060
1061  24.535  -78.568  -18.262 0.3000000119
1308  24.967  -77.144  -19.004 0.5000000000
1320  25.253  -77.166  -19.972 0.6000000238
580  24.942  -79.808  -18.618 0.5000000000
105913  24.190  -78.314  -19.928 0.5000000000
114716  23.782  -79.585  -19.532 0.5000000000
111741  27.591  -76.278  -24.270 0.6999999881
3328  20.045  -72.093  -16.993 0.6000000238
3399  25.407  -72.062  -26.206 0.6000000238
3719  26.005  -71.060  -17.092 0.6000000238
4165  26.248  -69.478  -16.660 0.5000000000
114156  25.494  -71.342  -16.665 0.6000000238
3317  25.130  -71.238  -15.909 0.6000000238
3708  26.166  -70.271  -16.844 0.5000000000
3699  25.243  -70.418  -15.672 0.6000000238
116009  25.540  -69.033  -16.223 0.5000000000
101905  24.390  -69.634  -13.829 0.5000000000
114546  24.009  -69.064  -13.585 0.5000000000
448  20.765  -80.621  -3.441 0.4000000060
447  21.615  -80.529  -3.387 0.4000000060
459  20.305  -80.784  -3.999 0.5000000000
692  18.867  -78.927  -1.403 0.5000000000
683  18.433  -78.981  -0.687 0.5000000000
684  17.001  -79.508  -0.252 0.5000000000
431  18.719  -79.720  -2.022 0.5000000000
691  19.696  -79.133  -2.061 0.5000000000
118029  21.985  -80.547  -3.983 0.4000000060
716  21.669  -79.789  -5.276 0.4000000060
724  20.754  -79.624  -5.440 0.5000000000
98319  25.020  -81.675  -9.132 0.3000000119
310  24.444  -81.369  -7.732 0.3000000119
99788  24.745  -81.306  -10.295 0.3000000119
112820  25.748  -81.163  -10.268 0.3000000119
921  19.407  -78.407  -1.303 0.4000000060
911  19.048  -78.682  -0.566 0.5000000000
900  18.786  -78.973  0.045 0.5000000000
920  20.124  -78.396  -1.695 0.4000000060
430  20.547  -79.855  -2.450 0.4000000060
438  22.006  -80.233  -2.716 0.3000000119
428  22.340  -79.858  -2.300 0.3000000119
117849  20.848  -78.358  -6.176 0.4000000060
457  22.634  -80.180  -4.199 0.3000000119
723  22.244  -79.147  -5.497 0.4000000060
952  21.375  -78.953  -5.816 0.5000000000
714  23.101  -79.614  -4.722 0.3000000119
98917  25.215  -82.973  -8.658 0.3000000119
108040  23.591  -81.184  -7.706 0.3000000119
112962  26.148  -81.367  -9.626 0.3000000119
99055  26.508  -80.871  -10.186 0.3000000119
112926  25.398  -80.974  -11.061 0.3000000119
116409  19.831  -78.016  -1.138 0.3000000119
910  19.609  -78.322  -0.504 0.4000000060
109424  21.038  -78.571  -1.766 0.3000000119
445  23.450  -79.771  -3.938 0.3000000119
1194  21.668  -77.097  -6.453 0.4000000060
1195  20.652  -76.715  -6.245 0.4000000060
103145  22.752  -78.466  -5.703 0.4000000060
713  24.263  -79.216  -3.995 0.3000000119
6  26.425  -82.473  -6.754 0.4000000060
8  25.891  -83.157  -6.795 0.4000000060
99489  25.822  -81.268  -7.332 0.4000000060
496  24.666  -80.804  -7.536 0.4000000060
766  24.419  -80.158  -9.360 0.4000000060
111808  23.713  -79.194  -10.227 0.5000000000
15  26.890  -83.263  -8.789 0.3000000119
112903  26.081  -83.070  -9.641 0.3000000119
112966  26.423  -81.718  -9.246 0.3000000119
112757  26.725  -80.569  -10.939 0.3000000119
102472  26.646  -80.310  -12.671 0.3000000119
909  20.435  -77.867  -1.267 0.3000000119
1460  23.169  -76.776  -5.947 0.3000000119
1461  22.280  -76.340  -6.161 0.3000000119
1743  20.665  -75.038  -5.527 0.4000000060
1744  19.667  -74.826  -5.082 0.4000000060
702  25.014  -79.164  -3.488 0.3000000119
949  24.252  -77.939  -5.242 0.3000000119
938  24.910  -78.421  -4.473 0.3000000119
950  23.466  -78.446  -5.431 0.3000000119
1765  20.815  -75.394  -7.739 0.5000000000
1766  19.874  -74.867  -7.554 0.5000000000
115566  29.053  -81.096  -5.764 0.3000000119
469  27.608  -81.152  -5.850 0.3000000119
94  28.235  -81.953  -6.864 0.3000000119
268  27.176  -81.913  -5.256 0.3000000119
270  26.017  -82.027  -5.536 0.4000000060
997  24.625  -78.589  -9.912 0.5000000000
1244  23.305  -77.843  -9.591 0.5000000000
95  27.709  -82.279  -6.869 0.3000000119
755  24.737  -80.371  -8.207 0.4000000060
116307  24.695  -79.595  -10.036 0.5000000000
998  23.841  -78.555  -9.974 0.5000000000
98914  27.280  -81.649  -9.684 0.3000000119
112611  26.856  -81.181  -9.571 0.3000000119
98932  26.932  -80.733  -10.122 0.3000000119
530  27.754  -80.009  -12.959 0.4000000060
1742  22.841  -75.923  -5.474 0.3000000119
2061  21.068  -74.261  -4.760 0.4000000060
111685  26.049  -78.986  -2.584 0.3000000119
1188  24.974  -77.788  -4.658 0.3000000119
1450  24.495  -77.176  -4.807 0.3000000119
2062  19.945  -74.067  -4.798 0.4000000060
928  25.543  -78.361  -3.912 0.3000000119
2442  18.455  -73.411  -6.003 0.4000000060
2080  18.605  -73.945  -6.827 0.5000000000
2077  21.031  -74.464  -7.653 0.4000000060
2078  20.273  -74.099  -7.470 0.5000000000
734  29.824  -79.548  -6.163 0.3000000119
1498  21.654  -76.048  -8.186 0.5000000000
119457  20.516  -74.737  -7.594 0.5000000000
736  28.119  -80.400  -6.831 0.3000000119
1229  23.780  -77.142  -9.203 0.4000000060
117997  22.953  -76.394  -8.932 0.5000000000
287  29.388  -81.130  -7.409 0.3000000119
483  27.503  -80.910  -5.923 0.4000000060
745  26.793  -80.070  -7.997 0.4000000060
1242  24.933  -78.008  -9.411 0.5000000000
1230  22.924  -77.031  -8.975 0.5000000000
103572  27.911  -82.337  -7.416 0.3000000119
277  26.641  -81.196  -6.986 0.4000000060
754  25.824  -80.267  -8.229 0.5000000000
118747  25.611  -80.034  -9.009 0.5000000000
110122  28.259  -82.197  -9.857 0.3000000119
99172  27.954  -81.301  -9.555 0.4000000060
114948  28.453  -80.251  -10.568 0.3000000119
99374  27.873  -80.553  -10.037 0.4000000060
784  28.191  -80.056  -12.149 0.4000000060
593  20.481  -80.524  -20.200 0.5000000000
538  28.398  -79.603  -13.957 0.3000000119
924  26.832  -78.200  -2.332 0.3000000119
937  25.463  -77.941  -4.190 0.3000000119
2053  20.439  -73.356  -4.585 0.3000000119
926  26.275  -78.274  -2.820 0.3000000119
2812  20.357  -72.479  -5.261 0.3000000119
2450  19.956  -73.292  -7.113 0.5000000000
2464  21.767  -73.982  -8.003 0.4000000060
2449  20.997  -73.456  -7.429 0.3000000119
107563  30.035  -78.958  -6.752 0.3000000119
1496  23.028  -75.737  -9.001 0.5000000000
482  29.213  -80.784  -6.216 0.3000000119
1228  24.562  -77.247  -9.186 0.4000000060
110311  27.488  -79.946  -7.541 0.4000000060
752  27.433  -79.309  -8.076 0.4000000060
983  26.475  -78.755  -9.033 0.4000000060
984  25.749  -78.090  -9.130 0.4000000060
105  29.286  -81.794  -7.936 0.3000000119
295  29.364  -81.650  -8.495 0.3000000119
753  26.733  -79.476  -8.609 0.4000000060
995  25.937  -79.063  -9.567 0.5000000000
117036  28.858  -80.102  -10.016 0.3000000119
106923  28.807  -80.009  -10.413 0.4000000060
783  29.144  -79.559  -12.238 0.4000000060
843  21.257  -79.283  -20.412 0.5000000000
793  28.892  -79.528  -13.160 0.4000000060
792  29.680  -79.044  -13.017 0.5000000000
847  20.873  -80.113  -21.761 0.5000000000
1181  26.132  -77.644  -2.832 0.3000000119
1534  19.222  -76.523  -13.490 0.5000000000
2087  22.955  -73.921  -9.098 0.3000000119
2463  22.029  -73.230  -7.863 0.3000000119
1268  19.829  -77.121  -12.804 0.5000000000
1283  18.566  -77.169  -13.676 0.6000000238
1204  30.306  -77.699  -6.829 0.3000000119
964  29.732  -78.458  -6.860 0.3000000119
733  30.652  -79.507  -6.682 0.3000000119
735  29.042  -79.741  -6.928 0.3000000119
975  27.942  -78.363  -7.962 0.3000000119
111293  24.717  -76.005  -8.836 0.4000000060
1779  23.495  -74.865  -9.346 0.4000000060
1041  21.543  -77.802  -15.474 0.5000000000
1293  18.227  -77.560  -15.563 0.5000000000
982  27.147  -78.498  -8.470 0.3000000119
1226  26.606  -77.527  -8.597 0.3000000119
1493  26.271  -76.365  -8.291 0.3000000119
1049  21.381  -78.363  -16.042 0.5000000000
294  30.090  -81.119  -8.789 0.3000000119
309  29.284  -81.381  -9.436 0.3000000119
107808  21.543  -78.495  -17.971 0.5000000000
321  29.332  -79.864  -9.786 0.3000000119
840  21.292  -79.244  -19.338 0.5000000000
781  30.090  -78.735  -11.207 0.4000000060
1014  29.935  -78.621  -11.665 0.4000000060
1021  29.770  -78.713  -12.505 0.5000000000
1072  21.474  -78.544  -21.083 0.5000000000
1271  29.179  -78.175  -13.462 0.4000000060
1024  29.486  -78.714  -13.377 0.3000000119
798  29.255  -79.060  -14.044 0.4000000060
850  20.951  -79.617  -22.552 0.6000000238
1530  26.487  -75.822  -14.371 0.3000000119
1541  26.756  -76.704  -14.442 0.4000000060
1279  28.344  -78.107  -14.743 0.4000000060
106375  28.895  -78.999  -14.869 0.3000000119
118252  20.902  -79.780  -23.059 0.6000000238
851  20.895  -80.136  -22.609 0.5000000000
2163  26.723  -74.765  -15.445 0.3000000119
1830  26.325  -75.488  -15.117 0.5000000000
112155  26.080  -76.993  -15.310 0.4000000060
1292  25.898  -77.374  -15.796 0.4000000060
601  21.042  -80.354  -22.575 0.6000000238
2544  27.263  -74.025  -15.867 0.3000000119
103416  26.350  -75.293  -15.809 0.5000000000
1838  25.594  -76.326  -16.335 0.4000000060
1550  25.454  -77.002  -16.162 0.4000000060
2194  26.744  -74.900  -17.153 0.4000000060
1837  26.133  -75.529  -16.569 0.5000000000
1846  25.611  -76.134  -17.175 0.4000000060
1858  25.776  -76.124  -18.026 0.5000000000
1543  18.924  -76.469  -14.194 0.6000000238
1470  31.109  -77.048  -6.199 0.3000000119
1205  29.653  -77.480  -6.871 0.3000000119
116022  28.590  -77.874  -7.689 0.3000000119
107787  19.107  -75.643  -14.761 0.6000000238
1833  18.987  -76.522  -15.340 0.6000000238
962  30.864  -78.096  -7.321 0.3000000119
1215  28.050  -77.279  -7.869 0.3000000119
1492  27.236  -76.588  -7.947 0.3000000119
1553  18.666  -77.197  -16.174 0.6000000238
1223  32.057  -77.424  -8.384 0.3000000119
1225  27.420  -77.618  -8.241 0.3000000119
1559  18.487  -77.434  -17.250 0.6000000238
307  29.958  -79.573  -9.552 0.3000000119
1861  18.682  -75.348  -18.942 0.6000000238
115008  18.645  -76.796  -17.830 0.6000000238
104127  18.589  -76.568  -18.742 0.6000000238
1572  18.389  -76.938  -19.661 0.5000000000
1267  29.006  -77.603  -12.709 0.4000000060
1540  27.665  -77.278  -14.172 0.4000000060
2193  27.358  -74.414  -17.617 0.4000000060
1845  26.243  -75.555  -17.574 0.5000000000
1457  31.769  -76.459  -5.725 0.3000000119
1458  30.666  -76.444  -5.713 0.3000000119
102949  30.141  -76.926  -6.339 0.3000000119
1471  29.603  -76.253  -6.105 0.3000000119
1206  28.827  -77.086  -7.301 0.3000000119
1480  28.033  -76.454  -7.426 0.3000000119
1775  26.728  -75.698  -7.807 0.3000000119
2151  18.956  -74.755  -14.266 0.5000000000
1469  32.013  -76.917  -6.470 0.3000000119
1202  31.446  -77.852  -7.662 0.3000000119
2180  18.860  -74.863  -16.387 0.5000000000
99928  18.927  -76.109  -16.266 0.6000000238
1214  32.062  -77.276  -7.495 0.3000000119
119551  18.840  -75.619  -16.788 0.6000000238
1490  32.311  -76.815  -7.900 0.3000000119
1848  18.672  -75.794  -18.027 0.6000000238
1519  29.319  -77.706  -12.030 0.3000000119
1260  29.790  -78.414  -11.973 0.3000000119
2226  18.830  -74.917  -19.812 0.6000000238
2249  19.450  -75.174  -21.698 0.6000000238
2197  18.749  -75.100  -17.346 0.6000000238
100439  18.759  -74.182  -17.714 0.5000000000
2592  19.249  -73.518  -18.869 0.6000000238
2593  18.870  -74.375  -18.990 0.6000000238
2237  19.244  -74.543  -20.580 0.6000000238
2238  18.884  -75.623  -20.894 0.6000000238
2248  20.062  -74.899  -22.391 0.6000000238
2610  19.743  -74.198  -21.212 0.6000000238
2623  20.775  -74.551  -22.914 0.5000000000
2558  18.786  -73.808  -16.666 0.5000000000
2944  19.559  -72.783  -18.360 0.5000000000
114955  19.554  -73.441  -19.574 0.5000000000
2609  20.409  -73.897  -21.684 0.6000000238
2638  21.930  -74.323  -25.822 0.5000000000
3005  24.204  -73.012  -26.101 0.6000000238
3013  23.423  -73.254  -26.050 0.6000000238
3014  22.651  -73.404  -26.022 0.5000000000
3012  23.871  -72.806  -26.342 0.6000000238
107270  23.364  -72.824  -26.176 0.6000000238
2954  19.781  -72.921  -19.178 0.5000000000
2608  21.231  -73.625  -22.008 0.5000000000
2987  22.002  -73.253  -22.281 0.5000000000
2999  23.067  -73.407  -23.446 0.6000000238
2621  22.355  -73.739  -23.400 0.5000000000
2635  21.854  -74.497  -24.684 0.5000000000
2998  23.556  -73.335  -24.118 0.6000000238
3804  25.545  -70.726  -24.439 0.6000000238
2997  24.495  -72.850  -25.018 0.6000000238
3408  23.901  -72.141  -26.445 0.5000000000
6063  15.130  -65.406  -21.276 0.5000000000
2943  20.228  -72.373  -18.726 0.5000000000
2974  20.841  -73.084  -21.123 0.5000000000
2986  22.718  -72.908  -22.528 0.6000000238
6517  14.619  -64.875  -18.826 0.5000000000
6502  15.033  -65.065  -17.881 0.6000000238
6049  14.758  -65.118  -20.613 0.6000000238
6545  14.863  -64.758  -22.201 0.6000000238
6048  15.071  -65.315  -19.580 0.5000000000
6080  15.637  -65.817  -22.758 0.5000000000
5620  16.691  -66.375  -23.343 0.5000000000
4283  24.027  -70.211  -26.750 0.5000000000
3824  23.997  -71.112  -26.570 0.5000000000
9105  16.502  -60.380  -21.021 0.6000000238
9106  15.363  -60.460  -21.095 0.6999999881
8437  16.222  -61.136  -21.224 0.6000000238
8438  14.941  -61.270  -21.258 0.6999999881
7763  13.642  -62.382  -19.239 0.6000000238
7084  13.704  -63.177  -18.730 0.6000000238
8451  14.523  -62.143  -21.189 0.6000000238
7780  13.806  -62.612  -20.179 0.6000000238
8436  17.127  -61.523  -20.902 0.6000000238
7795  16.236  -62.650  -21.162 0.6000000238
7097  14.180  -63.438  -20.456 0.6000000238
7089  13.888  -63.706  -19.777 0.5000000000
6503  14.354  -63.947  -17.030 0.6000000238
7778  17.258  -62.217  -20.810 0.6000000238
118478  15.655  -63.227  -21.311 0.6000000238
119479  14.193  -64.045  -20.399 0.5000000000
110106  14.005  -64.178  -19.032 0.6000000238
7110  16.173  -63.583  -21.646 0.6000000238
6546  14.692  -64.421  -21.555 0.6000000238
7109  17.482  -63.676  -21.406 0.6000000238
7121  15.503  -64.550  -22.377 0.6000000238
6554  17.195  -64.935  -22.724 0.5000000000
5619  17.681  -66.564  -23.593 0.5000000000
6088  19.363  -65.646  -23.769 0.5000000000
6087  20.145  -65.915  -23.838 0.5000000000
5615  21.602  -66.744  -23.473 0.5000000000
8423  13.678  -61.653  -19.552 0.6000000238
8407  14.414  -61.077  -18.269 0.6999999881
7793  18.164  -63.275  -20.666 0.5000000000
6543  17.877  -64.296  -21.856 0.6000000238
6553  18.307  -64.824  -22.409 0.6000000238
6077  17.741  -65.400  -23.190 0.5000000000
114036  19.737  -65.212  -22.531 0.6000000238
5609  21.213  -66.043  -23.042 0.5000000000
6086  22.925  -65.794  -23.169 0.6000000238
5608  22.153  -66.014  -22.787 0.6000000238
100760  19.367  -53.991  -22.827 0.4000000060
103750  14.747  -59.124  -19.796 0.6999999881
10323  16.583  -58.798  -17.685 0.5000000000
9722  17.229  -59.673  -17.582 0.5000000000
12863  19.534  -54.780  -23.122 0.6000000238
12209  19.504  -55.903  -20.948 0.5000000000
9732  16.091  -59.606  -18.155 0.6000000238
9056  16.637  -60.492  -17.723 0.5000000000
12871  20.647  -54.691  -24.721 0.5000000000
105267  14.597  -59.032  -21.225 0.6000000238
9733  14.951  -59.519  -19.212 0.8000000119
9755  15.039  -59.598  -21.074 0.6999999881
9075  14.453  -60.393  -19.133 0.8000000119
8392  15.131  -61.571  -17.544 0.6999999881
107313  20.284  -64.884  -21.845 0.6000000238
6074  21.578  -65.384  -22.423 0.6000000238
10925  17.552  -58.156  -17.025 0.5000000000
103514  19.309  -54.911  -20.942 0.5000000000
10335  14.048  -58.043  -19.943 0.6999999881
10312  18.305  -58.866  -16.820 0.5000000000
13541  21.855  -53.464  -25.668 0.4000000060
12872  19.952  -54.336  -23.857 0.4000000060
12236  21.392  -54.877  -25.145 0.4000000060
12235  21.771  -55.358  -24.968 0.5000000000
11618  22.018  -55.811  -24.637 0.4000000060
10926  16.395  -57.813  -17.339 0.5000000000
105335  18.472  -58.155  -16.308 0.5000000000
13519  19.157  -54.063  -21.663 0.3000000119
13506  19.101  -54.061  -20.750 0.3000000119
10324  15.421  -58.179  -18.177 0.6000000238
12870  22.332  -53.802  -24.032 0.4000000060
12869  22.370  -54.687  -24.447 0.4000000060
11610  21.927  -56.504  -24.089 0.4000000060
105548  15.484  -57.424  -17.556 0.6000000238
10936  13.885  -57.333  -19.226 0.6000000238
12861  22.464  -55.133  -23.488 0.4000000060
11546  16.075  -57.051  -16.943 0.5000000000
10916  17.026  -57.318  -16.678 0.5000000000
116928  20.186  -51.679  -24.237 0.3000000119
14152  19.061  -53.236  -22.073 0.3000000119
13507  18.761  -53.623  -19.981 0.3000000119
12828  18.114  -53.724  -19.228 0.4000000060
12218  22.208  -54.953  -22.346 0.3000000119
12217  22.527  -55.836  -22.975 0.4000000060
12207  22.348  -55.741  -21.782 0.4000000060
14142  18.539  -52.625  -20.335 0.4000000060
11547  14.944  -56.679  -17.324 0.6000000238
102671  17.500  -56.715  -16.157 0.4000000060
13493  17.466  -53.044  -19.214 0.4000000060
16246  21.376  -50.043  -24.773 0.3000000119
15527  20.061  -50.395  -23.953 0.3000000119
11535  15.895  -56.394  -16.489 0.5000000000
13494  16.603  -53.276  -19.064 0.4000000060
12818  14.871  -53.966  -18.705 0.4000000060
13487  13.481  -53.901  -18.221 0.5000000000
103553  15.841  -52.623  -19.027 0.4000000060
13485  14.993  -52.824  -18.645 0.4000000060
15490  15.248  -49.299  -20.049 0.3000000119
15491  15.084  -49.374  -19.347 0.3000000119
110453  14.994  -49.733  -19.564 0.3000000119
109676  14.899  -49.936  -18.918 0.3000000119
15483  14.718  -50.570  -18.019 0.3000000119
14654  12.825  -51.835  -8.612 0.4000000060
108620  15.597  -48.677  -19.801 0.3000000119
1776  25.980  -75.625  -8.377 0.3000000119
1266  29.519  -78.354  -12.749 0.4000000060
14130  15.160  -51.709  -18.808 0.3000000119
105692  22.587  -64.789  -23.502 0.6000000238
15341  11.748  -50.836  -7.669 0.4000000060
12227  20.918  -55.453  -24.568 0.5000000000
14771  14.773  -50.863  -18.527 0.3000000119
808  28.531  -78.844  -15.390 0.3000000119
1280  27.307  -77.540  -14.823 0.4000000060
2602  19.610  -73.744  -20.268 0.5000000000
429  21.506  -79.864  -2.385 0.4000000060
108015  19.614  -80.033  -2.477 0.5000000000
113606  17.993  -79.099  0.116 0.5000000000
113743  20.395  -78.896  -5.898 0.5000000000
99263  25.147  -81.442  -7.679 0.4000000060
690  20.815  -79.230  -2.128 0.4000000060
967  21.537  -78.099  -6.274 0.4000000060
116792  20.154  -77.300  -6.066 0.4000000060
13  26.155  -83.176  -8.193 0.4000000060
289  23.848  -80.858  -7.671 0.4000000060
512  23.556  -80.355  -9.281 0.4000000060
898  20.231  -78.460  0.359 0.3000000119
697  24.487  -79.735  -2.550 0.3000000119
1193  23.277  -77.659  -5.882 0.3000000119
1462  21.225  -75.974  -6.219 0.4000000060
105371  20.280  -75.785  -5.788 0.4000000060
11  27.480  -82.483  -7.854 0.3000000119
127  27.587  -82.291  -8.953 0.4000000060
113307  21.813  -75.318  -5.438 0.4000000060
2063  18.896  -73.758  -4.929 0.4000000060
1243  24.163  -77.876  -9.558 0.5000000000
841  20.859  -79.885  -19.781 0.5000000000
112905  27.659  -81.732  -10.284 0.4000000060
1187  25.190  -77.490  -4.221 0.3000000119
2422  20.036  -72.822  -4.777 0.4000000060
2432  19.514  -72.793  -5.231 0.4000000060
2451  19.107  -73.262  -6.616 0.5000000000
2089  21.656  -74.983  -8.052 0.5000000000
744  28.119  -79.388  -7.548 0.3000000119
286  30.118  -81.182  -8.082 0.3000000119
115  28.896  -82.240  -8.556 0.3000000119
125  28.861  -82.199  -9.438 0.3000000119
846  21.139  -79.400  -21.536 0.6000000238
114737  21.060  -72.446  -6.605 0.3000000119
2827  19.725  -72.549  -5.773 0.4000000060
1227  25.734  -77.009  -8.759 0.3000000119
1062  21.601  -78.512  -18.945 0.5000000000
782  29.956  -79.095  -11.999 0.4000000060
107085  22.933  -73.121  -8.488 0.3000000119
1494  25.464  -76.164  -8.564 0.3000000119
1529  27.096  -76.312  -13.684 0.4000000060
1272  28.601  -77.823  -13.963 0.4000000060
1025  28.996  -78.618  -14.307 0.4000000060
2162  27.075  -74.237  -15.067 0.3000000119
1472  28.590  -76.120  -6.686 0.3000000119
2214  18.695  -74.755  -18.230 0.6000000238
116457  27.932  -77.027  -13.553 0.3000000119
1763  28.299  -75.456  -6.669 0.3000000119
1764  27.406  -75.641  -7.042 0.3000000119
1774  32.028  -75.516  -8.203 0.3000000119
2622  21.560  -74.116  -23.224 0.5000000000
2633  23.462  -73.603  -25.274 0.6000000238
9107  14.376  -60.771  -21.075 0.6999999881
9074  15.364  -60.088  -18.551 0.6999999881
9744  14.646  -59.591  -20.657 0.6999999881
10333  15.460  -58.989  -18.690 0.6000000238
14168  19.613  -52.679  -23.371 0.3000000119
14820  19.609  -51.930  -23.423 0.3000000119
1331  22.107  -77.133  -21.150 0.5000000000
1316  21.848  -77.691  -19.584 0.5000000000
1581  28.237  -76.342  -22.516 0.6000000238
2973  21.620  -72.773  -21.443 0.4000000060
3371  22.671  -71.728  -21.467 0.5000000000
3829  25.203  -71.506  -27.548 0.5000000000
3822  26.586  -71.065  -26.001 0.5000000000
3823  25.919  -71.865  -26.867 0.5000000000
3406  25.157  -72.071  -26.967 0.5000000000
3830  26.433  -71.279  -28.194 0.5000000000
4271  26.937  -69.964  -25.012 0.5000000000
4282  24.918  -70.694  -27.628 0.4000000060
4275  27.468  -70.505  -26.585 0.5000000000
4280  27.169  -70.816  -27.981 0.5000000000
4285  26.662  -70.464  -28.379 0.5000000000
4696  24.553  -69.677  -27.136 0.5000000000
4279  27.849  -70.116  -27.486 0.6000000238
4695  25.754  -68.825  -27.661 0.5000000000
5613  23.286  -66.569  -23.618 0.5000000000
4698  27.973  -68.930  -28.743 0.6000000238
4682  23.838  -68.215  -25.485 0.5000000000
5124  23.960  -67.338  -24.802 0.5000000000
4699  27.316  -69.388  -28.638 0.6000000238
4689  24.455  -68.611  -26.389 0.5000000000
4692  28.518  -68.363  -27.975 0.6000000238
5138  27.769  -68.319  -28.907 0.6000000238
4694  26.674  -68.576  -28.233 0.6000000238
5627  24.683  -66.544  -25.881 0.6000000238
5134  26.760  -67.527  -28.292 0.6000000238
6096  24.290  -65.960  -25.207 0.5000000000
6085  23.509  -65.888  -23.816 0.5000000000
5135  25.745  -67.615  -27.421 0.6000000238
5131  25.064  -67.206  -26.459 0.6000000238
7068  14.534  -63.271  -16.955 0.5000000000
7742  15.796  -62.183  -16.957 0.5000000000
8393  14.171  -61.805  -17.862 0.5000000000
6569  23.141  -65.135  -24.108 0.6000000238
5634  25.884  -65.778  -28.042 0.6000000238
6102  23.893  -65.139  -25.699 0.6000000238
5631  25.315  -66.381  -26.943 0.6000000238
6101  24.582  -65.653  -26.250 0.6000000238
6105  25.056  -65.088  -27.454 0.6000000238
14128  17.315  -52.184  -19.687 0.3000000119
114877  13.602  -53.083  -8.662 0.3000000119
1857  26.379  -75.705  -18.436 0.4000000060
1576  26.851  -76.385  -20.474 0.5000000000
400  21.754  -80.970  -22.129 0.5000000000
602  21.703  -80.083  -23.233 0.5000000000
1883  27.600  -75.901  -20.491 0.4000000060
1088  21.570  -79.080  -24.039 0.4000000060
1906  29.112  -76.140  -23.054 0.4000000060
1067  21.571  -78.505  -19.979 0.4000000060
115117  21.676  -77.930  -22.605 0.4000000060
1332  21.721  -77.841  -21.650 0.4000000060
1077  21.370  -78.680  -22.317 0.4000000060
1080  21.185  -79.140  -23.196 0.4000000060
109668  30.509  -74.462  -23.353 0.4000000060
1914  29.821  -75.067  -23.511 0.4000000060
2265  28.792  -74.330  -24.581 0.4000000060
1311  21.875  -77.723  -18.593 0.4000000060
2264  30.605  -75.353  -23.164 0.4000000060
1915  28.991  -75.526  -24.162 0.4000000060
2631  28.472  -73.447  -24.589 0.4000000060
2618  28.443  -72.590  -23.735 0.5000000000
5637  27.179  -65.612  -28.624 0.5000000000
6109  27.599  -65.364  -28.537 0.5000000000
6108  25.871  -64.648  -28.466 0.5000000000
6110  27.146  -64.670  -28.921 0.5000000000
7173  26.755  -62.797  -28.311 0.5000000000
6583  25.302  -64.111  -28.110 0.5000000000
7174  26.048  -62.818  -28.422 0.5000000000
8391  16.327  -61.419  -17.342 0.4000000060
9055  17.823  -60.402  -17.245 0.4000000060
6588  26.010  -63.608  -28.645 0.5000000000
6575  24.297  -64.637  -26.728 0.5000000000
1905  29.879  -75.909  -23.197 0.4000000060
419  17.716  -79.400  -0.858 0.4000000060
420  17.173  -80.029  -0.971 0.4000000060
247  13.874  -81.412  -2.434 0.4000000060
693  18.257  -79.360  -1.369 0.4000000060
432  17.759  -80.093  -1.611 0.4000000060
258  14.090  -80.947  -2.933 0.4000000060
433  17.008  -80.917  -1.338 0.4000000060
705  14.645  -79.005  -2.694 0.4000000060
257  15.104  -81.036  -3.114 0.4000000060
246  14.861  -81.431  -2.580 0.4000000060
231  19.485  -80.622  -2.912 0.5000000000
233  18.248  -80.582  -2.271 0.5000000000
116190  18.511  -80.788  -2.601 0.4000000060
113873  17.454  -81.189  -2.243 0.4000000060
252  19.952  -80.699  -3.420 0.5000000000
460  19.637  -80.567  -4.514 0.5000000000
253  19.214  -80.896  -3.404 0.5000000000
243  17.495  -81.376  -3.121 0.4000000060
461  18.663  -80.468  -4.618 0.4000000060
111864  18.314  -81.144  -3.475 0.4000000060
718  16.712  -79.152  -3.730 0.4000000060
449  16.275  -80.081  -3.767 0.4000000060
256  16.090  -81.237  -3.383 0.4000000060
245  15.812  -81.457  -2.727 0.4000000060
704  15.614  -79.125  -3.122 0.4000000060
450  15.546  -80.377  -3.326 0.4000000060
462  18.290  -79.845  -4.841 0.5000000000
113112  17.938  -80.408  -4.555 0.4000000060
254  17.421  -81.184  -3.879 0.4000000060
244  16.717  -81.499  -2.867 0.4000000060
941  17.455  -78.350  -3.933 0.5000000000
717  17.635  -79.313  -4.385 0.4000000060
463  16.862  -80.264  -4.153 0.4000000060
266  16.587  -80.846  -3.936 0.4000000060
1445  16.782  -76.175  -3.437 0.3000000119
1454  16.341  -75.539  -4.036 0.3000000119
1735  17.044  -75.236  -4.031 0.4000000060
1189  17.511  -76.537  -3.675 0.3000000119
1734  17.642  -75.090  -4.414 0.4000000060
1452  17.714  -75.638  -3.944 0.4000000060
1484  17.761  -76.322  -7.252 0.3000000119
1473  17.091  -75.896  -6.360 0.4000000060
1756  16.871  -75.336  -5.524 0.4000000060
1747  17.207  -74.873  -4.959 0.4000000060
1768  17.750  -75.276  -6.841 0.4000000060
1755  17.295  -74.922  -5.940 0.4000000060
2064  17.636  -74.466  -5.487 0.4000000060
111392  18.180  -73.910  -5.409 0.3000000119
929  17.307  -77.383  -3.644 0.3000000119
1464  18.440  -75.455  -4.569 0.3000000119
113829  19.178  -76.365  -5.012 0.4000000060
1483  18.410  -75.792  -7.533 0.4000000060
1746  17.813  -74.566  -4.869 0.3000000119
1767  18.385  -74.800  -7.168 0.4000000060
113934  19.025  -74.549  -7.370 0.4000000060
2070  17.861  -74.219  -6.259 0.4000000060
940  18.023  -77.676  -4.160 0.4000000060
113486  18.496  -76.735  -4.454 0.4000000060
1217  18.610  -76.976  -7.685 0.4000000060
1745  18.628  -74.538  -4.834 0.3000000119
1232  20.854  -77.467  -8.354 0.4000000060
1216  19.420  -77.160  -7.902 0.4000000060
109644  21.622  -77.493  -8.745 0.4000000060
1499  20.824  -76.467  -7.959 0.4000000060
726  18.228  -78.829  -4.640 0.4000000060
955  18.854  -78.141  -4.926 0.4000000060
1197  19.472  -77.419  -5.431 0.4000000060
1463  19.416  -75.591  -5.115 0.3000000119
985  21.361  -78.170  -9.124 0.4000000060
1000  21.918  -78.898  -9.848 0.4000000060
1245  22.299  -77.865  -9.358 0.4000000060
107204  21.529  -76.914  -8.287 0.4000000060
1481  19.966  -75.880  -7.801 0.4000000060
472  20.165  -80.128  -5.072 0.4000000060
953  20.147  -78.083  -6.129 0.3000000119
471  21.054  -80.283  -4.923 0.4000000060
473  19.239  -80.010  -5.091 0.4000000060
725  19.839  -79.471  -5.500 0.4000000060
106950  18.993  -79.253  -5.258 0.4000000060
954  19.580  -78.606  -5.661 0.4000000060
2619  27.714  -72.649  -23.659 0.4000000060
1482  19.241  -76.320  -7.803 0.4000000060
0  25.844  -83.214  -6.887 0.4000000060
1  25.856  -83.298  -7.358 0.4000000060
7  26.204  -82.773  -6.824 0.4000000060
9  26.678  -82.456  -7.113 0.4000000060
10  26.135  -83.194  -7.236 0.4000000060
12  27.143  -82.996  -7.979 0.3000000119
14  27.288  -82.768  -8.465 0.4000000060
16  26.097  -83.227  -9.049 0.3000000119
20  27.860  -82.243  -9.680 0.3000000119
21  27.426  -82.343  -9.357 0.3000000119
22  26.837  -83.228  -9.344 0.3000000119
27  27.978  -82.143  -10.222 0.4000000060
86  27.059  -82.118  -5.439 0.3000000119
87  26.417  -82.169  -5.551 0.4000000060
88  27.722  -81.414  -6.341 0.3000000119
89  27.263  -82.145  -6.010 0.3000000119
90  26.885  -82.327  -6.075 0.4000000060
91  26.180  -82.192  -6.306 0.4000000060
92  25.734  -82.757  -6.684 0.4000000060
93  25.494  -83.106  -6.680 0.4000000060
96  27.076  -82.222  -6.805 0.4000000060
97  25.697  -81.693  -7.430 0.4000000060
98  25.495  -82.623  -6.748 0.4000000060
99  25.156  -83.145  -6.735 0.4000000060
106  28.585  -82.168  -7.651 0.3000000119
107  27.136  -82.423  -7.515 0.3000000119
116  28.093  -82.285  -8.200 0.4000000060
126  28.429  -82.213  -9.296 0.3000000119
136  28.579  -81.963  -10.151 0.4000000060
145  28.059  -80.526  -10.521 0.4000000060
182  26.253  -81.311  -18.184 0.4000000060
198  26.067  -81.041  -18.796 0.4000000060
200  24.934  -81.242  -18.836 0.4000000060
203  25.454  -80.802  -18.824 0.4000000060
204  24.901  -81.062  -18.961 0.4000000060
232  18.882  -80.406  -2.555 0.5000000000
242  18.801  -80.959  -2.890 0.4000000060
255  16.865  -81.340  -3.480 0.4000000060
262  19.628  -80.807  -3.874 0.5000000000
263  18.930  -80.873  -4.062 0.5000000000
264  18.066  -80.878  -4.265 0.4000000060
265  17.349  -80.641  -4.286 0.4000000060
267  28.604  -81.258  -6.095 0.3000000119
269  26.509  -81.978  -4.955 0.3000000119
271  25.974  -82.219  -6.505 0.4000000060
275  29.262  -81.020  -6.310 0.3000000119
276  28.733  -81.355  -7.044 0.3000000119
278  26.316  -81.740  -5.806 0.4000000060
279  25.984  -81.774  -6.599 0.4000000060
288  24.603  -81.127  -7.513 0.4000000060
296  24.673  -81.283  -7.602 0.4000000060
308  29.980  -80.805  -9.538 0.3000000119
322  28.774  -80.773  -9.610 0.3000000119
327  29.455  -79.563  -10.364 0.3000000119
328  28.104  -80.482  -9.985 0.3000000119
364  26.623  -80.618  -17.186 0.3000000119
373  26.521  -80.772  -17.879 0.4000000060
383  26.380  -80.921  -18.573 0.4000000060
387  26.030  -80.815  -18.668 0.4000000060
392  23.590  -81.463  -20.356 0.5000000000
401  21.247  -80.632  -21.970 0.6000000238
402  20.954  -80.133  -23.078 0.6000000238
439  21.152  -80.295  -2.822 0.4000000060
440  20.271  -80.383  -2.881 0.5000000000
458  21.882  -80.363  -4.668 0.4000000060
470  26.931  -81.482  -5.187 0.3000000119
494  27.143  -80.719  -7.310 0.4000000060
495  25.973  -80.756  -7.518 0.4000000060
503  23.726  -80.871  -7.582 0.4000000060
511  30.232  -79.971  -9.250 0.3000000119
524  29.754  -79.314  -11.101 0.4000000060
525  29.118  -79.680  -11.312 0.4000000060
555  28.085  -80.229  -16.454 0.3000000119
564  26.448  -80.772  -16.305 0.3000000119
577  26.629  -80.306  -17.958 0.3000000119
583  26.389  -80.843  -18.625 0.4000000060
586  24.158  -79.777  -18.985 0.5000000000
590  24.903  -80.653  -18.966 0.4000000060
591  23.992  -80.943  -19.593 0.5000000000
596  22.562  -80.278  -22.186 0.6999999881
599  21.998  -80.722  -22.758 0.5000000000
600  21.280  -80.565  -22.880 0.6000000238
603  21.230  -80.036  -23.329 0.5000000000
604  21.577  -79.542  -23.726 0.5000000000
701  25.848  -78.706  -3.285 0.3000000119
703  24.053  -79.854  -3.200 0.3000000119
711  30.541  -78.605  -7.126 0.3000000119
712  30.431  -78.510  -6.995 0.3000000119
715  22.472  -79.824  -5.020 0.4000000060
721  30.397  -78.716  -6.942 0.3000000119
722  23.011  -79.119  -5.223 0.3000000119
764  26.066  -79.590  -9.182 0.4000000060
765  25.335  -79.661  -9.627 0.5000000000
767  24.066  -79.796  -10.133 0.5000000000
774  24.973  -79.192  -10.130 0.5000000000
775  24.356  -79.150  -10.217 0.5000000000
809  28.486  -79.478  -15.469 0.5000000000
821  28.125  -79.360  -16.634 0.3000000119
828  26.845  -80.074  -17.881 0.3000000119
834  26.454  -79.896  -18.157 0.4000000060
835  25.574  -79.605  -18.248 0.4000000060
836  24.789  -79.277  -18.337 0.5000000000
839  24.222  -79.262  -18.868 0.5000000000
844  20.845  -79.996  -20.843 0.5000000000
854  21.211  -79.485  -23.473 0.6000000238
855  22.338  -78.876  -24.479 0.6000000238
856  21.904  -79.126  -24.239 0.4000000060
927  25.842  -78.070  -3.587 0.3000000119
939  23.905  -79.024  -4.898 0.3000000119
947  30.751  -78.560  -7.443 0.3000000119
948  30.535  -78.408  -7.093 0.3000000119
951  22.071  -78.524  -5.924 0.4000000060
961  31.154  -78.368  -7.742 0.3000000119
963  30.385  -78.185  -6.957 0.3000000119
965  29.369  -78.902  -6.906 0.3000000119
966  22.363  -77.846  -6.206 0.4000000060
968  20.812  -77.632  -6.374 0.4000000060
973  31.448  -78.376  -8.119 0.3000000119
974  28.686  -78.693  -7.417 0.3000000119
996  25.370  -78.820  -9.835 0.5000000000
999  22.953  -78.806  -10.055 0.5000000000
1042  21.114  -78.563  -15.257 0.5000000000
1047  27.562  -78.890  -16.623 0.4000000060
1054  27.042  -79.033  -17.037 0.4000000060
1060  27.108  -79.777  -17.604 0.4000000060
1066  23.867  -78.929  -19.547 0.4000000060
1076  23.482  -78.902  -21.670 0.6999999881
1082  23.768  -78.093  -24.565 0.6999999881
1085  21.515  -78.803  -23.929 0.4000000060
1086  23.744  -77.357  -25.080 0.8000000119
1196  19.860  -76.546  -5.688 0.4000000060
1203  31.184  -77.541  -6.952 0.3000000119
1213  31.827  -77.771  -8.110 0.3000000119
1231  22.139  -77.080  -8.643 0.4000000060
1273  20.488  -77.473  -13.102 0.6000000238
1290  27.935  -78.298  -15.462 0.5000000000
1291  26.755  -77.685  -15.434 0.4000000060
1296  26.588  -78.121  -16.126 0.4000000060
1298  21.729  -77.818  -16.482 0.6999999881
1309  24.525  -77.811  -18.586 0.4000000060
1322  22.134  -76.977  -20.191 0.5000000000
1323  21.776  -77.729  -20.599 0.5000000000
1339  24.808  -77.952  -22.304 0.6999999881
1351  23.962  -76.551  -25.525 0.8000000119
1352  25.180  -76.758  -25.901 0.8000000119
1453  17.146  -75.761  -3.621 0.3000000119
1459  23.821  -77.229  -5.525 0.3000000119
1479  32.424  -76.495  -6.983 0.3000000119
1495  24.263  -76.523  -9.022 0.4000000060
1497  22.425  -76.343  -8.662 0.5000000000
1500  20.051  -76.862  -7.935 0.4000000060
1522  20.962  -76.061  -13.110 0.6999999881
1528  28.562  -77.358  -13.207 0.4000000060
1533  19.636  -76.479  -13.060 0.6000000238
1545  26.152  -76.318  -15.048 0.5000000000
1546  25.775  -76.631  -15.695 0.4000000060
1551  22.119  -76.192  -16.027 0.6999999881
1555  25.140  -76.912  -16.885 0.4000000060
1556  24.824  -77.214  -18.147 0.4000000060
1562  25.928  -76.186  -18.724 0.5000000000
1569  26.407  -76.000  -19.206 0.6000000238
1570  25.741  -76.560  -19.389 0.6000000238
1575  27.319  -76.404  -21.104 0.4000000060
1598  23.971  -76.373  -25.260 0.8000000119
1599  23.351  -76.774  -24.659 0.6999999881
1602  27.466  -75.837  -25.242 0.6999999881
1605  23.681  -76.711  -25.375 0.8000000119
1608  25.197  -76.203  -26.151 0.8000000119
1609  24.434  -76.420  -26.031 0.8000000119
1727  16.709  -75.692  -3.650 0.3000000119
1748  16.621  -75.381  -4.737 0.4000000060
1773  32.477  -76.149  -7.508 0.3000000119
1780  22.295  -75.401  -8.598 0.5000000000
1783  31.756  -76.104  -8.888 0.3000000119
1805  20.085  -75.460  -12.993 0.6000000238
1812  26.798  -75.397  -13.834 0.3000000119
1814  19.826  -75.793  -13.090 0.6000000238
1825  19.210  -75.599  -13.884 0.5000000000
1831  25.955  -75.915  -15.716 0.4000000060
1840  18.779  -76.361  -17.096 0.6000000238
1871  26.986  -75.936  -19.779 0.5000000000
1872  23.186  -75.214  -19.502 0.6999999881
1873  22.811  -75.717  -19.675 0.6000000238
1874  18.646  -75.964  -19.786 0.6000000238
1921  28.065  -74.807  -25.459 0.4000000060
1922  27.516  -75.247  -25.701 0.6000000238
1924  25.793  -75.690  -25.858 0.6999999881
1926  27.167  -75.097  -26.047 0.6000000238
1927  26.653  -75.182  -25.852 0.6999999881
2054  19.491  -73.201  -4.845 0.4000000060
2079  19.416  -73.948  -7.246 0.5000000000
2088  22.306  -74.438  -8.572 0.4000000060
2125  20.744  -74.182  -13.056 0.6999999881
2127  18.930  -73.633  -13.345 0.6000000238
2148  26.738  -74.897  -14.537 0.3000000119
2177  26.748  -74.777  -16.279 0.3000000119
2178  22.800  -74.289  -16.737 0.6999999881
2179  22.399  -74.750  -16.202 0.8000000119
2213  22.782  -74.928  -18.104 0.8000000119
2224  23.574  -74.697  -19.357 0.8000000119
2225  19.196  -74.035  -19.676 0.5000000000
2274  27.433  -74.500  -25.831 0.6000000238
2275  27.060  -74.864  -26.033 0.6999999881
2421  20.835  -72.831  -4.681 0.3000000119
2433  18.871  -73.254  -5.378 0.4000000060
2440  19.735  -72.757  -6.460 0.4000000060
2441  19.098  -72.877  -5.855 0.4000000060
2506  20.860  -73.268  -12.884 0.6999999881
2508  19.496  -73.526  -12.930 0.6000000238
2518  22.387  -73.350  -13.742 0.8999999762
2530  27.641  -73.553  -15.003 0.3000000119
2531  22.718  -73.426  -14.388 0.8999999762
2556  23.239  -73.694  -16.360 0.8000000119
2571  19.034  -73.365  -17.900 0.5000000000
2572  18.806  -73.743  -17.296 0.5000000000
2583  18.876  -74.000  -18.353 0.6000000238
2601  20.166  -73.425  -20.726 0.5000000000
2632  27.842  -73.075  -24.751 0.6000000238
2634  22.844  -74.095  -24.801 0.6000000238
2640  22.672  -73.815  -25.908 0.5000000000
2826  20.385  -72.393  -6.183 0.3000000119
2843  20.548  -72.756  -6.917 0.3000000119
2887  21.881  -71.983  -12.684 0.8999999762
2890  19.742  -72.677  -12.627 0.6999999881
2902  18.862  -72.884  -13.413 0.6000000238
2910  24.197  -71.979  -14.720 0.6000000238
2913  19.192  -72.233  -13.666 0.6000000238
2921  23.872  -72.589  -15.036 0.6999999881
2936  20.082  -72.220  -17.900 0.6000000238
2964  20.602  -72.756  -20.306 0.6000000238
2972  22.333  -72.458  -21.755 0.6000000238
2985  23.386  -72.471  -22.919 0.6999999881
3006  23.953  -73.279  -25.522 0.6000000238
3267  23.148  -70.917  -13.042 0.6999999881
3271  19.811  -72.001  -12.490 0.6999999881
3297  24.521  -71.275  -14.418 0.6000000238
3298  24.027  -71.677  -13.893 0.6999999881
3300  19.665  -71.624  -14.024 0.6000000238
3309  20.330  -71.143  -14.536 0.5000000000
3319  20.551  -71.327  -15.603 0.6000000238
3326  21.627  -70.941  -17.876 0.6000000238
3337  21.502  -71.321  -18.563 0.5000000000
3348  22.344  -71.115  -19.892 0.6000000238
3392  24.482  -71.825  -23.874 0.6999999881
3400  24.837  -72.445  -25.913 0.6000000238
3407  24.394  -72.416  -26.500 0.6000000238
3411  24.611  -71.823  -26.971 0.5000000000
3679  23.541  -70.308  -13.187 0.6000000238
3682  20.897  -70.871  -12.620 0.8000000119
3687  24.190  -70.329  -13.511 0.6000000238
3689  21.181  -70.257  -13.248 0.8000000119
3733  26.962  -70.987  -18.232 0.6000000238
3762  23.522  -70.098  -20.156 0.6999999881
3782  23.085  -71.034  -21.173 0.6999999881
3814  25.864  -71.355  -25.535 0.6000000238
3827  26.629  -71.398  -27.415 0.5000000000
3828  25.872  -71.657  -27.715 0.5000000000
3831  25.778  -71.134  -28.162 0.5000000000
4126  23.183  -69.686  -13.099 0.6000000238
4127  22.500  -69.784  -12.998 0.6000000238
4132  23.431  -68.987  -13.291 0.5000000000
4133  22.099  -69.287  -13.209 0.6999999881
4134  21.615  -69.343  -13.627 0.6999999881
4144  24.751  -69.583  -14.669 0.5000000000
4168  22.036  -69.638  -16.216 0.6000000238
4181  22.537  -69.653  -17.365 0.6000000238
4272  26.186  -70.554  -24.896 0.5000000000
4281  25.584  -70.060  -28.001 0.5000000000
4284  27.474  -69.857  -28.308 0.6000000238
4606  21.756  -68.248  -15.744 0.5000000000
4623  22.605  -68.801  -17.308 0.5000000000
4647  23.183  -68.121  -18.948 0.5000000000
4675  24.688  -68.958  -21.850 0.6000000238
4693  28.259  -69.292  -27.684 0.6000000238
4700  26.523  -69.639  -28.361 0.6000000238
5096  23.795  -66.920  -20.145 0.6000000238
5103  26.617  -67.323  -21.897 0.6999999881
5110  26.008  -68.074  -22.423 0.6000000238
5122  28.300  -67.783  -24.746 0.6999999881
5132  24.514  -67.514  -25.761 0.5000000000
5133  28.459  -67.500  -28.067 0.6000000238
5136  25.077  -68.089  -26.745 0.6000000238
5137  28.079  -67.223  -28.492 0.6999999881
5574  24.045  -66.293  -19.873 0.6000000238
5576  23.004  -66.768  -19.057 0.6000000238
5591  25.585  -66.553  -20.472 0.6999999881
5595  15.618  -65.955  -21.453 0.5000000000
5602  25.031  -66.984  -20.919 0.6999999881
5610  16.985  -66.994  -23.052 0.5000000000
5611  16.140  -66.496  -22.856 0.5000000000
5614  22.558  -66.690  -23.313 0.6000000238
5617  19.511  -66.434  -24.158 0.5000000000
5622  24.340  -66.711  -25.105 0.5000000000
5623  23.885  -66.438  -24.356 0.5000000000
5628  28.457  -66.782  -27.435 0.6000000238
5630  25.997  -66.769  -27.884 0.6000000238
5633  26.814  -66.419  -28.453 0.5000000000
5635  28.024  -66.168  -28.256 0.6000000238
6022  22.446  -65.426  -17.615 0.6000000238
6035  23.403  -65.526  -18.647 0.6000000238
6036  22.718  -65.780  -18.268 0.6000000238
6062  15.599  -65.769  -20.359 0.5000000000
6064  14.674  -64.951  -21.583 0.6000000238
6068  15.177  -65.439  -22.186 0.5000000000
6073  22.223  -65.260  -22.731 0.6000000238
6075  20.604  -65.437  -22.544 0.6000000238
6076  18.757  -65.224  -23.096 0.6000000238
6078  16.729  -65.675  -23.275 0.5000000000
6079  15.988  -65.843  -23.141 0.5000000000
6089  18.258  -65.835  -23.661 0.5000000000
6090  17.368  -65.982  -23.520 0.5000000000
6097  23.698  -65.534  -24.665 0.6000000238
6103  28.235  -65.946  -27.879 0.6000000238
6106  27.928  -65.069  -28.262 0.5000000000
6107  26.624  -65.184  -28.697 0.5000000000
6485  21.690  -65.000  -15.855 0.5000000000
6516  23.942  -64.992  -18.247 0.5000000000
6518  14.254  -64.221  -18.032 0.6000000238
6528  14.326  -64.592  -19.860 0.5000000000
6541  19.866  -64.286  -21.415 0.6999999881
6544  16.663  -64.349  -22.221 0.6000000238
6551  21.705  -64.710  -22.401 0.6999999881
6552  19.355  -64.867  -21.998 0.6000000238
6555  16.054  -65.150  -22.979 0.6000000238
6556  15.456  -65.275  -22.716 0.5000000000
6576  23.542  -64.058  -26.267 0.6999999881
6577  22.955  -63.972  -25.568 0.6999999881
6584  24.742  -64.111  -27.565 0.5000000000
6587  26.670  -64.149  -28.996 0.5000000000
6590  27.497  -64.336  -28.694 0.5000000000
6591  27.156  -63.904  -29.036 0.5000000000
6592  26.775  -63.356  -28.890 0.5000000000
7066  22.618  -63.823  -15.886 0.5000000000
7076  24.969  -64.020  -17.167 0.5000000000
7077  23.917  -63.998  -17.048 0.5000000000
7078  14.039  -63.403  -17.616 0.6000000238
7106  20.279  -63.602  -21.229 0.6999999881
7111  14.986  -63.775  -21.685 0.6000000238
7112  14.569  -63.857  -20.992 0.6000000238
7120  20.739  -63.366  -22.066 0.6999999881
7129  21.634  -63.888  -23.060 0.8000000119
7152  22.610  -63.490  -25.454 0.8000000119
7162  27.527  -63.283  -28.014 0.5000000000
7164  24.625  -62.428  -27.701 0.6000000238
7172  27.301  -63.565  -28.677 0.5000000000
7743  14.717  -62.382  -17.248 0.5000000000
7744  13.989  -62.639  -17.723 0.6000000238
7753  13.719  -62.150  -18.548 0.6000000238
7776  19.093  -62.515  -19.695 0.6999999881
7777  18.278  -62.620  -20.176 0.6999999881
7779  16.490  -61.844  -21.107 0.6000000238
7792  19.450  -62.921  -20.122 0.6999999881
7794  17.282  -63.008  -20.974 0.6000000238
7796  14.538  -63.065  -20.963 0.6000000238
7814  21.231  -62.320  -24.212 0.8000000119
7826  21.675  -62.523  -24.822 0.6000000238
7838  23.030  -61.695  -26.007 0.6000000238
7847  24.271  -61.899  -27.309 0.6000000238
7853  25.847  -62.245  -27.959 0.5000000000
7854  25.366  -62.320  -28.044 0.5000000000
8408  13.852  -61.468  -18.595 0.6999999881
8433  20.155  -61.467  -19.941 0.8000000119
8434  19.417  -61.633  -19.423 0.8000000119
8435  17.979  -61.764  -20.206 0.6999999881
8439  13.882  -61.483  -20.841 0.6999999881
8450  15.619  -61.933  -21.244 0.6000000238
8488  25.128  -61.248  -26.849 0.5000000000
9057  15.423  -60.774  -17.976 0.6999999881
9076  13.853  -60.965  -19.106 0.6999999881
9089  19.307  -60.637  -19.409 0.8000000119
9091  17.422  -59.946  -20.463 0.6000000238
9092  14.463  -60.171  -20.683 0.6999999881
9093  13.860  -60.804  -20.189 0.6000000238
9104  17.556  -60.864  -20.540 0.6000000238
9142  22.742  -60.508  -25.447 0.5000000000
9143  22.127  -60.505  -24.900 0.6999999881
9149  23.541  -60.244  -25.747 0.5000000000
9721  18.127  -59.609  -17.152 0.5000000000
9743  18.358  -59.428  -19.745 0.8000000119
9751  20.097  -59.907  -20.696 0.8000000119
9762  20.118  -59.495  -21.746 0.6999999881
9763  19.908  -59.072  -20.638 0.8000000119
9774  20.406  -58.997  -22.939 0.6999999881
9784  22.557  -58.592  -24.522 0.6000000238
9786  20.976  -59.296  -23.697 0.6000000238
9791  23.665  -59.145  -24.956 0.5000000000
9792  22.904  -58.995  -25.009 0.6000000238
10322  17.611  -59.019  -17.306 0.5000000000
10334  14.730  -58.590  -19.368 0.6999999881
10342  18.016  -58.591  -19.817 0.8000000119
10343  14.359  -58.726  -20.675 0.6999999881
10344  14.006  -58.019  -20.647 0.6999999881
10348  16.560  -58.719  -20.744 0.8000000119
10380  22.987  -57.706  -23.824 0.6000000238
10915  17.986  -57.404  -16.373 0.5000000000
10927  14.644  -57.345  -18.246 0.6000000238
10935  14.564  -57.920  -18.968 0.6000000238
10945  18.208  -57.686  -19.593 0.8000000119
10959  15.881  -57.982  -21.029 0.6999999881
10960  14.845  -57.729  -21.097 0.6999999881
10961  13.973  -57.450  -20.665 0.6999999881
10986  19.925  -57.812  -22.070 0.6999999881
11549  13.388  -55.646  -18.156 0.6000000238
11567  16.484  -55.971  -19.840 0.6000000238
11570  13.243  -56.262  -19.707 0.6999999881
11582  13.746  -56.664  -20.359 0.6999999881
11583  13.439  -56.715  -20.127 0.6999999881
11595  22.622  -56.473  -22.169 0.4000000060
11603  22.675  -56.629  -23.085 0.5000000000
11609  22.464  -56.234  -23.751 0.4000000060
11612  20.229  -55.863  -23.723 0.5000000000
11617  22.315  -55.919  -24.360 0.4000000060
11619  21.445  -55.953  -24.462 0.6000000238
12149  16.807  -56.081  -15.937 0.5000000000
12169  13.403  -55.513  -18.642 0.6000000238
12178  18.066  -55.335  -19.238 0.6000000238
12179  17.124  -55.284  -19.322 0.6000000238
12181  14.767  -55.442  -19.714 0.5000000000
12183  13.307  -55.899  -19.414 0.6000000238
12195  19.275  -55.634  -20.116 0.6000000238
12196  13.380  -56.184  -20.033 0.6999999881
12226  22.470  -55.570  -24.064 0.4000000060
12228  20.047  -55.131  -23.832 0.5000000000
12234  22.277  -55.358  -24.778 0.4000000060
12765  14.828  -54.547  -14.947 0.5000000000
12777  14.778  -54.957  -15.482 0.6000000238
12797  13.972  -55.003  -16.130 0.6999999881
12820  13.485  -54.737  -18.374 0.6000000238
12830  16.701  -54.630  -19.138 0.5000000000
12832  14.443  -54.947  -19.083 0.5000000000
12843  19.057  -54.425  -20.184 0.3000000119
12854  19.322  -54.805  -22.226 0.4000000060
12862  22.254  -54.371  -23.263 0.4000000060
12880  22.074  -54.536  -25.298 0.4000000060
12881  21.294  -54.137  -25.333 0.4000000060
13409  15.571  -53.852  -11.507 0.5000000000
13416  15.386  -53.786  -12.404 0.6000000238
13438  16.096  -54.021  -12.932 0.6000000238
13439  15.174  -53.857  -13.257 0.6000000238
13440  14.272  -53.704  -13.471 0.5000000000
13441  13.408  -53.309  -13.611 0.5000000000
13478  12.730  -52.874  -17.302 0.5000000000
13486  14.161  -53.270  -18.374 0.5000000000
13492  18.172  -52.811  -19.584 0.4000000060
13495  15.747  -53.571  -18.910 0.4000000060
13520  18.936  -53.324  -21.031 0.3000000119
13534  20.534  -53.956  -24.732 0.4000000060
14022  13.784  -53.028  -9.404 0.5000000000
14023  13.286  -52.410  -9.052 0.4000000060
14077  11.987  -51.436  -15.507 0.4000000060
14086  12.250  -52.394  -15.875 0.5000000000
14087  12.047  -51.590  -16.191 0.4000000060
14097  12.239  -51.349  -16.590 0.4000000060
14107  12.575  -51.720  -17.128 0.5000000000
14116  14.589  -51.886  -18.383 0.6000000238
14117  13.996  -52.235  -18.016 0.4000000060
14129  16.591  -52.440  -19.333 0.4000000060
14161  19.119  -52.351  -22.507 0.3000000119
14674  12.908  -51.057  -10.000 0.4000000060
14688  12.604  -51.141  -12.715 0.4000000060
14722  12.186  -50.526  -15.252 0.3000000119
14736  15.306  -51.085  -15.224 0.3000000119
14765  13.157  -51.307  -17.131 0.4000000060
14773  13.694  -51.563  -17.563 0.4000000060
14819  20.488  -50.997  -24.527 0.3000000119
15434  12.880  -50.364  -14.078 0.3000000119
15448  13.493  -50.227  -15.206 0.3000000119
15449  12.930  -50.120  -15.572 0.3000000119
15458  13.717  -50.803  -16.621 0.3000000119
15460  12.583  -50.343  -16.026 0.3000000119
15473  13.248  -50.851  -16.704 0.4000000060
15526  20.697  -50.115  -24.649 0.3000000119
98318  27.443  -80.463  -11.015 0.4000000060
98950  25.645  -82.036  -8.109 0.4000000060
99044  26.097  -80.756  -10.809 0.3000000119
99130  25.944  -81.740  -9.005 0.3000000119
99165  25.605  -80.381  -12.526 0.4000000060
99197  25.356  -82.424  -7.576 0.4000000060
99407  28.403  -80.141  -11.301 0.4000000060
99505  25.436  -83.249  -6.992 0.4000000060
99940  19.111  -75.351  -7.623 0.4000000060
100265  19.519  -59.012  -19.767 0.8000000119
100425  15.864  -55.813  -16.055 0.5000000000
100501  22.626  -77.132  -6.316 0.3000000119
100578  14.577  -53.584  -9.693 0.5000000000
101392  28.237  -80.519  -9.874 0.3000000119
101463  19.304  -58.221  -19.706 0.8000000119
101761  12.730  -50.093  -14.960 0.3000000119
101814  27.114  -83.095  -9.052 0.3000000119
101969  19.735  -57.034  -22.000 0.6000000238
102119  26.508  -77.043  -14.945 0.4000000060
102120  20.220  -62.020  -20.494 0.8000000119
102199  26.369  -83.157  -8.367 0.4000000060
102296  28.475  -68.467  -25.728 0.6999999881
103029  17.432  -80.036  -4.461 0.4000000060
103528  28.120  -80.183  -15.666 0.4000000060
103574  18.744  -74.310  -17.099 0.5000000000
104566  14.265  -55.507  -16.588 0.6999999881
104641  23.754  -67.704  -20.169 0.5000000000
104767  29.366  -76.739  -6.660 0.3000000119
104881  19.363  -53.160  -22.912 0.3000000119
105301  21.186  -80.671  -4.165 0.4000000060
105506  20.338  -61.975  -21.502 0.8000000119
105644  20.467  -80.662  -20.995 0.5000000000
105680  13.872  -53.781  -14.086 0.5000000000
105769  25.714  -81.070  -18.684 0.4000000060
105792  21.126  -64.857  -21.926 0.6000000238
105991  32.220  -76.374  -8.234 0.3000000119
106170  19.764  -51.077  -23.620 0.3000000119
106409  22.015  -64.318  -15.441 0.5000000000
106542  23.913  -75.846  -9.077 0.4000000060
106685  18.673  -74.057  -13.887 0.6000000238
106803  14.589  -59.915  -19.652 0.8000000119
106859  30.744  -78.887  -7.306 0.3000000119
107452  28.478  -81.179  -6.065 0.3000000119
107645  21.544  -77.337  -14.693 0.6999999881
107792  20.895  -80.399  -21.312 0.5000000000
107965  26.754  -82.867  -7.670 0.4000000060
108348  22.229  -70.386  -12.786 0.6999999881
108581  19.992  -74.446  -12.963 0.6999999881
108781  21.698  -58.762  -24.193 0.6000000238
109000  19.558  -56.213  -21.931 0.6999999881
109504  16.389  -54.012  -18.995 0.4000000060
109920  22.787  -74.843  -8.992 0.5000000000
110633  13.037  -53.760  -17.719 0.6000000238
111051  23.500  -67.146  -24.115 0.5000000000
111198  22.446  -56.793  -23.658 0.5000000000
111290  22.426  -73.656  -8.446 0.3000000119
111381  18.142  -81.126  -2.732 0.4000000060
111802  25.012  -76.672  -8.910 0.3000000119
111812  24.006  -73.236  -24.726 0.6000000238
111885  19.102  -54.993  -19.978 0.6000000238
111933  20.485  -80.529  -4.554 0.4000000060
112169  18.901  -56.934  -19.475 0.6999999881
112259  24.393  -80.510  -19.181 0.5000000000
112344  21.797  -71.743  -20.292 0.5000000000
112381  14.497  -64.508  -20.847 0.6000000238
112622  25.395  -81.757  -8.417 0.3000000119
112623  25.421  -83.211  -7.648 0.4000000060
112646  26.814  -82.160  -9.560 0.3000000119
112713  25.501  -83.118  -8.980 0.3000000119
112902  25.554  -83.214  -8.459 0.3000000119
112961  27.468  -80.878  -9.444 0.4000000060
112970  25.108  -83.095  -8.287 0.3000000119
112984  25.760  -83.320  -7.796 0.4000000060
113217  19.015  -75.602  -15.652 0.6999999881
114613  15.278  -62.781  -21.188 0.6000000238
114854  29.191  -78.077  -7.255 0.3000000119
114863  22.105  -77.064  -18.311 0.6999999881
115114  22.136  -66.981  -17.152 0.6000000238
115223  26.425  -81.099  -18.646 0.4000000060
115302  23.477  -76.441  -9.021 0.4000000060
115538  25.206  -77.387  -9.078 0.4000000060
115752  17.256  -56.536  -19.709 0.6999999881
115950  15.778  -51.795  -19.262 0.3000000119
116061  28.840  -76.872  -12.117 0.3000000119
116082  19.040  -57.696  -19.550 0.8000000119
116102  20.661  -62.598  -22.660 0.6999999881
116288  16.667  -56.701  -16.428 0.5000000000
116335  22.091  -64.525  -23.019 0.6000000238
116502  13.163  -54.353  -18.005 0.6000000238
117354  25.083  -68.966  -15.841 0.5000000000
117377  23.990  -71.260  -13.557 0.6000000238
117511  24.563  -71.113  -27.232 0.5000000000
117596  26.795  -81.237  -6.461 0.4000000060
117969  27.561  -67.353  -28.694 0.6000000238
118114  20.843  -55.947  -24.142 0.6000000238
118117  21.933  -76.621  -8.415 0.5000000000
118212  11.527  -51.222  -7.645 0.4000000060
118280  24.913  -77.243  -17.557 0.4000000060
118346  26.409  -76.099  -25.565 0.6999999881
118351  27.907  -67.655  -28.808 0.6000000238
118566  27.495  -67.367  -22.972 0.5000000000
118907  25.063  -69.029  -27.168 0.5000000000
119130  26.619  -77.856  -2.621 0.3000000119
119275  24.454  -65.860  -19.467 0.5000000000
119384  29.600  -80.232  -6.427 0.3000000119
119572  14.620  -50.551  -11.087 0.3000000119
119618  19.413  -55.479  -21.803 0.5000000000
119886  23.641  -79.188  -20.015 0.5000000000
119972  19.546  -72.263  -15.531 0.6000000238
120124  25.737  -77.297  -24.779 0.8000000119
