#!ascii label  , from subject sub-v1s21x0050406_ses-1 vox2ras=TkReg
760
45274  -20.293  -34.162  62.988 0.0000000000
54656  -45.796  -25.427  51.063 0.0000000000
64040  -45.105  -16.643  47.114 0.0000000000
62057  -53.346  -18.466  42.384 0.0000000000
50591  -43.092  -29.544  50.591 0.0000000000
64111  -49.043  -16.473  43.923 0.0000000000
66207  -54.816  -14.676  34.284 0.0000000000
67161  -57.238  -13.129  31.264 0.0000000000
53677  -49.286  -25.587  48.794 0.0000000000
58702  -48.488  -20.955  48.836 0.0000000000
58691  -44.743  -21.161  49.595 0.0000000000
50460  -21.636  -30.224  65.121 0.0000000000
49414  -26.862  -30.464  63.729 0.0000000000
46336  -29.793  -34.041  62.348 0.0000000000
45333  -34.724  -34.865  60.186 0.0000000000
139676  -38.906  -33.209  57.122 0.0000000000
47458  -43.044  -32.316  54.788 0.0000000000
50593  -45.724  -30.027  51.206 0.0000000000
62015  -48.175  -18.456  45.319 0.0000000000
68105  -59.218  -12.285  29.674 0.0000000000
122209  -47.040  -24.995  51.309 0.0000000000
56533  -47.625  -23.239  51.388 0.0000000000
57625  -45.424  -22.887  49.990 0.0000000000
142688  -21.553  -28.688  62.455 0.0000000000
50470  -24.054  -29.317  63.601 0.0000000000
48468  -39.435  -32.036  55.460 0.0000000000
47442  -41.029  -32.490  55.613 0.0000000000
125797  -41.542  -31.258  54.343 0.0000000000
52659  -44.594  -27.114  50.830 0.0000000000
50570  -44.538  -29.052  52.556 0.0000000000
119473  -45.473  -27.281  51.841 0.0000000000
122542  -46.656  -27.956  50.053 0.0000000000
63059  -46.468  -17.896  48.969 0.0000000000
59778  -46.598  -19.942  46.708 0.0000000000
63096  -47.261  -16.822  47.725 0.0000000000
63184  -51.988  -17.447  43.350 0.0000000000
62008  -52.004  -17.651  45.060 0.0000000000
59807  -53.538  -19.419  43.505 0.0000000000
59830  -54.398  -20.597  42.390 0.0000000000
66179  -58.237  -14.535  35.873 0.0000000000
65209  -56.198  -15.168  38.022 0.0000000000
49546  -41.664  -31.006  51.652 0.0000000000
62068  -50.865  -18.934  40.494 0.0000000000
67143  -56.272  -13.512  32.560 0.0000000000
65270  -58.660  -14.958  33.257 0.0000000000
65322  -57.956  -15.121  28.582 0.0000000000
52701  -51.017  -27.147  46.859 0.0000000000
57634  -50.540  -23.101  49.146 0.0000000000
59755  -47.586  -20.530  50.354 0.0000000000
47348  -21.417  -32.269  64.377 0.0000000000
46333  -26.589  -33.433  61.786 0.0000000000
47353  -28.287  -32.475  63.278 0.0000000000
44271  -27.964  -35.306  61.597 0.0000000000
43248  -31.064  -36.889  61.106 0.0000000000
42339  -33.293  -37.037  60.236 0.0000000000
43278  -36.269  -36.659  58.380 0.0000000000
46379  -36.934  -33.801  58.336 0.0000000000
44353  -40.207  -35.103  55.220 0.0000000000
49516  -42.869  -30.386  53.617 0.0000000000
48499  -45.120  -30.965  53.117 0.0000000000
47538  -45.101  -32.492  50.746 0.0000000000
49589  -46.005  -31.117  48.698 0.0000000000
51675  -48.448  -28.468  46.906 0.0000000000
63120  -49.909  -16.637  45.730 0.0000000000
64152  -54.404  -16.629  38.465 0.0000000000
134077  -54.397  -17.557  40.547 0.0000000000
46310  -20.241  -33.417  65.027 0.0000000000
54643  -46.533  -25.390  51.329 0.0000000000
55575  -46.840  -23.981  51.471 0.0000000000
55585  -45.994  -24.591  50.631 0.0000000000
136436  -38.738  -32.477  53.336 0.0000000000
48480  -40.116  -31.805  55.083 0.0000000000
119406  -40.327  -31.901  53.132 0.0000000000
53655  -45.137  -26.567  50.999 0.0000000000
52644  -45.039  -27.193  52.037 0.0000000000
53635  -45.483  -26.649  51.596 0.0000000000
143334  -46.172  -26.039  51.656 0.0000000000
63078  -46.776  -17.213  48.355 0.0000000000
64024  -46.569  -16.358  47.916 0.0000000000
62056  -52.129  -17.903  42.163 0.0000000000
63170  -52.980  -17.776  43.821 0.0000000000
140329  -53.419  -18.465  42.951 0.0000000000
125546  -53.873  -19.973  42.946 0.0000000000
62058  -53.564  -18.717  42.333 0.0000000000
64189  -58.338  -16.363  35.536 0.0000000000
64168  -57.707  -16.178  37.283 0.0000000000
62105  -56.821  -18.258  36.718 0.0000000000
67150  -55.176  -13.625  30.951 0.0000000000
67152  -57.060  -13.211  32.020 0.0000000000
67137  -58.084  -13.392  33.460 0.0000000000
137647  -58.617  -13.475  32.182 0.0000000000
65281  -58.726  -15.058  32.598 0.0000000000
66238  -59.185  -13.952  31.334 0.0000000000
66262  -59.454  -13.765  29.048 0.0000000000
125172  -49.904  -26.484  47.977 0.0000000000
54698  -50.878  -25.791  47.785 0.0000000000
54671  -49.531  -24.816  49.204 0.0000000000
58672  -46.432  -21.799  50.943 0.0000000000
58674  -47.948  -21.626  50.865 0.0000000000
59753  -45.922  -20.283  50.660 0.0000000000
60847  -45.459  -18.904  50.106 0.0000000000
59766  -44.493  -19.830  49.103 0.0000000000
123779  -22.369  -31.107  64.160 0.0000000000
48381  -22.426  -30.281  64.392 0.0000000000
49404  -25.608  -29.689  63.690 0.0000000000
47373  -29.526  -33.068  61.838 0.0000000000
46323  -29.199  -33.734  62.809 0.0000000000
46335  -28.197  -33.766  63.119 0.0000000000
44256  -29.351  -34.869  62.560 0.0000000000
125054  -29.545  -35.951  61.669 0.0000000000
44273  -30.506  -35.756  62.000 0.0000000000
43252  -34.283  -36.276  60.574 0.0000000000
42340  -34.929  -37.022  59.702 0.0000000000
44302  -35.545  -36.031  59.677 0.0000000000
121982  -38.252  -32.603  56.563 0.0000000000
138544  -36.874  -33.009  57.380 0.0000000000
46400  -38.349  -33.620  57.547 0.0000000000
44315  -37.722  -35.210  58.172 0.0000000000
45368  -38.933  -34.701  57.112 0.0000000000
44339  -39.314  -35.480  56.227 0.0000000000
45384  -39.951  -34.004  56.374 0.0000000000
47444  -42.263  -32.363  55.003 0.0000000000
45410  -41.618  -33.973  54.826 0.0000000000
46471  -42.948  -33.698  53.899 0.0000000000
46472  -43.563  -33.371  53.383 0.0000000000
49532  -41.936  -30.534  52.557 0.0000000000
50580  -42.875  -29.584  52.290 0.0000000000
119875  -45.401  -28.838  52.221 0.0000000000
50562  -44.614  -29.857  52.747 0.0000000000
49534  -45.444  -30.680  52.508 0.0000000000
48527  -45.467  -31.456  52.095 0.0000000000
49560  -45.592  -30.997  50.719 0.0000000000
49561  -45.770  -30.180  50.007 0.0000000000
52669  -47.529  -27.109  49.394 0.0000000000
51663  -47.170  -28.046  48.041 0.0000000000
52685  -48.738  -27.181  47.872 0.0000000000
51676  -49.486  -28.036  46.746 0.0000000000
49410  -20.503  -29.866  63.991 0.0000000000
141191  -20.630  -30.651  65.390 0.0000000000
48371  -20.749  -31.322  65.650 0.0000000000
56595  -49.298  -23.247  47.305 0.0000000000
57641  -48.049  -22.051  47.405 0.0000000000
144044  -46.720  -19.100  46.190 0.0000000000
64090  -48.128  -15.946  44.678 0.0000000000
65115  -48.752  -15.588  45.882 0.0000000000
65133  -49.493  -15.872  45.239 0.0000000000
60896  -52.249  -19.457  44.353 0.0000000000
60886  -51.851  -18.879  44.825 0.0000000000
64155  -56.523  -15.849  38.872 0.0000000000
64167  -54.975  -16.076  37.883 0.0000000000
64143  -55.551  -16.046  39.823 0.0000000000
63206  -55.085  -16.477  40.362 0.0000000000
63199  -55.702  -17.319  40.261 0.0000000000
60930  -55.138  -19.584  40.491 0.0000000000
68103  -56.482  -12.783  29.409 0.0000000000
67170  -58.829  -12.605  30.325 0.0000000000
68114  -57.313  -11.912  29.062 0.0000000000
68997  -57.948  -11.268  28.678 0.0000000000
54669  -47.901  -25.698  50.452 0.0000000000
54658  -48.378  -24.604  50.584 0.0000000000
132077  -47.315  -24.410  51.443 0.0000000000
56531  -46.620  -23.194  51.293 0.0000000000
57624  -44.945  -22.094  49.835 0.0000000000
50479  -21.282  -29.328  64.081 0.0000000000
50469  -22.569  -29.445  63.982 0.0000000000
51517  -25.625  -28.898  63.458 0.0000000000
47440  -38.827  -32.264  55.998 0.0000000000
46423  -40.252  -33.241  56.283 0.0000000000
137957  -40.100  -32.082  55.650 0.0000000000
48470  -41.344  -32.046  55.233 0.0000000000
48483  -42.512  -31.651  54.780 0.0000000000
51644  -43.565  -28.803  50.668 0.0000000000
144176  -43.826  -28.566  52.183 0.0000000000
51626  -44.186  -28.019  52.232 0.0000000000
52630  -45.053  -27.862  52.351 0.0000000000
51636  -45.625  -28.126  51.840 0.0000000000
51645  -46.310  -28.584  50.362 0.0000000000
52645  -46.090  -27.447  51.474 0.0000000000
53657  -47.141  -26.269  50.824 0.0000000000
49423  -20.360  -29.913  62.743 0.0000000000
126412  -47.588  -19.732  49.394 0.0000000000
58715  -47.074  -20.574  47.389 0.0000000000
60858  -46.980  -18.585  48.523 0.0000000000
61995  -47.274  -17.576  47.374 0.0000000000
62003  -47.836  -17.690  46.365 0.0000000000
63167  -50.546  -16.831  43.763 0.0000000000
64093  -51.035  -16.540  44.969 0.0000000000
63169  -52.080  -17.314  44.547 0.0000000000
60888  -52.943  -18.513  44.456 0.0000000000
66192  -56.191  -14.386  35.558 0.0000000000
65239  -55.628  -14.875  36.296 0.0000000000
65225  -57.380  -15.054  37.019 0.0000000000
64156  -57.137  -16.124  38.001 0.0000000000
54680  -45.303  -25.882  49.319 0.0000000000
52667  -44.702  -27.334  49.048 0.0000000000
64063  -45.783  -16.246  45.425 0.0000000000
63181  -48.829  -17.440  43.161 0.0000000000
62038  -50.294  -18.120  42.355 0.0000000000
62055  -50.848  -18.503  41.559 0.0000000000
121377  -51.846  -18.591  41.042 0.0000000000
66217  -55.414  -14.124  33.766 0.0000000000
67118  -57.561  -13.656  34.862 0.0000000000
65257  -58.575  -14.910  34.775 0.0000000000
64200  -58.046  -16.575  34.749 0.0000000000
65311  -59.185  -14.349  30.518 0.0000000000
65310  -58.493  -15.070  29.583 0.0000000000
54737  -50.924  -26.387  46.335 0.0000000000
56596  -50.258  -23.934  47.691 0.0000000000
58704  -49.649  -21.959  49.346 0.0000000000
56549  -48.667  -23.166  50.420 0.0000000000
58693  -48.949  -21.927  49.725 0.0000000000
59762  -48.154  -20.679  50.215 0.0000000000
61943  -46.596  -19.150  49.817 0.0000000000
63057  -45.321  -17.791  49.339 0.0000000000
56582  -45.411  -23.596  49.275 0.0000000000
121660  -44.783  -22.582  48.347 0.0000000000
59771  -43.829  -20.131  47.695 0.0000000000
46320  -21.184  -33.013  63.860 0.0000000000
127578  -21.597  -32.406  63.382 0.0000000000
45315  -26.817  -34.366  60.397 0.0000000000
51541  -25.488  -28.554  61.224 0.0000000000
50491  -27.072  -29.958  63.067 0.0000000000
122434  -27.484  -31.171  63.733 0.0000000000
45286  -27.591  -34.084  62.559 0.0000000000
42336  -30.498  -37.074  59.230 0.0000000000
42353  -32.102  -37.076  58.909 0.0000000000
140508  -34.924  -34.259  59.364 0.0000000000
46397  -35.707  -33.485  57.796 0.0000000000
45349  -35.701  -34.306  59.257 0.0000000000
44314  -37.002  -35.393  58.581 0.0000000000
130458  -36.977  -36.480  57.928 0.0000000000
45396  -40.527  -34.136  55.838 0.0000000000
48510  -41.381  -31.003  52.843 0.0000000000
126861  -42.188  -30.918  54.275 0.0000000000
136217  -43.108  -30.985  54.299 0.0000000000
139540  -43.954  -29.639  52.761 0.0000000000
49518  -44.351  -30.532  53.364 0.0000000000
47460  -44.086  -31.831  54.083 0.0000000000
47496  -44.728  -32.406  52.542 0.0000000000
47537  -44.852  -32.856  51.046 0.0000000000
49601  -46.685  -30.875  47.098 0.0000000000
51652  -46.437  -28.669  49.426 0.0000000000
50618  -46.455  -29.711  47.566 0.0000000000
50648  -47.796  -30.130  46.100 0.0000000000
50649  -48.707  -29.900  45.664 0.0000000000
46301  -20.477  -32.501  65.627 0.0000000000
64042  -47.787  -15.977  46.482 0.0000000000
63118  -48.567  -16.549  46.573 0.0000000000
62004  -48.808  -17.484  45.785 0.0000000000
63140  -50.979  -16.997  45.473 0.0000000000
62017  -50.408  -18.352  45.366 0.0000000000
60884  -49.785  -19.039  44.592 0.0000000000
62069  -51.701  -18.899  40.116 0.0000000000
62070  -52.684  -18.540  40.652 0.0000000000
64179  -54.469  -16.000  36.819 0.0000000000
64166  -53.964  -16.608  37.323 0.0000000000
63215  -53.886  -17.264  39.160 0.0000000000
63205  -53.903  -17.730  40.056 0.0000000000
62071  -53.672  -18.595  41.288 0.0000000000
60929  -54.317  -19.561  41.330 0.0000000000
122214  -46.478  -24.882  51.217 0.0000000000
47475  -39.544  -32.302  53.072 0.0000000000
54667  -45.267  -25.905  50.498 0.0000000000
54655  -45.532  -26.062  51.302 0.0000000000
54642  -45.958  -25.868  51.586 0.0000000000
137177  -45.833  -16.362  47.856 0.0000000000
129460  -46.020  -16.060  47.252 0.0000000000
62040  -52.987  -18.123  42.386 0.0000000000
62041  -53.161  -18.111  43.104 0.0000000000
63265  -57.897  -17.090  35.428 0.0000000000
63252  -58.148  -16.887  36.084 0.0000000000
67145  -58.338  -13.369  32.636 0.0000000000
67153  -58.209  -13.118  31.970 0.0000000000
138015  -58.904  -13.812  32.063 0.0000000000
126767  -58.862  -13.369  31.569 0.0000000000
136401  -50.195  -26.098  48.073 0.0000000000
58680  -45.190  -21.429  50.303 0.0000000000
58681  -45.814  -21.157  50.732 0.0000000000
59752  -45.211  -20.636  50.344 0.0000000000
60838  -45.360  -19.715  50.265 0.0000000000
59760  -44.797  -20.171  49.777 0.0000000000
48372  -21.858  -30.537  65.100 0.0000000000
50473  -26.206  -29.820  63.666 0.0000000000
129816  -29.831  -33.639  61.997 0.0000000000
46346  -29.341  -33.404  62.492 0.0000000000
45288  -29.633  -34.414  62.529 0.0000000000
44257  -30.090  -35.052  62.310 0.0000000000
45289  -30.339  -34.742  62.066 0.0000000000
45320  -34.089  -35.380  60.581 0.0000000000
44288  -33.821  -36.015  60.998 0.0000000000
44289  -34.531  -35.833  60.519 0.0000000000
43253  -34.912  -36.298  60.256 0.0000000000
44301  -35.192  -35.492  60.115 0.0000000000
46421  -38.379  -32.941  57.178 0.0000000000
45367  -38.561  -34.474  57.527 0.0000000000
46401  -38.995  -33.908  57.216 0.0000000000
45383  -39.426  -34.520  56.696 0.0000000000
46422  -39.540  -33.348  56.754 0.0000000000
46457  -42.653  -33.049  54.773 0.0000000000
46458  -43.363  -32.959  54.253 0.0000000000
47476  -43.921  -32.613  53.770 0.0000000000
49547  -42.249  -30.179  51.968 0.0000000000
121451  -42.698  -29.788  51.344 0.0000000000
128356  -45.607  -29.863  52.044 0.0000000000
49548  -45.635  -30.799  51.750 0.0000000000
129368  -48.368  -25.832  49.649 0.0000000000
53698  -48.395  -26.481  48.797 0.0000000000
50467  -21.163  -29.846  64.862 0.0000000000
49401  -20.569  -30.321  64.958 0.0000000000
50459  -21.028  -30.475  65.327 0.0000000000
49397  -21.194  -30.797  65.380 0.0000000000
58717  -48.746  -21.653  48.187 0.0000000000
57653  -48.312  -22.856  46.972 0.0000000000
60876  -47.240  -18.728  45.721 0.0000000000
60881  -46.656  -19.494  45.389 0.0000000000
60882  -47.451  -19.289  44.845 0.0000000000
60883  -48.593  -19.256  44.437 0.0000000000
131427  -48.433  -16.108  44.335 0.0000000000
137768  -48.646  -15.674  44.886 0.0000000000
64091  -49.273  -15.844  44.732 0.0000000000
65256  -54.243  -15.334  34.852 0.0000000000
64145  -56.540  -16.412  39.247 0.0000000000
64144  -56.149  -16.063  39.638 0.0000000000
63207  -55.634  -16.490  40.089 0.0000000000
54657  -47.383  -25.393  51.069 0.0000000000
54644  -47.710  -24.634  51.235 0.0000000000
133445  -46.357  -23.881  51.057 0.0000000000
56548  -46.044  -23.021  50.785 0.0000000000
57618  -45.745  -22.099  50.567 0.0000000000
50489  -21.377  -28.898  63.238 0.0000000000
52541  -24.900  -27.811  62.277 0.0000000000
47474  -38.191  -32.426  53.980 0.0000000000
47456  -38.504  -32.202  55.034 0.0000000000
127769  -39.653  -32.302  56.037 0.0000000000
48481  -40.960  -31.651  54.763 0.0000000000
48482  -41.736  -31.635  54.779 0.0000000000
52658  -43.925  -27.821  50.579 0.0000000000
51635  -43.852  -28.207  51.640 0.0000000000
52643  -44.396  -27.480  51.783 0.0000000000
51637  -46.011  -28.396  51.150 0.0000000000
53638  -46.658  -25.872  51.422 0.0000000000
53656  -46.530  -26.665  51.378 0.0000000000
50496  -20.874  -29.201  62.347 0.0000000000
50488  -20.814  -29.341  63.307 0.0000000000
61960  -46.632  -18.723  49.374 0.0000000000
138888  -47.219  -19.340  48.784 0.0000000000
61973  -46.737  -18.050  48.929 0.0000000000
61982  -46.981  -17.587  48.272 0.0000000000
63117  -47.876  -16.786  46.988 0.0000000000
63183  -50.952  -17.425  43.161 0.0000000000
63168  -51.557  -17.025  44.069 0.0000000000
143665  -51.988  -17.351  43.807 0.0000000000
60903  -53.338  -18.457  43.568 0.0000000000
62021  -53.065  -18.076  44.254 0.0000000000
60898  -53.267  -18.914  44.079 0.0000000000
66193  -57.249  -14.028  35.703 0.0000000000
66177  -56.820  -14.564  36.396 0.0000000000
66178  -57.758  -14.503  36.200 0.0000000000
63218  -56.874  -16.589  38.482 0.0000000000
53675  -44.816  -26.621  49.875 0.0000000000
62037  -49.251  -18.220  42.386 0.0000000000
62067  -49.952  -19.049  40.824 0.0000000000
144228  -55.344  -13.601  32.146 0.0000000000
66225  -55.142  -13.907  32.834 0.0000000000
67135  -56.031  -13.748  33.327 0.0000000000
66218  -56.519  -13.710  34.164 0.0000000000
123031  -57.511  -13.455  34.052 0.0000000000
67129  -58.453  -13.869  33.998 0.0000000000
66211  -58.525  -14.198  34.676 0.0000000000
126892  -58.633  -14.567  34.033 0.0000000000
64201  -58.468  -15.842  34.792 0.0000000000
64214  -58.558  -15.421  33.990 0.0000000000
64213  -58.208  -16.108  34.029 0.0000000000
65269  -58.350  -15.619  33.130 0.0000000000
65290  -59.011  -14.693  31.898 0.0000000000
132441  -59.228  -13.326  30.688 0.0000000000
67171  -59.442  -13.043  29.822 0.0000000000
66261  -58.892  -14.549  29.016 0.0000000000
52716  -50.441  -27.734  45.580 0.0000000000
53743  -50.440  -26.673  45.493 0.0000000000
53726  -51.128  -26.733  46.877 0.0000000000
55609  -50.511  -24.507  48.552 0.0000000000
55621  -50.787  -25.185  47.642 0.0000000000
56597  -50.585  -24.386  48.325 0.0000000000
56583  -50.453  -23.447  48.575 0.0000000000
55578  -48.229  -23.921  50.964 0.0000000000
55586  -48.822  -23.954  50.127 0.0000000000
56534  -48.080  -23.139  51.106 0.0000000000
59749  -48.014  -21.050  50.538 0.0000000000
58683  -48.304  -21.328  50.531 0.0000000000
59756  -48.120  -20.874  50.365 0.0000000000
58692  -48.450  -21.276  50.312 0.0000000000
59761  -47.700  -20.262  50.127 0.0000000000
60840  -47.068  -19.860  50.096 0.0000000000
61957  -45.008  -18.415  49.751 0.0000000000
61958  -45.638  -18.319  49.700 0.0000000000
130165  -22.948  -29.720  63.747 0.0000000000
46332  -26.061  -32.873  62.117 0.0000000000
45301  -26.413  -33.776  60.843 0.0000000000
51542  -26.063  -29.269  61.161 0.0000000000
51533  -25.996  -28.860  62.068 0.0000000000
48391  -27.976  -31.799  63.601 0.0000000000
47352  -27.659  -31.828  63.745 0.0000000000
139130  -28.008  -32.227  63.551 0.0000000000
45287  -28.474  -34.856  62.438 0.0000000000
142793  -28.162  -34.380  62.774 0.0000000000
45303  -27.681  -34.673  62.052 0.0000000000
45316  -27.414  -34.752  60.963 0.0000000000
44286  -27.672  -35.467  60.577 0.0000000000
43232  -30.343  -36.394  61.378 0.0000000000
43231  -29.387  -36.504  60.898 0.0000000000
43247  -30.123  -36.822  60.628 0.0000000000
42319  -29.861  -37.056  59.847 0.0000000000
42320  -30.789  -37.033  60.182 0.0000000000
42323  -33.332  -36.680  60.715 0.0000000000
43250  -32.812  -36.441  61.115 0.0000000000
42322  -32.697  -36.900  60.699 0.0000000000
42338  -32.408  -37.120  59.909 0.0000000000
122632  -33.064  -37.129  59.274 0.0000000000
121226  -34.092  -37.103  59.756 0.0000000000
135771  -35.490  -36.972  58.987 0.0000000000
42369  -34.943  -37.119  58.223 0.0000000000
43292  -35.772  -36.893  57.935 0.0000000000
46399  -37.268  -33.296  57.775 0.0000000000
46398  -36.528  -33.393  57.857 0.0000000000
46378  -36.114  -33.780  58.554 0.0000000000
45350  -36.500  -34.620  58.929 0.0000000000
44326  -37.961  -35.775  57.690 0.0000000000
43280  -37.340  -35.996  58.113 0.0000000000
143479  -37.514  -36.266  57.589 0.0000000000
43294  -37.322  -36.528  57.213 0.0000000000
44352  -39.513  -35.539  55.444 0.0000000000
43334  -39.083  -35.720  55.022 0.0000000000
44369  -39.714  -35.573  54.574 0.0000000000
47428  -40.479  -32.682  55.985 0.0000000000
46440  -40.865  -33.144  55.833 0.0000000000
48509  -40.967  -31.622  51.904 0.0000000000
49533  -42.493  -30.121  52.838 0.0000000000
49515  -42.052  -30.506  53.424 0.0000000000
128819  -44.091  -28.703  52.419 0.0000000000
50581  -43.532  -29.158  52.447 0.0000000000
49519  -45.012  -30.378  52.847 0.0000000000
48498  -44.639  -31.319  53.670 0.0000000000
47477  -44.505  -32.137  53.386 0.0000000000
48511  -44.977  -31.636  52.936 0.0000000000
48542  -45.373  -31.682  51.251 0.0000000000
47519  -45.171  -32.192  51.579 0.0000000000
127944  -46.411  -30.708  47.988 0.0000000000
51662  -46.584  -28.717  48.292 0.0000000000
51674  -47.193  -28.726  47.183 0.0000000000
50633  -47.077  -29.866  46.626 0.0000000000
50634  -48.092  -29.358  46.448 0.0000000000
52686  -50.396  -27.494  46.717 0.0000000000
51689  -50.001  -28.294  46.075 0.0000000000
52700  -50.555  -27.741  46.148 0.0000000000
47340  -21.084  -31.957  65.246 0.0000000000
47333  -20.641  -31.781  65.686 0.0000000000
46311  -20.932  -32.817  64.824 0.0000000000
60866  -46.973  -19.503  47.803 0.0000000000
64089  -46.694  -16.195  45.040 0.0000000000
126142  -46.842  -15.938  46.097 0.0000000000
64045  -49.257  -16.104  45.993 0.0000000000
64044  -48.718  -16.115  46.413 0.0000000000
63119  -49.199  -16.544  46.121 0.0000000000
63138  -49.206  -16.906  46.140 0.0000000000
64094  -51.715  -17.030  44.885 0.0000000000
64068  -51.337  -16.809  45.098 0.0000000000
63141  -51.765  -17.174  45.055 0.0000000000
62018  -51.386  -18.281  45.286 0.0000000000
60885  -50.883  -19.006  44.782 0.0000000000
142435  -52.301  -18.732  39.795 0.0000000000
62082  -53.097  -18.438  39.933 0.0000000000
65224  -56.392  -14.867  37.269 0.0000000000
125493  -54.853  -15.481  36.371 0.0000000000
65223  -55.502  -15.378  37.326 0.0000000000
64153  -55.340  -15.933  39.079 0.0000000000
64165  -53.024  -16.914  36.830 0.0000000000
63225  -53.251  -17.208  37.851 0.0000000000
63198  -55.123  -16.913  40.556 0.0000000000
121225  -54.549  -16.866  40.146 0.0000000000
63197  -54.734  -17.266  40.691 0.0000000000
62083  -53.703  -18.272  40.746 0.0000000000
62072  -53.828  -18.714  41.298 0.0000000000
62073  -54.638  -18.515  40.663 0.0000000000
126911  -46.949  -24.596  51.400 0.0000000000
56567  -45.806  -23.714  50.257 0.0000000000
47457  -39.243  -32.134  54.305 0.0000000000
48494  -40.195  -31.813  54.066 0.0000000000
48495  -40.938  -31.303  53.741 0.0000000000
131268  -44.970  -27.024  51.603 0.0000000000
53636  -45.666  -26.646  51.652 0.0000000000
53637  -46.095  -26.642  51.662 0.0000000000
63077  -46.406  -17.268  48.664 0.0000000000
64012  -46.707  -16.827  48.243 0.0000000000
64025  -47.053  -16.654  47.785 0.0000000000
63185  -52.729  -17.729  43.192 0.0000000000
60904  -53.712  -18.960  43.048 0.0000000000
60915  -53.898  -19.377  42.339 0.0000000000
65240  -58.429  -15.261  35.648 0.0000000000
65226  -58.060  -15.069  36.427 0.0000000000
64180  -58.181  -16.040  36.443 0.0000000000
63239  -57.930  -16.902  36.822 0.0000000000
67151  -56.002  -13.453  31.583 0.0000000000
67136  -56.999  -13.405  33.388 0.0000000000
67144  -57.577  -13.256  32.688 0.0000000000
67138  -58.544  -13.715  32.871 0.0000000000
66219  -58.657  -14.249  33.369 0.0000000000
132522  -58.811  -14.406  32.651 0.0000000000
140504  -59.467  -12.092  29.118 0.0000000000
67184  -59.568  -12.817  29.128 0.0000000000
52687  -50.765  -26.867  47.353 0.0000000000
53715  -51.043  -26.492  47.362 0.0000000000
53699  -50.829  -26.178  47.705 0.0000000000
54683  -50.662  -25.167  48.207 0.0000000000
55596  -50.360  -23.790  49.219 0.0000000000
57608  -47.474  -22.494  51.218 0.0000000000
57609  -48.032  -22.396  51.066 0.0000000000
58673  -47.088  -21.739  50.992 0.0000000000
58682  -46.548  -20.979  50.847 0.0000000000
59754  -46.716  -20.177  50.514 0.0000000000
140093  -46.482  -19.482  50.192 0.0000000000
60846  -44.873  -19.232  49.837 0.0000000000
60857  -44.561  -19.032  49.050 0.0000000000
48379  -21.328  -31.173  65.363 0.0000000000
47349  -21.748  -31.477  64.823 0.0000000000
48380  -22.159  -30.803  64.991 0.0000000000
141010  -22.442  -30.551  64.507 0.0000000000
47361  -26.837  -32.913  62.773 0.0000000000
46322  -28.636  -33.305  63.117 0.0000000000
121008  -28.906  -34.200  62.973 0.0000000000
44272  -28.878  -35.447  62.005 0.0000000000
142047  -29.716  -35.392  62.210 0.0000000000
137305  -33.856  -36.761  60.444 0.0000000000
43264  -34.502  -36.684  60.237 0.0000000000
43265  -35.228  -36.719  59.735 0.0000000000
43266  -35.947  -36.528  59.131 0.0000000000
47425  -37.497  -32.633  56.370 0.0000000000
47424  -36.753  -32.811  56.561 0.0000000000
47414  -37.599  -32.868  57.154 0.0000000000
46380  -37.662  -33.724  57.992 0.0000000000
45351  -37.333  -34.486  58.368 0.0000000000
44327  -38.535  -35.382  57.195 0.0000000000
45395  -39.870  -34.872  55.999 0.0000000000
47443  -41.674  -32.459  55.282 0.0000000000
46441  -41.581  -33.040  55.491 0.0000000000
46456  -42.047  -33.229  54.958 0.0000000000
45411  -42.309  -33.851  54.341 0.0000000000
46490  -43.736  -33.588  52.449 0.0000000000
50560  -43.181  -29.787  52.944 0.0000000000
51628  -44.962  -28.660  52.499 0.0000000000
50571  -45.199  -29.601  52.557 0.0000000000
48512  -45.348  -31.316  52.624 0.0000000000
49572  -45.644  -31.225  49.711 0.0000000000
130879  -47.009  -27.428  49.888 0.0000000000
52668  -46.985  -27.899  49.071 0.0000000000
52677  -47.737  -27.405  48.430 0.0000000000
52684  -47.943  -27.889  47.579 0.0000000000
143111  -48.878  -27.784  47.298 0.0000000000
53714  -49.788  -27.312  47.329 0.0000000000
131883  -19.847  -30.567  64.333 0.0000000000
49400  -20.076  -30.772  65.330 0.0000000000
60875  -46.434  -19.689  46.065 0.0000000000
130462  -47.541  -16.060  44.800 0.0000000000
64065  -48.370  -15.675  45.367 0.0000000000
65132  -48.954  -15.531  45.365 0.0000000000
130563  -49.744  -16.395  45.620 0.0000000000
60887  -52.567  -18.653  44.675 0.0000000000
62019  -52.194  -18.080  45.067 0.0000000000
65197  -56.335  -15.404  38.571 0.0000000000
65196  -55.845  -15.441  38.507 0.0000000000
64154  -56.034  -15.574  39.298 0.0000000000
63216  -54.823  -16.396  39.694 0.0000000000
142606  -55.132  -17.590  40.607 0.0000000000
128249  -57.371  -12.894  30.355 0.0000000000
67162  -58.468  -12.982  31.063 0.0000000000
68104  -58.090  -12.259  29.743 0.0000000000
68996  -56.777  -11.542  28.480 0.0000000000
68115  -58.775  -11.680  29.202 0.0000000000
54670  -48.569  -25.156  49.933 0.0000000000
144091  -48.040  -25.140  50.796 0.0000000000
55577  -47.680  -23.904  51.429 0.0000000000
55576  -47.281  -23.946  51.530 0.0000000000
56532  -47.139  -23.274  51.489 0.0000000000
57606  -46.396  -22.504  51.015 0.0000000000
50468  -21.882  -29.624  64.600 0.0000000000
50461  -22.256  -29.991  64.692 0.0000000000
51514  -23.903  -28.421  63.596 0.0000000000
51506  -24.836  -28.817  63.602 0.0000000000
50472  -25.481  -29.193  63.624 0.0000000000
50481  -26.042  -29.459  63.629 0.0000000000
45348  -34.252  -34.355  59.494 0.0000000000
47439  -37.823  -32.422  55.653 0.0000000000
47426  -39.106  -32.654  56.653 0.0000000000
47427  -39.921  -32.671  56.315 0.0000000000
47441  -40.330  -32.353  55.841 0.0000000000
48469  -40.669  -32.018  55.435 0.0000000000
51634  -43.376  -29.069  51.676 0.0000000000
52629  -44.614  -27.679  52.230 0.0000000000
51627  -44.546  -28.225  52.394 0.0000000000
50582  -45.755  -29.085  51.567 0.0000000000
50594  -45.968  -29.250  50.742 0.0000000000
125951  -46.379  -27.912  50.803 0.0000000000
52660  -46.730  -27.220  50.742 0.0000000000
52661  -47.223  -26.889  50.180 0.0000000000
53676  -47.749  -26.370  49.913 0.0000000000
59767  -48.141  -20.389  49.601 0.0000000000
58716  -47.845  -21.173  47.879 0.0000000000
59772  -47.631  -20.201  48.549 0.0000000000
61994  -46.833  -18.787  47.181 0.0000000000
62002  -47.097  -18.413  46.586 0.0000000000
63166  -49.669  -16.886  43.600 0.0000000000
64112  -49.993  -16.300  44.274 0.0000000000
64113  -50.912  -16.517  44.574 0.0000000000
64114  -51.558  -16.860  44.768 0.0000000000
63152  -52.130  -17.428  44.742 0.0000000000
122936  -52.621  -17.548  43.760 0.0000000000
63153  -52.578  -17.620  44.390 0.0000000000
62020  -52.637  -18.020  44.755 0.0000000000
66208  -55.764  -14.282  34.649 0.0000000000
66191  -55.208  -14.836  35.197 0.0000000000
132747  -57.774  -15.578  36.975 0.0000000000
65211  -57.304  -15.682  37.550 0.0000000000
65198  -56.781  -15.703  38.176 0.0000000000
54668  -45.584  -25.201  50.019 0.0000000000
137123  -44.343  -27.315  49.919 0.0000000000
64062  -44.975  -16.536  45.400 0.0000000000
124492  -45.435  -16.287  46.269 0.0000000000
64088  -45.676  -16.647  44.372 0.0000000000
63165  -48.093  -16.730  43.694 0.0000000000
63182  -49.915  -17.522  43.030 0.0000000000
62039  -51.237  -17.842  42.474 0.0000000000
137648  -52.660  -18.300  41.532 0.0000000000
66216  -54.490  -14.420  33.415 0.0000000000
66209  -56.638  -13.909  35.034 0.0000000000
66194  -58.078  -14.026  35.562 0.0000000000
67128  -58.112  -13.581  34.280 0.0000000000
66210  -58.325  -13.877  34.842 0.0000000000
66195  -58.430  -14.346  35.296 0.0000000000
66250  -59.359  -13.986  29.813 0.0000000000
54714  -51.075  -26.144  47.224 0.0000000000
124899  -50.650  -25.569  46.633 0.0000000000
55635  -50.071  -24.649  46.859 0.0000000000
57643  -49.949  -22.907  48.106 0.0000000000
139865  -49.042  -21.624  48.998 0.0000000000
55594  -48.917  -24.523  49.815 0.0000000000
55595  -49.677  -24.172  49.530 0.0000000000
56550  -49.542  -23.382  49.804 0.0000000000
57619  -48.475  -22.345  50.649 0.0000000000
57620  -49.170  -22.493  49.892 0.0000000000
57626  -50.034  -22.397  49.510 0.0000000000
58703  -48.697  -21.296  49.720 0.0000000000
121218  -47.648  -19.957  49.922 0.0000000000
60848  -47.121  -19.548  49.786 0.0000000000
61942  -46.055  -18.911  49.989 0.0000000000
61959  -46.226  -18.424  49.525 0.0000000000
63058  -45.986  -17.788  49.211 0.0000000000
55593  -45.672  -24.430  49.603 0.0000000000
56581  -44.995  -23.458  48.253 0.0000000000
56566  -44.948  -22.788  49.118 0.0000000000
57631  -44.705  -21.974  48.901 0.0000000000
58701  -44.473  -21.195  48.572 0.0000000000
59765  -44.191  -20.410  48.400 0.0000000000
60856  -44.052  -19.621  48.371 0.0000000000
63136  -44.614  -16.810  46.015 0.0000000000
46319  -20.797  -33.609  63.382 0.0000000000
46331  -21.258  -33.122  62.872 0.0000000000
51532  -25.412  -28.283  62.100 0.0000000000
50490  -26.269  -29.313  63.070 0.0000000000
50482  -26.641  -29.957  63.623 0.0000000000
138612  -27.162  -33.609  62.324 0.0000000000
46321  -28.105  -32.935  63.315 0.0000000000
45302  -27.149  -34.052  61.490 0.0000000000
44287  -28.467  -36.045  61.080 0.0000000000
44274  -31.359  -35.841  61.809 0.0000000000
43233  -31.293  -36.320  61.586 0.0000000000
42337  -31.449  -37.079  59.556 0.0000000000
42355  -34.643  -37.120  58.979 0.0000000000
141869  -34.370  -37.101  58.347 0.0000000000
46419  -35.373  -33.483  56.846 0.0000000000
46377  -35.234  -33.822  58.573 0.0000000000
142494  -35.333  -34.776  59.782 0.0000000000
45334  -35.757  -35.124  59.536 0.0000000000
44303  -36.287  -35.701  59.147 0.0000000000
43279  -36.652  -36.231  58.562 0.0000000000
43293  -36.605  -36.694  57.546 0.0000000000
45397  -41.168  -33.755  55.507 0.0000000000
45409  -40.934  -34.612  55.042 0.0000000000
44370  -40.490  -35.235  54.386 0.0000000000
48508  -40.144  -32.027  52.196 0.0000000000
140322  -40.754  -31.625  52.725 0.0000000000
48496  -41.609  -30.874  53.828 0.0000000000
48484  -43.398  -31.653  54.488 0.0000000000
50561  -43.590  -30.218  53.320 0.0000000000
49517  -43.618  -30.616  53.831 0.0000000000
48497  -43.941  -31.109  54.092 0.0000000000
46473  -44.163  -32.913  52.914 0.0000000000
46491  -44.380  -33.130  52.068 0.0000000000
47497  -45.198  -31.935  52.266 0.0000000000
47518  -44.859  -32.629  51.769 0.0000000000
50605  -46.110  -29.252  49.900 0.0000000000
141805  -46.169  -29.721  48.846 0.0000000000
50666  -49.323  -30.027  44.908 0.0000000000
51688  -49.147  -28.950  46.255 0.0000000000
50650  -49.601  -29.180  45.464 0.0000000000
133321  -20.715  -33.396  64.217 0.0000000000
64041  -46.195  -15.958  46.485 0.0000000000
124929  -46.981  -16.092  47.162 0.0000000000
64043  -47.840  -16.425  46.875 0.0000000000
65114  -48.332  -15.704  46.044 0.0000000000
65100  -48.492  -15.896  46.328 0.0000000000
63137  -48.584  -16.973  46.588 0.0000000000
64092  -50.206  -16.144  44.883 0.0000000000
64067  -50.470  -16.525  45.336 0.0000000000
62006  -50.823  -17.606  45.625 0.0000000000
63139  -50.030  -17.043  45.863 0.0000000000
62005  -49.880  -17.567  45.800 0.0000000000
62016  -49.231  -18.239  45.059 0.0000000000
62081  -50.811  -19.080  39.606 0.0000000000
124134  -53.335  -18.383  41.581 0.0000000000
65238  -54.759  -15.283  35.682 0.0000000000
65222  -54.035  -15.828  35.795 0.0000000000
64178  -53.587  -16.446  36.375 0.0000000000
63214  -52.840  -17.877  38.529 0.0000000000
63204  -53.251  -18.035  39.348 0.0000000000
59842  -54.811  -20.472  41.317 0.0000000000
59831  -55.140  -21.433  42.005 0.0000000000
44258  -30.696  -35.360  62.009 0.0000000000
46442  -42.018  -32.747  55.148 0.0000000000
47459  -43.601  -32.280  54.353 0.0000000000
48471  -41.868  -32.066  55.039 0.0000000000
51505  -24.299  -28.832  63.644 0.0000000000
51515  -24.464  -28.394  63.522 0.0000000000
51525  -25.245  -28.295  62.954 0.0000000000
51526  -25.706  -28.707  62.767 0.0000000000
52717  -50.820  -27.156  46.109 0.0000000000
54682  -50.262  -25.247  48.474 0.0000000000
55608  -50.263  -24.588  48.818 0.0000000000
55622  -50.738  -24.841  48.115 0.0000000000
56551  -50.143  -22.988  49.619 0.0000000000
56584  -50.540  -23.848  48.803 0.0000000000
57607  -46.836  -22.514  51.244 0.0000000000
57632  -49.507  -22.160  48.557 0.0000000000
57633  -50.284  -22.545  48.914 0.0000000000
57642  -49.033  -22.425  47.693 0.0000000000
58684  -48.594  -21.730  50.370 0.0000000000
59748  -47.363  -20.990  50.696 0.0000000000
60839  -45.993  -19.487  50.388 0.0000000000
60859  -47.047  -19.089  49.429 0.0000000000
64066  -49.629  -16.144  45.494 0.0000000000
65101  -48.836  -15.769  46.127 0.0000000000
65116  -49.059  -15.696  45.732 0.0000000000
65134  -50.204  -16.226  45.143 0.0000000000
65210  -56.748  -15.333  37.805 0.0000000000
65299  -59.067  -14.742  31.116 0.0000000000
121559  -44.513  -20.555  49.087 0.0000000000
127480  -37.873  -33.217  57.601 0.0000000000
130790  -50.444  -27.322  45.350 0.0000000000
137189  -48.338  -21.770  50.742 0.0000000000
144326  -55.052  -13.622  31.633 0.0000000000
144330  -50.784  -25.665  48.000 0.0000000000
