#!ascii label  , from subject sub-v1s21x0050406_ses-1 vox2ras=TkReg
938
52738  -38.683  -27.752  43.087 0.0000000000
50622  -21.192  -29.178  47.560 0.0000000000
49624  -29.732  -30.715  44.836 0.0000000000
137036  -42.725  -8.217  25.142 0.0000000000
75685  -48.617  -4.117  19.534 0.0000000000
49527  -15.462  -30.182  52.124 0.0000000000
68990  -40.584  -11.458  29.425 0.0000000000
55699  -40.674  -24.748  41.016 0.0000000000
50688  -34.077  -28.983  44.021 0.0000000000
50598  -18.527  -29.917  49.523 0.0000000000
46463  -18.250  -33.820  53.344 0.0000000000
53786  -34.114  -26.443  40.797 0.0000000000
124367  -36.226  -25.206  38.637 0.0000000000
50637  -25.512  -29.550  46.359 0.0000000000
53759  -30.120  -26.361  43.253 0.0000000000
140180  -39.087  -19.772  30.139 0.0000000000
63327  -42.687  -17.283  27.835 0.0000000000
68142  -44.927  -12.947  26.520 0.0000000000
126019  -9.835  -36.010  54.359 0.0000000000
41494  -6.135  -38.815  56.398 0.0000000000
56683  -34.980  -23.047  37.674 0.0000000000
59917  -34.191  -20.511  35.859 0.0000000000
61014  -35.578  -19.040  33.139 0.0000000000
45418  -14.336  -34.782  53.227 0.0000000000
49566  -21.489  -31.032  48.793 0.0000000000
51659  -23.249  -29.190  48.966 0.0000000000
128293  -36.703  -28.578  43.698 0.0000000000
53682  -20.188  -26.493  48.451 0.0000000000
50609  -20.235  -29.690  48.232 0.0000000000
47540  -20.043  -32.395  49.715 0.0000000000
55687  -33.749  -25.218  42.542 0.0000000000
54770  -31.779  -25.903  41.752 0.0000000000
63296  -39.195  -17.594  29.725 0.0000000000
62166  -40.564  -18.603  28.767 0.0000000000
132070  -40.292  -16.066  28.625 0.0000000000
68139  -41.583  -12.149  27.008 0.0000000000
69042  -42.465  -10.848  25.094 0.0000000000
69029  -45.533  -12.029  25.099 0.0000000000
125756  -43.781  -9.647  23.338 0.0000000000
71781  -45.391  -8.761  21.918 0.0000000000
57709  -35.062  -23.251  40.305 0.0000000000
141398  -35.817  -24.530  38.252 0.0000000000
57707  -33.297  -22.589  39.944 0.0000000000
60959  -31.463  -19.676  36.880 0.0000000000
63246  -32.473  -17.842  34.861 0.0000000000
61007  -34.877  -19.650  34.640 0.0000000000
64203  -34.266  -16.527  33.807 0.0000000000
64217  -36.164  -16.790  32.385 0.0000000000
49621  -26.866  -30.354  45.569 0.0000000000
47481  -11.985  -32.522  52.153 0.0000000000
46495  -13.944  -33.037  51.643 0.0000000000
39714  -6.566  -41.016  58.000 0.0000000000
37782  -4.879  -42.171  58.987 0.0000000000
67158  -40.206  -13.712  30.886 0.0000000000
56661  -39.959  -23.110  39.804 0.0000000000
50673  -32.096  -30.058  44.666 0.0000000000
49540  -16.657  -30.363  51.011 0.0000000000
47503  -16.132  -32.466  51.093 0.0000000000
132559  -18.505  -32.639  50.334 0.0000000000
75689  -50.416  -4.263  17.923 0.0000000000
52767  -35.980  -27.501  41.654 0.0000000000
53779  -37.674  -26.795  40.974 0.0000000000
54782  -35.792  -25.974  40.215 0.0000000000
53717  -21.429  -26.373  46.873 0.0000000000
135856  -23.394  -28.612  47.236 0.0000000000
138460  -23.578  -26.965  45.406 0.0000000000
52722  -25.901  -28.040  44.721 0.0000000000
127267  -27.573  -29.481  44.241 0.0000000000
52726  -29.059  -27.402  44.482 0.0000000000
51726  -29.895  -28.968  43.032 0.0000000000
125550  -31.644  -28.389  42.633 0.0000000000
136119  -33.769  -27.985  42.156 0.0000000000
59969  -40.230  -20.921  32.337 0.0000000000
66253  -40.882  -14.031  28.291 0.0000000000
65326  -43.792  -15.102  27.344 0.0000000000
72792  -46.505  -7.465  20.561 0.0000000000
42401  -7.738  -36.943  54.709 0.0000000000
40613  -8.217  -39.261  57.515 0.0000000000
54796  -38.442  -25.214  39.228 0.0000000000
56659  -38.620  -23.823  38.653 0.0000000000
58828  -37.232  -21.758  38.199 0.0000000000
58811  -31.866  -21.334  38.987 0.0000000000
132700  -33.802  -21.847  37.237 0.0000000000
59860  -36.582  -20.485  37.845 0.0000000000
59894  -36.627  -20.133  36.909 0.0000000000
59920  -37.132  -20.528  35.344 0.0000000000
119445  -38.917  -20.977  33.752 0.0000000000
119731  -37.147  -19.386  31.817 0.0000000000
64230  -37.331  -17.006  31.460 0.0000000000
123379  -25.077  -30.220  49.253 0.0000000000
46460  -9.955  -33.737  53.846 0.0000000000
44360  -12.068  -35.609  54.195 0.0000000000
45420  -16.009  -34.560  53.529 0.0000000000
37769  -2.368  -43.003  59.631 0.0000000000
50610  -21.373  -29.823  47.827 0.0000000000
50601  -22.638  -29.477  49.537 0.0000000000
129699  -22.696  -28.995  48.291 0.0000000000
51732  -37.415  -28.437  43.620 0.0000000000
52673  -20.415  -27.784  47.811 0.0000000000
52672  -19.855  -27.930  48.594 0.0000000000
50621  -20.774  -29.241  47.710 0.0000000000
49576  -20.627  -30.623  48.256 0.0000000000
64233  -39.983  -16.433  31.113 0.0000000000
64254  -39.585  -16.963  29.423 0.0000000000
139581  -40.095  -15.892  30.025 0.0000000000
71747  -42.274  -8.823  26.341 0.0000000000
69914  -41.874  -10.210  25.881 0.0000000000
137155  -42.274  -9.497  24.817 0.0000000000
69926  -43.315  -10.176  23.931 0.0000000000
71765  -43.020  -8.735  23.884 0.0000000000
72766  -43.424  -8.023  23.536 0.0000000000
57708  -34.134  -22.961  40.104 0.0000000000
64163  -31.983  -16.544  36.945 0.0000000000
63259  -32.979  -17.098  34.560 0.0000000000
64186  -33.800  -15.494  35.106 0.0000000000
142344  -34.968  -15.325  34.112 0.0000000000
48614  -28.359  -30.724  45.301 0.0000000000
125526  -27.974  -31.287  46.645 0.0000000000
48598  -29.528  -31.306  46.372 0.0000000000
48503  -13.581  -31.300  52.256 0.0000000000
48516  -14.678  -31.626  51.454 0.0000000000
140960  -48.422  -5.525  19.263 0.0000000000
38705  -5.297  -41.563  58.457 0.0000000000
54764  -41.202  -25.581  41.993 0.0000000000
56650  -40.404  -23.589  40.211 0.0000000000
50674  -33.023  -29.663  44.587 0.0000000000
50659  -33.596  -29.816  45.218 0.0000000000
51640  -18.993  -28.176  49.973 0.0000000000
50576  -18.090  -28.897  50.784 0.0000000000
50565  -17.112  -28.786  51.981 0.0000000000
49541  -17.317  -30.005  50.737 0.0000000000
48530  -17.343  -31.529  50.285 0.0000000000
48531  -18.135  -31.878  49.721 0.0000000000
47508  -21.350  -31.996  51.074 0.0000000000
47507  -20.638  -32.526  51.246 0.0000000000
52766  -35.233  -27.308  41.066 0.0000000000
52777  -35.994  -27.032  40.841 0.0000000000
53787  -34.913  -26.370  40.539 0.0000000000
54687  -22.159  -25.183  47.078 0.0000000000
53718  -22.890  -26.763  45.845 0.0000000000
54721  -23.531  -25.455  45.485 0.0000000000
53735  -25.732  -26.497  44.789 0.0000000000
52723  -26.501  -28.178  44.728 0.0000000000
51709  -26.930  -28.939  44.558 0.0000000000
52724  -27.309  -28.389  44.804 0.0000000000
54742  -30.449  -25.521  44.632 0.0000000000
53748  -29.665  -26.908  43.844 0.0000000000
52735  -29.260  -27.763  43.413 0.0000000000
52747  -29.949  -27.567  42.782 0.0000000000
51727  -30.791  -28.648  42.813 0.0000000000
52748  -30.562  -27.329  42.354 0.0000000000
53778  -33.291  -26.424  41.130 0.0000000000
52764  -33.039  -27.098  41.337 0.0000000000
52774  -33.846  -27.015  40.982 0.0000000000
52753  -35.214  -27.716  41.889 0.0000000000
59981  -39.983  -20.557  31.451 0.0000000000
59982  -41.620  -20.634  31.606 0.0000000000
59990  -40.303  -20.245  30.645 0.0000000000
62181  -42.125  -18.207  28.406 0.0000000000
62168  -42.514  -18.673  29.056 0.0000000000
68099  -40.324  -12.566  30.420 0.0000000000
67173  -40.245  -13.858  29.140 0.0000000000
137933  -40.483  -13.142  28.731 0.0000000000
68155  -43.334  -12.509  26.256 0.0000000000
67190  -42.592  -13.812  27.353 0.0000000000
67205  -44.030  -13.648  27.002 0.0000000000
66254  -45.326  -15.223  27.586 0.0000000000
72782  -46.048  -7.976  21.044 0.0000000000
73835  -45.650  -6.682  21.179 0.0000000000
122490  -46.513  -5.960  20.375 0.0000000000
45400  -8.461  -35.269  54.608 0.0000000000
44343  -7.832  -35.447  54.835 0.0000000000
42402  -8.564  -36.786  54.699 0.0000000000
41487  -9.164  -38.247  57.150 0.0000000000
40599  -8.424  -39.392  59.039 0.0000000000
53799  -36.774  -26.189  39.792 0.0000000000
53791  -38.158  -26.286  40.213 0.0000000000
54795  -37.553  -25.466  38.896 0.0000000000
56668  -35.600  -23.982  37.978 0.0000000000
55723  -36.781  -24.584  37.868 0.0000000000
56670  -36.936  -23.637  37.696 0.0000000000
57736  -37.438  -22.747  37.919 0.0000000000
57735  -36.539  -22.543  37.676 0.0000000000
60934  -31.074  -19.536  39.694 0.0000000000
59891  -32.586  -20.388  35.989 0.0000000000
137253  -32.136  -20.890  37.250 0.0000000000
58853  -34.017  -21.498  36.730 0.0000000000
58838  -34.644  -21.599  37.152 0.0000000000
59874  -34.930  -20.969  36.925 0.0000000000
59876  -36.433  -20.315  37.536 0.0000000000
119270  -34.948  -20.711  36.291 0.0000000000
120517  -35.264  -19.270  33.915 0.0000000000
59937  -36.581  -20.291  34.816 0.0000000000
59952  -36.673  -20.172  33.996 0.0000000000
59939  -38.347  -20.919  34.440 0.0000000000
59953  -37.293  -20.336  33.391 0.0000000000
120462  -37.897  -20.374  32.709 0.0000000000
61023  -37.071  -19.838  32.564 0.0000000000
65272  -36.590  -16.086  32.761 0.0000000000
64229  -36.714  -17.121  31.867 0.0000000000
65273  -37.468  -16.053  32.687 0.0000000000
50636  -24.600  -29.012  46.798 0.0000000000
140914  -24.178  -29.320  48.395 0.0000000000
50625  -25.209  -29.770  47.342 0.0000000000
45426  -12.967  -34.177  52.445 0.0000000000
45425  -11.967  -34.022  52.488 0.0000000000
44376  -13.059  -35.152  53.721 0.0000000000
46499  -17.544  -33.377  51.623 0.0000000000
46482  -16.170  -33.870  52.154 0.0000000000
46483  -17.387  -34.016  53.110 0.0000000000
48519  -21.694  -31.248  50.701 0.0000000000
50587  -22.347  -29.909  50.163 0.0000000000
51641  -23.029  -28.976  50.741 0.0000000000
136214  -24.352  -29.413  50.824 0.0000000000
51712  -35.496  -28.957  44.242 0.0000000000
50676  -35.357  -29.390  44.939 0.0000000000
53661  -19.533  -26.794  49.822 0.0000000000
132792  -19.389  -28.306  49.173 0.0000000000
50599  -19.320  -29.727  48.844 0.0000000000
48544  -18.840  -31.767  49.224 0.0000000000
48562  -20.119  -31.313  48.669 0.0000000000
48547  -21.124  -31.687  49.091 0.0000000000
54771  -33.767  -25.905  41.146 0.0000000000
54772  -34.639  -25.707  40.985 0.0000000000
54751  -31.054  -25.054  43.271 0.0000000000
54759  -30.979  -25.999  41.974 0.0000000000
124801  -33.204  -25.509  41.844 0.0000000000
62158  -38.707  -18.672  29.950 0.0000000000
61054  -39.976  -19.201  29.268 0.0000000000
125185  -39.665  -18.404  28.909 0.0000000000
63315  -40.628  -17.284  28.261 0.0000000000
133169  -41.331  -17.138  27.917 0.0000000000
68121  -40.923  -11.650  27.701 0.0000000000
69002  -41.440  -11.320  26.943 0.0000000000
69014  -42.003  -11.686  26.369 0.0000000000
69027  -43.528  -11.872  25.340 0.0000000000
68157  -45.173  -12.541  25.780 0.0000000000
69044  -44.108  -11.450  24.555 0.0000000000
69927  -44.584  -10.946  24.009 0.0000000000
70794  -45.379  -9.935  22.892 0.0000000000
70807  -44.925  -9.295  22.464 0.0000000000
138790  -44.273  -7.696  22.425 0.0000000000
43321  -11.219  -36.318  55.439 0.0000000000
42392  -9.873  -36.908  55.617 0.0000000000
42374  -10.854  -36.822  56.906 0.0000000000
56649  -35.931  -24.196  39.651 0.0000000000
56658  -35.520  -23.971  38.701 0.0000000000
56647  -34.684  -23.427  39.294 0.0000000000
57723  -33.886  -22.837  39.172 0.0000000000
62086  -31.240  -18.677  38.408 0.0000000000
63222  -31.624  -17.202  37.641 0.0000000000
62099  -31.592  -18.451  35.987 0.0000000000
60988  -32.542  -19.539  35.323 0.0000000000
60990  -34.102  -19.886  35.170 0.0000000000
61006  -33.859  -19.094  34.492 0.0000000000
62125  -34.115  -18.246  33.959 0.0000000000
62134  -34.906  -18.411  33.474 0.0000000000
62142  -35.480  -18.233  32.755 0.0000000000
64204  -34.977  -16.699  33.282 0.0000000000
50638  -26.246  -29.985  45.958 0.0000000000
49593  -26.198  -30.783  47.868 0.0000000000
48596  -27.207  -31.122  46.988 0.0000000000
140575  -13.220  -32.919  51.718 0.0000000000
45427  -13.916  -34.323  52.525 0.0000000000
39736  -6.419  -40.026  56.700 0.0000000000
42356  -5.362  -38.334  57.547 0.0000000000
39723  -5.102  -40.451  57.679 0.0000000000
125042  -4.442  -40.626  58.594 0.0000000000
39704  -3.526  -40.680  59.780 0.0000000000
58816  -39.254  -21.918  39.751 0.0000000000
49639  -30.192  -30.449  44.278 0.0000000000
49605  -30.956  -30.856  45.889 0.0000000000
51618  -16.477  -28.810  52.753 0.0000000000
49528  -16.162  -29.922  51.773 0.0000000000
48517  -15.476  -31.566  51.153 0.0000000000
48529  -16.626  -31.193  50.661 0.0000000000
47504  -17.098  -32.817  50.954 0.0000000000
46500  -18.530  -33.280  51.784 0.0000000000
47524  -19.077  -32.376  49.681 0.0000000000
47506  -19.228  -32.981  51.520 0.0000000000
47465  -19.616  -33.219  53.157 0.0000000000
75686  -49.324  -3.927  18.878 0.0000000000
52737  -37.685  -27.858  42.902 0.0000000000
52769  -38.026  -27.093  41.667 0.0000000000
52768  -37.278  -27.238  41.551 0.0000000000
53789  -36.449  -26.499  40.337 0.0000000000
53798  -36.272  -26.007  39.788 0.0000000000
54773  -35.430  -25.523  40.902 0.0000000000
54774  -35.928  -25.411  40.365 0.0000000000
55706  -36.115  -24.822  39.922 0.0000000000
57710  -36.012  -23.460  40.434 0.0000000000
51678  -21.353  -27.907  46.962 0.0000000000
51669  -22.596  -28.633  47.334 0.0000000000
52691  -22.423  -27.380  46.245 0.0000000000
52692  -23.297  -27.584  46.047 0.0000000000
51681  -24.423  -28.330  46.040 0.0000000000
54722  -24.349  -25.428  44.982 0.0000000000
51694  -24.778  -27.964  45.229 0.0000000000
50655  -25.785  -29.339  45.306 0.0000000000
50656  -26.438  -29.773  45.017 0.0000000000
50657  -27.060  -30.106  44.682 0.0000000000
50671  -28.088  -29.851  43.919 0.0000000000
52711  -28.521  -27.916  45.192 0.0000000000
51710  -28.124  -28.920  44.184 0.0000000000
50683  -28.752  -29.488  43.599 0.0000000000
49648  -29.727  -30.109  43.767 0.0000000000
49649  -30.535  -30.051  43.760 0.0000000000
127822  -31.586  -29.094  43.238 0.0000000000
51728  -32.613  -28.717  43.163 0.0000000000
52750  -32.115  -27.292  41.743 0.0000000000
51741  -33.300  -28.283  42.612 0.0000000000
51729  -33.706  -28.671  43.384 0.0000000000
51743  -35.100  -28.205  42.709 0.0000000000
52736  -36.764  -28.237  43.019 0.0000000000
53702  -20.974  -26.343  47.383 0.0000000000
61045  -41.593  -19.717  30.123 0.0000000000
66243  -40.082  -14.548  29.649 0.0000000000
65313  -40.568  -15.362  28.480 0.0000000000
65325  -41.864  -15.446  27.566 0.0000000000
68108  -41.061  -13.201  27.886 0.0000000000
66266  -42.245  -14.621  27.482 0.0000000000
126644  -42.793  -15.473  27.422 0.0000000000
65315  -44.563  -15.568  27.580 0.0000000000
72802  -47.680  -7.374  19.800 0.0000000000
129526  -47.164  -5.875  19.914 0.0000000000
75682  -47.839  -4.157  20.160 0.0000000000
44329  -6.884  -36.198  55.482 0.0000000000
42388  -6.889  -37.738  55.388 0.0000000000
41503  -8.800  -37.773  55.805 0.0000000000
138735  -7.756  -38.624  55.958 0.0000000000
40620  -7.130  -39.679  56.481 0.0000000000
40612  -7.697  -40.086  57.747 0.0000000000
53780  -38.512  -26.593  41.109 0.0000000000
53792  -39.122  -26.023  40.541 0.0000000000
54785  -39.554  -25.208  40.207 0.0000000000
54806  -37.450  -24.883  38.268 0.0000000000
55716  -38.740  -24.485  39.106 0.0000000000
55717  -39.443  -24.482  39.671 0.0000000000
56660  -39.248  -23.317  39.249 0.0000000000
57724  -38.921  -22.523  39.182 0.0000000000
58815  -38.489  -21.541  39.388 0.0000000000
57706  -32.622  -22.185  39.801 0.0000000000
57733  -33.034  -22.034  38.669 0.0000000000
59858  -31.499  -20.507  38.498 0.0000000000
58824  -32.564  -21.600  38.408 0.0000000000
57747  -33.985  -22.086  37.627 0.0000000000
57749  -35.595  -22.198  37.459 0.0000000000
58827  -36.544  -21.388  37.843 0.0000000000
59918  -35.619  -20.441  35.988 0.0000000000
120140  -36.838  -20.361  36.221 0.0000000000
59954  -39.638  -21.083  33.136 0.0000000000
59967  -38.500  -20.362  32.050 0.0000000000
61032  -38.206  -19.446  30.728 0.0000000000
62143  -36.400  -18.344  31.917 0.0000000000
62151  -37.365  -18.305  30.931 0.0000000000
61041  -38.089  -18.610  30.510 0.0000000000
63286  -38.745  -17.313  30.517 0.0000000000
64232  -39.242  -16.702  31.207 0.0000000000
137122  -23.340  -28.922  48.045 0.0000000000
50602  -24.253  -29.493  49.293 0.0000000000
49579  -26.299  -31.178  48.668 0.0000000000
44373  -10.179  -34.690  53.546 0.0000000000
46476  -10.801  -33.240  52.795 0.0000000000
132648  -10.699  -34.427  53.094 0.0000000000
44359  -11.230  -35.661  53.994 0.0000000000
43322  -12.184  -36.038  55.865 0.0000000000
47502  -15.188  -32.405  51.353 0.0000000000
46481  -15.283  -33.883  52.102 0.0000000000
45419  -15.184  -34.719  53.355 0.0000000000
37772  -4.990  -42.926  60.141 0.0000000000
137171  -3.215  -42.018  59.657 0.0000000000
125631  -2.943  -41.262  59.991 0.0000000000
50611  -22.186  -29.505  48.480 0.0000000000
50623  -21.931  -29.019  47.757 0.0000000000
51733  -38.265  -28.308  43.625 0.0000000000
51667  -20.900  -28.414  47.368 0.0000000000
49591  -20.944  -29.968  47.759 0.0000000000
64243  -39.903  -16.343  30.231 0.0000000000
65283  -40.373  -15.933  31.075 0.0000000000
71754  -42.801  -8.272  25.920 0.0000000000
70773  -42.043  -9.505  25.632 0.0000000000
71753  -42.373  -8.801  25.379 0.0000000000
71764  -42.613  -8.746  24.594 0.0000000000
72760  -43.082  -7.927  24.463 0.0000000000
64185  -33.004  -16.196  35.176 0.0000000000
49623  -28.892  -30.583  44.582 0.0000000000
48597  -28.611  -31.151  46.064 0.0000000000
48615  -29.199  -30.943  45.457 0.0000000000
49526  -14.784  -30.444  52.497 0.0000000000
48504  -14.325  -31.075  51.919 0.0000000000
49539  -15.072  -30.892  51.607 0.0000000000
75684  -48.159  -4.891  19.569 0.0000000000
73845  -48.882  -5.941  18.888 0.0000000000
74796  -48.900  -4.930  18.987 0.0000000000
55700  -41.340  -24.346  41.368 0.0000000000
55708  -40.834  -24.000  40.771 0.0000000000
50687  -33.298  -29.137  43.960 0.0000000000
50675  -33.909  -29.432  44.575 0.0000000000
51639  -18.500  -28.963  50.117 0.0000000000
52649  -18.477  -28.307  50.753 0.0000000000
50586  -17.975  -29.610  50.419 0.0000000000
49553  -17.784  -30.698  49.992 0.0000000000
52775  -34.580  -26.945  40.721 0.0000000000
52776  -35.231  -26.843  40.607 0.0000000000
54702  -23.033  -25.288  46.079 0.0000000000
53737  -27.288  -27.212  45.611 0.0000000000
53736  -26.543  -26.732  44.987 0.0000000000
52709  -26.907  -27.598  44.949 0.0000000000
53749  -30.092  -26.172  44.270 0.0000000000
53758  -29.839  -27.059  43.077 0.0000000000
53768  -30.324  -26.673  42.549 0.0000000000
52765  -34.498  -27.425  41.309 0.0000000000
133098  -39.459  -20.200  30.659 0.0000000000
61043  -39.744  -19.813  29.974 0.0000000000
63316  -41.968  -17.598  27.917 0.0000000000
141814  -42.597  -17.828  28.160 0.0000000000
64270  -43.530  -16.968  27.862 0.0000000000
68986  -40.581  -11.731  30.200 0.0000000000
68102  -40.393  -12.258  29.344 0.0000000000
68141  -44.095  -13.028  26.704 0.0000000000
67206  -44.806  -13.521  26.866 0.0000000000
67192  -44.719  -14.137  27.066 0.0000000000
74791  -45.854  -5.899  20.975 0.0000000000
44357  -9.369  -35.250  54.198 0.0000000000
43339  -8.909  -36.092  54.465 0.0000000000
43319  -9.429  -36.606  54.810 0.0000000000
54794  -36.695  -25.673  39.170 0.0000000000
53800  -37.407  -26.065  39.604 0.0000000000
56669  -35.837  -23.388  37.626 0.0000000000
58852  -33.468  -20.911  36.303 0.0000000000
59892  -34.308  -20.962  36.409 0.0000000000
59893  -35.747  -20.505  36.942 0.0000000000
61015  -36.023  -19.663  33.718 0.0000000000
136794  -36.135  -19.979  34.414 0.0000000000
61016  -36.647  -19.936  33.289 0.0000000000
123700  -36.277  -19.455  32.853 0.0000000000
50624  -24.519  -29.384  47.723 0.0000000000
45417  -13.456  -34.760  53.103 0.0000000000
44377  -13.873  -35.141  53.866 0.0000000000
44361  -13.379  -35.432  54.481 0.0000000000
44362  -14.194  -35.368  54.676 0.0000000000
46484  -17.953  -33.712  52.461 0.0000000000
125967  -17.050  -33.793  52.278 0.0000000000
42357  -6.185  -37.207  56.549 0.0000000000
43282  -5.770  -37.568  57.436 0.0000000000
53771  -40.565  -26.254  42.093 0.0000000000
49554  -21.830  -30.714  49.848 0.0000000000
49542  -22.025  -30.379  50.695 0.0000000000
51658  -22.802  -29.256  49.037 0.0000000000
51649  -23.044  -29.078  49.898 0.0000000000
51642  -23.478  -28.982  50.498 0.0000000000
51650  -23.607  -29.156  49.664 0.0000000000
51713  -36.308  -28.853  44.228 0.0000000000
54662  -20.188  -25.472  49.660 0.0000000000
53662  -19.883  -26.210  49.280 0.0000000000
51656  -19.651  -28.873  48.651 0.0000000000
51648  -19.026  -28.980  49.341 0.0000000000
140735  -19.743  -30.520  48.605 0.0000000000
48563  -20.931  -31.288  48.547 0.0000000000
48532  -21.437  -31.537  49.727 0.0000000000
54762  -34.180  -25.475  41.702 0.0000000000
144316  -33.397  -25.004  43.265 0.0000000000
62159  -39.114  -18.353  29.388 0.0000000000
64255  -39.873  -16.247  29.230 0.0000000000
64268  -39.972  -16.932  28.635 0.0000000000
64269  -40.727  -16.603  28.191 0.0000000000
140452  -41.086  -10.861  27.537 0.0000000000
69904  -41.436  -10.526  27.018 0.0000000000
143581  -42.069  -10.724  25.562 0.0000000000
137703  -41.741  -10.896  26.214 0.0000000000
69026  -42.257  -11.279  25.687 0.0000000000
135651  -42.692  -11.898  25.889 0.0000000000
126272  -42.788  -11.415  25.280 0.0000000000
69043  -43.205  -11.003  24.650 0.0000000000
132004  -43.839  -10.797  24.123 0.0000000000
69941  -44.119  -10.343  23.573 0.0000000000
70793  -44.532  -9.797  23.062 0.0000000000
70806  -44.165  -9.080  22.815 0.0000000000
73811  -43.668  -7.279  24.021 0.0000000000
71780  -43.900  -8.232  22.829 0.0000000000
56648  -35.431  -23.742  39.671 0.0000000000
63234  -31.936  -17.417  35.799 0.0000000000
63233  -31.540  -17.676  36.758 0.0000000000
62113  -32.107  -18.539  35.260 0.0000000000
137006  -31.882  -19.049  35.527 0.0000000000
60989  -33.376  -19.547  35.035 0.0000000000
62114  -32.855  -18.867  34.734 0.0000000000
63260  -33.691  -17.306  34.005 0.0000000000
62124  -33.223  -18.127  34.283 0.0000000000
63267  -34.455  -17.456  33.532 0.0000000000
63268  -35.122  -17.510  33.003 0.0000000000
49604  -26.723  -30.619  46.485 0.0000000000
48613  -27.350  -30.865  46.141 0.0000000000
135521  -28.757  -31.431  46.735 0.0000000000
48580  -28.441  -31.579  47.244 0.0000000000
48515  -13.874  -31.718  51.676 0.0000000000
47500  -13.501  -32.331  51.635 0.0000000000
46479  -13.491  -33.628  52.005 0.0000000000
46480  -14.387  -33.792  52.044 0.0000000000
39725  -6.405  -40.605  57.277 0.0000000000
39724  -5.715  -40.291  57.099 0.0000000000
38714  -5.686  -40.972  57.783 0.0000000000
38713  -4.973  -41.039  58.123 0.0000000000
38704  -4.619  -41.495  58.726 0.0000000000
38691  -3.824  -41.480  59.263 0.0000000000
56651  -40.938  -23.351  40.631 0.0000000000
57712  -40.608  -22.757  40.381 0.0000000000
58802  -40.370  -21.752  40.663 0.0000000000
57711  -39.914  -22.308  40.055 0.0000000000
49640  -31.078  -30.340  44.413 0.0000000000
49626  -31.508  -30.536  45.272 0.0000000000
50575  -16.866  -29.559  51.474 0.0000000000
50564  -16.361  -29.276  52.328 0.0000000000
119646  -15.904  -30.771  51.213 0.0000000000
47523  -17.620  -32.365  50.407 0.0000000000
47505  -17.995  -32.995  50.937 0.0000000000
48545  -19.597  -31.966  49.068 0.0000000000
47483  -20.540  -32.559  52.235 0.0000000000
121239  -19.564  -32.759  50.661 0.0000000000
140380  -19.915  -32.875  51.752 0.0000000000
46501  -19.361  -33.156  52.255 0.0000000000
52754  -36.845  -27.657  42.178 0.0000000000
126251  -37.623  -27.446  42.143 0.0000000000
139778  -36.600  -27.299  41.422 0.0000000000
53788  -35.730  -26.437  40.376 0.0000000000
55697  -36.493  -24.645  41.024 0.0000000000
52690  -21.553  -27.214  46.661 0.0000000000
143530  -23.326  -26.260  45.493 0.0000000000
52693  -24.039  -27.675  45.739 0.0000000000
52708  -25.334  -27.376  44.797 0.0000000000
51695  -25.563  -28.528  44.856 0.0000000000
139568  -26.108  -29.217  44.767 0.0000000000
50669  -26.757  -29.535  44.543 0.0000000000
50670  -27.403  -29.920  44.253 0.0000000000
49637  -27.973  -30.225  44.460 0.0000000000
52712  -29.140  -27.252  45.684 0.0000000000
136855  -28.040  -28.491  44.823 0.0000000000
52725  -28.577  -28.202  44.220 0.0000000000
51725  -29.529  -28.388  43.048 0.0000000000
51724  -28.771  -28.775  43.516 0.0000000000
139239  -29.223  -29.035  43.257 0.0000000000
50684  -29.370  -29.558  43.438 0.0000000000
50685  -30.031  -29.647  43.419 0.0000000000
51740  -30.960  -27.904  42.377 0.0000000000
52763  -31.462  -26.532  41.707 0.0000000000
123488  -33.765  -27.522  41.577 0.0000000000
52751  -33.050  -27.759  41.894 0.0000000000
51742  -34.188  -28.301  42.778 0.0000000000
51744  -35.980  -27.996  42.480 0.0000000000
54686  -21.386  -25.656  47.446 0.0000000000
52689  -21.033  -26.875  47.086 0.0000000000
59955  -40.589  -21.321  33.078 0.0000000000
59971  -42.597  -20.748  32.037 0.0000000000
61055  -41.068  -19.268  29.352 0.0000000000
66233  -40.180  -14.428  30.680 0.0000000000
65292  -40.140  -15.273  30.350 0.0000000000
66252  -40.403  -14.645  28.763 0.0000000000
141305  -40.943  -14.823  28.261 0.0000000000
65314  -41.199  -15.422  27.969 0.0000000000
66265  -41.486  -14.703  27.847 0.0000000000
68122  -41.192  -12.518  27.571 0.0000000000
119916  -41.933  -13.033  27.281 0.0000000000
67191  -43.371  -13.845  27.207 0.0000000000
66267  -43.125  -14.498  27.326 0.0000000000
64281  -43.685  -16.034  27.559 0.0000000000
70816  -46.200  -9.056  21.761 0.0000000000
71799  -46.785  -8.181  20.675 0.0000000000
72793  -47.174  -7.740  20.224 0.0000000000
144025  -46.850  -5.310  20.271 0.0000000000
74793  -47.414  -5.040  19.937 0.0000000000
140262  -7.406  -36.486  54.699 0.0000000000
44342  -7.241  -35.745  55.063 0.0000000000
42400  -7.051  -37.049  54.870 0.0000000000
43318  -6.624  -37.029  55.433 0.0000000000
42389  -7.479  -37.592  55.130 0.0000000000
42373  -10.161  -37.085  56.490 0.0000000000
42372  -9.504  -37.429  56.082 0.0000000000
42358  -9.711  -37.608  56.885 0.0000000000
139204  -8.770  -38.673  57.642 0.0000000000
41495  -8.503  -38.397  56.337 0.0000000000
41486  -8.522  -38.762  57.018 0.0000000000
138828  -7.862  -39.134  56.539 0.0000000000
126198  -7.646  -39.791  56.974 0.0000000000
40598  -8.056  -39.830  59.781 0.0000000000
53801  -38.084  -25.808  39.513 0.0000000000
54784  -38.795  -25.608  39.856 0.0000000000
54797  -39.033  -24.992  39.608 0.0000000000
55722  -35.991  -24.819  38.056 0.0000000000
54805  -36.675  -25.197  38.386 0.0000000000
55724  -37.868  -24.229  38.058 0.0000000000
141837  -38.380  -24.332  38.551 0.0000000000
121962  -39.185  -23.974  39.260 0.0000000000
57737  -38.115  -22.328  38.577 0.0000000000
58797  -31.579  -21.247  39.928 0.0000000000
58812  -32.120  -21.761  39.620 0.0000000000
57721  -32.510  -21.960  39.125 0.0000000000
60958  -31.339  -19.247  37.593 0.0000000000
60947  -31.304  -19.663  38.287 0.0000000000
59872  -31.561  -20.283  37.529 0.0000000000
58837  -33.259  -21.556  36.973 0.0000000000
123551  -32.661  -21.344  37.557 0.0000000000
58825  -33.338  -21.732  37.943 0.0000000000
57748  -34.680  -22.214  37.434 0.0000000000
58839  -35.319  -21.445  37.369 0.0000000000
59875  -35.751  -20.843  37.381 0.0000000000
58826  -36.116  -21.196  37.601 0.0000000000
59861  -36.774  -20.595  38.189 0.0000000000
58813  -37.115  -20.783  38.609 0.0000000000
60971  -36.830  -19.978  37.547 0.0000000000
60991  -34.923  -20.283  35.489 0.0000000000
59936  -35.740  -20.079  35.083 0.0000000000
59919  -36.326  -20.340  35.650 0.0000000000
138722  -38.652  -21.012  35.377 0.0000000000
59940  -39.118  -21.215  34.560 0.0000000000
58892  -39.521  -21.300  33.956 0.0000000000
59966  -37.732  -19.890  31.910 0.0000000000
59979  -38.264  -19.924  31.280 0.0000000000
63276  -35.709  -17.501  32.493 0.0000000000
142259  -35.921  -18.089  32.278 0.0000000000
63277  -36.279  -17.583  32.022 0.0000000000
63285  -36.922  -17.753  31.401 0.0000000000
136125  -37.804  -17.633  30.786 0.0000000000
119925  -38.986  -16.555  32.055 0.0000000000
51680  -22.948  -28.132  46.629 0.0000000000
50589  -24.740  -29.853  50.170 0.0000000000
134954  -25.314  -30.556  49.873 0.0000000000
48564  -26.970  -31.286  47.956 0.0000000000
48599  -30.431  -31.199  46.339 0.0000000000
45413  -9.663  -34.354  53.872 0.0000000000
47480  -11.317  -32.658  52.677 0.0000000000
46477  -11.527  -33.252  52.363 0.0000000000
44375  -12.271  -35.200  53.610 0.0000000000
45415  -11.529  -34.684  53.051 0.0000000000
134802  -11.587  -35.296  53.596 0.0000000000
44374  -10.848  -35.082  53.389 0.0000000000
43341  -11.732  -35.979  54.811 0.0000000000
46497  -15.721  -33.263  51.608 0.0000000000
45430  -16.533  -34.209  52.895 0.0000000000
45429  -15.681  -34.342  52.739 0.0000000000
45428  -14.813  -34.376  52.628 0.0000000000
76579  -50.087  -3.672  18.336 0.0000000000
36857  -2.568  -43.787  60.188 0.0000000000
36858  -3.489  -43.600  60.388 0.0000000000
37770  -3.140  -42.753  59.938 0.0000000000
38690  -2.641  -42.032  59.626 0.0000000000
126760  -21.591  -30.267  48.330 0.0000000000
50600  -21.982  -30.086  49.165 0.0000000000
132839  -20.137  -27.217  48.274 0.0000000000
51657  -20.285  -28.668  48.012 0.0000000000
49577  -21.141  -30.570  48.135 0.0000000000
55674  -34.176  -25.113  43.352 0.0000000000
64242  -39.529  -16.872  30.329 0.0000000000
70762  -41.561  -9.774  27.100 0.0000000000
70766  -41.829  -9.570  26.420 0.0000000000
69915  -42.096  -10.215  25.150 0.0000000000
69925  -42.601  -10.249  24.537 0.0000000000
70791  -42.748  -9.482  24.150 0.0000000000
70792  -43.235  -9.416  23.653 0.0000000000
71772  -43.522  -8.882  23.270 0.0000000000
57690  -34.688  -22.509  40.996 0.0000000000
57689  -33.685  -22.347  40.848 0.0000000000
139984  -32.449  -16.918  35.194 0.0000000000
64195  -33.593  -16.342  34.432 0.0000000000
65245  -34.321  -15.691  34.288 0.0000000000
49622  -27.571  -30.533  45.335 0.0000000000
142031  -27.937  -30.986  45.884 0.0000000000
48581  -29.308  -31.712  47.335 0.0000000000
47501  -14.314  -32.351  51.487 0.0000000000
73841  -48.333  -6.275  19.278 0.0000000000
39705  -6.778  -41.180  58.837 0.0000000000
38706  -6.077  -41.574  58.455 0.0000000000
38694  -6.334  -41.824  59.307 0.0000000000
38693  -5.645  -42.136  58.985 0.0000000000
139282  -5.190  -42.527  59.469 0.0000000000
50658  -32.841  -30.025  45.173 0.0000000000
50639  -33.957  -30.021  45.934 0.0000000000
52650  -19.236  -27.343  50.339 0.0000000000
143401  -18.860  -27.715  50.746 0.0000000000
52633  -18.454  -27.670  51.469 0.0000000000
51630  -17.923  -28.482  51.385 0.0000000000
125128  -17.537  -29.195  51.133 0.0000000000
143589  -17.146  -30.782  50.516 0.0000000000
47541  -20.911  -32.158  49.796 0.0000000000
47525  -20.448  -32.463  50.391 0.0000000000
47526  -20.992  -32.273  50.570 0.0000000000
54700  -21.853  -25.825  46.756 0.0000000000
124622  -22.159  -26.426  46.335 0.0000000000
54701  -22.462  -25.582  46.422 0.0000000000
53732  -22.882  -25.958  45.938 0.0000000000
54723  -25.409  -25.483  44.994 0.0000000000
54724  -26.244  -25.954  45.099 0.0000000000
135570  -26.114  -27.363  44.760 0.0000000000
51696  -26.211  -28.780  44.643 0.0000000000
143142  -27.598  -28.900  44.513 0.0000000000
53739  -30.167  -25.850  45.210 0.0000000000
53738  -29.604  -26.594  44.890 0.0000000000
51739  -30.230  -28.110  42.692 0.0000000000
119387  -32.740  -25.901  41.519 0.0000000000
53777  -32.369  -26.466  41.464 0.0000000000
52752  -34.438  -27.874  42.067 0.0000000000
59970  -41.101  -21.054  32.383 0.0000000000
126921  -40.747  -20.742  31.800 0.0000000000
133971  -40.775  -20.501  31.241 0.0000000000
59991  -41.174  -20.195  30.737 0.0000000000
62180  -41.168  -17.953  28.273 0.0000000000
62167  -41.583  -18.702  28.840 0.0000000000
137282  -40.148  -13.238  30.531 0.0000000000
67165  -40.070  -13.800  30.108 0.0000000000
133920  -40.175  -13.114  29.700 0.0000000000
68140  -42.422  -12.429  26.628 0.0000000000
68123  -43.125  -13.134  27.017 0.0000000000
119640  -43.952  -14.305  27.198 0.0000000000
66268  -44.649  -14.812  27.261 0.0000000000
66269  -45.403  -14.612  27.232 0.0000000000
71788  -44.842  -7.662  21.872 0.0000000000
128575  -45.908  -8.525  21.475 0.0000000000
72781  -45.490  -7.420  21.365 0.0000000000
72791  -45.959  -7.263  20.916 0.0000000000
73837  -46.964  -6.823  20.111 0.0000000000
73836  -46.205  -6.687  20.633 0.0000000000
74792  -46.351  -5.221  20.779 0.0000000000
43338  -8.028  -36.233  54.535 0.0000000000
40606  -8.201  -39.515  58.305 0.0000000000
53790  -37.215  -26.481  40.315 0.0000000000
127856  -36.114  -24.225  37.733 0.0000000000
56671  -38.058  -23.340  38.039 0.0000000000
59847  -31.329  -20.536  39.378 0.0000000000
59873  -31.954  -20.426  36.643 0.0000000000
58836  -32.638  -21.031  36.697 0.0000000000
61008  -35.597  -19.756  34.354 0.0000000000
138100  -37.862  -20.801  35.097 0.0000000000
59938  -37.424  -20.592  34.361 0.0000000000
119975  -38.098  -20.705  33.569 0.0000000000
64218  -36.994  -16.566  32.180 0.0000000000
64231  -38.201  -16.848  31.177 0.0000000000
119835  -23.804  -28.320  46.625 0.0000000000
51670  -23.905  -28.889  47.689 0.0000000000
129504  -24.919  -29.857  48.347 0.0000000000
46478  -12.498  -33.283  51.993 0.0000000000
45416  -12.541  -34.700  53.031 0.0000000000
134811  -12.719  -35.448  54.218 0.0000000000
44344  -12.695  -35.737  54.964 0.0000000000
46498  -16.628  -33.333  51.567 0.0000000000
54786  -40.156  -25.136  40.751 0.0000000000
125426  -21.653  -31.458  51.573 0.0000000000
49529  -22.030  -30.528  51.587 0.0000000000
50577  -22.444  -29.732  51.083 0.0000000000
51631  -22.902  -29.183  51.434 0.0000000000
50588  -22.783  -29.269  50.514 0.0000000000
51711  -34.705  -29.197  44.435 0.0000000000
53681  -19.760  -27.020  48.932 0.0000000000
52664  -19.445  -27.601  49.451 0.0000000000
49564  -18.497  -31.031  49.274 0.0000000000
134905  -18.996  -30.479  48.948 0.0000000000
49565  -19.234  -31.220  48.875 0.0000000000
48546  -20.500  -31.916  49.061 0.0000000000
47527  -21.306  -31.909  50.372 0.0000000000
54781  -34.469  -26.062  40.725 0.0000000000
54763  -35.236  -25.376  41.664 0.0000000000
125874  -30.502  -25.619  43.737 0.0000000000
125785  -30.576  -25.809  42.656 0.0000000000
54760  -31.348  -25.479  42.337 0.0000000000
54761  -32.274  -25.493  42.080 0.0000000000
141267  -39.395  -18.798  29.198 0.0000000000
62178  -39.475  -17.683  28.946 0.0000000000
62179  -40.130  -17.789  28.548 0.0000000000
63326  -42.038  -16.879  27.610 0.0000000000
68995  -40.619  -11.555  28.656 0.0000000000
69892  -40.794  -10.836  28.205 0.0000000000
68156  -44.253  -12.516  25.956 0.0000000000
69028  -44.587  -12.008  25.179 0.0000000000
69045  -45.036  -11.602  24.454 0.0000000000
127989  -44.598  -8.445  22.258 0.0000000000
143594  -45.023  -8.255  21.853 0.0000000000
73828  -44.458  -6.918  22.344 0.0000000000
43320  -10.332  -36.515  55.039 0.0000000000
43299  -10.662  -36.672  56.001 0.0000000000
55715  -35.891  -24.884  38.731 0.0000000000
56667  -34.666  -23.215  38.344 0.0000000000
57734  -33.758  -22.392  38.441 0.0000000000
63221  -31.388  -17.823  38.103 0.0000000000
62091  -31.328  -18.467  37.652 0.0000000000
130336  -31.373  -18.697  36.865 0.0000000000
60970  -31.709  -19.555  36.017 0.0000000000
59916  -33.390  -20.156  35.584 0.0000000000
62126  -34.622  -18.947  34.097 0.0000000000
64216  -35.490  -16.879  32.778 0.0000000000
65259  -34.922  -15.924  33.643 0.0000000000
64205  -35.675  -16.143  33.057 0.0000000000
65260  -36.327  -15.546  33.320 0.0000000000
66213  -37.062  -15.050  33.672 0.0000000000
49603  -26.012  -30.326  47.002 0.0000000000
48595  -26.615  -30.849  47.253 0.0000000000
48579  -27.767  -31.542  47.525 0.0000000000
48514  -13.088  -31.821  51.874 0.0000000000
46494  -12.752  -32.418  51.841 0.0000000000
46464  -18.956  -33.558  53.522 0.0000000000
40618  -5.869  -39.603  56.707 0.0000000000
41493  -5.430  -39.037  56.903 0.0000000000
40611  -5.214  -39.818  57.194 0.0000000000
40610  -4.745  -39.998  57.813 0.0000000000
40604  -4.511  -39.734  58.535 0.0000000000
40597  -4.056  -39.794  59.744 0.0000000000
67147  -40.618  -14.138  31.304 0.0000000000
68100  -40.829  -12.199  31.046 0.0000000000
58801  -39.583  -21.346  40.426 0.0000000000
48616  -30.080  -30.968  45.660 0.0000000000
49625  -30.601  -30.652  45.056 0.0000000000
50660  -34.531  -29.655  45.232 0.0000000000
50555  -15.928  -29.160  53.239 0.0000000000
49512  -15.717  -29.587  52.764 0.0000000000
48518  -16.133  -31.587  50.837 0.0000000000
47522  -16.781  -32.041  50.596 0.0000000000
127770  -18.754  -32.957  51.017 0.0000000000
46485  -18.816  -33.545  52.737 0.0000000000
52755  -38.324  -27.390  42.365 0.0000000000
52778  -36.865  -26.900  40.924 0.0000000000
54783  -36.208  -25.483  39.421 0.0000000000
120388  -35.123  -25.928  40.540 0.0000000000
57692  -36.658  -22.959  41.188 0.0000000000
51668  -21.625  -28.500  47.188 0.0000000000
51679  -22.034  -27.986  46.718 0.0000000000
55640  -23.987  -24.803  45.483 0.0000000000
53733  -23.933  -26.225  44.960 0.0000000000
53734  -24.825  -26.324  44.778 0.0000000000
52707  -24.376  -27.068  44.957 0.0000000000
51682  -25.066  -28.826  45.670 0.0000000000
52710  -27.816  -27.990  45.442 0.0000000000
143260  -28.297  -29.377  43.869 0.0000000000
130650  -28.831  -30.136  43.831 0.0000000000
49638  -29.460  -30.457  44.186 0.0000000000
50672  -31.415  -29.821  43.812 0.0000000000
121968  -30.697  -29.411  43.286 0.0000000000
50686  -32.351  -29.425  43.905 0.0000000000
52762  -30.797  -26.625  42.030 0.0000000000
52749  -31.166  -27.230  41.934 0.0000000000
140878  -31.631  -27.777  42.169 0.0000000000
125548  -32.382  -28.095  42.304 0.0000000000
51730  -34.737  -28.689  43.586 0.0000000000
51731  -35.889  -28.560  43.394 0.0000000000
54673  -20.432  -25.726  48.813 0.0000000000
54685  -20.664  -26.011  47.954 0.0000000000
124427  -20.553  -26.882  47.677 0.0000000000
52680  -20.929  -27.531  47.186 0.0000000000
134454  -41.959  -21.116  32.481 0.0000000000
61044  -40.650  -19.802  29.974 0.0000000000
59992  -42.054  -20.088  30.867 0.0000000000
61056  -42.052  -19.214  29.543 0.0000000000
65304  -40.041  -15.389  29.187 0.0000000000
134672  -40.830  -15.941  28.152 0.0000000000
64278  -41.456  -16.264  27.762 0.0000000000
64279  -42.158  -16.153  27.498 0.0000000000
137242  -40.669  -12.397  28.268 0.0000000000
67189  -41.700  -13.900  27.667 0.0000000000
64280  -42.792  -16.496  27.587 0.0000000000
64271  -44.537  -16.519  28.007 0.0000000000
72803  -48.283  -7.124  19.393 0.0000000000
73840  -47.695  -6.530  19.648 0.0000000000
74795  -47.846  -5.672  19.573 0.0000000000
76568  -47.907  -3.313  20.639 0.0000000000
43297  -6.608  -36.558  56.132 0.0000000000
130196  -6.348  -37.948  55.967 0.0000000000
42391  -9.101  -37.207  55.283 0.0000000000
42390  -8.298  -37.445  55.128 0.0000000000
140027  -9.172  -37.916  56.451 0.0000000000
41502  -8.032  -38.071  55.604 0.0000000000
41501  -7.264  -38.298  55.589 0.0000000000
41500  -6.742  -38.556  55.909 0.0000000000
40619  -6.570  -39.323  56.340 0.0000000000
39726  -7.140  -40.274  57.005 0.0000000000
140417  -7.092  -40.614  57.604 0.0000000000
40605  -7.897  -40.035  58.758 0.0000000000
39715  -7.296  -40.672  58.355 0.0000000000
53781  -39.383  -26.349  41.294 0.0000000000
54807  -38.144  -24.802  38.591 0.0000000000
55707  -40.151  -24.435  40.295 0.0000000000
55718  -39.779  -23.823  39.695 0.0000000000
126104  -38.650  -23.103  38.678 0.0000000000
57725  -39.505  -22.681  39.570 0.0000000000
58799  -32.854  -22.100  40.630 0.0000000000
58780  -31.742  -21.010  40.804 0.0000000000
58798  -32.168  -21.715  40.336 0.0000000000
57722  -33.139  -22.361  39.200 0.0000000000
125059  -31.234  -19.909  38.938 0.0000000000
59859  -32.018  -21.033  38.025 0.0000000000
133461  -34.356  -22.613  37.886 0.0000000000
58814  -37.673  -21.137  39.009 0.0000000000
59850  -38.111  -20.534  39.683 0.0000000000
60948  -36.963  -20.227  38.399 0.0000000000
137622  -36.148  -20.326  36.392 0.0000000000
58893  -40.181  -21.459  33.837 0.0000000000
120218  -38.736  -20.718  32.894 0.0000000000
59968  -39.350  -20.689  32.197 0.0000000000
59980  -39.019  -20.366  31.343 0.0000000000
59989  -38.728  -19.928  30.669 0.0000000000
135870  -36.009  -18.754  32.480 0.0000000000
61022  -36.593  -19.133  32.144 0.0000000000
61030  -36.931  -18.698  31.489 0.0000000000
61031  -37.570  -19.233  31.126 0.0000000000
61042  -38.606  -19.305  30.211 0.0000000000
63295  -38.638  -18.035  30.157 0.0000000000
137770  -23.727  -29.179  48.722 0.0000000000
51643  -24.045  -29.162  50.270 0.0000000000
49592  -25.613  -30.300  47.816 0.0000000000
49578  -25.633  -30.593  48.529 0.0000000000
48548  -25.746  -30.903  49.307 0.0000000000
48549  -26.336  -31.530  49.503 0.0000000000
48582  -30.296  -31.552  47.010 0.0000000000
45401  -9.016  -34.612  54.506 0.0000000000
44358  -10.321  -35.463  53.882 0.0000000000
46461  -10.468  -33.215  53.585 0.0000000000
45424  -11.023  -33.891  52.703 0.0000000000
45414  -10.312  -33.934  53.209 0.0000000000
43340  -10.798  -36.073  54.516 0.0000000000
46496  -14.821  -33.183  51.653 0.0000000000
46462  -17.658  -34.022  54.014 0.0000000000
45403  -15.486  -34.860  54.185 0.0000000000
45402  -14.686  -35.035  54.015 0.0000000000
37771  -4.371  -42.846  59.722 0.0000000000
128026  -4.260  -43.379  60.423 0.0000000000
38692  -4.030  -42.184  59.278 0.0000000000
38689  -2.117  -42.074  59.343 0.0000000000
122241  -2.380  -41.195  59.711 0.0000000000
40626  -7.155  -39.009  56.016 0.0000000000
42371  -5.817  -38.168  56.721 0.0000000000
43337  -6.969  -36.364  54.885 0.0000000000
44355  -7.484  -35.941  54.684 0.0000000000
44356  -8.003  -35.710  54.611 0.0000000000
47463  -11.355  -32.426  53.443 0.0000000000
55627  -23.513  -24.754  46.054 0.0000000000
61053  -39.114  -19.190  29.579 0.0000000000
71789  -45.424  -8.112  21.551 0.0000000000
125112  -8.509  -35.725  54.504 0.0000000000
132773  -31.402  -17.953  37.379 0.0000000000
138893  -30.659  -26.238  42.248 0.0000000000
141079  -41.651  -10.199  26.507 0.0000000000
143028  -45.635  -5.640  21.480 0.0000000000
144165  -12.441  -31.964  52.131 0.0000000000
