#!ascii label  , from subject sub-v1s21x0050406_ses-1 vox2ras=TkReg
1276
55327  -20.340  -25.581  -19.644 0.4285714328
131027  -21.552  -24.632  -20.797 0.2857142985
124718  -20.792  -24.998  -20.945 0.4285714328
57291  -22.933  -23.794  -20.845 0.4285714328
57306  -21.710  -23.932  -21.979 0.2857142985
57307  -22.379  -23.787  -21.756 0.4285714328
57308  -23.321  -23.278  -21.536 0.4285714328
59482  -22.203  -22.099  -22.327 0.4285714328
58374  -22.816  -22.496  -22.519 0.4285714328
60575  -22.812  -20.755  -22.485 0.4285714328
60576  -23.482  -20.451  -22.871 0.4285714328
62800  -22.982  -18.856  -22.781 0.5714285970
61682  -23.486  -19.665  -22.872 0.5714285970
61687  -24.140  -20.152  -23.346 0.4285714328
61701  -25.265  -19.854  -24.153 0.2857142985
141334  -24.362  -18.602  -23.379 0.7142857313
62801  -25.060  -18.531  -23.638 0.7142857313
63804  -26.531  -17.656  -25.342 0.7142857313
63811  -26.653  -18.005  -26.332 0.4285714328
63772  -25.415  -17.719  -23.665 0.7142857313
62808  -25.794  -18.588  -24.276 0.5714285970
64794  -27.090  -17.098  -27.266 0.5714285970
63789  -26.534  -16.960  -24.335 0.5714285970
64783  -27.235  -16.456  -25.681 0.5714285970
64788  -27.384  -16.576  -26.750 0.5714285970
64795  -27.453  -16.527  -27.453 0.5714285970
64769  -27.003  -16.295  -24.583 0.5714285970
64800  -27.528  -16.693  -28.176 0.4285714328
65794  -28.378  -15.249  -27.791 0.5714285970
128576  -29.338  -14.842  -29.521 0.5714285970
66710  -27.975  -14.933  -25.489 0.7142857313
66741  -28.675  -14.537  -28.315 0.7142857313
66750  -29.027  -14.070  -29.665 0.7142857313
66751  -29.677  -14.706  -30.138 0.5714285970
66731  -28.197  -15.309  -27.369 0.5714285970
66699  -26.765  -14.531  -24.294 0.5714285970
67701  -28.526  -13.838  -27.458 0.8571428657
66759  -29.225  -14.064  -30.485 0.7142857313
66760  -30.081  -14.623  -30.890 0.5714285970
67691  -28.560  -13.577  -26.259 0.7142857313
66711  -28.302  -14.070  -25.553 0.5714285970
67738  -29.720  -13.616  -31.558 0.7142857313
66764  -30.424  -14.400  -31.750 0.5714285970
67713  -28.817  -13.420  -29.010 0.7142857313
67729  -29.024  -13.593  -30.818 0.7142857313
67749  -30.528  -13.548  -32.717 0.5714285970
68674  -28.688  -13.094  -29.768 0.7142857313
67757  -30.944  -13.791  -33.594 0.5714285970
128959  -28.940  -12.781  -29.173 0.7142857313
68687  -29.742  -12.886  -31.693 0.7142857313
69580  -31.370  -12.380  -33.763 0.7142857313
68696  -31.255  -13.221  -33.946 0.7142857313
69555  -29.264  -11.643  -30.203 0.7142857313
127195  -30.065  -12.310  -31.823 0.7142857313
69572  -30.537  -12.131  -32.358 0.7142857313
69581  -31.886  -11.989  -34.415 0.7142857313
69566  -30.214  -11.482  -31.649 0.7142857313
69534  -29.766  -11.765  -27.516 0.5714285970
69586  -32.263  -11.673  -35.233 0.5714285970
70435  -32.914  -11.153  -37.274 0.5714285970
70405  -29.650  -11.100  -30.836 0.8571428657
70427  -32.207  -10.683  -35.262 0.7142857313
71318  -31.933  -9.963  -34.356 0.7142857313
70411  -30.633  -10.821  -31.920 0.8571428657
128077  -31.580  -10.336  -33.470 0.7142857313
72340  -31.188  -8.526  -33.932 0.8571428657
71329  -32.466  -9.481  -36.596 0.5714285970
71317  -31.478  -9.330  -33.588 0.8571428657
72331  -30.484  -9.282  -31.985 0.8571428657
71307  -30.662  -10.077  -31.906 0.8571428657
71311  -31.088  -9.738  -32.687 0.8571428657
123229  -29.232  -7.924  -32.943 0.8571428657
73378  -29.453  -7.631  -34.078 0.8571428657
74366  -27.831  -6.775  -33.363 0.8571428657
72336  -30.723  -8.824  -32.853 0.8571428657
73377  -28.355  -7.562  -33.253 0.8571428657
75266  -29.009  -5.847  -31.617 1.0000000000
73372  -29.286  -8.141  -32.070 0.8571428657
74361  -28.613  -6.980  -32.095 1.0000000000
77056  -28.982  -3.663  -31.411 1.0000000000
136463  -29.396  -1.481  -29.085 0.7142857313
76166  -29.065  -4.642  -31.501 1.0000000000
77048  -29.407  -4.021  -30.674 1.0000000000
136156  -29.352  -2.689  -30.152 1.0000000000
81362  -28.981  1.667  -29.231 1.0000000000
81351  -28.800  1.472  -28.535 0.8571428657
83107  -28.710  3.730  -29.019 0.8571428657
127772  -28.569  3.008  -28.702 1.0000000000
86541  -28.038  6.908  -29.930 0.8571428657
84784  -28.154  5.787  -29.340 0.8571428657
83922  -28.565  4.582  -29.310 1.0000000000
87497  -27.664  8.506  -30.408 0.8571428657
87500  -28.328  8.885  -30.997 0.8571428657
88451  -27.573  9.356  -30.662 0.7142857313
86538  -25.212  7.572  -29.379 0.5714285970
89376  -26.400  10.454  -30.739 0.7142857313
89380  -26.891  10.714  -31.288 0.5714285970
87488  -23.839  8.933  -29.477 0.5714285970
87489  -24.629  8.268  -29.588 0.5714285970
87487  -23.022  8.506  -29.668 0.4285714328
89373  -23.978  11.189  -30.313 0.4285714328
90264  -24.382  12.128  -30.913 0.4285714328
88432  -22.454  9.219  -28.093 0.2857142985
121364  -23.341  9.426  -27.736 0.2857142985
88435  -22.581  9.087  -29.109 0.2857142985
88427  -22.932  9.164  -26.819 0.2857142985
56296  -21.371  -24.392  -21.513 0.2857142985
65793  -27.916  -16.035  -27.037 0.5714285970
128460  -29.641  -14.053  -31.098 0.5714285970
70431  -32.471  -10.448  -36.337 0.5714285970
70421  -31.540  -11.376  -33.543 0.7142857313
70422  -31.961  -10.984  -34.309 0.7142857313
71323  -31.765  -9.046  -34.583 0.8571428657
73384  -30.705  -7.932  -34.554 0.8571428657
139065  -27.853  -7.254  -33.490 0.8571428657
78828  -29.178  -1.195  -30.052 0.8571428657
88419  -24.736  7.879  -25.805 0.1428571492
56295  -20.529  -24.532  -21.487 0.2857142985
58360  -21.495  -23.258  -22.002 0.2857142985
57316  -22.064  -23.488  -22.227 0.2857142985
57317  -22.645  -23.157  -22.252 0.4285714328
59484  -23.633  -22.138  -22.880 0.4285714328
60559  -21.494  -21.637  -21.878 0.2857142985
58373  -22.157  -22.898  -22.340 0.4285714328
60592  -24.159  -21.529  -23.328 0.4285714328
61680  -21.760  -20.064  -22.260 0.5714285970
125398  -23.907  -19.140  -23.144 0.5714285970
62807  -25.354  -19.182  -23.984 0.4285714328
134830  -23.323  -17.428  -23.255 0.2857142985
63771  -24.405  -17.744  -23.408 0.7142857313
63788  -26.117  -17.701  -24.264 0.7142857313
126798  -26.198  -16.076  -23.878 0.5714285970
64809  -28.739  -16.448  -29.134 0.4285714328
65770  -27.578  -15.690  -24.932 0.7142857313
65800  -28.028  -15.932  -27.820 0.7142857313
65801  -28.533  -15.305  -28.181 0.5714285970
65809  -29.174  -15.583  -29.276 0.4285714328
66742  -28.910  -13.969  -28.980 0.7142857313
67720  -28.816  -13.593  -29.538 0.7142857313
67672  -27.387  -13.950  -24.521 0.5714285970
67758  -31.880  -13.856  -34.353 0.5714285970
66771  -30.737  -14.416  -32.965 0.5714285970
68675  -28.894  -12.579  -30.372 0.7142857313
68680  -28.723  -13.188  -30.417 0.7142857313
68697  -31.881  -12.994  -34.603 0.5714285970
68668  -29.082  -12.745  -28.444 0.8571428657
136649  -30.730  -11.406  -32.287 0.7142857313
72347  -32.007  -8.816  -35.773 0.5714285970
72330  -30.045  -8.656  -32.048 1.0000000000
76173  -28.677  -5.251  -32.353 1.0000000000
75261  -29.552  -5.904  -30.702 1.0000000000
77941  -29.435  -2.475  -29.364 0.8571428657
80473  -28.976  0.070  -28.136 0.7142857313
79665  -29.313  -0.543  -29.356 1.0000000000
78827  -28.748  -0.986  -30.746 1.0000000000
80485  -29.067  0.886  -28.637 0.7142857313
80492  -29.140  0.244  -29.599 1.0000000000
80472  -28.203  0.276  -27.597 0.7142857313
82242  -28.959  2.154  -29.013 0.8571428657
85666  -27.531  5.891  -28.904 0.8571428657
131477  -28.722  4.155  -29.537 1.0000000000
83111  -28.758  3.345  -29.612 1.0000000000
87496  -26.833  8.920  -30.093 0.7142857313
88439  -23.719  9.636  -29.466 0.7142857313
143417  -25.492  8.136  -29.541 0.5714285970
88441  -24.891  9.112  -29.794 0.7142857313
89375  -25.598  10.760  -30.556 0.7142857313
86536  -22.789  8.030  -29.861 0.4285714328
133323  -23.217  9.378  -29.108 0.2857142985
90248  -23.373  11.073  -29.812 0.4285714328
90262  -25.120  11.397  -30.675 0.4285714328
90261  -23.330  11.815  -30.295 0.4285714328
90247  -23.158  11.114  -29.320 0.4285714328
64742  -24.958  -16.930  -23.489 0.4285714328
131826  -25.369  -16.331  -23.622 0.4285714328
89365  -23.860  10.401  -29.812 0.4285714328
88440  -24.344  9.796  -29.775 0.7142857313
89364  -23.654  10.073  -29.308 0.2857142985
89356  -23.456  10.195  -28.942 0.2857142985
138818  -20.709  -25.194  -20.099 0.4285714328
56285  -21.333  -24.828  -20.047 0.4285714328
55340  -20.101  -25.388  -20.476 0.2857142985
57274  -22.673  -24.149  -20.255 0.4285714328
56286  -22.160  -24.273  -21.062 0.4285714328
57305  -21.023  -23.990  -21.900 0.2857142985
60574  -22.124  -21.174  -22.167 0.2857142985
59483  -22.863  -21.724  -22.632 0.4285714328
126057  -23.535  -21.331  -22.951 0.4285714328
61681  -22.800  -19.803  -22.569 0.4285714328
136364  -22.862  -17.989  -22.957 0.2857142985
125005  -24.709  -19.390  -23.609 0.4285714328
64743  -25.820  -16.947  -23.726 0.5714285970
65782  -27.661  -15.866  -26.125 0.5714285970
64801  -28.219  -16.200  -28.412 0.4285714328
66732  -28.438  -14.563  -27.795 0.7142857313
65810  -29.769  -15.627  -29.886 0.5714285970
66700  -27.568  -14.814  -24.612 0.7142857313
66720  -28.237  -14.515  -26.725 0.7142857313
65758  -26.926  -15.432  -24.293 0.7142857313
67702  -28.791  -13.274  -28.035 0.5714285970
67739  -30.336  -13.883  -32.206 0.5714285970
68690  -30.336  -12.861  -32.290 0.7142857313
67692  -28.822  -12.996  -26.960 0.7142857313
69554  -29.094  -12.266  -29.575 0.8571428657
69548  -29.644  -11.246  -29.207 0.8571428657
71324  -32.169  -9.684  -35.392 0.8571428657
136431  -29.931  -8.324  -32.641 0.8571428657
137126  -30.265  -8.159  -33.447 0.8571428657
71306  -29.913  -9.606  -31.247 0.8571428657
73365  -28.959  -7.538  -31.677 1.0000000000
77038  -29.576  -3.380  -29.786 1.0000000000
79659  -29.346  -0.618  -28.511 0.8571428657
86546  -27.745  7.673  -30.143 0.8571428657
87491  -27.013  8.165  -29.688 0.8571428657
87490  -26.133  8.487  -29.651 0.7142857313
88450  -26.617  9.682  -30.432 0.7142857313
88442  -25.869  9.129  -29.987 0.5714285970
129812  -23.541  8.102  -29.563 0.5714285970
137371  -22.391  8.469  -29.622 0.4285714328
88438  -23.141  9.047  -29.389 0.4285714328
89374  -24.665  10.580  -30.223 0.4285714328
88416  -22.061  8.747  -26.255 0.2857142985
88433  -24.001  9.411  -27.049 0.2857142985
88418  -23.759  8.280  -25.452 0.1428571492
59464  -21.662  -22.444  -22.037 0.2857142985
64741  -23.888  -16.742  -23.454 0.2857142985
80486  -29.294  0.193  -28.856 1.0000000000
128137  -21.866  15.050  -31.258 0.2857142985
93000  -21.494  15.400  -29.330 0.1428571492
91721  -22.443  13.681  -30.886 0.2857142985
92370  -22.404  14.227  -31.582 0.2857142985
92356  -21.567  14.633  -29.314 0.1428571492
92987  -21.410  15.697  -28.138 0.1428571492
123037  -22.712  11.878  -29.235 0.1428571492
91027  -22.674  12.360  -30.173 0.2857142985
91709  -21.971  13.205  -29.460 0.1428571492
92389  -23.876  14.246  -33.035 0.2857142985
130099  -24.895  10.994  -35.351 0.2857142985
91034  -24.976  12.996  -33.892 0.2857142985
92333  -21.438  15.226  -27.532 0.1428571492
91028  -23.417  12.625  -30.783 0.2857142985
90274  -26.906  11.345  -33.247 0.2857142985
91729  -24.499  13.554  -32.580 0.2857142985
91029  -23.355  13.439  -31.295 0.2857142985
87516  -26.069  8.585  -34.477 0.1428571492
90273  -26.245  11.790  -33.611 0.2857142985
91735  -25.191  13.102  -33.026 0.2857142985
91695  -21.825  14.151  -28.968 0.1428571492
91730  -25.200  12.998  -32.225 0.2857142985
91030  -24.200  12.934  -31.264 0.2857142985
85696  -24.617  6.763  -35.156 0.1428571492
86564  -25.372  7.282  -34.884 0.1428571492
89396  -26.154  10.018  -34.260 0.4285714328
90266  -26.402  11.926  -31.835 0.2857142985
84795  -27.457  5.433  -33.143 0.2857142985
87503  -28.391  8.380  -32.622 0.4285714328
90270  -27.233  10.970  -32.485 0.2857142985
82277  -26.254  2.886  -33.854 0.1428571492
85687  -26.928  6.697  -34.107 0.2857142985
89384  -27.492  10.254  -32.409 0.4285714328
85684  -28.548  7.144  -31.927 0.5714285970
87504  -28.392  9.065  -31.791 0.7142857313
81402  -26.819  1.342  -33.662 0.1428571492
83121  -27.203  3.626  -32.864 0.1428571492
89381  -27.373  10.373  -31.728 0.4285714328
84791  -27.863  5.569  -31.981 0.4285714328
79701  -27.116  -0.058  -33.860 0.2857142985
141555  -27.541  0.966  -32.947 0.7142857313
86549  -28.447  7.320  -31.067 0.7142857313
83118  -28.190  3.219  -31.668 0.8571428657
84792  -28.395  5.762  -30.984 0.5714285970
126660  -26.982  -1.837  -34.510 0.2857142985
130340  -26.525  -0.868  -34.567 0.2857142985
83927  -28.136  4.830  -31.504 0.7142857313
84776  -26.049  5.617  -28.581 0.5714285970
83928  -28.609  4.925  -30.529 0.8571428657
77979  -26.070  -2.699  -35.589 0.1428571492
80514  -27.927  0.720  -32.307 0.7142857313
77988  -26.141  -3.696  -35.911 0.1428571492
75221  -29.988  -5.268  -26.996 0.5714285970
120594  -29.785  -4.383  -29.876 0.8571428657
121010  -29.596  -3.077  -28.703 0.8571428657
135842  -29.717  -3.579  -28.048 0.4285714328
80491  -28.885  1.013  -29.781 0.8571428657
77964  -28.451  -2.403  -32.418 0.8571428657
130413  -28.598  1.116  -30.542 0.8571428657
77075  -26.929  -4.088  -35.421 0.2857142985
79694  -28.180  -0.819  -32.215 0.8571428657
130068  -28.391  0.891  -31.392 0.8571428657
83114  -28.762  4.153  -30.138 0.8571428657
76206  -28.013  -4.869  -37.427 0.4285714328
143508  -27.639  -1.829  -33.608 0.7142857313
80523  -27.907  -0.101  -32.480 0.7142857313
75207  -28.665  -5.751  -26.367 0.2857142985
75250  -30.078  -5.671  -29.277 0.5714285970
75233  -30.130  -5.345  -28.213 0.5714285970
76161  -29.559  -4.991  -30.764 0.8571428657
77959  -28.650  -2.239  -31.608 0.8571428657
78836  -28.856  -1.721  -30.789 0.8571428657
132150  -28.516  -1.348  -31.488 0.8571428657
79679  -28.512  -0.576  -31.279 0.8571428657
77076  -27.587  -4.490  -34.772 0.4285714328
131097  -28.147  -3.070  -33.628 0.8571428657
78840  -27.970  -1.381  -32.994 0.8571428657
75291  -27.618  -6.114  -35.946 0.4285714328
70370  -29.857  -10.412  -26.360 0.7142857313
72266  -29.282  -9.024  -25.841 0.4285714328
70381  -30.138  -10.845  -27.132 0.7142857313
125762  -29.795  -9.187  -29.404 0.8571428657
72289  -30.373  -8.318  -26.838 0.5714285970
74285  -29.834  -6.731  -26.541 0.5714285970
74284  -28.929  -6.523  -26.246 0.4285714328
72321  -29.583  -8.619  -29.940 0.8571428657
73341  -30.161  -7.614  -28.452 0.5714285970
75234  -30.227  -5.920  -27.610 0.5714285970
73366  -29.238  -8.096  -31.253 0.8571428657
73350  -29.641  -7.239  -29.995 0.7142857313
74324  -30.183  -6.190  -28.605 0.5714285970
74367  -28.309  -7.309  -34.069 0.7142857313
74373  -27.831  -6.844  -34.261 0.7142857313
76172  -28.499  -4.737  -32.968 0.7142857313
123916  -28.499  -3.770  -33.144 0.8571428657
74393  -31.361  -6.277  -37.727 0.2857142985
74382  -28.866  -6.698  -35.816 0.4285714328
74381  -28.043  -6.537  -35.332 0.5714285970
68648  -28.962  -12.734  -25.828 0.4285714328
69513  -29.237  -11.243  -25.652 0.4285714328
129100  -29.255  -9.979  -25.765 0.4285714328
70410  -30.138  -10.522  -31.332 0.7142857313
71298  -29.662  -9.921  -29.785 0.7142857313
71303  -29.654  -10.191  -30.615 0.7142857313
72326  -29.393  -8.799  -30.919 0.8571428657
73392  -31.046  -7.843  -35.657 0.7142857313
73398  -31.384  -6.935  -37.656 0.2857142985
73383  -30.284  -7.379  -35.673 0.5714285970
67682  -28.597  -13.294  -24.986 0.4285714328
68624  -27.341  -12.540  -24.529 0.5714285970
69524  -29.688  -11.416  -26.405 0.5714285970
70362  -29.432  -10.722  -25.808 0.5714285970
70399  -29.505  -10.723  -30.011 0.7142857313
72354  -32.360  -8.472  -37.281 0.4285714328
73399  -31.845  -7.484  -37.631 0.4285714328
133740  -31.020  -7.498  -36.969 0.4285714328
65757  -25.985  -15.033  -23.965 0.5714285970
65824  -31.157  -15.165  -32.449 0.4285714328
66781  -31.526  -14.526  -33.846 0.4285714328
69597  -33.794  -12.086  -37.798 0.4285714328
121483  -32.646  -12.395  -36.179 0.4285714328
137510  -34.202  -11.087  -37.993 0.4285714328
132293  -32.839  -10.233  -37.263 0.4285714328
60593  -24.624  -20.955  -23.731 0.1428571492
67766  -32.634  -13.686  -35.152 0.4285714328
67775  -33.658  -13.688  -36.269 0.4285714328
68708  -34.387  -13.144  -37.207 0.4285714328
60625  -25.762  -20.137  -24.564 0.1428571492
61734  -26.714  -19.221  -25.600 0.1428571492
63823  -27.810  -17.574  -28.614 0.2857142985
64825  -32.420  -16.758  -32.143 0.2857142985
141003  -35.360  -15.689  -33.333 0.2857142985
65833  -34.236  -15.969  -33.365 0.2857142985
65817  -30.538  -15.616  -30.637 0.4285714328
66772  -34.790  -14.704  -33.799 0.2857142985
65841  -33.863  -15.398  -34.026 0.2857142985
121749  -31.697  -15.982  -32.082 0.2857142985
67759  -34.451  -14.445  -34.558 0.2857142985
66792  -34.052  -14.467  -35.129 0.4285714328
60614  -25.749  -20.545  -24.369 0.1428571492
61722  -26.373  -19.715  -24.972 0.1428571492
61688  -24.797  -20.241  -23.824 0.1428571492
61736  -27.456  -19.131  -26.291 0.2857142985
62848  -27.576  -18.504  -27.609 0.2857142985
62880  -30.252  -18.695  -30.021 0.2857142985
125272  -31.850  -18.608  -30.979 0.2857142985
63839  -31.537  -17.901  -30.951 0.2857142985
63832  -29.794  -17.789  -29.958 0.2857142985
64819  -32.081  -17.187  -31.422 0.2857142985
60628  -26.846  -20.007  -25.030 0.1428571492
62850  -30.547  -18.201  -28.002 0.2857142985
61725  -28.110  -19.226  -25.772 0.2857142985
62862  -29.649  -18.529  -28.765 0.2857142985
140258  -28.863  -18.394  -27.473 0.2857142985
61735  -27.034  -18.965  -26.254 0.2857142985
59485  -24.387  -21.861  -22.989 0.1428571492
59499  -25.515  -21.264  -23.511 0.1428571492
55328  -21.081  -25.242  -19.360 0.2857142985
55310  -20.677  -25.706  -18.791 0.2857142985
58361  -24.067  -22.770  -21.714 0.2857142985
55312  -22.307  -25.227  -18.268 0.1428571492
54345  -20.211  -26.199  -18.285 0.2857142985
54322  -20.505  -26.319  -17.364 0.1428571492
62838  -29.432  -18.356  -26.611 0.2857142985
127587  -30.259  -18.825  -29.509 0.2857142985
63840  -32.407  -17.928  -31.281 0.2857142985
63838  -30.645  -17.879  -30.487 0.2857142985
64826  -33.918  -16.724  -32.511 0.2857142985
66761  -30.954  -15.236  -31.437 0.4285714328
65831  -31.559  -15.191  -33.345 0.4285714328
66783  -34.372  -14.938  -34.381 0.2857142985
132474  -34.556  -13.722  -34.417 0.2857142985
71271  -30.135  -9.038  -26.520 0.7142857313
67776  -34.260  -13.784  -36.551 0.4285714328
74342  -29.997  -7.022  -29.030 0.5714285970
69596  -33.205  -12.181  -37.241 0.4285714328
133936  -32.656  -7.636  -38.044 0.2857142985
73406  -32.060  -6.872  -38.054 0.2857142985
74383  -29.823  -6.775  -36.382 0.5714285970
83919  -28.283  4.314  -28.836 0.7142857313
76180  -28.191  -4.880  -33.935 0.7142857313
82259  -28.613  2.515  -30.280 0.8571428657
86539  -26.208  7.752  -29.193 0.4285714328
85673  -26.493  6.965  -28.828 0.5714285970
85679  -28.391  6.550  -30.421 0.7142857313
74390  -28.544  -6.196  -36.397 0.2857142985
81381  -28.473  1.719  -30.911 0.8571428657
84789  -28.679  5.724  -30.147 0.8571428657
142651  -27.240  -0.921  -33.944 0.5714285970
91031  -25.837  12.507  -31.960 0.2857142985
83934  -27.008  4.376  -33.292 0.4285714328
85688  -27.588  6.475  -33.437 0.4285714328
91684  -22.554  14.041  -27.779 0.1428571492
88468  -26.417  9.392  -34.039 0.2857142985
143172  -26.381  8.158  -34.198 0.1428571492
56250  -21.964  -24.866  -19.183 0.1428571492
57292  -23.749  -23.476  -20.516 0.1428571492
58375  -24.136  -22.394  -22.454 0.1428571492
57318  -23.416  -22.743  -22.313 0.2857142985
60594  -25.274  -21.006  -23.993 0.1428571492
61703  -27.508  -19.952  -24.803 0.1428571492
61704  -28.313  -19.583  -24.848 0.1428571492
63817  -26.990  -17.613  -27.639 0.2857142985
62861  -28.703  -18.376  -28.234 0.2857142985
62872  -29.605  -18.454  -29.429 0.2857142985
125512  -32.730  -18.786  -31.195 0.2857142985
63830  -28.264  -17.094  -28.948 0.2857142985
64820  -33.010  -17.334  -31.818 0.2857142985
68625  -28.166  -12.538  -24.661 0.5714285970
64810  -29.463  -16.622  -29.665 0.2857142985
64817  -30.287  -16.720  -30.253 0.2857142985
70360  -27.716  -10.347  -25.251 0.2857142985
141485  -34.620  -14.208  -34.061 0.2857142985
68698  -34.502  -12.826  -34.441 0.2857142985
70371  -30.309  -9.888  -26.985 0.7142857313
70391  -29.998  -10.437  -28.561 0.5714285970
72287  -28.897  -8.055  -25.877 0.4285714328
72288  -29.733  -8.296  -26.299 0.5714285970
68703  -34.453  -13.635  -35.577 0.4285714328
123869  -28.456  -5.158  -26.449 0.2857142985
75208  -29.565  -5.896  -26.541 0.5714285970
124417  -34.640  -13.226  -36.434 0.2857142985
132965  -32.740  -12.996  -35.918 0.4285714328
72312  -29.989  -8.417  -28.937 0.7142857313
76098  -28.681  -4.514  -26.586 0.2857142985
70437  -34.471  -11.096  -37.278 0.1428571492
71341  -34.384  -9.405  -38.208 0.4285714328
71339  -33.430  -9.427  -38.282 0.4285714328
72361  -34.627  -8.266  -37.629 0.1428571492
77055  -28.678  -3.124  -32.142 0.8571428657
73408  -33.879  -7.614  -38.119 0.1428571492
74375  -29.190  -7.128  -35.079 0.5714285970
74391  -29.542  -6.201  -36.908 0.2857142985
76187  -27.570  -5.512  -34.945 0.5714285970
77971  -27.568  -2.545  -34.033 0.7142857313
82263  -28.355  2.454  -31.329 0.8571428657
76214  -27.779  -4.226  -37.964 0.2857142985
77083  -26.052  -3.767  -36.705 0.1428571492
77980  -26.958  -3.027  -35.072 0.4285714328
77084  -26.421  -4.557  -36.267 0.4285714328
78861  -25.377  -2.496  -35.985 0.1428571492
83117  -27.645  3.181  -32.368 0.5714285970
78852  -25.690  -1.738  -35.410 0.1428571492
80531  -26.603  0.724  -34.022 0.1428571492
91696  -22.253  13.598  -28.584 0.1428571492
83930  -27.540  4.620  -32.465 0.5714285970
81412  -26.196  1.433  -34.087 0.1428571492
83127  -26.614  3.582  -33.568 0.1428571492
88459  -27.105  9.577  -33.413 0.2857142985
87517  -26.804  8.613  -33.794 0.2857142985
84798  -26.999  5.778  -34.032 0.2857142985
83940  -26.194  5.127  -34.355 0.1428571492
84803  -25.410  5.569  -34.732 0.1428571492
85697  -25.388  6.435  -34.817 0.1428571492
90291  -25.441  10.986  -34.844 0.2857142985
89408  -25.082  10.260  -35.326 0.2857142985
88473  -24.598  9.499  -35.629 0.1428571492
87526  -24.868  8.581  -35.448 0.1428571492
56271  -24.200  -23.728  -19.588 0.1428571492
59500  -26.312  -21.124  -23.374 0.1428571492
140041  -24.203  7.098  -35.514 0.1428571492
143468  -23.782  11.038  -35.977 0.2857142985
55326  -19.568  -25.815  -19.958 0.2857142985
119761  -22.067  -24.455  -20.092 0.1428571492
57275  -23.325  -23.902  -19.949 0.1428571492
60613  -25.309  -20.546  -24.110 0.1428571492
138636  -26.468  -18.347  -25.681 0.2857142985
129353  -26.904  -17.214  -26.334 0.4285714328
62835  -26.983  -18.339  -26.775 0.2857142985
61702  -25.792  -19.496  -24.602 0.1428571492
64799  -27.128  -16.918  -27.744 0.2857142985
69535  -29.951  -11.122  -28.124 0.5714285970
68649  -29.342  -12.264  -26.512 0.4285714328
70436  -33.474  -11.540  -37.861 0.4285714328
135480  -29.865  -8.973  -31.541 0.7142857313
75271  -28.267  -5.713  -33.237 0.7142857313
76149  -29.905  -5.273  -29.986 0.8571428657
73357  -29.291  -7.407  -30.858 0.8571428657
74348  -29.585  -6.631  -30.430 0.8571428657
77063  -28.761  -4.170  -32.247 0.8571428657
122350  -29.249  -1.999  -30.052 0.8571428657
134450  -27.167  6.621  -28.881 0.5714285970
87498  -28.334  7.993  -30.786 0.7142857313
88454  -27.920  9.620  -31.279 0.5714285970
89379  -26.197  11.266  -31.159 0.2857142985
90267  -26.921  11.229  -31.839 0.2857142985
72353  -31.653  -8.076  -36.365 0.4285714328
59498  -24.787  -21.389  -23.507 0.1428571492
65756  -25.214  -15.554  -23.734 0.5714285970
63831  -28.945  -17.655  -29.391 0.2857142985
66791  -33.040  -14.377  -34.959 0.4285714328
74341  -29.940  -6.463  -29.602 0.5714285970
80503  -28.674  0.215  -30.664 0.8571428657
131657  -28.535  3.306  -30.648 0.8571428657
91723  -25.023  12.738  -31.555 0.2857142985
90260  -22.877  11.813  -29.707 0.2857142985
130536  -29.541  -9.394  -30.330 0.8571428657
92366  -21.895  14.334  -30.602 0.2857142985
93008  -21.660  15.282  -30.378 0.1428571492
92341  -21.450  14.896  -28.502 0.1428571492
91718  -21.995  13.452  -30.247 0.2857142985
92379  -22.797  14.592  -32.573 0.2857142985
91708  -21.722  14.047  -29.772 0.1428571492
121513  -22.142  12.793  -30.051 0.1428571492
91728  -23.619  13.927  -32.140 0.2857142985
90281  -25.027  11.809  -34.996 0.2857142985
91734  -24.517  13.643  -33.483 0.2857142985
91035  -25.706  12.450  -33.503 0.2857142985
92342  -21.865  14.474  -28.056 0.1428571492
91036  -26.540  12.178  -33.049 0.2857142985
89386  -26.135  10.916  -34.115 0.2857142985
89388  -27.336  10.451  -33.046 0.2857142985
91722  -24.415  13.345  -31.794 0.2857142985
87527  -25.548  8.797  -35.038 0.1428571492
86575  -25.425  8.088  -34.962 0.1428571492
91033  -25.861  12.598  -32.672 0.2857142985
124178  -26.146  6.988  -34.544 0.1428571492
86574  -24.735  7.605  -35.283 0.1428571492
89395  -25.702  10.158  -34.801 0.1428571492
84799  -26.892  4.969  -33.828 0.1428571492
141280  -28.598  7.767  -32.334 0.5714285970
86552  -28.278  7.347  -32.979 0.4285714328
133504  -28.076  9.194  -32.514 0.5714285970
83126  -25.989  3.545  -34.166 0.1428571492
130393  -26.763  3.009  -33.340 0.1428571492
125219  -27.444  7.237  -33.598 0.2857142985
85698  -26.230  6.101  -34.488 0.2857142985
85680  -28.243  6.313  -31.667 0.5714285970
85681  -28.402  6.582  -31.053 0.7142857313
134187  -27.333  2.075  -32.955 0.4285714328
133376  -27.890  3.929  -32.019 0.5714285970
130407  -27.570  0.276  -33.021 0.5714285970
81380  -28.205  1.608  -31.860 0.7142857313
82262  -27.816  2.392  -32.295 0.7142857313
133621  -28.419  4.071  -31.052 0.7142857313
80515  -28.293  0.041  -31.774 0.8571428657
123320  -30.007  -4.810  -29.019 0.5714285970
126340  -29.510  -2.905  -27.727 0.4285714328
76139  -29.841  -4.407  -27.819 0.4285714328
133840  -28.447  -2.867  -32.906 0.8571428657
77972  -28.147  -2.202  -33.139 0.8571428657
77068  -27.571  -3.487  -34.477 0.4285714328
76186  -26.923  -5.089  -35.631 0.5714285970
78846  -27.521  -1.313  -33.603 0.8571428657
77069  -28.093  -3.891  -34.007 0.7142857313
70361  -28.656  -10.624  -25.422 0.5714285970
135728  -29.820  -9.661  -26.251 0.4285714328
71283  -30.193  -9.751  -27.982 0.7142857313
71272  -30.409  -9.046  -27.351 0.7142857313
139989  -29.487  -7.808  -26.246 0.4285714328
73310  -30.480  -7.695  -27.012 0.5714285970
74325  -30.300  -6.757  -27.814 0.5714285970
73308  -29.248  -7.313  -26.198 0.4285714328
132467  -28.163  -7.263  -25.956 0.2857142985
73351  -29.800  -7.826  -29.491 0.7142857313
73358  -29.398  -8.022  -30.421 0.8571428657
74374  -28.357  -6.922  -34.831 0.5714285970
134209  -27.900  -6.107  -34.134 0.7142857313
68638  -29.225  -11.934  -25.735 0.5714285970
69499  -28.270  -11.836  -24.803 0.5714285970
72360  -33.061  -8.591  -38.192 0.4285714328
74397  -32.986  -7.161  -38.009 0.2857142985
130672  -31.777  -15.798  -32.950 0.2857142985
66782  -33.533  -14.905  -34.559 0.4285714328
68707  -33.267  -13.096  -36.682 0.4285714328
69598  -34.188  -12.112  -37.676 0.4285714328
70440  -34.122  -10.448  -38.377 0.4285714328
67767  -33.567  -14.066  -35.657 0.4285714328
62860  -27.766  -18.333  -28.229 0.2857142985
62871  -28.869  -18.453  -28.954 0.2857142985
65825  -32.698  -16.282  -32.856 0.2857142985
65819  -31.842  -16.504  -31.525 0.2857142985
138218  -34.871  -15.337  -33.781 0.2857142985
65818  -31.398  -15.938  -31.204 0.2857142985
64818  -31.242  -16.791  -30.903 0.2857142985
67768  -34.117  -14.060  -35.807 0.4285714328
60595  -26.702  -20.724  -23.890 0.1428571492
60615  -26.336  -20.396  -24.570 0.1428571492
61737  -28.030  -19.020  -26.533 0.2857142985
62881  -31.033  -18.959  -30.516 0.2857142985
61724  -27.418  -19.597  -25.420 0.1428571492
62849  -29.653  -18.231  -27.662 0.2857142985
62863  -30.453  -18.719  -28.951 0.2857142985
55311  -21.492  -25.426  -18.534 0.1428571492
55291  -21.027  -25.845  -17.890 0.1428571492
130540  -22.711  -24.747  -18.663 0.1428571492
72366  -33.699  -8.785  -38.400 0.2857142985
90998  -22.894  13.122  -28.233 0.1428571492
91010  -23.179  12.062  -28.661 0.1428571492
144332  -26.051  4.028  -28.355 0.5714285970
82239  -26.341  2.898  -27.917 0.4285714328
83105  -26.759  3.749  -28.284 0.5714285970
139804  -26.998  2.337  -27.801 0.4285714328
83106  -27.964  3.583  -28.505 0.5714285970
83918  -27.474  4.458  -28.575 0.4285714328
79646  -27.758  -0.348  -27.250 0.4285714328
81334  -27.705  1.092  -27.654 0.4285714328
133622  -26.882  0.903  -27.476 0.4285714328
143104  -27.601  1.870  -27.842 0.5714285970
82240  -27.990  2.566  -28.227 0.5714285970
77928  -29.538  -2.196  -28.337 0.5714285970
66765  -35.348  -14.974  -32.287 0.1428571492
131311  -34.826  -14.383  -32.768 0.1428571492
67751  -34.557  -13.678  -33.275 0.1428571492
62784  -22.156  -19.152  -22.552 0.2857142985
64811  -35.806  -16.110  -29.739 0.1428571492
137022  -35.527  -15.629  -31.457 0.1428571492
66744  -34.767  -15.079  -29.488 0.1428571492
66762  -34.796  -14.672  -31.135 0.1428571492
132339  -34.056  -14.722  -28.808 0.1428571492
63841  -34.283  -18.216  -31.349 0.1428571492
63843  -36.262  -17.372  -30.942 0.1428571492
63849  -34.235  -17.357  -31.812 0.1428571492
64821  -36.196  -16.668  -30.596 0.1428571492
64802  -34.503  -16.070  -28.447 0.1428571492
64812  -36.284  -16.519  -30.119 0.1428571492
124426  -33.117  -14.814  -25.068 0.1428571492
65795  -33.292  -15.494  -27.346 0.1428571492
127632  -33.049  -14.302  -25.928 0.1428571492
60573  -20.729  -20.394  -21.976 0.2857142985
61760  -31.266  -19.822  -29.907 0.1428571492
61770  -32.262  -19.981  -30.853 0.1428571492
61769  -31.400  -19.779  -30.290 0.1428571492
62883  -33.569  -19.412  -31.197 0.1428571492
63844  -36.705  -17.971  -30.399 0.1428571492
62884  -35.152  -18.878  -31.047 0.1428571492
63825  -36.419  -17.564  -29.481 0.1428571492
134113  -36.241  -18.166  -30.936 0.1428571492
63824  -35.513  -17.274  -28.676 0.1428571492
130106  -33.693  -17.090  -26.147 0.1428571492
65771  -33.318  -15.845  -25.234 0.1428571492
64789  -33.462  -16.276  -26.769 0.1428571492
122720  -21.379  -20.864  -21.915 0.2857142985
60558  -20.626  -21.185  -21.689 0.2857142985
59462  -19.819  -21.770  -21.482 0.2857142985
62851  -31.334  -18.504  -28.455 0.1428571492
61753  -32.043  -20.123  -29.632 0.1428571492
61761  -31.864  -20.337  -30.211 0.1428571492
61771  -33.147  -20.284  -31.009 0.1428571492
60668  -36.695  -19.757  -30.402 0.1428571492
61772  -34.258  -19.979  -31.137 0.1428571492
61756  -36.597  -19.277  -29.264 0.1428571492
63813  -34.315  -17.752  -26.699 0.1428571492
61755  -36.067  -18.987  -28.428 0.1428571492
66689  -33.080  -14.702  -24.018 0.1428571492
62839  -30.473  -18.229  -26.851 0.1428571492
62852  -31.920  -19.026  -29.050 0.1428571492
62841  -32.141  -18.750  -27.887 0.1428571492
60658  -32.986  -21.190  -30.215 0.1428571492
61747  -32.949  -20.300  -29.022 0.1428571492
59557  -35.753  -21.278  -30.671 0.1428571492
60657  -32.593  -20.646  -30.488 0.1428571492
59558  -36.696  -20.817  -30.413 0.1428571492
60666  -34.679  -21.036  -30.813 0.1428571492
60659  -37.190  -20.403  -30.070 0.1428571492
63807  -34.186  -17.919  -25.768 0.1428571492
62854  -35.489  -18.694  -27.704 0.1428571492
64770  -33.467  -16.363  -24.532 0.1428571492
64784  -33.478  -16.722  -25.300 0.1428571492
61738  -31.925  -19.066  -26.671 0.1428571492
62825  -28.722  -18.694  -26.089 0.1428571492
59538  -34.065  -21.491  -28.969 0.1428571492
60644  -33.577  -20.840  -28.374 0.1428571492
61746  -32.583  -19.501  -28.446 0.1428571492
59547  -34.008  -21.990  -30.091 0.1428571492
60650  -33.143  -21.115  -29.586 0.1428571492
59548  -37.179  -21.360  -30.111 0.1428571492
58433  -36.409  -22.795  -30.532 0.1428571492
59540  -37.114  -21.069  -29.365 0.1428571492
131903  -35.897  -20.252  -27.629 0.1428571492
60651  -36.830  -20.119  -29.310 0.1428571492
59532  -34.478  -22.268  -28.955 0.1428571492
60643  -33.065  -20.197  -27.664 0.1428571492
58432  -34.752  -23.189  -30.137 0.1428571492
58424  -34.334  -22.713  -29.988 0.1428571492
58434  -37.252  -23.102  -30.408 0.1428571492
143425  -35.373  -22.756  -30.426 0.1428571492
61748  -35.664  -19.553  -27.403 0.1428571492
61754  -32.362  -20.824  -29.950 0.1428571492
59556  -34.684  -21.711  -30.528 0.1428571492
60667  -35.756  -20.497  -30.797 0.1428571492
62882  -31.757  -19.317  -30.785 0.1428571492
65742  -33.242  -15.368  -23.517 0.1428571492
66690  -32.940  -13.919  -23.608 0.1428571492
134461  -33.367  -16.279  -25.923 0.1428571492
64803  -35.357  -16.346  -28.979 0.1428571492
64790  -34.052  -16.961  -27.197 0.1428571492
64837  -35.408  -16.231  -32.934 0.1428571492
67741  -34.600  -14.139  -31.692 0.1428571492
59463  -20.860  -22.307  -21.643 0.2857142985
62842  -34.628  -18.533  -26.325 0.1428571492
63806  -33.786  -17.406  -25.319 0.1428571492
65743  -33.088  -14.580  -23.066 0.1428571492
67643  -33.326  -12.896  -22.649 0.1428571492
79647  -28.560  -0.472  -27.519 0.4285714328
67674  -32.778  -13.517  -24.047 0.1428571492
65783  -33.189  -15.372  -26.162 0.1428571492
66701  -32.902  -14.015  -24.455 0.1428571492
66733  -33.245  -14.725  -27.945 0.1428571492
67683  -32.881  -13.460  -25.715 0.1428571492
67750  -34.457  -13.441  -32.080 0.1428571492
69575  -34.426  -12.691  -33.423 0.1428571492
83917  -26.325  4.628  -28.465 0.4285714328
85665  -26.688  6.191  -28.676 0.4285714328
89406  -23.386  10.330  -36.127 0.1428571492
84777  -27.074  5.319  -28.605 0.4285714328
131678  -23.814  11.857  -36.151 0.1428571492
131025  -35.553  -15.726  -32.663 0.1428571492
62873  -30.733  -19.350  -30.004 0.1428571492
62840  -31.345  -18.403  -27.277 0.1428571492
62827  -30.316  -18.441  -25.800 0.1428571492
131118  -30.875  -19.082  -29.485 0.1428571492
139141  -33.317  -17.895  -31.483 0.1428571492
69587  -34.536  -12.303  -35.181 0.1428571492
69592  -34.622  -12.158  -36.673 0.1428571492
64827  -35.319  -16.779  -32.205 0.1428571492
65826  -35.694  -16.287  -32.064 0.1428571492
65812  -35.812  -16.051  -30.378 0.1428571492
66753  -35.038  -15.130  -30.265 0.1428571492
65803  -34.869  -15.608  -29.120 0.1428571492
64804  -36.171  -16.724  -29.634 0.1428571492
64828  -35.809  -16.757  -31.403 0.1428571492
66752  -34.434  -14.162  -30.221 0.1428571492
142388  -33.898  -13.946  -28.972 0.1428571492
65802  -33.898  -15.493  -28.269 0.1428571492
63842  -35.565  -17.962  -31.188 0.1428571492
63850  -35.334  -17.333  -31.472 0.1428571492
64796  -33.877  -16.214  -27.738 0.1428571492
124373  -34.721  -17.538  -27.665 0.1428571492
63833  -36.638  -17.149  -30.177 0.1428571492
66721  -33.003  -14.587  -26.917 0.1428571492
61773  -35.573  -19.729  -30.927 0.1428571492
62886  -36.894  -18.752  -30.163 0.1428571492
120953  -34.746  -20.450  -30.989 0.1428571492
62864  -35.877  -18.154  -28.622 0.1428571492
62874  -36.923  -18.757  -29.885 0.1428571492
63818  -35.276  -18.007  -27.974 0.1428571492
60665  -33.638  -20.792  -30.801 0.1428571492
59555  -33.800  -21.409  -30.384 0.1428571492
61762  -37.063  -19.501  -29.939 0.1428571492
61749  -36.244  -19.802  -28.367 0.1428571492
62853  -34.872  -18.310  -27.196 0.1428571492
62828  -31.205  -18.576  -26.071 0.1428571492
61739  -32.555  -19.512  -27.270 0.1428571492
59546  -33.490  -21.603  -29.896 0.1428571492
119451  -36.759  -21.929  -30.414 0.1428571492
120609  -35.623  -22.108  -30.551 0.1428571492
59539  -34.061  -22.119  -29.775 0.1428571492
133748  -34.646  -22.422  -30.317 0.1428571492
120978  -37.414  -21.827  -29.733 0.1428571492
60646  -36.417  -20.589  -28.357 0.1428571492
60645  -35.886  -20.912  -27.463 0.1428571492
54320  -18.496  -26.850  -18.268 0.1428571492
54344  -19.327  -26.458  -18.712 0.1428571492
54343  -17.782  -26.865  -19.186 0.1428571492
134626  -18.560  -26.635  -19.173 0.1428571492
55309  -19.897  -26.077  -19.181 0.1428571492
54359  -19.052  -26.287  -19.550 0.1428571492
55339  -19.329  -25.437  -20.549 0.1428571492
56284  -19.969  -25.090  -21.096 0.1428571492
56283  -19.127  -24.829  -20.869 0.1428571492
57304  -19.403  -23.368  -21.287 0.1428571492
56294  -19.709  -24.345  -21.307 0.1428571492
138630  -20.732  -23.259  -21.715 0.1428571492
56282  -18.290  -24.450  -20.512 0.1428571492
57303  -18.613  -23.006  -20.921 0.1428571492
58359  -19.998  -22.794  -21.480 0.1428571492
121800  -18.823  -21.367  -21.559 0.1428571492
60572  -19.718  -20.200  -22.176 0.1428571492
142072  -20.203  -20.649  -21.852 0.1428571492
61679  -20.513  -19.601  -22.372 0.2857142985
62783  -21.247  -18.955  -22.568 0.1428571492
62799  -21.995  -18.226  -22.811 0.1428571492
62782  -20.224  -18.909  -22.961 0.2857142985
67669  -24.842  -13.795  -24.582 0.4285714328
67673  -27.873  -13.304  -24.596 0.4285714328
77905  -28.247  -2.138  -26.549 0.2857142985
131132  -27.788  -1.524  -26.676 0.2857142985
78786  -28.860  -1.155  -27.405 0.2857142985
81349  -24.049  1.792  -27.730 0.2857142985
82237  -24.437  2.651  -27.851 0.2857142985
83104  -25.769  3.517  -28.172 0.2857142985
83103  -24.827  3.434  -28.144 0.4285714328
61678  -19.508  -19.495  -22.861 0.1428571492
62798  -20.814  -18.108  -23.138 0.2857142985
63770  -22.362  -17.414  -23.241 0.1428571492
55338  -18.506  -25.325  -20.438 0.1428571492
57290  -18.888  -23.914  -20.905 0.1428571492
58358  -18.986  -22.306  -21.258 0.1428571492
60556  -18.751  -20.670  -22.102 0.1428571492
62797  -19.817  -18.369  -23.562 0.2857142985
140823  -21.545  -17.580  -23.302 0.2857142985
63769  -20.859  -17.442  -23.795 0.2857142985
66698  -24.849  -14.634  -24.159 0.4285714328
66709  -24.149  -14.126  -24.747 0.2857142985
77011  -29.399  -3.685  -27.310 0.2857142985
132564  -28.459  -1.527  -26.880 0.2857142985
143507  -27.028  -1.538  -26.753 0.2857142985
78784  -27.345  -0.965  -26.968 0.2857142985
127979  -27.307  0.326  -27.402 0.2857142985
81331  -24.647  1.143  -27.646 0.2857142985
130268  -23.095  0.708  -28.059 0.2857142985
82218  -25.000  1.965  -27.679 0.2857142985
64740  -22.776  -16.639  -23.508 0.2857142985
77010  -28.811  -3.022  -26.777 0.2857142985
125475  -27.274  -2.137  -26.517 0.2857142985
77008  -26.547  -2.838  -26.431 0.2857142985
78782  -25.557  -1.388  -27.202 0.2857142985
79644  -24.774  -0.368  -27.573 0.2857142985
79645  -26.847  -0.357  -27.227 0.2857142985
126197  -26.391  0.355  -27.405 0.2857142985
80471  -24.314  0.301  -27.692 0.2857142985
81333  -26.155  1.130  -27.509 0.2857142985
129224  -24.695  -1.661  -27.439 0.2857142985
78781  -24.272  -1.129  -27.667 0.2857142985
123782  -25.786  -0.461  -27.352 0.2857142985
129820  -25.766  -14.133  -24.267 0.4285714328
67671  -26.519  -13.618  -24.379 0.4285714328
130507  -20.230  -23.775  -21.592 0.1428571492
64768  -24.508  -16.092  -23.607 0.4285714328
55325  -18.733  -25.947  -20.167 0.1428571492
82219  -26.018  2.018  -27.640 0.2857142985
125306  -25.367  0.508  -27.537 0.2857142985
60557  -19.660  -20.925  -21.745 0.1428571492
58346  -18.255  -22.369  -20.933 0.1428571492
62781  -19.393  -18.934  -23.376 0.2857142985
66697  -23.755  -14.663  -24.638 0.4285714328
65755  -24.188  -15.301  -23.982 0.4285714328
78780  -23.518  -1.295  -28.110 0.2857142985
125386  -25.824  -11.765  -25.049 0.2857142985
68623  -26.353  -12.639  -24.544 0.2857142985
69511  -28.061  -11.139  -24.922 0.2857142985
93037  -22.503  15.353  -35.967 0.1428571492
92407  -22.613  14.777  -36.568 0.1428571492
92403  -23.248  14.580  -35.464 0.1428571492
91748  -24.405  13.329  -35.408 0.1428571492
91045  -23.856  12.849  -36.177 0.1428571492
93748  -22.041  16.286  -35.878 0.1428571492
91740  -24.000  14.176  -34.994 0.1428571492
92388  -23.181  14.793  -33.511 0.1428571492
140673  -22.143  16.639  -31.810 0.1428571492
69497  -26.783  -11.785  -24.759 0.2857142985
140560  -26.296  -11.058  -25.263 0.2857142985
91057  -22.905  12.253  -36.523 0.1428571492
91754  -21.946  13.557  -37.073 0.1428571492
91747  -23.771  13.859  -35.991 0.1428571492
91756  -22.956  13.226  -36.539 0.1428571492
91039  -25.246  12.375  -34.264 0.1428571492
91038  -24.794  12.745  -34.773 0.1428571492
93031  -21.771  15.686  -34.362 0.1428571492
93741  -21.945  16.549  -32.596 0.1428571492
92378  -22.317  15.242  -33.062 0.1428571492
121843  -21.887  14.984  -32.216 0.1428571492
128375  -21.802  15.794  -30.936 0.1428571492
91741  -24.501  13.576  -34.428 0.1428571492
92398  -24.024  14.321  -33.989 0.1428571492
92402  -22.732  15.041  -35.805 0.1428571492
93747  -21.609  16.395  -35.200 0.1428571492
92408  -22.941  14.218  -36.398 0.1428571492
92397  -23.249  14.730  -34.438 0.1428571492
92396  -22.439  15.086  -34.850 0.1428571492
94484  -22.064  16.901  -35.764 0.1428571492
92387  -22.492  15.273  -33.940 0.1428571492
91755  -22.194  13.430  -36.908 0.1428571492
133143  -24.648  -3.042  -27.291 0.1428571492
126321  -25.487  -2.890  -26.723 0.1428571492
77903  -25.147  -2.190  -27.116 0.1428571492
79658  -23.164  -0.642  -28.220 0.1428571492
79662  -19.336  -0.867  -28.973 0.1428571492
80490  -21.133  0.048  -28.945 0.1428571492
76996  -26.778  -3.683  -26.342 0.1428571492
80483  -22.762  0.073  -28.264 0.1428571492
80481  -19.695  0.638  -28.717 0.1428571492
81347  -21.017  1.561  -28.408 0.1428571492
81346  -20.047  1.484  -28.548 0.2857142985
131026  -27.188  -8.404  -25.995 0.1428571492
75205  -26.864  -5.439  -26.549 0.1428571492
76097  -27.809  -4.848  -26.405 0.1428571492
136730  -25.874  -3.542  -26.522 0.1428571492
75299  -28.270  -5.524  -36.874 0.1428571492
136487  -24.422  -2.372  -27.515 0.1428571492
82235  -22.494  2.420  -28.096 0.1428571492
82234  -21.503  2.390  -28.224 0.1428571492
83914  -23.224  4.228  -28.416 0.2857142985
139047  -21.024  6.941  -28.690 0.2857142985
85659  -20.161  6.392  -27.749 0.2857142985
86533  -20.992  7.642  -28.669 0.2857142985
90240  -23.076  11.215  -28.984 0.1428571492
120971  -22.132  8.098  -25.360 0.1428571492
83915  -24.259  4.183  -28.341 0.2857142985
83101  -21.972  3.219  -28.285 0.2857142985
139842  -23.748  4.889  -28.528 0.2857142985
128490  -25.015  6.818  -29.150 0.2857142985
84773  -22.430  5.791  -29.118 0.2857142985
84769  -20.320  5.746  -28.002 0.2857142985
86537  -24.236  7.455  -29.367 0.2857142985
85662  -21.529  6.281  -28.968 0.2857142985
85661  -20.741  6.404  -28.330 0.2857142985
87481  -21.602  9.007  -28.104 0.1428571492
86528  -19.829  6.859  -26.835 0.2857142985
137483  -24.040  9.835  -28.147 0.1428571492
89346  -24.851  9.735  -27.477 0.1428571492
84766  -18.573  5.678  -26.896 0.1428571492
83904  -17.704  5.563  -27.034 0.1428571492
82233  -20.488  2.354  -28.284 0.2857142985
85658  -19.580  6.242  -27.085 0.2857142985
86530  -20.559  8.090  -27.922 0.1428571492
86529  -20.290  7.505  -27.332 0.2857142985
140052  -21.192  9.051  -26.672 0.1428571492
86523  -20.116  7.462  -25.639 0.1428571492
80480  -18.649  0.559  -28.363 0.2857142985
135365  -17.490  6.886  -25.759 0.1428571492
88400  -21.506  7.153  -24.131 0.1428571492
118547  -19.446  6.944  -25.391 0.1428571492
78745  -17.585  0.619  -25.066 0.1428571492
76215  -28.806  -4.366  -38.464 0.1428571492
74394  -32.265  -6.385  -37.744 0.1428571492
75206  -27.796  -5.615  -26.400 0.1428571492
76119  -25.186  -4.846  -27.461 0.1428571492
138540  -29.533  -4.697  -38.176 0.1428571492
125545  -23.998  -4.229  -28.140 0.1428571492
77026  -22.418  -3.237  -28.659 0.1428571492
77940  -21.703  -2.916  -28.952 0.1428571492
133786  -23.137  -1.975  -28.361 0.1428571492
78811  -19.801  -1.461  -29.307 0.1428571492
125937  -21.976  0.067  -28.538 0.1428571492
125387  -19.064  0.465  -28.601 0.1428571492
139294  -23.033  1.541  -27.952 0.1428571492
81345  -19.273  1.281  -28.450 0.2857142985
130247  -22.387  3.950  -28.420 0.1428571492
123344  -21.421  4.119  -28.281 0.1428571492
83912  -21.440  4.912  -28.406 0.2857142985
83909  -19.915  4.935  -27.697 0.1428571492
84771  -21.099  5.635  -28.399 0.1428571492
118546  -18.706  6.656  -25.213 0.1428571492
87472  -20.593  8.089  -25.865 0.1428571492
88426  -21.851  9.167  -27.223 0.1428571492
88379  -21.090  7.368  -24.278 0.1428571492
121640  -21.240  8.139  -25.300 0.1428571492
75301  -30.709  -5.622  -37.422 0.1428571492
75300  -29.360  -5.484  -37.471 0.1428571492
76208  -30.228  -5.060  -37.857 0.1428571492
85670  -23.137  7.263  -29.633 0.2857142985
85669  -21.550  7.199  -29.288 0.2857142985
87484  -21.178  8.436  -28.477 0.2857142985
87473  -21.207  8.617  -25.958 0.1428571492
133620  -25.448  5.039  -28.566 0.2857142985
74283  -27.957  -6.366  -26.264 0.1428571492
125142  -27.142  -7.017  -26.507 0.1428571492
85664  -25.837  6.472  -28.749 0.2857142985
76997  -27.986  -3.891  -26.391 0.1428571492
73400  -33.770  -7.049  -37.532 0.1428571492
85663  -24.994  5.846  -28.867 0.2857142985
82236  -23.464  2.516  -27.900 0.1428571492
131579  -23.862  3.388  -28.090 0.1428571492
77902  -23.819  -2.030  -27.917 0.1428571492
78800  -22.019  -1.557  -28.699 0.1428571492
77027  -23.154  -3.503  -28.434 0.1428571492
77028  -23.734  -3.763  -28.169 0.1428571492
79657  -22.393  -0.731  -28.493 0.1428571492
79664  -20.846  -0.716  -29.226 0.1428571492
80489  -20.267  -0.023  -29.016 0.1428571492
130005  -21.524  0.812  -28.509 0.1428571492
76096  -26.820  -4.595  -26.431 0.1428571492
80482  -20.593  0.751  -28.719 0.1428571492
81348  -22.013  1.593  -28.254 0.1428571492
75204  -25.903  -5.194  -26.758 0.1428571492
83102  -22.918  3.285  -28.176 0.2857142985
125585  -20.967  3.227  -28.160 0.2857142985
144206  -22.597  4.412  -28.520 0.2857142985
84775  -24.605  4.966  -28.578 0.2857142985
86532  -20.502  7.142  -28.061 0.2857142985
84781  -22.299  6.708  -29.545 0.2857142985
84765  -16.878  6.037  -27.117 0.1428571492
139747  -20.139  6.827  -27.436 0.2857142985
87468  -22.612  7.503  -24.516 0.1428571492
84774  -23.208  5.392  -28.789 0.2857142985
84783  -23.951  5.680  -28.734 0.2857142985
85671  -24.057  6.588  -29.054 0.2857142985
84782  -23.150  6.235  -29.239 0.2857142985
84768  -19.646  5.696  -27.359 0.1428571492
87477  -20.537  8.397  -26.870 0.1428571492
86525  -19.473  6.918  -26.169 0.2857142985
130635  -24.847  10.621  -27.912 0.1428571492
86526  -20.169  7.581  -26.540 0.2857142985
83100  -19.990  3.157  -28.108 0.1428571492
83911  -20.735  4.926  -28.145 0.2857142985
136429  -20.776  7.716  -24.901 0.1428571492
62796  -18.954  -18.459  -23.702 0.1428571492
133700  -20.160  -17.798  -23.801 0.1428571492
63787  -20.860  -16.945  -24.320 0.1428571492
63767  -18.673  -17.759  -23.976 0.1428571492
64763  -19.519  -16.694  -24.989 0.1428571492
64780  -20.003  -16.136  -25.533 0.1428571492
64764  -20.371  -16.563  -24.887 0.1428571492
65767  -20.529  -15.697  -26.229 0.1428571492
64766  -22.229  -16.080  -24.154 0.1428571492
65781  -21.554  -14.918  -26.811 0.1428571492
65768  -22.047  -15.133  -25.359 0.1428571492
65754  -23.368  -15.210  -24.510 0.1428571492
66708  -23.353  -14.023  -25.393 0.1428571492
65769  -22.793  -14.753  -25.213 0.1428571492
65780  -20.913  -15.350  -26.995 0.1428571492
66717  -22.166  -14.299  -26.562 0.1428571492
67679  -24.082  -13.538  -25.155 0.1428571492
68635  -24.517  -12.462  -25.522 0.1428571492
70358  -25.851  -10.445  -25.653 0.1428571492
70359  -26.692  -10.239  -25.454 0.1428571492
81344  -18.983  1.109  -28.370 0.1428571492
64765  -21.285  -16.373  -24.592 0.1428571492
64767  -23.357  -15.838  -23.841 0.1428571492
61686  -18.614  -19.259  -23.362 0.1428571492
63785  -19.086  -17.262  -24.545 0.1428571492
85655  -17.272  6.695  -26.392 0.1428571492
71260  -28.334  -9.572  -25.509 0.1428571492
67670  -25.575  -13.268  -24.540 0.1428571492
63768  -19.385  -17.773  -23.981 0.1428571492
64739  -21.695  -16.869  -23.761 0.1428571492
65753  -22.591  -15.413  -24.684 0.1428571492
67680  -24.705  -13.084  -25.018 0.1428571492
63786  -19.988  -17.221  -24.367 0.1428571492
64762  -18.886  -16.697  -24.968 0.1428571492
64781  -20.829  -15.956  -25.411 0.1428571492
119944  -21.351  -15.389  -26.055 0.1428571492
64782  -21.668  -15.642  -24.980 0.1428571492
66707  -22.007  -14.730  -25.962 0.1428571492
137516  -22.602  -14.276  -25.897 0.1428571492
65766  -19.718  -15.767  -26.127 0.1428571492
130424  -18.053  -19.287  -23.352 0.1428571492
59511  -25.920  -20.872  -24.004 0.1428571492
60616  -27.130  -20.345  -24.417 0.1428571492
60626  -26.109  -20.181  -24.728 0.1428571492
60627  -26.464  -19.955  -24.958 0.1428571492
61723  -26.850  -19.540  -25.504 0.1428571492
61726  -28.999  -18.962  -25.270 0.1428571492
61745  -27.777  -18.796  -27.096 0.2857142985
62824  -26.312  -18.977  -25.237 0.2857142985
62826  -29.507  -18.578  -25.702 0.1428571492
62834  -26.721  -18.666  -26.052 0.2857142985
62836  -27.430  -18.614  -26.967 0.2857142985
62837  -28.420  -18.669  -26.966 0.2857142985
62843  -35.172  -19.038  -26.808 0.1428571492
62847  -27.149  -18.211  -27.417 0.2857142985
62859  -27.213  -18.135  -27.887 0.2857142985
62865  -36.520  -18.445  -29.349 0.1428571492
62870  -28.288  -18.257  -28.642 0.2857142985
62885  -36.407  -18.839  -30.670 0.1428571492
63805  -26.915  -16.957  -25.188 0.4285714328
63812  -26.917  -17.757  -27.055 0.4285714328
63822  -27.230  -17.575  -28.145 0.2857142985
63829  -27.904  -16.822  -28.561 0.2857142985
63834  -36.931  -18.022  -29.971 0.1428571492
64797  -34.611  -16.754  -28.152 0.1428571492
65759  -33.286  -15.521  -24.387 0.1428571492
65808  -28.946  -14.733  -28.903 0.7142857313
65811  -35.387  -15.578  -29.799 0.1428571492
65820  -35.720  -16.363  -31.123 0.1428571492
65832  -32.756  -15.681  -33.461 0.2857142985
65840  -32.583  -15.135  -33.995 0.4285714328
66719  -28.026  -15.357  -26.615 0.5714285970
67662  -32.853  -13.041  -23.508 0.1428571492
67681  -28.046  -14.073  -24.815 0.5714285970
67712  -28.641  -13.965  -28.389 0.7142857313
67721  -33.976  -13.598  -29.535 0.1428571492
67728  -28.774  -13.575  -30.118 0.7142857313
67731  -34.392  -13.930  -30.858 0.1428571492
67748  -30.163  -13.372  -32.076 0.7142857313
67774  -33.119  -13.514  -35.917 0.4285714328
67781  -33.747  -13.358  -36.879 0.4285714328
68636  -25.296  -12.473  -24.978 0.1428571492
68637  -28.715  -12.326  -25.164 0.5714285970
68658  -29.300  -12.488  -27.490 0.4285714328
68681  -29.060  -13.002  -31.071 0.7142857313
68691  -30.866  -12.842  -33.089 0.7142857313
68702  -32.335  -12.534  -35.231 0.4285714328
68713  -33.814  -12.818  -37.482 0.4285714328
69498  -27.670  -11.801  -24.676 0.5714285970
69512  -28.702  -11.498  -25.270 0.4285714328
69547  -29.457  -12.051  -28.608 0.5714285970
69560  -29.477  -12.134  -31.138 0.7142857313
69573  -31.032  -11.828  -32.941 0.7142857313
69591  -32.511  -11.468  -36.314 0.4285714328
69601  -33.910  -11.393  -38.166 0.4285714328
70382  -30.169  -10.395  -27.733 0.7142857313
70416  -31.103  -10.780  -32.633 0.8571428657
71291  -29.944  -9.776  -28.928 0.7142857313
71333  -32.914  -9.475  -37.799 0.4285714328
71340  -33.929  -9.632  -38.489 0.4285714328
71348  -34.186  -8.917  -38.418 0.2857142985
72265  -28.413  -8.724  -25.641 0.4285714328
72286  -27.898  -8.137  -25.706 0.1428571492
72346  -31.408  -8.375  -35.055 0.8571428657
72367  -34.468  -8.574  -38.173 0.1428571492
72374  -34.098  -8.250  -38.342 0.2857142985
73309  -30.037  -7.581  -26.574 0.5714285970
73330  -30.385  -7.447  -27.517 0.5714285970
73371  -28.592  -7.664  -32.468 1.0000000000
73391  -30.656  -6.858  -37.205 0.2857142985
73407  -33.412  -7.946  -38.261 0.2857142985
73409  -34.414  -7.980  -38.119 0.1428571492
74305  -30.177  -6.229  -26.942 0.5714285970
74306  -30.376  -7.039  -26.925 0.5714285970
74355  -29.152  -6.737  -31.244 1.0000000000
74392  -30.445  -6.183  -37.380 0.2857142985
74396  -30.140  -5.683  -37.512 0.1428571492
75272  -28.358  -6.371  -32.585 0.8571428657
75282  -27.653  -6.212  -35.051 0.7142857313
75290  -27.187  -5.697  -35.704 0.5714285970
75298  -27.288  -5.468  -36.350 0.4285714328
75306  -28.883  -4.971  -37.941 0.1428571492
75307  -30.106  -5.198  -37.766 0.1428571492
76095  -25.824  -4.334  -26.596 0.1428571492
76099  -29.202  -5.138  -26.581 0.5714285970
76120  -28.887  -3.868  -26.743 0.1428571492
76121  -29.439  -4.439  -26.871 0.2857142985
76196  -26.753  -5.257  -36.098 0.5714285970
76205  -27.067  -4.745  -36.791 0.4285714328
77006  -24.289  -3.775  -27.756 0.1428571492
77007  -25.000  -3.890  -27.029 0.1428571492
77009  -27.662  -2.919  -26.347 0.2857142985
77029  -29.782  -3.931  -28.871 0.4285714328
77093  -26.723  -4.116  -37.284 0.2857142985
77904  -26.197  -1.981  -26.756 0.2857142985
77906  -29.099  -2.020  -27.337 0.5714285970
77925  -22.387  -2.341  -28.640 0.1428571492
77926  -23.135  -2.702  -28.397 0.1428571492
77927  -23.848  -3.044  -27.922 0.1428571492
77953  -29.261  -3.172  -30.694 1.0000000000
77960  -29.029  -2.455  -30.770 0.8571428657
78762  -17.777  0.012  -26.033 0.1428571492
78783  -26.459  -1.116  -27.069 0.2857142985
78785  -28.166  -0.960  -27.002 0.4285714328
78801  -22.786  -1.443  -28.445 0.1428571492
78802  -29.443  -1.313  -28.005 0.2857142985
79643  -23.886  -0.510  -27.829 0.2857142985
79648  -29.164  -0.702  -27.895 0.8571428657
79656  -21.604  -0.745  -28.801 0.1428571492
79663  -20.039  -0.762  -29.213 0.1428571492
79680  -28.990  -0.460  -30.185 1.0000000000
79693  -27.671  -0.617  -33.124 0.7142857313
80469  -17.849  -0.058  -28.083 0.1428571492
80484  -23.492  0.127  -27.952 0.2857142985
80532  -27.200  0.807  -33.480 0.1428571492
81330  -23.756  0.920  -27.788 0.2857142985
81332  -25.438  1.364  -27.578 0.2857142985
81335  -28.598  0.941  -28.093 0.4285714328
81350  -28.314  1.716  -28.142 0.8571428657
81352  -29.047  1.568  -28.906 0.8571428657
81375  -28.717  1.756  -29.970 0.8571428657
81391  -27.650  1.530  -32.601 0.7142857313
81403  -27.244  1.494  -33.231 0.7142857313
82232  -19.661  2.248  -28.287 0.2857142985
82238  -25.387  2.751  -27.856 0.2857142985
82241  -28.723  2.202  -28.685 0.5714285970
82253  -28.826  2.410  -29.386 0.8571428657
82268  -27.215  2.748  -32.919 0.5714285970
83108  -28.874  2.847  -29.002 1.0000000000
83913  -22.057  4.585  -28.555 0.2857142985
83916  -25.322  4.236  -28.412 0.4285714328
83925  -28.760  4.852  -29.830 0.8571428657
84772  -21.848  5.330  -28.769 0.2857142985
84778  -28.079  5.117  -28.937 0.4285714328
84785  -28.553  5.368  -29.585 1.0000000000
85656  -18.639  6.207  -26.446 0.1428571492
85672  -25.763  7.144  -28.966 0.4285714328
85674  -27.775  6.451  -29.379 0.8571428657
85675  -28.441  6.148  -29.805 0.7142857313
85683  -28.086  6.373  -32.578 0.5714285970
86534  -21.605  8.060  -29.292 0.4285714328
86540  -27.247  7.289  -29.307 0.5714285970
86547  -28.227  7.275  -30.516 0.8571428657
86553  -28.650  8.136  -31.608 0.5714285970
86555  -26.750  7.652  -34.041 0.2857142985
86556  -27.609  8.032  -33.417 0.2857142985
86565  -26.015  7.794  -34.528 0.1428571492
87467  -21.629  7.557  -24.627 0.1428571492
87480  -20.979  8.891  -27.580 0.1428571492
87485  -21.855  8.803  -28.936 0.2857142985
87507  -27.656  8.936  -33.151 0.4285714328
88449  -25.475  9.944  -30.203 0.7142857313
88453  -27.274  10.114  -30.956 0.4285714328
88456  -27.834  9.709  -32.043 0.4285714328
88460  -27.647  9.711  -32.798 0.4285714328
88467  -25.887  9.380  -34.688 0.2857142985
88474  -25.324  9.431  -35.238 0.1428571492
89345  -23.122  9.446  -28.577 0.2857142985
89387  -26.688  10.299  -33.684 0.2857142985
89407  -24.303  10.443  -35.725 0.2857142985
89416  -22.491  10.293  -36.563 0.1428571492
90265  -25.572  12.057  -31.327 0.2857142985
90269  -26.866  11.740  -32.506 0.2857142985
90282  -25.641  11.735  -34.223 0.2857142985
90290  -24.434  11.417  -35.671 0.2857142985
91009  -22.398  12.624  -28.933 0.1428571492
91019  -22.375  12.407  -29.585 0.1428571492
91046  -24.510  12.355  -35.626 0.1428571492
91719  -22.631  13.052  -30.578 0.2857142985
92365  -21.541  14.718  -29.909 0.1428571492
92406  -22.301  14.373  -36.926 0.1428571492
93033  -21.860  15.895  -35.545 0.1428571492
93717  -21.766  16.308  -28.913 0.1428571492
93750  -22.658  15.793  -36.573 0.1428571492
120489  -29.770  -10.403  -29.317 0.7142857313
120537  -28.088  -18.641  -27.741 0.2857142985
120571  -30.128  -9.058  -28.400 0.7142857313
121912  -22.500  14.882  -36.809 0.1428571492
123046  -28.314  -1.715  -32.313 0.8571428657
123053  -23.625  -18.270  -23.173 0.7142857313
123363  -28.907  -2.922  -31.324 0.8571428657
123959  -25.019  -0.982  -27.422 0.2857142985
124123  -27.243  3.051  -28.128 0.5714285970
124953  -32.921  -13.952  -25.196 0.1428571492
125856  -21.674  16.882  -35.217 0.1428571492
126183  -26.245  -18.281  -24.971 0.5714285970
128787  -22.669  4.932  -28.680 0.2857142985
129025  -28.004  -7.258  -32.840 0.8571428657
129616  -22.220  7.642  -29.810 0.2857142985
130041  -27.220  -11.063  -25.043 0.2857142985
131159  -34.371  -14.158  -35.199 0.4285714328
131191  -33.148  -6.641  -37.442 0.1428571492
131526  -26.709  2.162  -33.526 0.1428571492
131993  -29.231  0.964  -29.097 0.8571428657
132393  -27.123  -13.214  -24.437 0.4285714328
132483  -22.374  14.147  -36.852 0.1428571492
132543  -22.411  0.814  -28.275 0.1428571492
133173  -28.371  -17.928  -29.031 0.2857142985
133428  -30.322  -8.221  -27.763 0.5714285970
134221  -29.521  -8.533  -31.551 0.8571428657
135491  -18.495  6.629  -25.881 0.2857142985
136253  -28.758  -15.595  -28.710 0.5714285970
136537  -32.477  -14.597  -34.361 0.4285714328
136843  -29.452  -12.276  -28.021 0.8571428657
137085  -33.469  -10.490  -38.116 0.4285714328
137241  -27.989  -15.983  -27.531 0.5714285970
138221  -26.879  1.563  -27.601 0.5714285970
138294  -35.315  -15.204  -33.202 0.1428571492
138996  -29.879  -5.984  -30.038 1.0000000000
140535  -32.522  -13.154  -35.339 0.4285714328
141301  -32.771  -20.011  -26.919 0.1428571492
141302  -28.713  -0.464  -30.726 0.8571428657
141307  -21.905  -24.144  -21.668 0.4285714328
141341  -23.967  -20.996  -23.384 0.1428571492
141469  -23.229  4.854  -28.591 0.2857142985
142143  -26.383  12.240  -32.422 0.2857142985
142790  -27.552  -16.388  -27.678 0.5714285970
142860  -29.625  -12.014  -26.942 0.4285714328
143097  -25.375  8.621  -29.729 0.5714285970
143778  -28.488  6.161  -30.558 0.7142857313
144072  -34.664  -8.836  -37.980 0.1428571492
