#!ascii label  , from subject sub-v1s21x0050406_ses-1 vox2ras=TkReg
1150
53948  19.161  -25.677  54.246 0.0000000000
53907  32.004  -24.334  59.169 0.0000000000
71222  38.087  -7.948  32.099 0.0000000000
64405  28.506  -15.562  42.744 0.0000000000
58938  34.463  -20.150  50.632 0.0000000000
79880  48.997  1.380  22.220 0.0000000000
124466  38.625  -10.423  36.375 0.0000000000
68268  33.994  -11.595  36.537 0.0000000000
49867  16.835  -29.429  53.213 0.0000000000
124616  25.304  -23.320  56.816 0.0000000000
54967  27.563  -23.735  53.039 0.0000000000
134730  21.295  -24.189  50.675 0.0000000000
78037  43.067  -2.159  27.904 0.0000000000
57077  22.315  -22.130  60.438 0.0000000000
52972  17.980  -25.717  59.355 0.0000000000
74186  42.844  -5.776  30.532 0.0000000000
52052  13.416  -27.619  58.472 0.0000000000
136587  9.690  -31.778  58.498 0.0000000000
67273  32.689  -12.158  42.495 0.0000000000
62181  31.380  -17.818  46.681 0.0000000000
57193  31.599  -22.037  44.846 0.0000000000
55034  30.139  -23.093  48.964 0.0000000000
122630  38.159  -10.065  39.044 0.0000000000
68265  36.257  -10.843  35.786 0.0000000000
68231  35.888  -10.606  38.561 0.0000000000
69165  40.863  -9.785  38.530 0.0000000000
51071  18.843  -28.531  51.907 0.0000000000
48781  18.330  -30.355  51.893 0.0000000000
51022  18.381  -28.793  55.106 0.0000000000
57109  21.967  -22.421  55.937 0.0000000000
145460  23.288  -22.852  54.159 0.0000000000
53965  19.978  -25.054  52.315 0.0000000000
52130  19.077  -27.404  50.572 0.0000000000
72184  37.290  -7.348  29.623 0.0000000000
71202  40.937  -8.687  33.563 0.0000000000
73132  40.492  -6.936  31.227 0.0000000000
74198  39.683  -5.566  29.382 0.0000000000
52963  17.634  -26.159  62.406 0.0000000000
50908  16.170  -26.649  58.390 0.0000000000
50850  15.214  -26.902  61.838 0.0000000000
48691  9.112  -30.051  63.278 0.0000000000
129717  10.264  -29.324  61.057 0.0000000000
47698  8.946  -31.608  60.809 0.0000000000
45624  7.596  -33.562  60.664 0.0000000000
45599  6.651  -33.721  62.678 0.0000000000
63246  32.122  -16.570  49.484 0.0000000000
62144  32.968  -18.783  48.434 0.0000000000
58965  31.760  -20.320  45.425 0.0000000000
136929  33.066  -21.079  47.483 0.0000000000
56074  25.702  -23.334  50.726 0.0000000000
54981  29.328  -23.391  51.648 0.0000000000
56115  26.847  -23.197  48.687 0.0000000000
130448  28.275  -22.985  46.661 0.0000000000
66331  29.906  -13.025  42.272 0.0000000000
67300  30.619  -12.399  39.863 0.0000000000
65390  28.436  -14.871  40.403 0.0000000000
81789  52.883  2.109  20.245 0.0000000000
134967  50.068  1.409  20.284 0.0000000000
69222  38.040  -10.145  34.348 0.0000000000
68294  35.995  -11.159  34.122 0.0000000000
70178  41.160  -9.400  35.504 0.0000000000
124217  28.254  -23.611  57.626 0.0000000000
54915  29.862  -23.835  55.715 0.0000000000
138093  26.141  -23.720  55.176 0.0000000000
56050  24.500  -23.179  52.638 0.0000000000
55016  22.089  -23.908  48.963 0.0000000000
77098  45.330  -2.268  29.770 0.0000000000
79856  44.905  -0.246  27.705 0.0000000000
79869  45.583  0.272  24.829 0.0000000000
79883  46.424  0.265  22.711 0.0000000000
57098  20.418  -22.459  57.661 0.0000000000
53919  19.027  -25.885  56.932 0.0000000000
55972  20.058  -23.117  59.915 0.0000000000
144604  24.348  -22.032  58.593 0.0000000000
76178  42.621  -3.652  29.363 0.0000000000
126184  16.949  -27.747  56.916 0.0000000000
135414  14.730  -27.875  56.002 0.0000000000
49834  12.304  -29.182  55.775 0.0000000000
52015  11.749  -27.361  60.849 0.0000000000
128014  11.441  -29.519  58.296 0.0000000000
42851  3.959  -36.141  64.036 0.0000000000
69145  35.582  -10.964  41.919 0.0000000000
138179  30.481  -14.051  45.213 0.0000000000
65299  31.457  -14.623  47.736 0.0000000000
63309  29.786  -16.710  44.965 0.0000000000
120927  30.860  -19.123  44.395 0.0000000000
58105  32.001  -21.388  43.058 0.0000000000
57213  28.867  -23.386  42.673 0.0000000000
53957  31.044  -23.787  53.975 0.0000000000
54978  32.017  -23.930  51.113 0.0000000000
56089  32.867  -23.211  49.585 0.0000000000
56126  31.130  -23.158  47.322 0.0000000000
56159  28.675  -23.324  45.257 0.0000000000
68247  32.864  -11.755  38.732 0.0000000000
66395  31.355  -13.189  36.202 0.0000000000
69151  38.090  -10.242  40.574 0.0000000000
122191  37.292  -10.305  39.060 0.0000000000
123758  36.802  -10.594  39.945 0.0000000000
69149  39.479  -9.674  39.799 0.0000000000
133723  18.952  -27.198  53.602 0.0000000000
51042  18.878  -28.528  53.796 0.0000000000
52093  18.983  -27.368  54.429 0.0000000000
56028  19.630  -23.888  54.918 0.0000000000
56041  20.576  -23.294  53.699 0.0000000000
53959  19.372  -25.600  53.433 0.0000000000
125419  19.067  -26.865  52.537 0.0000000000
72164  37.594  -7.700  31.286 0.0000000000
71213  39.620  -8.316  32.917 0.0000000000
72153  40.125  -7.809  32.356 0.0000000000
72163  38.521  -7.543  31.477 0.0000000000
73134  38.772  -7.154  30.843 0.0000000000
48692  8.486  -30.763  63.706 0.0000000000
48710  8.846  -30.857  62.070 0.0000000000
47671  8.303  -31.436  62.190 0.0000000000
45623  8.161  -33.007  60.161 0.0000000000
46576  7.495  -32.880  62.153 0.0000000000
44708  7.173  -34.188  61.146 0.0000000000
60962  33.632  -18.314  49.958 0.0000000000
60972  33.815  -19.305  49.279 0.0000000000
59910  32.995  -20.031  47.514 0.0000000000
58951  33.275  -20.499  48.071 0.0000000000
128132  32.791  -24.093  57.942 0.0000000000
56117  24.141  -22.913  48.612 0.0000000000
56093  26.655  -23.251  49.628 0.0000000000
57161  25.315  -22.846  47.846 0.0000000000
145810  25.786  -22.983  47.421 0.0000000000
140202  28.819  -14.641  43.009 0.0000000000
65389  28.887  -14.201  41.164 0.0000000000
80834  48.827  1.417  23.738 0.0000000000
80822  51.110  1.135  24.170 0.0000000000
144997  51.107  1.575  22.783 0.0000000000
124247  51.468  1.235  21.093 0.0000000000
79887  49.090  1.302  21.401 0.0000000000
69210  38.278  -10.375  34.838 0.0000000000
69223  37.212  -10.472  34.149 0.0000000000
68275  37.357  -10.716  35.317 0.0000000000
68267  34.696  -11.070  36.076 0.0000000000
68278  35.033  -11.321  35.143 0.0000000000
67335  34.377  -11.997  34.888 0.0000000000
69177  39.750  -10.196  37.521 0.0000000000
69198  39.785  -10.022  36.036 0.0000000000
128767  39.846  -9.660  34.628 0.0000000000
49878  17.248  -29.923  52.670 0.0000000000
49869  14.846  -29.540  53.232 0.0000000000
54892  26.638  -23.599  57.216 0.0000000000
124332  27.915  -23.755  56.741 0.0000000000
54920  25.798  -23.743  55.751 0.0000000000
56063  21.770  -23.228  51.672 0.0000000000
56038  23.694  -23.103  52.932 0.0000000000
56062  22.624  -23.017  51.431 0.0000000000
56061  23.416  -23.020  51.226 0.0000000000
54999  21.790  -23.930  50.087 0.0000000000
53992  20.798  -25.294  49.535 0.0000000000
61048  29.864  -19.375  42.920 0.0000000000
78031  44.081  -2.102  28.949 0.0000000000
78950  45.026  -0.992  28.958 0.0000000000
78954  43.951  -1.269  27.754 0.0000000000
79865  44.207  -0.269  25.559 0.0000000000
79878  44.188  -0.003  23.930 0.0000000000
79876  45.965  0.221  23.487 0.0000000000
57089  21.171  -22.201  58.447 0.0000000000
57090  20.172  -22.642  58.579 0.0000000000
57078  21.369  -22.383  60.314 0.0000000000
122826  23.133  -21.881  58.868 0.0000000000
57088  22.324  -22.065  58.186 0.0000000000
76169  43.900  -4.018  30.071 0.0000000000
75156  42.763  -5.074  30.082 0.0000000000
75166  39.983  -4.900  29.000 0.0000000000
126809  18.340  -25.867  58.590 0.0000000000
50977  18.052  -27.673  56.941 0.0000000000
52050  17.417  -26.590  58.304 0.0000000000
50937  15.130  -26.894  58.720 0.0000000000
50956  15.417  -27.329  57.105 0.0000000000
50957  14.530  -27.353  57.145 0.0000000000
51003  13.562  -28.414  55.160 0.0000000000
50981  12.826  -28.589  56.526 0.0000000000
52000  11.655  -27.439  62.520 0.0000000000
48724  10.245  -30.343  59.784 0.0000000000
49805  10.961  -28.936  59.696 0.0000000000
120987  10.598  -30.373  58.928 0.0000000000
48743  11.197  -30.544  56.637 0.0000000000
66313  32.157  -13.197  45.098 0.0000000000
63280  31.755  -17.380  47.727 0.0000000000
64358  31.529  -15.269  48.330 0.0000000000
63281  31.274  -16.714  47.362 0.0000000000
64381  30.497  -16.024  46.285 0.0000000000
62201  30.816  -17.659  46.158 0.0000000000
122214  30.689  -18.284  44.916 0.0000000000
61006  31.406  -18.736  45.846 0.0000000000
143975  31.895  -21.419  45.041 0.0000000000
58969  31.836  -20.398  44.448 0.0000000000
57202  31.398  -22.016  43.750 0.0000000000
57211  30.938  -22.008  42.568 0.0000000000
57203  30.278  -22.533  43.544 0.0000000000
129797  28.990  -23.522  54.727 0.0000000000
53947  30.690  -23.746  54.705 0.0000000000
54950  29.426  -23.738  53.198 0.0000000000
124540  29.619  -23.159  50.737 0.0000000000
54980  30.694  -23.632  51.645 0.0000000000
141288  31.140  -23.564  49.983 0.0000000000
121695  32.533  -23.622  50.137 0.0000000000
56111  31.696  -23.498  48.860 0.0000000000
56125  31.764  -23.227  47.853 0.0000000000
56112  30.763  -23.120  47.984 0.0000000000
56160  27.374  -23.652  45.312 0.0000000000
56143  28.809  -23.036  46.175 0.0000000000
122375  34.100  -11.609  42.042 0.0000000000
68224  34.431  -11.331  40.479 0.0000000000
68226  32.925  -11.805  40.867 0.0000000000
66367  29.993  -13.221  38.052 0.0000000000
67316  30.709  -12.709  37.808 0.0000000000
81795  53.441  2.642  19.917 0.0000000000
69178  38.166  -10.301  37.589 0.0000000000
68264  36.994  -10.721  35.903 0.0000000000
127594  37.349  -10.362  37.604 0.0000000000
68243  35.948  -10.533  37.513 0.0000000000
68256  34.483  -11.059  37.096 0.0000000000
69148  40.428  -9.538  39.878 0.0000000000
69166  40.000  -10.039  38.314 0.0000000000
49876  18.752  -29.106  52.408 0.0000000000
49866  18.368  -29.384  53.596 0.0000000000
49852  17.964  -29.294  54.547 0.0000000000
56000  23.839  -22.672  56.329 0.0000000000
56014  23.944  -22.801  55.534 0.0000000000
56025  22.405  -22.735  54.183 0.0000000000
54955  20.778  -23.434  52.855 0.0000000000
54986  20.520  -24.500  51.744 0.0000000000
53040  19.972  -25.764  50.668 0.0000000000
53028  19.412  -26.158  51.517 0.0000000000
135788  18.939  -27.952  51.301 0.0000000000
77131  41.351  -2.332  26.475 0.0000000000
57071  21.763  -22.457  61.231 0.0000000000
72142  42.440  -7.839  33.014 0.0000000000
72161  41.469  -7.244  31.812 0.0000000000
73131  41.324  -6.760  31.155 0.0000000000
74188  41.123  -5.820  30.174 0.0000000000
73147  39.922  -6.487  30.515 0.0000000000
73157  38.425  -6.416  29.524 0.0000000000
130033  17.593  -26.123  61.428 0.0000000000
50882  17.101  -26.655  59.255 0.0000000000
50863  16.870  -26.865  60.126 0.0000000000
50865  15.902  -26.653  60.626 0.0000000000
52027  14.673  -26.859  60.166 0.0000000000
50852  10.561  -28.398  62.270 0.0000000000
122900  9.610  -29.919  61.961 0.0000000000
133562  9.677  -30.417  60.965 0.0000000000
47710  9.472  -31.704  59.537 0.0000000000
46625  8.851  -32.504  59.630 0.0000000000
62132  32.468  -17.492  49.276 0.0000000000
62160  32.120  -18.124  47.378 0.0000000000
61005  31.672  -19.140  46.201 0.0000000000
60991  32.620  -19.388  47.220 0.0000000000
58090  32.524  -20.808  46.624 0.0000000000
57192  32.035  -21.946  45.833 0.0000000000
54982  27.034  -23.413  51.928 0.0000000000
144879  28.800  -23.538  52.242 0.0000000000
54998  27.275  -23.371  51.131 0.0000000000
55015  28.344  -23.079  50.105 0.0000000000
56091  28.532  -23.020  49.286 0.0000000000
130967  29.448  -22.935  48.346 0.0000000000
56129  27.636  -23.037  47.293 0.0000000000
56145  26.589  -23.351  45.737 0.0000000000
143294  31.289  -12.325  42.141 0.0000000000
67290  31.347  -12.133  40.525 0.0000000000
66337  29.889  -12.939  41.345 0.0000000000
136942  29.346  -13.538  40.001 0.0000000000
80846  53.329  1.383  21.578 0.0000000000
80854  51.501  1.238  20.336 0.0000000000
70203  38.154  -9.051  33.322 0.0000000000
71216  36.728  -8.749  32.304 0.0000000000
70197  36.810  -10.027  33.546 0.0000000000
68276  36.475  -10.982  35.090 0.0000000000
136196  35.490  -11.280  34.290 0.0000000000
137052  41.830  -9.560  38.073 0.0000000000
70158  41.816  -9.373  37.253 0.0000000000
70177  42.160  -8.954  35.079 0.0000000000
70187  40.712  -9.389  34.694 0.0000000000
70195  39.509  -9.357  34.019 0.0000000000
54889  30.173  -24.575  58.167 0.0000000000
134253  31.067  -24.527  57.126 0.0000000000
124994  28.899  -23.866  56.940 0.0000000000
54917  28.205  -23.720  55.259 0.0000000000
124149  27.060  -23.822  53.995 0.0000000000
126013  24.879  -23.292  54.877 0.0000000000
56036  25.113  -23.293  53.837 0.0000000000
54969  26.032  -23.412  52.986 0.0000000000
56059  25.189  -23.315  51.246 0.0000000000
56096  23.610  -23.119  49.450 0.0000000000
56119  22.656  -23.481  48.255 0.0000000000
126107  46.590  1.100  28.139 0.0000000000
78965  44.239  -0.433  26.349 0.0000000000
79859  45.506  0.398  26.592 0.0000000000
80806  46.871  1.212  26.574 0.0000000000
80815  47.455  1.135  25.340 0.0000000000
79874  47.466  0.686  23.345 0.0000000000
79882  47.678  0.783  22.526 0.0000000000
130603  48.008  0.926  21.084 0.0000000000
56017  19.422  -23.699  55.729 0.0000000000
53925  18.750  -25.832  56.003 0.0000000000
55992  18.943  -23.777  57.214 0.0000000000
54882  18.968  -24.403  58.813 0.0000000000
54871  18.767  -24.410  59.771 0.0000000000
55961  20.849  -22.714  61.025 0.0000000000
131772  18.119  -24.935  61.281 0.0000000000
53898  18.074  -25.625  62.337 0.0000000000
53904  30.978  -24.682  60.086 0.0000000000
124619  29.270  -24.343  59.176 0.0000000000
54869  27.866  -23.135  59.181 0.0000000000
55978  26.413  -22.993  58.346 0.0000000000
134998  25.878  -22.660  58.671 0.0000000000
55981  24.426  -22.434  57.638 0.0000000000
56001  22.952  -22.348  56.510 0.0000000000
56002  20.903  -22.709  55.981 0.0000000000
77090  45.653  -2.601  30.426 0.0000000000
77100  43.751  -2.760  29.296 0.0000000000
77101  42.958  -2.961  29.087 0.0000000000
75164  41.553  -4.512  29.418 0.0000000000
75174  41.087  -4.040  28.868 0.0000000000
76201  41.095  -3.061  27.651 0.0000000000
139068  18.719  -27.127  56.094 0.0000000000
49841  17.684  -28.625  55.568 0.0000000000
125575  16.795  -28.562  55.086 0.0000000000
49814  16.632  -27.036  57.542 0.0000000000
51000  16.190  -27.976  55.684 0.0000000000
51023  15.825  -28.352  54.587 0.0000000000
49856  14.358  -29.035  53.755 0.0000000000
49857  13.493  -29.517  53.988 0.0000000000
52013  13.970  -26.985  60.903 0.0000000000
139039  12.871  -27.351  59.491 0.0000000000
50887  11.394  -28.018  60.062 0.0000000000
50939  12.546  -28.294  58.282 0.0000000000
49825  12.123  -29.180  56.861 0.0000000000
43809  4.812  -35.243  63.376 0.0000000000
69144  36.520  -10.663  41.924 0.0000000000
67267  32.620  -12.529  43.371 0.0000000000
67268  31.549  -12.574  43.559 0.0000000000
127431  30.004  -13.428  43.954 0.0000000000
65346  29.232  -14.828  43.996 0.0000000000
65317  31.062  -14.413  46.294 0.0000000000
65328  30.062  -14.851  45.169 0.0000000000
143274  28.820  -16.142  43.961 0.0000000000
62241  29.341  -17.821  44.073 0.0000000000
61032  30.163  -19.076  43.776 0.0000000000
59949  31.341  -20.402  43.052 0.0000000000
61018  31.485  -19.289  45.308 0.0000000000
59939  31.643  -20.047  43.775 0.0000000000
58982  31.222  -20.731  42.301 0.0000000000
57221  30.101  -22.399  41.760 0.0000000000
57222  29.344  -23.007  41.926 0.0000000000
58054  35.305  -21.043  51.941 0.0000000000
53923  31.531  -24.541  56.560 0.0000000000
53932  32.030  -24.025  55.149 0.0000000000
123194  32.724  -23.739  53.922 0.0000000000
54965  30.212  -23.688  52.301 0.0000000000
139173  31.589  -23.822  52.526 0.0000000000
54947  33.642  -23.673  52.890 0.0000000000
56057  34.021  -22.925  51.892 0.0000000000
132865  34.093  -22.400  51.336 0.0000000000
58063  34.059  -21.363  50.205 0.0000000000
57159  33.159  -22.223  48.511 0.0000000000
57173  31.853  -22.984  46.981 0.0000000000
57184  30.790  -23.022  45.755 0.0000000000
56128  29.540  -22.920  47.520 0.0000000000
56157  30.012  -23.075  45.911 0.0000000000
57194  30.234  -23.004  45.237 0.0000000000
57205  28.652  -23.480  43.554 0.0000000000
68223  35.194  -11.181  40.061 0.0000000000
68245  34.384  -11.265  38.741 0.0000000000
68257  33.808  -11.582  37.475 0.0000000000
67298  31.972  -11.987  39.134 0.0000000000
67306  32.206  -12.130  38.174 0.0000000000
67323  32.694  -12.408  36.421 0.0000000000
79896  48.382  0.751  20.365 0.0000000000
128112  37.731  -10.261  39.843 0.0000000000
139868  37.399  -10.482  40.549 0.0000000000
69150  38.812  -9.764  40.577 0.0000000000
53003  19.013  -26.434  53.941 0.0000000000
52995  19.109  -26.564  54.791 0.0000000000
54939  19.316  -24.796  54.555 0.0000000000
54938  19.814  -23.945  54.054 0.0000000000
130247  19.233  -26.215  53.110 0.0000000000
72165  36.774  -7.989  30.921 0.0000000000
71223  37.191  -8.197  31.800 0.0000000000
71214  38.622  -8.385  32.823 0.0000000000
72154  39.102  -7.848  32.231 0.0000000000
47657  8.044  -31.496  63.182 0.0000000000
144260  7.910  -31.852  62.602 0.0000000000
46575  7.882  -32.167  62.051 0.0000000000
124949  34.415  -19.158  51.250 0.0000000000
60961  33.974  -18.836  50.139 0.0000000000
141996  34.051  -19.931  49.297 0.0000000000
59902  33.510  -20.032  48.360 0.0000000000
54876  32.728  -24.040  58.885 0.0000000000
53912  32.183  -24.398  58.220 0.0000000000
57163  23.794  -22.892  47.992 0.0000000000
133749  24.876  -22.867  48.506 0.0000000000
57162  24.477  -22.797  47.806 0.0000000000
57185  24.508  -22.848  46.991 0.0000000000
65359  28.559  -15.006  42.241 0.0000000000
80843  48.937  1.426  22.988 0.0000000000
80833  49.621  1.653  23.571 0.0000000000
80842  49.679  1.727  22.748 0.0000000000
80850  49.740  1.678  21.870 0.0000000000
69200  38.301  -10.468  35.494 0.0000000000
69201  37.661  -10.643  34.950 0.0000000000
67321  34.244  -11.753  35.617 0.0000000000
67336  33.759  -12.434  35.298 0.0000000000
123847  38.886  -10.338  37.190 0.0000000000
69188  39.422  -10.259  36.680 0.0000000000
69199  39.095  -10.351  35.943 0.0000000000
48783  16.833  -30.585  52.491 0.0000000000
49879  16.512  -29.942  52.696 0.0000000000
47773  16.022  -30.448  52.693 0.0000000000
49868  15.826  -29.498  52.965 0.0000000000
55988  26.057  -23.284  57.465 0.0000000000
54905  26.082  -23.714  56.577 0.0000000000
55999  25.383  -23.556  56.193 0.0000000000
54985  21.163  -23.987  51.297 0.0000000000
54984  21.842  -23.607  50.949 0.0000000000
55000  21.062  -24.665  50.154 0.0000000000
59950  30.582  -20.077  42.299 0.0000000000
78036  43.710  -1.835  28.247 0.0000000000
78035  44.351  -1.428  28.563 0.0000000000
78045  43.393  -1.672  27.591 0.0000000000
79877  45.011  0.212  23.499 0.0000000000
57083  21.958  -22.038  59.363 0.0000000000
57084  20.754  -22.500  59.461 0.0000000000
128090  22.898  -21.857  59.771 0.0000000000
74174  43.399  -6.121  31.081 0.0000000000
75147  43.945  -5.353  30.886 0.0000000000
75155  43.571  -4.790  30.329 0.0000000000
74185  43.335  -5.465  30.556 0.0000000000
52049  17.911  -26.580  57.973 0.0000000000
124168  17.770  -26.336  58.701 0.0000000000
52051  14.306  -27.189  58.596 0.0000000000
121782  14.994  -26.942  57.825 0.0000000000
52064  13.991  -27.361  57.845 0.0000000000
50958  13.517  -27.928  57.077 0.0000000000
50938  13.237  -28.000  57.848 0.0000000000
51986  11.194  -27.604  63.382 0.0000000000
48725  10.042  -31.039  59.148 0.0000000000
125000  10.411  -31.057  58.195 0.0000000000
62161  31.606  -17.661  47.102 0.0000000000
63296  31.135  -17.124  46.952 0.0000000000
63297  30.752  -16.917  46.544 0.0000000000
62221  31.035  -18.272  45.635 0.0000000000
62200  31.308  -18.242  46.221 0.0000000000
58097  31.898  -21.432  44.117 0.0000000000
123368  30.850  -22.654  44.750 0.0000000000
54952  27.901  -23.685  53.746 0.0000000000
54934  28.982  -23.631  53.849 0.0000000000
54951  28.639  -23.686  52.975 0.0000000000
55013  30.002  -23.010  49.805 0.0000000000
124452  30.507  -23.273  50.342 0.0000000000
55012  30.748  -23.294  49.549 0.0000000000
55011  31.616  -23.734  49.746 0.0000000000
144166  31.233  -23.535  49.413 0.0000000000
55033  30.882  -23.276  48.764 0.0000000000
67272  33.448  -11.932  42.238 0.0000000000
68219  33.525  -11.670  41.479 0.0000000000
67279  32.774  -11.898  41.692 0.0000000000
138824  38.473  -10.115  38.365 0.0000000000
69168  37.705  -10.205  38.300 0.0000000000
139294  36.534  -10.498  39.060 0.0000000000
69169  36.771  -10.376  38.169 0.0000000000
68255  35.247  -10.667  36.774 0.0000000000
68244  35.057  -10.861  37.970 0.0000000000
70133  41.230  -9.393  40.052 0.0000000000
128136  38.560  -9.914  39.795 0.0000000000
69157  39.159  -9.917  38.903 0.0000000000
69167  39.103  -10.208  37.995 0.0000000000
49851  18.581  -29.024  54.259 0.0000000000
49865  18.722  -29.072  53.365 0.0000000000
48771  17.763  -29.611  53.435 0.0000000000
122257  23.046  -22.520  55.719 0.0000000000
122862  22.180  -22.543  55.019 0.0000000000
54956  20.158  -24.136  53.282 0.0000000000
54971  20.371  -24.306  52.527 0.0000000000
54970  20.962  -23.662  52.040 0.0000000000
53974  20.027  -25.282  51.457 0.0000000000
52108  18.969  -27.812  52.257 0.0000000000
52119  19.068  -27.099  51.495 0.0000000000
132924  41.600  -8.482  33.727 0.0000000000
71211  41.609  -8.119  33.131 0.0000000000
134499  40.583  -7.420  31.884 0.0000000000
72152  41.100  -7.769  32.448 0.0000000000
125394  42.076  -6.802  31.371 0.0000000000
73146  40.820  -6.401  30.639 0.0000000000
73148  37.925  -6.923  30.120 0.0000000000
73133  38.979  -6.646  30.307 0.0000000000
124078  17.272  -26.587  60.761 0.0000000000
143218  17.182  -26.804  61.302 0.0000000000
141908  15.552  -26.724  61.097 0.0000000000
50885  15.422  -26.670  60.324 0.0000000000
136914  14.917  -26.779  61.003 0.0000000000
126408  9.644  -29.340  63.258 0.0000000000
49781  10.094  -28.936  62.806 0.0000000000
47686  8.859  -31.224  61.484 0.0000000000
48709  9.332  -30.522  61.581 0.0000000000
47685  9.362  -30.992  60.931 0.0000000000
47697  9.441  -31.343  60.303 0.0000000000
47711  9.105  -31.918  60.195 0.0000000000
45611  6.965  -34.031  61.967 0.0000000000
44709  6.658  -34.632  61.576 0.0000000000
44700  6.352  -34.375  62.382 0.0000000000
62131  33.029  -18.245  49.187 0.0000000000
123178  33.106  -17.643  49.930 0.0000000000
62145  32.379  -18.024  48.317 0.0000000000
140793  32.558  -18.619  47.770 0.0000000000
60984  32.370  -18.736  47.245 0.0000000000
60983  32.886  -19.262  47.810 0.0000000000
58952  33.067  -20.582  47.650 0.0000000000
58958  32.775  -20.406  47.069 0.0000000000
58083  32.903  -20.892  47.103 0.0000000000
58084  32.547  -21.353  46.527 0.0000000000
56058  26.184  -23.438  51.376 0.0000000000
56073  26.501  -23.351  50.530 0.0000000000
56072  27.461  -23.268  50.296 0.0000000000
56092  27.641  -23.203  49.414 0.0000000000
56114  27.868  -23.080  48.405 0.0000000000
135502  26.997  -23.138  47.851 0.0000000000
56130  26.462  -23.038  46.917 0.0000000000
67275  30.783  -12.616  42.792 0.0000000000
67282  30.595  -12.558  41.820 0.0000000000
145390  28.952  -14.050  40.414 0.0000000000
65403  28.875  -14.239  39.690 0.0000000000
80855  50.740  1.434  20.637 0.0000000000
80860  50.733  1.311  19.833 0.0000000000
80861  49.792  1.069  19.656 0.0000000000
70196  38.611  -9.576  33.902 0.0000000000
70204  37.191  -9.211  33.142 0.0000000000
125242  37.689  -9.768  33.771 0.0000000000
69212  36.693  -10.904  34.369 0.0000000000
69224  36.451  -10.809  33.874 0.0000000000
68253  36.672  -10.642  36.434 0.0000000000
68286  34.913  -11.505  34.520 0.0000000000
67344  34.774  -11.683  33.945 0.0000000000
69164  41.513  -9.613  38.680 0.0000000000
70147  41.944  -9.511  38.590 0.0000000000
69175  41.341  -9.735  38.251 0.0000000000
70168  41.149  -9.606  36.600 0.0000000000
130616  41.930  -9.169  36.217 0.0000000000
70186  41.441  -9.121  34.683 0.0000000000
70188  38.938  -9.917  34.506 0.0000000000
71204  39.101  -8.875  33.471 0.0000000000
54878  29.489  -24.291  58.417 0.0000000000
54890  29.658  -24.141  57.595 0.0000000000
144108  29.031  -23.901  57.853 0.0000000000
54919  26.654  -23.885  55.755 0.0000000000
127601  27.595  -24.036  55.959 0.0000000000
54918  27.359  -23.802  55.289 0.0000000000
54935  27.586  -23.681  54.569 0.0000000000
54936  26.733  -23.767  54.760 0.0000000000
121875  24.075  -22.982  54.679 0.0000000000
122562  23.830  -23.083  53.791 0.0000000000
56051  23.684  -23.067  52.017 0.0000000000
56037  24.480  -23.160  53.441 0.0000000000
126558  25.231  -23.199  53.209 0.0000000000
56049  25.321  -23.310  52.426 0.0000000000
141134  25.470  -23.420  51.827 0.0000000000
123877  24.624  -23.279  51.847 0.0000000000
56097  22.654  -23.375  49.790 0.0000000000
56076  23.411  -23.115  50.427 0.0000000000
124054  22.844  -23.371  49.025 0.0000000000
53041  19.384  -26.544  50.705 0.0000000000
136529  19.797  -26.271  50.081 0.0000000000
53055  19.414  -26.892  49.870 0.0000000000
78026  46.019  -1.947  30.081 0.0000000000
78952  45.379  -0.168  28.554 0.0000000000
79843  46.238  0.016  29.209 0.0000000000
122910  46.072  0.569  28.465 0.0000000000
120774  46.997  0.669  29.016 0.0000000000
78967  43.109  -1.129  26.131 0.0000000000
130748  43.723  -0.856  26.493 0.0000000000
132681  44.880  0.038  25.220 0.0000000000
79864  44.895  -0.054  26.050 0.0000000000
79863  45.544  0.315  25.676 0.0000000000
79854  46.177  1.010  27.228 0.0000000000
79858  46.177  0.755  26.147 0.0000000000
80816  46.857  0.962  25.687 0.0000000000
79862  46.243  0.558  25.244 0.0000000000
79875  46.746  0.389  23.477 0.0000000000
124734  47.061  0.463  22.893 0.0000000000
127836  47.043  0.472  22.338 0.0000000000
56003  19.983  -23.006  56.163 0.0000000000
56004  19.312  -23.465  56.433 0.0000000000
55991  19.665  -22.869  56.969 0.0000000000
55982  19.961  -23.018  59.239 0.0000000000
55983  19.455  -23.377  58.705 0.0000000000
55973  19.409  -23.641  59.463 0.0000000000
55963  19.352  -23.635  60.303 0.0000000000
55939  19.382  -23.455  62.134 0.0000000000
54849  18.710  -24.152  61.744 0.0000000000
53897  18.513  -24.898  62.282 0.0000000000
54866  30.068  -24.640  59.908 0.0000000000
145883  27.303  -23.159  58.506 0.0000000000
55971  25.259  -22.287  58.857 0.0000000000
55980  25.210  -22.470  58.146 0.0000000000
55990  23.696  -22.392  57.082 0.0000000000
57087  23.453  -22.117  57.898 0.0000000000
141624  21.550  -22.209  57.367 0.0000000000
57105  20.649  -22.532  56.754 0.0000000000
70205  36.332  -9.521  32.745 0.0000000000
76176  44.252  -3.280  29.779 0.0000000000
76177  43.432  -3.482  29.559 0.0000000000
74197  40.533  -5.353  29.619 0.0000000000
74196  41.353  -5.193  29.731 0.0000000000
75176  39.527  -4.562  28.179 0.0000000000
75175  40.308  -4.265  28.545 0.0000000000
76188  40.671  -3.641  28.101 0.0000000000
76187  41.434  -3.400  28.488 0.0000000000
76202  40.320  -3.305  27.256 0.0000000000
131063  18.778  -25.189  56.353 0.0000000000
52988  18.915  -26.568  55.632 0.0000000000
52982  18.841  -26.583  56.624 0.0000000000
50978  17.404  -27.730  57.082 0.0000000000
133885  17.792  -27.981  56.580 0.0000000000
49831  17.345  -28.042  56.385 0.0000000000
136221  17.387  -28.914  55.152 0.0000000000
49842  17.164  -28.260  55.833 0.0000000000
50907  16.625  -26.722  58.750 0.0000000000
50934  16.870  -26.699  58.100 0.0000000000
121978  16.544  -26.682  57.965 0.0000000000
124556  14.952  -27.559  56.623 0.0000000000
50979  15.653  -27.681  56.381 0.0000000000
51001  15.277  -27.988  55.366 0.0000000000
51024  14.792  -28.407  54.397 0.0000000000
51002  14.311  -28.130  55.165 0.0000000000
51004  13.093  -28.524  55.722 0.0000000000
49844  12.944  -29.033  54.838 0.0000000000
49845  12.291  -29.762  55.000 0.0000000000
121077  12.155  -27.161  61.679 0.0000000000
52014  12.820  -26.974  60.844 0.0000000000
121798  12.385  -27.314  60.076 0.0000000000
50867  10.586  -28.571  61.399 0.0000000000
49815  11.239  -29.204  58.993 0.0000000000
50912  11.545  -28.463  59.257 0.0000000000
50911  12.098  -28.184  58.882 0.0000000000
50940  11.777  -28.778  58.574 0.0000000000
50959  12.007  -29.068  57.803 0.0000000000
44693  5.065  -34.477  63.655 0.0000000000
43810  4.389  -35.759  63.706 0.0000000000
126421  34.778  -11.930  43.084 0.0000000000
140677  32.877  -12.777  44.186 0.0000000000
122492  32.194  -12.756  44.007 0.0000000000
66314  31.270  -13.503  45.292 0.0000000000
66321  30.556  -13.391  44.582 0.0000000000
66328  29.431  -13.952  43.565 0.0000000000
65345  29.849  -14.184  44.477 0.0000000000
65307  31.091  -14.898  46.975 0.0000000000
63305  30.233  -16.617  45.811 0.0000000000
64388  30.265  -15.488  45.745 0.0000000000
64395  29.861  -15.752  45.117 0.0000000000
64396  29.256  -15.822  44.437 0.0000000000
63310  29.101  -16.876  44.218 0.0000000000
62223  29.905  -17.606  44.691 0.0000000000
61020  30.048  -18.417  44.267 0.0000000000
59940  30.814  -19.768  43.562 0.0000000000
59924  31.613  -19.678  45.590 0.0000000000
58104  32.108  -20.829  43.749 0.0000000000
58974  31.847  -20.356  43.839 0.0000000000
58975  32.028  -20.709  42.976 0.0000000000
58111  31.470  -21.261  42.317 0.0000000000
139100  30.861  -21.752  41.729 0.0000000000
57212  29.630  -22.671  42.576 0.0000000000
53924  30.666  -24.119  56.370 0.0000000000
53946  31.368  -23.847  54.713 0.0000000000
54931  32.758  -23.935  54.752 0.0000000000
53945  31.886  -23.866  54.117 0.0000000000
121981  29.498  -23.650  52.454 0.0000000000
122256  29.964  -23.536  51.837 0.0000000000
121761  31.363  -23.707  51.136 0.0000000000
54979  31.463  -23.820  51.815 0.0000000000
54963  32.136  -23.879  52.086 0.0000000000
54962  32.898  -23.712  52.531 0.0000000000
56048  33.466  -23.457  52.194 0.0000000000
54977  32.695  -23.695  51.644 0.0000000000
56070  33.003  -23.305  50.528 0.0000000000
57153  33.486  -22.591  50.325 0.0000000000
57139  34.119  -21.903  50.802 0.0000000000
123561  33.300  -22.424  49.219 0.0000000000
57158  33.431  -21.530  48.655 0.0000000000
56109  32.874  -22.914  48.759 0.0000000000
57172  32.330  -22.803  47.558 0.0000000000
128103  31.886  -22.674  46.297 0.0000000000
57183  31.337  -23.041  46.408 0.0000000000
133584  28.637  -22.912  47.675 0.0000000000
145136  28.974  -22.920  46.935 0.0000000000
140362  29.312  -23.069  45.855 0.0000000000
56158  29.517  -23.136  45.210 0.0000000000
57195  29.887  -23.000  44.433 0.0000000000
56172  29.017  -23.301  44.371 0.0000000000
131224  35.945  -10.769  41.267 0.0000000000
68217  35.121  -11.014  41.069 0.0000000000
129408  33.864  -11.451  40.058 0.0000000000
68233  34.449  -11.316  39.631 0.0000000000
68234  33.586  -11.476  39.308 0.0000000000
68246  33.676  -11.544  38.365 0.0000000000
136281  31.431  -12.074  39.766 0.0000000000
67299  31.110  -12.198  39.192 0.0000000000
66379  31.004  -12.871  36.951 0.0000000000
67315  31.549  -12.420  37.540 0.0000000000
67324  31.831  -12.608  36.692 0.0000000000
67314  32.426  -12.229  37.268 0.0000000000
66394  32.167  -12.942  35.956 0.0000000000
81794  54.428  2.692  20.199 0.0000000000
81799  54.516  2.830  19.271 0.0000000000
124687  55.708  2.893  19.131 0.0000000000
79905  47.713  0.446  19.787 0.0000000000
69158  35.915  -10.801  39.558 0.0000000000
52100  18.965  -27.876  53.266 0.0000000000
51055  18.908  -28.498  52.909 0.0000000000
132852  18.953  -27.980  54.101 0.0000000000
145856  18.994  -27.904  54.759 0.0000000000
56015  21.152  -22.784  55.191 0.0000000000
56026  21.354  -22.861  54.341 0.0000000000
56027  20.388  -23.233  54.562 0.0000000000
53958  19.894  -24.961  53.014 0.0000000000
53966  19.487  -25.782  52.303 0.0000000000
72177  37.305  -7.525  30.445 0.0000000000
71212  40.607  -8.279  32.980 0.0000000000
72162  39.616  -7.367  31.562 0.0000000000
141431  39.578  -6.930  30.894 0.0000000000
72176  37.963  -7.319  30.849 0.0000000000
51980  17.248  -26.559  62.622 0.0000000000
51994  17.055  -26.919  61.920 0.0000000000
127140  16.861  -26.749  62.933 0.0000000000
46591  8.371  -31.885  61.363 0.0000000000
46607  8.547  -32.271  60.563 0.0000000000
46592  7.930  -32.760  61.229 0.0000000000
45610  7.383  -33.486  61.583 0.0000000000
134243  7.126  -33.447  62.251 0.0000000000
62115  33.991  -18.552  50.894 0.0000000000
60973  33.510  -18.811  49.191 0.0000000000
60978  33.354  -19.362  48.473 0.0000000000
143382  32.973  -19.705  47.670 0.0000000000
60977  33.559  -19.741  48.541 0.0000000000
59909  33.178  -20.252  47.927 0.0000000000
58077  33.285  -20.921  47.964 0.0000000000
56095  24.734  -23.042  49.440 0.0000000000
56094  25.712  -23.209  49.945 0.0000000000
56116  25.755  -23.064  48.861 0.0000000000
128402  26.175  -23.039  47.932 0.0000000000
57174  25.324  -22.884  46.959 0.0000000000
66332  29.289  -13.725  42.649 0.0000000000
66338  29.306  -13.571  41.735 0.0000000000
65373  28.869  -14.333  42.044 0.0000000000
134922  48.627  1.387  24.543 0.0000000000
140524  50.034  1.369  24.833 0.0000000000
80824  49.471  1.533  24.326 0.0000000000
80840  51.789  1.339  22.596 0.0000000000
80848  51.281  1.513  21.996 0.0000000000
80849  50.595  1.655  21.486 0.0000000000
80856  49.877  1.559  21.015 0.0000000000
69211  37.444  -10.599  34.590 0.0000000000
68284  36.953  -10.873  34.753 0.0000000000
68266  35.508  -10.865  35.826 0.0000000000
136491  35.822  -11.078  35.203 0.0000000000
67345  34.305  -12.150  34.254 0.0000000000
69176  40.617  -10.029  37.885 0.0000000000
69187  40.351  -10.026  36.930 0.0000000000
70169  40.510  -9.726  36.083 0.0000000000
70179  40.212  -9.753  35.336 0.0000000000
69209  39.229  -10.156  35.223 0.0000000000
48782  17.670  -30.448  52.247 0.0000000000
48772  15.221  -30.287  52.957 0.0000000000
48773  14.477  -30.312  53.317 0.0000000000
54891  27.345  -23.591  57.398 0.0000000000
54904  27.008  -23.839  56.623 0.0000000000
56039  22.775  -22.882  53.340 0.0000000000
56052  22.721  -22.910  52.304 0.0000000000
56077  22.551  -23.241  50.652 0.0000000000
55017  21.338  -24.596  49.285 0.0000000000
78030  44.804  -1.782  29.234 0.0000000000
78029  45.588  -1.525  29.517 0.0000000000
78953  44.616  -0.759  28.141 0.0000000000
78969  43.518  -0.452  25.082 0.0000000000
78971  43.499  -0.318  24.301 0.0000000000
79870  44.897  0.136  24.398 0.0000000000
133091  45.568  0.247  24.108 0.0000000000
79884  45.531  0.169  22.772 0.0000000000
57091  19.465  -23.008  57.868 0.0000000000
57079  20.634  -22.760  60.294 0.0000000000
75154  44.306  -4.522  30.664 0.0000000000
75162  43.110  -4.247  29.802 0.0000000000
125963  18.762  -25.743  57.776 0.0000000000
52977  18.749  -26.407  57.404 0.0000000000
123147  18.282  -26.721  57.682 0.0000000000
49822  17.104  -27.347  57.436 0.0000000000
50909  15.775  -26.802  58.896 0.0000000000
50936  15.700  -26.692  58.075 0.0000000000
140781  14.165  -27.752  56.473 0.0000000000
50980  13.861  -28.085  55.806 0.0000000000
143480  13.471  -28.167  56.330 0.0000000000
122572  12.594  -27.194  62.478 0.0000000000
49800  10.112  -29.963  60.603 0.0000000000
125878  10.522  -29.550  60.094 0.0000000000
49806  10.793  -29.733  59.395 0.0000000000
125581  11.056  -29.841  58.784 0.0000000000
49826  11.033  -30.268  58.197 0.0000000000
67261  32.345  -12.964  44.515 0.0000000000
132492  31.974  -13.415  45.739 0.0000000000
63259  31.848  -17.034  48.668 0.0000000000
64357  31.721  -15.933  48.938 0.0000000000
63260  31.483  -16.315  48.096 0.0000000000
64373  31.227  -15.606  47.562 0.0000000000
64380  30.848  -16.037  46.895 0.0000000000
62222  30.384  -17.562  45.411 0.0000000000
61019  31.309  -18.840  45.076 0.0000000000
58096  31.936  -20.833  44.716 0.0000000000
57204  29.287  -23.022  43.467 0.0000000000
122601  29.637  -23.592  54.940 0.0000000000
53934  30.544  -23.851  55.476 0.0000000000
54932  30.042  -23.644  54.400 0.0000000000
135919  30.391  -23.729  53.847 0.0000000000
121807  30.164  -23.402  51.170 0.0000000000
54995  30.927  -23.491  50.757 0.0000000000
54994  31.555  -23.738  50.446 0.0000000000
56071  32.579  -23.745  50.805 0.0000000000
54993  32.094  -23.858  50.283 0.0000000000
56090  32.217  -23.668  49.549 0.0000000000
126842  32.435  -23.403  48.971 0.0000000000
56110  32.305  -23.143  48.344 0.0000000000
125739  31.242  -23.246  48.172 0.0000000000
56144  27.443  -23.127  46.244 0.0000000000
126170  28.097  -23.241  45.744 0.0000000000
124433  27.980  -23.655  45.083 0.0000000000
56173  28.168  -23.751  44.272 0.0000000000
56174  27.492  -24.039  44.586 0.0000000000
122482  34.797  -11.274  41.926 0.0000000000
68218  34.267  -11.393  41.286 0.0000000000
68225  33.691  -11.538  40.719 0.0000000000
140328  32.761  -11.734  39.486 0.0000000000
136801  29.781  -13.242  38.776 0.0000000000
67308  30.447  -12.657  38.794 0.0000000000
80853  52.196  1.444  20.114 0.0000000000
69189  38.177  -10.446  36.834 0.0000000000
68263  37.800  -10.520  36.111 0.0000000000
69179  37.404  -10.522  36.812 0.0000000000
69180  36.697  -10.506  37.174 0.0000000000
68254  36.055  -10.647  36.556 0.0000000000
69155  41.205  -9.566  39.229 0.0000000000
69156  40.225  -9.791  39.085 0.0000000000
49877  18.503  -29.526  52.665 0.0000000000
138003  18.117  -29.810  52.721 0.0000000000
143301  17.774  -29.913  52.711 0.0000000000
130253  24.527  -22.866  56.921 0.0000000000
122141  24.668  -23.172  56.131 0.0000000000
121805  23.191  -22.637  54.868 0.0000000000
56040  21.557  -22.919  53.462 0.0000000000
56053  21.695  -22.978  52.553 0.0000000000
55001  20.704  -24.743  50.922 0.0000000000
53982  20.543  -25.267  50.339 0.0000000000
144446  20.325  -25.252  50.848 0.0000000000
78047  42.033  -2.028  26.846 0.0000000000
78046  42.793  -1.825  27.214 0.0000000000
57070  22.767  -22.377  61.296 0.0000000000
72150  42.866  -7.593  32.607 0.0000000000
72151  42.032  -7.620  32.540 0.0000000000
72160  42.476  -7.270  32.025 0.0000000000
73144  42.529  -6.317  30.861 0.0000000000
74187  42.061  -5.680  30.228 0.0000000000
73145  41.679  -6.341  30.707 0.0000000000
74189  40.246  -5.948  30.055 0.0000000000
73156  39.339  -6.135  29.822 0.0000000000
74199  38.823  -5.867  29.049 0.0000000000
52969  17.675  -25.785  60.131 0.0000000000
52035  17.544  -26.252  59.565 0.0000000000
52025  17.289  -26.506  59.796 0.0000000000
52026  17.096  -26.744  59.989 0.0000000000
133733  16.498  -26.732  59.738 0.0000000000
52011  16.744  -26.972  61.566 0.0000000000
50864  16.562  -26.842  60.759 0.0000000000
50884  15.900  -26.680  59.669 0.0000000000
50910  15.277  -26.807  59.509 0.0000000000
52037  14.498  -27.094  59.368 0.0000000000
52038  13.595  -27.366  59.151 0.0000000000
50840  10.533  -28.216  63.110 0.0000000000
49790  10.104  -29.258  61.928 0.0000000000
49791  9.831  -29.897  61.340 0.0000000000
48718  9.766  -30.682  60.399 0.0000000000
129927  9.808  -31.029  59.851 0.0000000000
46645  8.884  -32.920  58.717 0.0000000000
62117  32.599  -17.006  49.925 0.0000000000
62180  31.901  -18.256  46.914 0.0000000000
60993  31.642  -18.493  46.495 0.0000000000
60992  32.083  -18.842  46.791 0.0000000000
59923  31.886  -19.793  46.278 0.0000000000
59916  32.550  -19.845  46.847 0.0000000000
58964  32.202  -20.377  46.405 0.0000000000
58091  32.010  -21.018  45.828 0.0000000000
124542  27.578  -23.544  52.372 0.0000000000
54966  28.183  -23.583  52.468 0.0000000000
124541  28.191  -23.354  51.754 0.0000000000
54997  28.203  -23.194  50.886 0.0000000000
140682  28.895  -23.058  50.633 0.0000000000
55014  29.165  -22.952  49.984 0.0000000000
55035  29.360  -22.947  49.163 0.0000000000
138353  28.762  -22.948  48.579 0.0000000000
67280  31.976  -12.081  41.943 0.0000000000
125384  32.114  -12.068  41.079 0.0000000000
67281  31.294  -12.224  41.404 0.0000000000
67291  30.557  -12.438  40.902 0.0000000000
66347  29.908  -12.928  40.409 0.0000000000
66348  29.345  -13.500  40.845 0.0000000000
66357  29.884  -13.043  39.501 0.0000000000
66358  29.333  -13.670  39.189 0.0000000000
80852  52.847  1.339  20.815 0.0000000000
80847  52.213  1.177  21.578 0.0000000000
121776  52.080  1.075  20.770 0.0000000000
128524  50.959  1.286  19.213 0.0000000000
71215  37.639  -8.526  32.634 0.0000000000
68285  36.219  -11.098  34.526 0.0000000000
68277  35.684  -11.226  34.696 0.0000000000
68295  35.267  -11.393  33.698 0.0000000000
69186  41.176  -9.799  37.564 0.0000000000
71192  41.900  -8.632  34.249 0.0000000000
71193  41.184  -8.981  34.110 0.0000000000
139319  40.392  -9.176  34.070 0.0000000000
71203  40.047  -8.783  33.521 0.0000000000
53914  30.674  -24.810  58.685 0.0000000000
53913  31.420  -24.667  58.438 0.0000000000
53918  30.872  -24.686  57.855 0.0000000000
54901  30.394  -24.341  57.333 0.0000000000
54902  29.773  -24.033  56.670 0.0000000000
54903  28.463  -24.008  56.060 0.0000000000
54916  29.055  -23.708  55.494 0.0000000000
138080  28.340  -23.575  54.427 0.0000000000
144085  27.262  -23.805  53.546 0.0000000000
56012  25.130  -23.456  55.584 0.0000000000
132678  25.549  -23.553  55.049 0.0000000000
56023  25.340  -23.452  54.374 0.0000000000
54937  25.994  -23.708  54.518 0.0000000000
54954  25.843  -23.603  53.809 0.0000000000
54953  26.702  -23.752  53.466 0.0000000000
54968  26.826  -23.604  52.678 0.0000000000
54983  26.128  -23.453  52.197 0.0000000000
56060  24.242  -23.149  51.049 0.0000000000
56075  24.951  -23.187  50.452 0.0000000000
56118  23.373  -23.119  48.520 0.0000000000
56131  23.233  -23.171  47.723 0.0000000000
131646  20.301  -25.853  49.827 0.0000000000
53054  19.987  -26.481  49.382 0.0000000000
63315  28.553  -16.431  43.298 0.0000000000
80784  47.513  1.246  28.364 0.0000000000
78963  43.400  -1.287  26.963 0.0000000000
78962  44.233  -0.697  27.184 0.0000000000
79860  44.880  -0.116  26.912 0.0000000000
79855  45.504  0.393  27.643 0.0000000000
80799  47.098  1.369  27.491 0.0000000000
80798  48.123  1.481  27.617 0.0000000000
131424  47.577  1.432  26.865 0.0000000000
128987  48.331  1.414  25.506 0.0000000000
79868  46.328  0.420  24.299 0.0000000000
79867  47.201  0.675  24.096 0.0000000000
80835  48.024  1.027  23.918 0.0000000000
79873  48.204  1.074  23.162 0.0000000000
79881  48.383  1.164  22.519 0.0000000000
79888  48.275  1.063  21.764 0.0000000000
53935  19.147  -25.753  55.119 0.0000000000
54921  19.053  -24.754  55.512 0.0000000000
131348  18.837  -24.974  57.086 0.0000000000
129549  19.015  -23.789  58.101 0.0000000000
54893  18.775  -24.666  57.911 0.0000000000
138974  18.626  -25.269  58.442 0.0000000000
53910  18.427  -25.222  59.173 0.0000000000
53905  17.988  -25.118  60.158 0.0000000000
55962  20.068  -23.088  60.723 0.0000000000
55950  20.149  -23.007  61.624 0.0000000000
54860  18.608  -24.253  60.740 0.0000000000
135144  17.767  -25.542  60.833 0.0000000000
53900  17.897  -25.571  61.568 0.0000000000
53894  18.019  -25.685  63.132 0.0000000000
52960  17.448  -26.094  63.311 0.0000000000
54865  32.708  -24.153  59.791 0.0000000000
53908  31.271  -24.737  59.325 0.0000000000
53909  30.574  -24.794  59.391 0.0000000000
54877  29.961  -24.663  59.016 0.0000000000
54879  28.655  -23.729  58.603 0.0000000000
54880  27.683  -23.362  58.203 0.0000000000
54881  26.886  -23.337  57.984 0.0000000000
55979  25.806  -22.833  57.978 0.0000000000
55989  25.223  -22.896  57.480 0.0000000000
57097  22.724  -22.150  57.292 0.0000000000
57103  22.148  -22.214  56.723 0.0000000000
56016  20.204  -23.173  55.387 0.0000000000
71224  36.500  -8.476  31.466 0.0000000000
77089  46.266  -2.198  30.801 0.0000000000
76168  44.671  -3.743  30.377 0.0000000000
77091  45.036  -3.016  30.045 0.0000000000
77099  44.552  -2.535  29.508 0.0000000000
77110  43.360  -2.396  28.675 0.0000000000
77111  42.621  -2.633  28.386 0.0000000000
75157  42.025  -5.004  29.763 0.0000000000
75163  42.313  -4.385  29.598 0.0000000000
75165  40.791  -4.693  29.239 0.0000000000
76179  41.824  -3.804  29.173 0.0000000000
76186  42.174  -3.149  28.838 0.0000000000
77112  41.835  -2.802  28.052 0.0000000000
77123  42.320  -2.324  27.594 0.0000000000
77124  41.551  -2.522  27.242 0.0000000000
129842  18.938  -27.474  55.279 0.0000000000
130382  18.639  -28.273  55.320 0.0000000000
52075  18.517  -27.281  56.832 0.0000000000
50998  18.421  -27.806  56.150 0.0000000000
49853  17.239  -29.151  54.227 0.0000000000
49854  16.337  -28.891  53.850 0.0000000000
50906  17.132  -26.631  58.538 0.0000000000
49813  16.880  -26.971  57.686 0.0000000000
49823  16.803  -27.474  57.211 0.0000000000
50955  15.971  -27.458  56.948 0.0000000000
49833  16.392  -27.727  56.533 0.0000000000
49843  16.738  -27.984  56.008 0.0000000000
49855  15.306  -28.846  53.652 0.0000000000
49870  14.167  -29.707  53.530 0.0000000000
51025  13.849  -28.666  54.455 0.0000000000
48774  13.792  -30.376  53.728 0.0000000000
52012  14.320  -27.016  61.752 0.0000000000
52028  13.579  -27.128  59.989 0.0000000000
52001  10.983  -27.826  62.603 0.0000000000
50851  11.158  -27.724  61.738 0.0000000000
50888  10.667  -28.812  60.519 0.0000000000
50886  12.116  -27.771  59.420 0.0000000000
52039  12.747  -27.711  58.940 0.0000000000
136331  12.675  -28.540  57.398 0.0000000000
48736  11.468  -29.876  57.365 0.0000000000
49835  11.679  -29.836  56.303 0.0000000000
49846  11.873  -29.930  55.545 0.0000000000
44692  5.885  -34.039  63.178 0.0000000000
44701  5.506  -34.708  62.846 0.0000000000
43816  5.228  -35.420  62.527 0.0000000000
69143  37.542  -10.436  41.335 0.0000000000
68212  34.121  -12.091  42.676 0.0000000000
67266  33.489  -12.404  42.946 0.0000000000
67274  31.800  -12.283  42.741 0.0000000000
66320  31.488  -12.944  44.445 0.0000000000
67269  30.615  -12.840  43.815 0.0000000000
66327  29.951  -13.219  43.158 0.0000000000
64404  28.774  -15.531  43.608 0.0000000000
66304  31.517  -13.826  46.067 0.0000000000
140699  30.954  -14.062  45.736 0.0000000000
65308  30.664  -15.206  46.334 0.0000000000
65318  30.555  -14.655  45.752 0.0000000000
65329  29.622  -15.075  44.648 0.0000000000
62242  28.694  -17.550  43.380 0.0000000000
61033  29.262  -18.562  43.405 0.0000000000
59930  31.437  -19.517  44.561 0.0000000000
59938  31.644  -19.914  44.672 0.0000000000
58112  30.859  -21.227  41.561 0.0000000000
59889  34.818  -20.100  51.460 0.0000000000
53917  31.659  -24.701  57.449 0.0000000000
53916  32.232  -24.724  56.771 0.0000000000
54900  32.813  -24.603  56.251 0.0000000000
53933  31.295  -24.037  55.595 0.0000000000
53922  32.129  -24.478  55.981 0.0000000000
54914  32.790  -24.383  55.523 0.0000000000
54930  33.626  -23.691  54.324 0.0000000000
121966  30.120  -23.797  53.055 0.0000000000
137721  30.737  -23.817  53.327 0.0000000000
54964  30.864  -23.803  52.548 0.0000000000
54949  31.356  -23.816  53.252 0.0000000000
120950  32.227  -23.768  53.089 0.0000000000
54948  33.235  -23.713  53.346 0.0000000000
137684  34.013  -23.475  53.633 0.0000000000
126239  34.249  -23.205  52.932 0.0000000000
125180  33.200  -23.375  51.330 0.0000000000
56069  33.529  -22.931  51.087 0.0000000000
57138  34.688  -21.695  51.827 0.0000000000
58056  34.519  -21.237  51.197 0.0000000000
58933  34.190  -20.671  50.122 0.0000000000
58070  33.776  -21.099  49.200 0.0000000000
123791  33.119  -21.646  47.893 0.0000000000
57160  32.794  -22.535  48.081 0.0000000000
145400  32.769  -22.152  47.469 0.0000000000
57171  32.878  -21.481  47.181 0.0000000000
57182  32.403  -22.255  46.774 0.0000000000
125679  31.456  -22.635  45.660 0.0000000000
56113  30.192  -23.039  48.177 0.0000000000
56127  30.310  -23.040  47.371 0.0000000000
56142  29.641  -22.986  46.641 0.0000000000
56141  30.544  -23.078  46.589 0.0000000000
69152  36.693  -10.624  40.926 0.0000000000
69153  35.936  -10.824  40.479 0.0000000000
68232  35.157  -11.019  39.109 0.0000000000
139080  34.312  -11.314  37.951 0.0000000000
67289  32.247  -11.916  40.140 0.0000000000
67307  31.293  -12.278  38.432 0.0000000000
68258  33.071  -11.947  37.861 0.0000000000
67313  33.271  -12.006  36.951 0.0000000000
67322  33.522  -12.158  36.077 0.0000000000
135806  48.566  1.068  21.023 0.0000000000
79895  49.262  1.067  20.532 0.0000000000
136613  49.050  0.694  19.870 0.0000000000
79904  48.453  0.531  19.432 0.0000000000
49824  16.515  -27.478  57.097 0.0000000000
49832  16.781  -27.804  56.572 0.0000000000
50883  16.898  -26.777  59.421 0.0000000000
50932  17.712  -26.756  57.827 0.0000000000
50933  17.189  -26.815  57.878 0.0000000000
50935  16.240  -26.955  57.582 0.0000000000
50954  17.537  -27.195  57.588 0.0000000000
50999  18.004  -28.350  55.927 0.0000000000
51021  18.814  -28.533  54.596 0.0000000000
52010  16.891  -26.930  60.917 0.0000000000
52036  17.351  -26.488  59.012 0.0000000000
52063  18.112  -27.004  57.575 0.0000000000
52966  17.655  -25.774  60.896 0.0000000000
52970  17.467  -26.222  60.410 0.0000000000
52974  18.307  -26.345  58.043 0.0000000000
54906  18.915  -24.278  56.332 0.0000000000
54929  34.464  -23.617  54.331 0.0000000000
54933  29.526  -23.582  54.306 0.0000000000
54957  19.535  -24.830  53.708 0.0000000000
54996  28.897  -23.210  51.192 0.0000000000
56013  24.553  -23.146  55.376 0.0000000000
56024  24.618  -23.208  54.177 0.0000000000
57104  21.445  -22.407  56.544 0.0000000000
57152  33.676  -21.824  49.706 0.0000000000
58076  33.457  -20.841  48.361 0.0000000000
58932  34.864  -20.657  51.577 0.0000000000
58945  33.674  -20.464  48.714 0.0000000000
59890  34.332  -19.537  50.546 0.0000000000
59903  33.225  -19.861  48.015 0.0000000000
61004  32.175  -19.350  46.684 0.0000000000
66368  29.400  -13.786  38.369 0.0000000000
68235  33.179  -11.665  40.103 0.0000000000
80805  47.552  1.318  26.081 0.0000000000
80825  47.737  1.088  24.690 0.0000000000
80826  46.961  0.771  24.880 0.0000000000
80841  50.488  1.770  22.389 0.0000000000
123777  29.767  -23.699  53.752 0.0000000000
124029  24.169  -23.113  50.194 0.0000000000
125842  26.436  -23.815  54.092 0.0000000000
126493  30.164  -23.707  55.030 0.0000000000
129711  16.106  -26.751  59.058 0.0000000000
136426  33.371  -24.484  55.831 0.0000000000
136721  17.342  -26.583  61.718 0.0000000000
138460  18.586  -26.888  57.265 0.0000000000
139981  29.188  -23.940  56.147 0.0000000000
141315  15.765  -27.047  57.496 0.0000000000
141600  19.601  -25.508  52.838 0.0000000000
142156  16.898  -26.693  58.905 0.0000000000
142899  31.340  -19.694  44.128 0.0000000000
142986  53.552  1.404  20.970 0.0000000000
143410  10.377  -29.425  60.562 0.0000000000
144399  29.630  -24.548  59.488 0.0000000000
144913  24.002  -23.121  51.579 0.0000000000
144942  32.339  -24.552  57.463 0.0000000000
145066  46.041  0.851  27.897 0.0000000000
146251  24.901  -22.810  47.408 0.0000000000
