#!ascii label  , from subject sub-v1s21x0050386_ses-1 vox2ras=TkReg
1302
3923  27.934  -67.008  -19.880 0.5000000000
11714  32.388  -57.403  -27.809 0.6000000238
12745  31.706  -56.876  -27.853 0.6000000238
12746  30.772  -56.581  -28.403 0.6000000238
12724  30.995  -56.313  -27.267 0.6999999881
13753  30.190  -56.034  -27.675 0.6000000238
12705  31.086  -56.027  -26.316 0.6999999881
13737  30.509  -55.968  -26.766 0.6000000238
6677  25.820  -63.211  -24.868 0.5000000000
5954  28.627  -63.982  -24.211 0.6000000238
6675  27.847  -63.348  -24.567 0.6000000238
6676  26.684  -63.305  -24.768 0.5000000000
5909  29.078  -64.089  -22.490 0.5000000000
5934  28.827  -64.084  -23.141 0.4000000060
6664  28.316  -62.982  -23.614 0.5000000000
7409  27.500  -62.630  -23.848 0.6000000238
9944  28.703  -59.139  -26.396 0.5000000000
6573  28.322  -63.224  -17.732 0.4000000060
9943  29.130  -58.797  -27.318 0.5000000000
10804  28.458  -58.448  -26.588 0.5000000000
9977  30.415  -58.950  -29.215 0.6000000238
11756  32.034  -58.387  -29.884 0.6000000238
11733  32.712  -57.983  -28.214 0.6000000238
11713  32.763  -57.780  -27.340 0.6999999881
139562  32.088  -57.595  -28.623 0.6000000238
11696  32.279  -57.131  -27.046 0.6999999881
11667  32.486  -57.146  -24.683 0.6000000238
12722  32.188  -56.875  -26.150 0.6999999881
12677  33.049  -57.195  -23.154 0.6000000238
11653  32.294  -56.703  -24.036 0.6000000238
12691  31.755  -55.977  -25.162 0.6999999881
12656  33.112  -56.746  -22.575 0.6999999881
147221  29.483  -55.749  -27.477 0.6000000238
7429  25.479  -62.952  -25.614 0.5000000000
6694  27.020  -63.868  -25.474 0.6000000238
6695  26.061  -63.400  -25.571 0.5000000000
5953  29.147  -64.884  -23.660 0.6000000238
5241  29.101  -64.868  -24.885 0.6999999881
6644  29.118  -63.602  -21.928 0.4000000060
160880  29.812  -60.653  -28.985 0.5000000000
9960  29.112  -59.552  -27.194 0.5000000000
4487  27.951  -65.925  -18.651 0.5000000000
9119  30.108  -59.819  -28.858 0.5000000000
150502  32.939  -59.719  -30.035 0.6999999881
9976  31.185  -59.326  -29.914 0.6000000238
9975  33.219  -59.521  -29.369 0.6999999881
10864  32.736  -58.863  -29.711 0.6000000238
10010  32.433  -59.396  -30.086 0.6000000238
155788  32.960  -58.601  -28.605 0.6999999881
140593  32.505  -58.350  -29.157 0.6000000238
10821  33.047  -58.490  -27.773 0.6999999881
138932  32.760  -57.866  -25.035 0.6000000238
10788  32.887  -58.271  -25.743 0.6000000238
143532  33.296  -57.945  -23.417 0.6000000238
11695  32.646  -57.619  -26.431 0.6000000238
11636  33.563  -57.502  -22.641 0.6000000238
160926  33.808  -56.930  -21.890 0.6999999881
13695  29.957  -55.626  -24.296 0.6999999881
154586  28.960  -55.619  -26.632 0.5000000000
13692  31.875  -56.161  -23.829 0.6999999881
13693  31.429  -55.811  -24.544 0.6999999881
13717  29.658  -55.587  -25.836 0.6000000238
5979  27.080  -64.604  -26.873 0.5000000000
6711  26.343  -63.487  -26.221 0.5000000000
7444  26.438  -63.039  -26.600 0.5000000000
5258  28.467  -64.844  -25.966 0.6999999881
5968  26.647  -64.039  -26.205 0.6000000238
5240  29.706  -65.560  -24.164 0.5000000000
153452  29.588  -65.757  -24.953 0.6999999881
5257  29.262  -65.520  -25.770 0.6999999881
136855  28.174  -64.129  -25.251 0.6000000238
5967  27.390  -64.454  -26.158 0.6000000238
5891  29.736  -63.477  -21.729 0.4000000060
5908  29.690  -64.271  -22.315 0.4000000060
5933  29.365  -64.716  -22.867 0.5000000000
8274  29.206  -61.258  -28.505 0.5000000000
9139  31.405  -60.934  -30.300 0.5000000000
8310  30.731  -61.463  -30.335 0.5000000000
9127  31.085  -60.398  -30.096 0.5000000000
9100  33.191  -60.073  -28.957 0.6000000238
9138  31.809  -59.997  -30.212 0.5000000000
145395  32.973  -60.083  -27.745 0.6999999881
9067  32.757  -59.712  -25.307 0.6000000238
9942  33.070  -59.091  -26.127 0.6999999881
9958  33.129  -59.217  -27.202 0.6999999881
9902  33.571  -59.425  -23.700 0.6000000238
9920  32.945  -59.182  -24.904 0.6000000238
10739  35.648  -58.850  -22.086 0.6999999881
9919  33.127  -59.224  -24.355 0.6000000238
10777  32.970  -58.567  -24.828 0.6000000238
11619  36.503  -57.639  -21.066 0.6000000238
10740  34.738  -58.619  -22.284 0.6999999881
10741  33.980  -58.285  -22.740 0.6999999881
153610  36.728  -55.221  -20.127 0.6000000238
144881  35.731  -57.042  -20.722 0.6000000238
11635  34.337  -57.802  -22.122 0.6999999881
13696  28.975  -55.669  -24.539 0.6000000238
12632  35.159  -56.921  -20.833 0.6999999881
13669  31.277  -55.732  -23.651 0.6999999881
160473  29.548  -55.506  -25.061 0.6000000238
14620  36.759  -54.465  -20.220 0.6999999881
13616  36.306  -55.806  -20.103 0.6000000238
12608  34.806  -56.334  -20.431 0.8000000119
147335  33.121  -56.344  -21.972 0.6999999881
12657  32.551  -56.106  -22.431 0.6999999881
13668  31.884  -55.736  -22.954 0.6999999881
6710  26.728  -63.859  -26.909 0.6000000238
140233  29.351  -66.257  -26.461 0.6999999881
4620  28.755  -66.359  -27.273 0.6999999881
5978  27.731  -65.114  -26.821 0.6000000238
5256  30.234  -66.161  -24.741 0.5000000000
4600  29.864  -66.235  -25.608 0.6999999881
5219  30.651  -65.203  -23.032 0.4000000060
5220  29.875  -65.253  -23.343 0.5000000000
7480  29.334  -62.357  -29.431 0.5000000000
8275  28.582  -61.433  -27.656 0.5000000000
154681  29.906  -61.487  -29.765 0.5000000000
8308  32.174  -61.377  -29.795 0.6000000238
135926  32.358  -61.001  -27.043 0.6000000238
9117  32.813  -60.627  -29.395 0.6999999881
9126  32.721  -60.431  -29.975 0.6999999881
9101  32.701  -60.829  -28.348 0.6999999881
9045  33.249  -60.038  -24.228 0.6000000238
141564  32.581  -60.520  -25.508 0.6000000238
9082  32.768  -60.119  -26.362 0.6999999881
10738  36.709  -58.730  -22.213 0.6999999881
9886  35.052  -59.375  -22.559 0.6999999881
150769  34.314  -59.676  -23.099 0.6999999881
12658  28.557  -56.664  -22.632 0.6000000238
10724  37.162  -57.939  -21.473 0.6000000238
16482  36.909  -52.940  -22.190 0.6000000238
14628  37.152  -54.305  -20.992 0.6000000238
14627  37.533  -54.931  -21.384 0.6000000238
11605  37.152  -57.173  -20.814 0.6000000238
10725  36.163  -58.244  -21.502 0.6999999881
13652  28.843  -56.129  -23.232 0.6000000238
15571  37.010  -53.628  -21.574 0.6000000238
13615  37.051  -55.790  -20.440 0.6000000238
13631  31.745  -55.665  -21.549 0.6999999881
156104  30.689  -55.644  -22.245 0.6000000238
13670  30.486  -55.629  -23.509 0.6999999881
135407  36.681  -51.928  -21.819 0.5000000000
16472  36.808  -52.777  -21.228 0.6000000238
14621  36.128  -53.793  -19.781 0.8000000119
159343  35.073  -55.251  -19.649 0.8000000119
13618  34.377  -55.737  -20.014 0.8000000119
12634  33.452  -56.219  -21.247 0.8000000119
13630  32.586  -55.873  -21.600 0.6999999881
13649  31.414  -55.586  -22.251 0.6999999881
135291  36.010  -54.989  -19.708 0.8000000119
12609  34.024  -56.186  -20.634 0.8000000119
5268  28.090  -65.749  -27.454 0.6999999881
6013  27.751  -65.125  -28.128 0.6999999881
6728  27.875  -63.889  -28.213 0.6999999881
137720  27.318  -63.672  -27.556 0.6000000238
4619  29.992  -66.876  -26.334 0.6999999881
7461  27.915  -63.017  -27.925 0.6000000238
4599  30.645  -66.756  -25.550 0.6000000238
8294  28.613  -62.229  -28.294 0.5000000000
12562  25.934  -57.172  -18.172 0.6000000238
7495  30.110  -62.535  -30.378 0.5000000000
12586  26.255  -57.386  -18.989 0.5000000000
7494  30.854  -62.302  -30.475 0.5000000000
12584  27.968  -57.342  -19.358 0.6000000238
8293  31.790  -62.063  -28.822 0.6999999881
149078  31.559  -62.247  -29.775 0.6000000238
148854  32.277  -61.108  -26.003 0.6999999881
8292  32.357  -61.335  -28.912 0.6999999881
12583  28.746  -57.318  -20.014 0.6000000238
9044  33.927  -60.532  -24.177 0.6999999881
8237  32.633  -61.169  -25.313 0.6000000238
10758  36.825  -59.239  -23.111 0.6999999881
9900  36.208  -59.817  -23.467 0.6999999881
9030  34.726  -60.351  -23.710 0.6999999881
12635  29.110  -56.780  -21.883 0.6000000238
12612  28.699  -57.263  -21.044 0.6000000238
10737  37.542  -58.254  -22.155 0.6000000238
9901  35.337  -59.970  -23.094 0.6999999881
13623  30.410  -56.173  -20.960 0.6000000238
12636  28.189  -57.184  -21.948 0.6000000238
13647  38.083  -55.390  -21.827 0.6000000238
12605  37.879  -56.664  -21.118 0.6000000238
136677  31.593  -55.732  -20.045 0.6999999881
13632  30.897  -55.742  -21.598 0.6000000238
13633  30.012  -56.048  -21.842 0.6000000238
15580  37.210  -53.877  -22.534 0.6000000238
15554  35.281  -53.671  -19.288 0.6000000238
14611  33.885  -54.982  -19.083 0.6000000238
13620  32.909  -55.610  -20.255 0.6999999881
13621  32.182  -55.669  -20.773 0.6000000238
13650  30.172  -55.706  -22.706 0.6000000238
16465  35.995  -52.159  -19.769 0.6000000238
13601  34.466  -55.120  -19.456 0.8000000119
16464  36.449  -52.693  -20.250 0.6000000238
14609  35.219  -54.509  -19.461 0.6999999881
158512  32.901  -55.821  -20.904 0.8000000119
4641  28.443  -66.263  -28.001 0.6999999881
4659  28.354  -65.794  -28.362 0.6999999881
6012  28.260  -64.962  -28.616 0.6999999881
3996  30.271  -67.288  -27.062 0.6999999881
140930  29.404  -66.922  -27.054 0.6999999881
6747  28.476  -64.258  -28.807 0.6000000238
7481  28.682  -63.290  -28.997 0.6000000238
12525  26.007  -56.319  -16.789 0.6000000238
12543  24.636  -56.847  -17.345 0.6000000238
12541  26.412  -56.684  -17.526 0.6000000238
12563  25.000  -57.338  -18.002 0.6000000238
7496  29.558  -63.256  -30.046 0.6000000238
12561  26.769  -57.090  -18.260 0.5000000000
7479  31.218  -62.901  -28.842 0.6999999881
7493  30.995  -62.895  -30.099 0.6999999881
12539  29.120  -56.618  -17.700 0.4000000060
12560  27.599  -57.074  -18.378 0.5000000000
8254  31.946  -61.969  -26.574 0.6999999881
7460  31.619  -62.599  -27.664 0.8000000119
12558  29.623  -56.797  -18.580 0.5000000000
8236  33.415  -61.512  -25.198 0.6000000238
8273  32.120  -61.719  -27.834 0.6999999881
145247  34.617  -60.744  -24.390 0.6999999881
8210  34.061  -61.097  -24.737 0.6999999881
13605  31.160  -55.939  -19.221 0.6999999881
12582  29.622  -56.967  -19.651 0.6000000238
10757  37.519  -58.961  -23.670 0.6999999881
9899  36.938  -59.558  -23.935 0.6999999881
13591  32.533  -55.258  -18.549 0.5000000000
12610  30.005  -56.653  -20.345 0.6000000238
13646  38.892  -56.144  -22.366 0.6000000238
11633  38.562  -57.340  -22.304 0.6000000238
136064  37.522  -58.628  -22.854 0.6999999881
142264  30.694  -56.177  -20.072 0.6999999881
148099  38.674  -55.672  -22.360 0.6000000238
12631  38.389  -57.007  -21.620 0.6000000238
15556  34.050  -54.057  -18.585 0.5000000000
13604  32.053  -55.572  -19.287 0.6000000238
14638  37.635  -54.680  -22.250 0.6000000238
16453  35.522  -52.116  -19.139 0.6000000238
148338  35.123  -52.903  -18.951 0.5000000000
13603  32.976  -55.332  -19.379 0.6999999881
17432  35.998  -51.125  -20.522 0.6000000238
4657  29.564  -66.272  -28.441 0.6999999881
4668  29.021  -65.379  -28.839 0.6999999881
5316  29.030  -64.974  -29.079 0.6000000238
6765  29.186  -63.963  -29.495 0.6000000238
13565  26.474  -55.876  -16.175 0.4000000060
12526  25.136  -56.347  -16.723 0.5000000000
6763  30.293  -63.634  -29.909 0.6000000238
13564  27.366  -55.873  -16.157 0.5000000000
12544  23.722  -56.794  -17.276 0.6000000238
6746  30.261  -64.157  -29.130 0.6999999881
6727  31.258  -63.546  -27.868 0.6999999881
141528  30.324  -63.105  -30.464 0.6000000238
12540  28.162  -56.657  -17.636 0.5000000000
7443  32.148  -62.485  -26.059 0.6999999881
13578  30.512  -55.926  -17.251 0.4000000060
9065  36.341  -60.524  -25.278 0.6999999881
9066  35.595  -60.962  -25.289 0.6999999881
8235  34.334  -61.659  -25.379 0.6999999881
13577  31.373  -55.594  -17.506 0.6000000238
133524  38.039  -58.769  -24.158 0.6999999881
9918  37.013  -59.746  -24.684 0.6999999881
9043  35.493  -60.606  -24.516 0.6999999881
8209  34.906  -61.100  -24.988 0.6999999881
12557  30.698  -56.213  -18.253 0.5000000000
11651  38.731  -57.568  -23.104 0.6000000238
10756  38.283  -58.361  -23.484 0.6999999881
9917  37.532  -59.205  -24.448 0.6999999881
9028  36.368  -60.123  -24.340 0.6999999881
13576  32.182  -55.158  -17.729 0.5000000000
13667  38.903  -55.185  -23.012 0.5000000000
12654  39.182  -56.402  -22.852 0.6000000238
11632  38.948  -56.966  -22.778 0.6000000238
4666  29.954  -65.916  -28.515 0.6999999881
5314  29.815  -65.221  -28.686 0.6999999881
13552  26.069  -55.394  -15.596 0.4000000060
5282  31.029  -65.213  -28.161 0.6999999881
6023  29.815  -64.319  -29.272 0.6999999881
13567  24.780  -55.747  -16.202 0.4000000060
6011  30.260  -64.857  -28.616 0.6999999881
154740  22.967  -56.564  -17.330 0.6000000238
6726  31.868  -63.851  -27.165 0.8000000119
5996  30.733  -64.347  -28.377 0.6999999881
7441  33.855  -62.920  -26.198 0.6000000238
6709  32.364  -63.288  -26.503 0.6000000238
14600  21.440  -54.558  -17.946 0.6000000238
8233  35.927  -61.173  -25.958 0.6999999881
7425  34.650  -62.327  -26.178 0.6999999881
7442  32.966  -62.834  -25.969 0.6000000238
142792  37.341  -59.841  -26.059 0.6000000238
10773  39.079  -58.079  -24.984 0.6000000238
16457  20.508  -52.469  -19.273 0.5000000000
11650  39.455  -56.959  -23.455 0.6000000238
11665  39.163  -57.940  -23.872 0.6999999881
13666  39.644  -55.308  -23.424 0.5000000000
5995  31.465  -64.520  -27.785 0.6999999881
13554  24.472  -54.987  -15.944 0.4000000060
13582  23.326  -55.944  -16.786 0.5000000000
6707  34.515  -63.176  -27.195 0.8000000119
14590  22.712  -54.253  -17.380 0.4000000060
14589  23.203  -54.276  -16.859 0.4000000060
6708  33.378  -63.466  -26.678 0.6999999881
15542  22.129  -53.625  -18.123 0.4000000060
14591  22.134  -55.080  -17.525 0.5000000000
9940  37.953  -59.110  -26.242 0.6000000238
153568  36.865  -60.301  -25.887 0.6000000238
8253  35.524  -61.816  -26.523 0.6999999881
16439  22.817  -52.746  -18.275 0.4000000060
10787  38.650  -58.546  -25.836 0.6000000238
10775  38.171  -58.761  -25.016 0.6000000238
16466  21.123  -51.817  -19.909 0.4000000060
15543  21.167  -53.727  -18.334 0.6000000238
11664  39.697  -57.258  -24.433 0.6000000238
12675  40.189  -55.554  -23.923 0.5000000000
14666  39.964  -54.776  -24.128 0.5000000000
14573  24.225  -54.175  -15.906 0.4000000060
5994  32.455  -64.748  -27.631 0.8000000119
146519  23.618  -53.852  -16.368 0.4000000060
6725  32.833  -64.091  -27.214 0.6999999881
15532  22.979  -53.691  -17.368 0.4000000060
8252  36.211  -61.392  -26.872 0.6000000238
9064  37.029  -60.346  -26.714 0.6000000238
16454  22.751  -51.933  -18.624 0.4000000060
16455  22.604  -52.302  -18.811 0.4000000060
17422  23.018  -51.213  -20.167 0.4000000060
12689  40.128  -56.383  -24.035 0.4000000060
15505  23.909  -53.428  -15.825 0.4000000060
6724  33.919  -64.004  -27.904 0.6999999881
16412  23.124  -52.756  -16.685 0.4000000060
8272  35.842  -61.980  -27.587 0.6999999881
145021  35.237  -62.462  -27.112 0.6000000238
16426  23.045  -52.981  -17.558 0.4000000060
9941  37.551  -59.824  -27.175 0.6000000238
17406  22.933  -51.443  -19.343 0.4000000060
11679  39.816  -57.446  -25.521 0.6000000238
18491  23.321  -50.622  -20.625 0.3000000119
11663  40.190  -56.591  -25.045 0.4000000060
12688  40.422  -55.820  -24.668 0.4000000060
13714  40.687  -55.283  -25.207 0.4000000060
153242  22.665  -51.617  -16.736 0.4000000060
17391  22.676  -51.213  -18.333 0.4000000060
10802  38.679  -58.644  -26.918 0.6000000238
10786  39.307  -58.117  -26.215 0.6000000238
10801  39.439  -58.161  -27.639 0.6000000238
11678  40.479  -56.895  -26.077 0.4000000060
12721  41.036  -56.494  -26.921 0.5000000000
12702  40.824  -55.993  -25.795 0.4000000060
22862  22.940  -46.526  -22.072 0.3000000119
155791  41.339  -55.096  -26.178 0.4000000060
18379  21.968  -50.386  -14.270 0.4000000060
21772  21.538  -47.458  -20.000 0.3000000119
23937  20.616  -44.748  -22.395 0.4000000060
18360  22.577  -49.762  -13.641 0.4000000060
19521  20.805  -49.332  -15.029 0.4000000060
20693  20.543  -48.070  -18.373 0.3000000119
20662  20.418  -48.188  -17.397 0.3000000119
138393  22.102  -46.356  -21.330 0.3000000119
22852  21.912  -46.901  -20.562 0.3000000119
22864  21.385  -45.597  -21.637 0.3000000119
20626  22.464  -48.068  -14.234 0.4000000060
141343  21.402  -47.583  -15.692 0.4000000060
20646  20.478  -48.443  -16.637 0.4000000060
152663  20.821  -47.286  -19.422 0.3000000119
22853  21.183  -46.074  -20.523 0.3000000119
25053  14.875  -45.156  -21.724 0.4000000060
25043  13.139  -44.827  -20.597 0.3000000119
26130  13.127  -43.208  -19.383 0.3000000119
23924  20.513  -45.184  -21.120 0.3000000119
21705  21.785  -47.044  -15.585 0.4000000060
20661  20.778  -47.712  -16.452 0.4000000060
21718  20.517  -47.461  -16.902 0.3000000119
21747  20.421  -47.431  -18.525 0.3000000119
22839  20.519  -46.893  -19.095 0.3000000119
154485  17.433  -44.711  -22.086 0.3000000119
23914  20.278  -45.648  -20.051 0.3000000119
25042  13.764  -44.772  -20.979 0.3000000119
23925  19.634  -44.979  -20.701 0.3000000119
26127  14.659  -43.733  -19.546 0.4000000060
26129  13.642  -43.309  -19.685 0.3000000119
136994  14.375  -42.792  -19.407 0.3000000119
27220  13.634  -42.255  -19.378 0.3000000119
21706  21.076  -47.221  -16.171 0.4000000060
22792  20.622  -46.853  -16.548 0.4000000060
22806  20.070  -46.859  -17.275 0.3000000119
25040  15.589  -44.880  -20.817 0.4000000060
22823  19.900  -46.711  -18.110 0.3000000119
144892  16.565  -44.992  -20.335 0.3000000119
25029  15.247  -44.392  -19.786 0.4000000060
139203  16.058  -44.833  -19.663 0.4000000060
28299  14.494  -41.651  -19.683 0.3000000119
23870  21.355  -45.998  -15.505 0.4000000060
153535  20.809  -46.339  -15.958 0.4000000060
22807  19.748  -46.584  -17.215 0.4000000060
23886  18.740  -46.055  -17.018 0.4000000060
134806  19.177  -45.954  -18.685 0.3000000119
154998  17.551  -45.575  -18.201 0.3000000119
25027  16.835  -45.141  -19.127 0.3000000119
25011  16.041  -44.394  -18.115 0.3000000119
27208  15.494  -43.119  -18.508 0.5000000000
25012  15.421  -43.969  -18.683 0.4000000060
27209  14.902  -43.241  -19.000 0.4000000060
156953  14.268  -40.925  -19.785 0.3000000119
24980  20.442  -45.356  -15.670 0.4000000060
23872  19.055  -45.457  -16.496 0.4000000060
24994  18.258  -45.270  -16.847 0.3000000119
26103  17.303  -44.070  -17.401 0.3000000119
27206  17.341  -42.162  -17.909 0.3000000119
28284  17.819  -41.171  -18.470 0.3000000119
23899  18.468  -46.035  -17.924 0.3000000119
24995  17.407  -44.986  -17.397 0.3000000119
27192  16.770  -43.257  -17.694 0.3000000119
27207  16.563  -42.388  -18.130 0.3000000119
158359  17.223  -40.888  -18.980 0.3000000119
25010  16.617  -44.998  -18.076 0.3000000119
28286  15.921  -42.250  -18.599 0.3000000119
27218  15.140  -42.261  -19.278 0.3000000119
29394  14.292  -40.192  -19.773 0.3000000119
26049  22.516  -44.190  -14.478 0.3000000119
153730  21.888  -44.331  -14.831 0.3000000119
26067  20.849  -44.345  -15.425 0.3000000119
160164  19.986  -43.209  -16.518 0.3000000119
28270  19.191  -41.852  -17.777 0.3000000119
29374  18.765  -40.572  -18.887 0.3000000119
26085  20.219  -43.990  -15.920 0.3000000119
27170  19.483  -43.002  -16.949 0.3000000119
27191  18.895  -42.644  -17.378 0.3000000119
157319  18.749  -41.335  -18.226 0.3000000119
29375  17.644  -40.380  -19.495 0.3000000119
29391  16.878  -40.115  -20.301 0.3000000119
28298  15.896  -41.378  -19.407 0.3000000119
29392  16.071  -40.633  -20.164 0.3000000119
29393  15.263  -41.161  -19.945 0.3000000119
29408  15.519  -40.345  -20.261 0.3000000119
26048  23.099  -43.735  -14.155 0.3000000119
26066  21.447  -43.928  -15.202 0.3000000119
26084  21.037  -43.449  -15.768 0.3000000119
27190  20.251  -42.472  -17.140 0.3000000119
28283  19.508  -41.211  -18.309 0.3000000119
30505  17.711  -39.608  -20.536 0.3000000119
29406  17.004  -39.545  -20.765 0.3000000119
30525  15.714  -39.533  -20.435 0.3000000119
30506  14.251  -39.205  -19.537 0.3000000119
29373  19.835  -40.569  -18.848 0.3000000119
29389  19.301  -39.993  -19.546 0.3000000119
31704  17.414  -38.542  -21.168 0.3000000119
145900  16.048  -38.819  -20.633 0.3000000119
30526  14.937  -39.203  -19.996 0.3000000119
31706  15.336  -38.666  -20.103 0.3000000119
30503  19.704  -39.452  -20.037 0.3000000119
30504  18.709  -39.446  -20.336 0.3000000119
30522  18.099  -38.958  -21.013 0.3000000119
30491  21.014  -40.019  -19.120 0.3000000119
31683  20.171  -38.871  -20.396 0.3000000119
30521  19.105  -38.866  -20.833 0.3000000119
31703  17.802  -38.426  -21.340 0.3000000119
31717  17.247  -38.050  -21.215 0.3000000119
32811  15.803  -37.918  -20.258 0.3000000119
32792  14.692  -37.789  -19.103 0.3000000119
4506  27.590  -66.633  -19.125 0.5000000000
155535  27.429  -65.663  -17.890 0.5000000000
5129  28.224  -64.126  -17.728 0.4000000060
12723  31.674  -56.535  -26.726 0.6999999881
13715  31.137  -55.687  -25.412 0.6999999881
5848  28.792  -64.616  -18.261 0.5000000000
10776  33.217  -58.634  -23.958 0.6000000238
7509  31.320  -61.573  -30.389 0.5000000000
10759  33.763  -58.808  -23.264 0.6000000238
8255  31.755  -62.927  -26.837 0.8000000119
6745  30.690  -63.615  -29.079 0.6999999881
7427  32.752  -62.046  -25.607 0.6000000238
13645  39.245  -55.785  -22.873 0.5000000000
159511  36.677  -60.088  -24.889 0.6999999881
16456  21.669  -52.391  -19.148 0.4000000060
14681  39.094  -54.317  -24.419 0.5000000000
13691  40.386  -55.209  -24.489 0.4000000060
9081  36.709  -60.906  -27.287 0.6000000238
9955  38.027  -59.174  -27.653 0.6000000238
18450  23.067  -51.037  -19.082 0.3000000119
11694  39.998  -57.580  -26.671 0.4000000060
153618  22.108  -48.868  -13.913 0.4000000060
24969  21.380  -44.994  -15.040 0.3000000119
26065  22.108  -43.557  -15.026 0.3000000119
7477  36.216  -62.750  -29.049 0.5000000000
7478  35.708  -63.416  -29.050 0.5000000000
6723  34.847  -63.625  -28.649 0.6999999881
5992  34.345  -64.346  -28.990 0.6999999881
5281  32.156  -65.470  -28.039 0.6000000238
7458  36.278  -62.077  -28.526 0.5000000000
7459  35.512  -62.763  -28.305 0.6000000238
5993  33.606  -64.741  -28.180 0.6000000238
4005  30.396  -67.102  -27.865 0.6000000238
3997  29.628  -66.979  -27.664 0.6000000238
6009  34.002  -65.051  -29.069 0.6999999881
4654  32.697  -66.477  -28.094 0.6000000238
4655  31.554  -66.458  -28.260 0.6000000238
5296  32.998  -65.777  -28.300 0.6999999881
146604  32.241  -66.051  -28.329 0.6000000238
4656  30.448  -66.532  -28.314 0.6000000238
8291  36.888  -61.251  -28.893 0.5000000000
4636  34.083  -66.205  -28.112 0.6999999881
140268  32.790  -67.015  -27.587 0.6999999881
4618  32.424  -67.333  -27.105 0.6000000238
4003  31.724  -67.422  -27.158 0.6000000238
5294  34.852  -65.297  -28.937 0.6000000238
4653  33.548  -66.025  -28.316 0.6999999881
4638  31.940  -67.116  -27.800 0.6000000238
6007  36.184  -64.653  -28.820 0.6000000238
8307  36.505  -60.572  -30.019 0.5000000000
9099  36.834  -60.934  -28.279 0.5000000000
4635  35.408  -65.788  -27.889 0.6999999881
4617  33.231  -67.197  -26.968 0.6000000238
3991  30.629  -67.142  -26.321 0.6000000238
9993  37.301  -59.535  -30.241 0.5000000000
9098  36.822  -60.485  -29.230 0.5000000000
10842  40.170  -57.815  -29.998 0.5000000000
9973  37.501  -59.258  -29.895 0.5000000000
11712  40.838  -57.372  -29.249 0.4000000060
12747  30.068  -56.374  -28.748 0.4000000060
12761  31.268  -57.253  -29.028 0.4000000060
12762  30.424  -56.796  -29.660 0.4000000060
11735  31.144  -57.483  -29.925 0.5000000000
10865  31.794  -58.122  -29.987 0.5000000000
10867  30.469  -57.599  -30.072 0.5000000000
10844  38.444  -58.715  -29.483 0.5000000000
10845  30.936  -58.323  -30.018 0.5000000000
11697  27.518  -57.817  -27.114 0.6000000238
10843  39.217  -58.283  -29.881 0.4000000060
152861  31.718  -58.763  -30.019 0.5000000000
10822  29.636  -58.530  -28.582 0.5000000000
10824  28.175  -57.884  -27.113 0.5000000000
12769  29.690  -56.666  -30.083 0.5000000000
11747  30.403  -57.209  -30.089 0.5000000000
11736  29.643  -57.121  -30.237 0.5000000000
140437  28.827  -57.256  -30.163 0.5000000000
10846  30.187  -57.969  -29.919 0.5000000000
10847  29.377  -57.798  -29.529 0.5000000000
11716  28.026  -57.732  -27.943 0.5000000000
155045  39.179  -58.424  -28.867 0.5000000000
10823  28.790  -58.110  -27.922 0.5000000000
11731  41.468  -56.956  -29.916 0.4000000060
10818  39.903  -57.977  -29.007 0.4000000060
13719  28.038  -55.538  -25.947 0.5000000000
11748  27.974  -57.183  -30.176 0.5000000000
10819  38.653  -58.721  -28.205 0.5000000000
134196  40.279  -57.531  -27.902 0.4000000060
13672  28.404  -55.953  -23.899 0.5000000000
145877  26.979  -55.749  -24.482 0.5000000000
13698  26.308  -55.507  -24.977 0.5000000000
13697  27.986  -55.703  -24.775 0.5000000000
12744  41.019  -56.949  -27.998 0.4000000060
12679  28.000  -56.455  -23.286 0.5000000000
13674  26.645  -55.937  -23.750 0.5000000000
12680  27.089  -56.369  -23.205 0.5000000000
13653  26.217  -56.184  -23.112 0.5000000000
13699  25.449  -55.358  -24.514 0.5000000000
13721  25.265  -55.122  -26.186 0.4000000060
12660  26.666  -56.705  -22.531 0.5000000000
13675  24.943  -55.420  -23.730 0.6000000238
13722  24.744  -55.074  -25.390 0.6000000238
12637  27.241  -57.220  -21.919 0.5000000000
12638  26.332  -57.017  -21.758 0.5000000000
12661  25.799  -56.423  -22.397 0.5000000000
137483  24.476  -55.588  -23.115 0.6000000238
154479  24.157  -55.199  -23.710 0.6000000238
14683  23.651  -54.710  -25.574 0.6000000238
14695  22.950  -54.303  -26.617 0.5000000000
13742  22.603  -54.713  -26.373 0.5000000000
12725  22.571  -55.994  -26.427 0.5000000000
141653  27.044  -57.429  -21.072 0.5000000000
12614  27.074  -57.427  -20.079 0.5000000000
12615  26.176  -57.314  -20.750 0.5000000000
12662  24.932  -56.069  -22.359 0.5000000000
12640  24.487  -56.415  -21.638 0.6000000238
13676  23.495  -55.216  -23.330 0.6000000238
14670  22.831  -54.707  -25.082 0.6000000238
14685  22.730  -54.690  -25.517 0.6000000238
13723  22.406  -55.087  -25.295 0.5000000000
12667  17.240  -57.251  -22.010 0.5000000000
11682  21.824  -57.351  -25.269 0.5000000000
149564  28.914  -57.204  -19.192 0.5000000000
137517  26.474  -57.423  -19.755 0.5000000000
12616  25.206  -57.148  -20.808 0.6000000238
149981  24.356  -57.023  -20.748 0.6000000238
12641  23.030  -56.440  -21.350 0.6000000238
13656  23.051  -55.413  -22.701 0.6000000238
13635  22.659  -55.790  -22.176 0.6000000238
14652  22.546  -55.186  -23.871 0.6000000238
13657  22.303  -55.327  -22.856 0.6000000238
14686  22.409  -55.133  -24.787 0.6000000238
159919  22.056  -55.611  -24.707 0.5000000000
12707  22.021  -56.283  -24.977 0.5000000000
11668  21.359  -57.190  -24.677 0.5000000000
11654  20.077  -57.346  -23.829 0.5000000000
11669  20.472  -57.494  -24.636 0.5000000000
11655  19.217  -57.532  -23.641 0.5000000000
12587  24.859  -57.368  -19.912 0.6000000238
12588  24.085  -57.319  -19.982 0.6000000238
12618  22.445  -56.904  -20.617 0.6000000238
12619  21.473  -56.746  -20.671 0.6000000238
12642  22.168  -56.357  -21.513 0.6000000238
13636  21.908  -55.829  -22.341 0.6000000238
12643  20.781  -56.484  -21.203 0.6000000238
13659  21.298  -55.940  -22.993 0.5000000000
12664  20.430  -56.565  -22.491 0.5000000000
12681  21.351  -55.979  -23.664 0.5000000000
12665  19.414  -56.966  -22.003 0.5000000000
12645  18.807  -56.678  -21.225 0.6000000238
12683  19.761  -57.156  -22.981 0.5000000000
12666  18.302  -57.284  -21.899 0.5000000000
152554  17.776  -56.554  -21.149 0.5000000000
14629  16.584  -54.349  -20.996 0.5000000000
11597  22.035  -57.276  -19.338 0.6000000238
12590  21.283  -56.987  -19.540 0.6000000238
12620  20.027  -56.452  -20.807 0.6000000238
12644  20.201  -56.515  -21.656 0.6000000238
12622  18.502  -56.078  -20.553 0.6000000238
13638  17.138  -55.692  -20.769 0.5000000000
12564  21.787  -57.162  -18.742 0.6000000238
12621  19.295  -56.274  -20.612 0.6000000238
13624  18.202  -55.344  -19.966 0.6000000238
14623  17.222  -54.021  -20.349 0.5000000000
148985  21.456  -55.489  -17.928 0.6000000238
13593  21.324  -56.127  -18.150 0.6000000238
13594  20.724  -55.542  -18.461 0.6000000238
13606  19.761  -55.514  -19.147 0.6000000238
13607  19.074  -55.653  -19.865 0.6000000238
15565  17.965  -53.379  -19.961 0.5000000000
14601  20.656  -54.488  -18.342 0.6000000238
14613  19.265  -54.611  -18.910 0.6000000238
141273  19.956  -53.003  -18.857 0.6000000238
13608  18.648  -54.931  -19.400 0.6000000238
16458  19.567  -52.631  -19.422 0.6000000238
17424  19.649  -51.742  -20.994 0.5000000000
17423  20.221  -51.701  -20.488 0.4000000060
5297  31.570  -65.873  -28.336 0.6000000238
6010  33.271  -65.246  -28.198 0.6999999881
9080  37.112  -60.441  -27.897 0.5000000000
9956  37.441  -59.840  -28.776 0.5000000000
9992  38.237  -59.559  -30.268 0.5000000000
10863  38.424  -58.907  -30.177 0.5000000000
145809  27.865  -57.608  -28.828 0.6000000238
13655  23.965  -55.769  -22.537 0.6000000238
13634  23.517  -55.994  -21.953 0.6000000238
14653  22.285  -55.287  -24.042 0.6000000238
12682  20.647  -56.683  -23.278 0.5000000000
12591  20.508  -56.313  -19.304 0.6000000238
12592  19.859  -56.169  -19.969 0.6000000238
15558  19.148  -53.489  -19.036 0.6000000238
16469  18.415  -52.675  -20.479 0.6000000238
3944  28.544  -67.098  -20.476 0.4000000060
3942  30.678  -66.827  -21.088 0.5000000000
138835  31.041  -66.280  -20.484 0.5000000000
3943  29.847  -66.947  -21.084 0.4000000060
4523  29.271  -66.668  -20.437 0.4000000060
4504  29.499  -66.084  -19.796 0.4000000060
4505  28.550  -66.449  -19.623 0.4000000060
5182  31.870  -65.834  -20.283 0.5000000000
4521  31.844  -66.514  -20.798 0.5000000000
4503  30.343  -65.855  -19.899 0.5000000000
146687  29.777  -65.438  -19.398 0.5000000000
5168  28.907  -65.478  -18.953 0.4000000060
153226  32.221  -65.191  -19.834 0.5000000000
5166  31.487  -65.094  -19.620 0.5000000000
5167  30.548  -65.052  -19.375 0.5000000000
5871  30.392  -64.229  -18.829 0.5000000000
5872  29.630  -64.632  -18.755 0.4000000060
5847  29.859  -63.632  -18.417 0.4000000060
5869  32.059  -64.305  -19.328 0.5000000000
5870  31.117  -64.265  -19.110 0.5000000000
6588  31.493  -63.355  -18.832 0.5000000000
6589  30.670  -63.432  -18.664 0.5000000000
6572  29.292  -63.007  -17.932 0.4000000060
4575  31.142  -66.458  -24.680 0.5000000000
5239  30.663  -65.853  -23.841 0.4000000060
5906  31.549  -64.601  -22.776 0.4000000060
5907  30.300  -63.908  -22.081 0.4000000060
6619  30.571  -63.215  -21.623 0.4000000060
135847  31.727  -62.538  -18.851 0.5000000000
7346  29.617  -61.676  -20.184 0.4000000060
7322  28.746  -62.611  -18.021 0.4000000060
7334  31.479  -61.836  -19.182 0.4000000060
6570  30.922  -62.457  -18.759 0.5000000000
7321  29.454  -62.342  -18.419 0.4000000060
6571  30.081  -62.789  -18.441 0.4000000060
5238  31.732  -66.149  -24.051 0.4000000060
135946  31.067  -63.818  -22.212 0.4000000060
8167  32.905  -61.476  -19.938 0.4000000060
7358  30.968  -62.290  -21.088 0.4000000060
8155  30.265  -61.507  -19.723 0.4000000060
7343  32.375  -61.626  -20.583 0.4000000060
8169  31.068  -61.437  -19.813 0.4000000060
7344  31.468  -61.661  -20.513 0.4000000060
7320  30.168  -62.038  -18.769 0.4000000060
4598  31.557  -66.969  -25.420 0.5000000000
4574  32.069  -66.636  -24.772 0.4000000060
5237  32.520  -66.200  -24.358 0.4000000060
5217  32.447  -65.657  -23.821 0.4000000060
5905  32.646  -64.181  -22.974 0.4000000060
6643  31.998  -63.641  -22.348 0.4000000060
6617  32.393  -62.851  -21.773 0.4000000060
6618  31.495  -63.031  -21.679 0.4000000060
7356  32.783  -62.010  -21.295 0.4000000060
6616  33.256  -62.655  -21.891 0.4000000060
7357  31.910  -62.189  -21.160 0.4000000060
3989  31.898  -67.280  -26.327 0.5000000000
4597  32.466  -67.010  -25.588 0.5000000000
156004  32.724  -67.226  -26.384 0.6000000238
4573  32.999  -66.602  -24.961 0.5000000000
5216  33.100  -65.125  -23.683 0.4000000060
5930  33.504  -64.407  -23.414 0.4000000060
6663  34.084  -63.734  -23.143 0.4000000060
6641  34.556  -63.161  -22.639 0.4000000060
5255  33.962  -66.410  -25.170 0.4000000060
4616  34.098  -67.016  -26.788 0.5000000000
136837  34.406  -65.721  -24.664 0.4000000060
5952  33.955  -65.084  -24.022 0.4000000060
5254  34.894  -66.240  -25.328 0.5000000000
5235  35.338  -65.656  -24.875 0.4000000060
5951  34.911  -65.080  -24.249 0.4000000060
5928  35.407  -64.404  -23.882 0.4000000060
4615  34.953  -66.708  -26.656 0.6000000238
160775  35.120  -66.352  -27.353 0.6000000238
144913  35.628  -66.078  -25.416 0.5000000000
5234  36.289  -65.670  -25.092 0.4000000060
6744  35.171  -64.091  -29.244 0.5000000000
11595  24.294  -57.509  -19.239 0.5000000000
157100  22.672  -57.416  -18.817 0.5000000000
13583  22.530  -55.944  -17.246 0.5000000000
11584  24.459  -57.470  -18.480 0.5000000000
12545  22.361  -56.687  -17.696 0.5000000000
11596  23.455  -57.429  -19.492 0.5000000000
5183  31.058  -65.647  -19.930 0.5000000000
5218  31.569  -65.458  -23.421 0.4000000060
5931  32.380  -64.976  -23.301 0.4000000060
5236  33.352  -65.831  -24.369 0.4000000060
153499  33.358  -63.761  -22.940 0.4000000060
6642  33.709  -63.213  -22.509 0.4000000060
4596  33.468  -67.012  -25.940 0.5000000000
5929  34.465  -64.388  -23.695 0.4000000060
4595  34.525  -66.803  -25.947 0.5000000000
4594  35.391  -66.537  -25.939 0.6000000238
5950  35.868  -65.087  -24.451 0.5000000000
5266  36.648  -65.704  -26.867 0.5000000000
9953  42.462  -59.335  -27.466 0.3000000119
9954  42.097  -59.839  -28.056 0.3000000119
160501  41.701  -60.202  -28.539 0.3000000119
9971  42.616  -59.179  -28.571 0.3000000119
10817  43.116  -58.700  -27.951 0.3000000119
11692  43.610  -57.233  -26.631 0.3000000119
10799  43.291  -58.054  -27.055 0.3000000119
9079  41.412  -60.529  -27.382 0.3000000119
9097  40.777  -61.364  -27.510 0.4000000060
8288  40.250  -61.428  -28.765 0.4000000060
9939  41.836  -59.876  -26.757 0.3000000119
8289  39.205  -61.666  -29.205 0.4000000060
9096  41.106  -60.742  -28.598 0.4000000060
8306  37.042  -60.780  -30.138 0.4000000060
133219  36.843  -62.154  -29.002 0.4000000060
10800  42.600  -58.833  -26.644 0.3000000119
9113  41.208  -59.820  -29.272 0.3000000119
9124  38.788  -60.086  -30.075 0.4000000060
11730  43.905  -57.073  -28.610 0.3000000119
9990  41.318  -58.756  -29.521 0.3000000119
6720  39.091  -63.473  -27.281 0.4000000060
6722  37.505  -63.963  -28.470 0.4000000060
6006  36.841  -64.320  -28.596 0.4000000060
8251  40.459  -61.967  -26.481 0.4000000060
7456  39.497  -62.725  -27.754 0.4000000060
7457  38.682  -63.099  -28.320 0.4000000060
6741  37.758  -63.263  -28.928 0.4000000060
6742  36.930  -63.625  -29.053 0.4000000060
9063  40.868  -61.228  -25.993 0.3000000119
8270  39.698  -62.112  -28.497 0.4000000060
7475  38.223  -62.633  -29.041 0.4000000060
9938  42.155  -59.392  -26.323 0.3000000119
8290  38.019  -61.682  -29.269 0.4000000060
145376  36.920  -62.945  -29.223 0.4000000060
10785  42.313  -59.139  -25.353 0.3000000119
9125  37.591  -60.137  -30.226 0.4000000060
10862  39.567  -58.450  -30.113 0.4000000060
5975  38.785  -64.884  -25.945 0.4000000060
5977  37.334  -65.278  -26.906 0.4000000060
6693  39.637  -64.406  -25.747 0.4000000060
6706  38.949  -64.217  -26.668 0.4000000060
5989  38.247  -64.681  -26.828 0.4000000060
5991  36.664  -65.077  -27.868 0.4000000060
8231  41.766  -62.137  -25.198 0.3000000119
9916  42.308  -59.860  -24.811 0.3000000119
9928  41.846  -59.845  -25.529 0.3000000119
6743  36.107  -64.033  -29.163 0.4000000060
11662  42.654  -58.490  -24.829 0.3000000119
155952  36.540  -65.951  -26.183 0.4000000060
5976  37.943  -65.257  -26.181 0.4000000060
11732  41.066  -57.323  -29.986 0.3000000119
11745  41.794  -56.965  -30.023 0.3000000119
10861  40.556  -57.937  -30.070 0.3000000119
6008  35.442  -64.630  -29.124 0.4000000060
154241  36.108  -65.640  -27.575 0.4000000060
5252  36.835  -65.750  -25.598 0.4000000060
10816  43.674  -57.873  -28.408 0.3000000119
11710  44.086  -57.276  -27.817 0.3000000119
7439  39.997  -62.650  -26.683 0.4000000060
9114  40.059  -60.130  -29.407 0.4000000060
9115  39.399  -60.830  -29.402 0.4000000060
7476  37.495  -62.356  -29.171 0.4000000060
9991  40.291  -58.989  -29.898 0.4000000060
7440  39.587  -63.193  -26.788 0.4000000060
5990  37.540  -64.603  -27.599 0.4000000060
6721  38.289  -63.916  -27.752 0.4000000060
7474  38.961  -62.412  -28.863 0.4000000060
9062  41.404  -60.468  -25.842 0.3000000119
6704  40.047  -63.513  -25.894 0.4000000060
8232  40.874  -62.145  -25.559 0.3000000119
9061  42.027  -60.696  -24.886 0.3000000119
2494  31.376  -70.564  -24.148 0.3000000119
2039  30.684  -71.143  -24.153 0.3000000119
2478  32.904  -70.338  -23.289 0.3000000119
2480  31.327  -71.046  -23.612 0.3000000119
2956  31.786  -69.977  -24.316 0.3000000119
2957  30.747  -70.037  -24.735 0.3000000119
2945  33.492  -69.988  -23.173 0.3000000119
2465  32.917  -70.570  -22.598 0.3000000119
2479  32.120  -70.771  -23.301 0.3000000119
3432  33.271  -69.331  -23.231 0.3000000119
2955  32.656  -69.854  -23.726 0.3000000119
3443  31.057  -69.362  -24.177 0.3000000119
3959  29.589  -67.527  -21.655 0.3000000119
2919  33.309  -70.111  -21.139 0.3000000119
2933  32.713  -70.402  -21.594 0.3000000119
2944  33.982  -70.054  -22.699 0.3000000119
2932  33.592  -70.406  -22.050 0.3000000119
2466  32.002  -70.684  -22.055 0.3000000119
3422  31.796  -68.099  -22.572 0.3000000119
150007  31.366  -67.326  -21.753 0.3000000119
148279  30.426  -67.365  -21.714 0.3000000119
3431  34.012  -69.605  -22.840 0.3000000119
3433  32.342  -68.966  -23.351 0.3000000119
3420  33.768  -68.781  -22.737 0.3000000119
3957  33.073  -67.863  -22.163 0.3000000119
3958  32.230  -67.703  -22.133 0.3000000119
3941  32.242  -67.107  -21.459 0.3000000119
5868  32.925  -63.975  -19.251 0.4000000060
5181  32.804  -65.638  -20.327 0.4000000060
2896  27.955  -69.239  -18.025 0.3000000119
2432  27.443  -69.860  -17.131 0.3000000119
2467  31.282  -71.030  -22.607 0.3000000119
3390  32.187  -68.881  -19.317 0.3000000119
2906  30.692  -69.448  -19.719 0.3000000119
2907  29.733  -69.443  -19.563 0.3000000119
155564  28.924  -69.568  -19.470 0.3000000119
2909  27.557  -69.907  -18.453 0.3000000119
143353  33.210  -68.976  -19.729 0.3000000119
2905  31.727  -69.562  -20.034 0.3000000119
2451  28.452  -70.030  -19.807 0.3000000119
2908  28.184  -69.660  -18.964 0.3000000119
153565  32.463  -70.001  -20.735 0.3000000119
2920  31.806  -70.226  -20.947 0.3000000119
2922  30.230  -69.864  -20.332 0.3000000119
2457  29.794  -70.384  -20.931 0.3000000119
2456  30.896  -70.465  -21.255 0.3000000119
2468  30.244  -70.886  -21.999 0.3000000119
3442  31.883  -69.398  -23.889 0.3000000119
3434  31.195  -68.561  -23.229 0.3000000119
2904  32.781  -69.558  -20.216 0.3000000119
3421  32.778  -68.446  -22.742 0.3000000119
3379  28.693  -68.475  -17.799 0.3000000119
2469  29.308  -70.907  -21.507 0.3000000119
3392  30.186  -68.908  -19.017 0.3000000119
2921  31.050  -69.877  -20.429 0.3000000119
2923  29.318  -69.862  -20.162 0.3000000119
2458  28.864  -70.426  -20.624 0.3000000119
4520  32.720  -66.479  -20.937 0.3000000119
8162  37.301  -60.760  -20.584 0.3000000119
8999  37.114  -60.557  -19.749 0.3000000119
8164  35.609  -60.985  -19.910 0.3000000119
8165  34.635  -61.294  -19.891 0.4000000060
8153  33.435  -61.674  -19.447 0.4000000060
8154  32.771  -61.736  -19.455 0.3000000119
7333  32.370  -62.134  -19.015 0.3000000119
8176  36.822  -61.333  -21.155 0.3000000119
8177  35.930  -61.328  -20.886 0.4000000060
8178  35.010  -61.414  -20.691 0.4000000060
7354  34.518  -61.809  -21.481 0.4000000060
8180  33.234  -61.563  -20.631 0.3000000119
6640  35.444  -63.154  -22.788 0.4000000060
7375  34.991  -62.488  -22.155 0.4000000060
6662  34.964  -63.727  -23.314 0.3000000119
8970  38.865  -60.756  -18.595 0.3000000119
137386  37.803  -60.341  -19.377 0.3000000119
8989  36.382  -60.901  -18.893 0.4000000060
8152  35.272  -61.227  -19.305 0.4000000060
136171  34.369  -61.573  -19.298 0.3000000119
134951  33.852  -61.884  -19.049 0.3000000119
6587  33.063  -62.937  -18.938 0.3000000119
8998  38.500  -60.020  -20.064 0.3000000119
8161  38.126  -60.639  -20.878 0.3000000119
8175  37.709  -61.356  -21.432 0.3000000119
7352  36.351  -61.902  -21.761 0.3000000119
7353  35.436  -61.824  -21.596 0.4000000060
7350  38.088  -62.032  -22.195 0.3000000119
156900  38.386  -62.663  -22.718 0.3000000119
7372  37.659  -62.638  -22.590 0.3000000119
7373  36.793  -62.588  -22.435 0.4000000060
7374  35.894  -62.516  -22.300 0.4000000060
6637  38.242  -63.312  -23.164 0.3000000119
6639  36.354  -63.191  -22.920 0.4000000060
6661  35.887  -63.755  -23.450 0.4000000060
5948  37.794  -65.126  -24.610 0.3000000119
5926  37.337  -64.537  -24.125 0.4000000060
6660  36.829  -63.841  -23.539 0.4000000060
5947  38.730  -65.069  -24.719 0.3000000119
5949  36.848  -65.120  -24.571 0.4000000060
5233  37.266  -65.499  -25.035 0.3000000119
155226  41.173  -65.076  -19.841 0.3000000119
5844  39.720  -64.643  -19.637 0.3000000119
5845  38.693  -64.774  -19.618 0.3000000119
5846  37.795  -63.913  -19.134 0.3000000119
8141  39.126  -61.547  -18.535 0.3000000119
7315  38.620  -62.405  -18.628 0.3000000119
135760  37.076  -62.944  -18.789 0.3000000119
9853  39.970  -59.833  -19.166 0.3000000119
8986  39.483  -60.292  -18.879 0.3000000119
8142  38.407  -61.350  -18.582 0.3000000119
8143  37.727  -61.512  -18.518 0.3000000119
7317  36.406  -62.148  -18.549 0.3000000119
7318  35.525  -62.317  -18.747 0.3000000119
146437  34.835  -62.949  -18.889 0.3000000119
146388  33.705  -63.751  -19.229 0.3000000119
5164  33.542  -64.570  -19.621 0.3000000119
5180  33.751  -65.391  -20.319 0.3000000119
8997  39.426  -59.864  -20.512 0.3000000119
6659  38.662  -64.006  -23.731 0.3000000119
153072  37.776  -63.931  -23.635 0.3000000119
138325  39.201  -64.584  -24.178 0.3000000119
5925  38.291  -64.629  -24.182 0.3000000119
5964  40.162  -64.537  -25.020 0.3000000119
5965  39.304  -64.939  -25.190 0.3000000119
5966  38.423  -65.249  -25.340 0.3000000119
5862  41.118  -65.564  -19.702 0.3000000119
6583  40.703  -64.519  -19.752 0.3000000119
6567  39.740  -63.526  -19.101 0.3000000119
6568  38.722  -63.712  -19.037 0.3000000119
8140  40.737  -61.984  -18.851 0.3000000119
154875  33.459  -66.099  -20.868 0.3000000119
5119  41.208  -65.674  -18.439 0.3000000119
160159  41.448  -65.102  -19.625 0.3000000119
5861  41.544  -64.498  -19.666 0.3000000119
6566  40.853  -63.595  -19.413 0.3000000119
140873  39.970  -62.414  -18.778 0.3000000119
152568  39.925  -61.146  -18.627 0.3000000119
5820  41.803  -65.013  -18.764 0.3000000119
5843  41.815  -64.777  -19.327 0.3000000119
7330  41.815  -63.592  -19.539 0.3000000119
7314  41.022  -62.812  -19.174 0.3000000119
5165  32.889  -64.898  -19.717 0.3000000119
146757  32.289  -63.210  -18.923 0.3000000119
7332  33.202  -62.057  -19.070 0.3000000119
8166  33.725  -61.418  -19.908 0.3000000119
7355  33.641  -61.876  -21.389 0.4000000060
5927  36.365  -64.448  -24.028 0.4000000060
150527  40.452  -64.167  -25.309 0.3000000119
140384  37.742  -60.357  -20.116 0.3000000119
8163  36.478  -60.832  -20.261 0.3000000119
8988  37.074  -60.645  -19.001 0.3000000119
8179  34.096  -61.489  -20.649 0.4000000060
9854  39.305  -59.809  -19.547 0.3000000119
144326  37.910  -60.744  -18.727 0.3000000119
8145  35.847  -61.669  -18.697 0.3000000119
8971  37.041  -61.075  -18.732 0.3000000119
7319  35.211  -61.558  -18.885 0.4000000060
6586  33.912  -62.664  -18.935 0.3000000119
9009  38.991  -60.446  -21.114 0.3000000119
8174  38.710  -61.387  -21.773 0.3000000119
6638  37.272  -63.270  -23.017 0.4000000060
152557  37.929  -63.037  -18.791 0.3000000119
7316  37.528  -62.288  -18.577 0.3000000119
6569  36.273  -62.944  -18.838 0.3000000119
5945  40.492  -64.294  -24.462 0.3000000119
2464  33.579  -70.276  -22.713 0.3000000119
2493  32.214  -70.316  -23.819 0.3000000119
2897  27.365  -69.848  -17.828 0.3000000119
2931  34.130  -70.200  -22.292 0.3000000119
2943  34.449  -69.909  -22.396 0.3000000119
3990  31.163  -67.179  -26.024 0.6000000238
3995  31.127  -67.398  -26.737 0.6000000238
4004  31.104  -67.370  -27.518 0.6000000238
4006  29.821  -66.725  -28.108 0.6000000238
4522  30.107  -66.434  -20.464 0.5000000000
4637  33.578  -66.699  -27.679 0.6999999881
4639  31.114  -67.021  -28.054 0.6000000238
4640  29.144  -66.564  -28.128 0.6999999881
4642  27.940  -65.677  -28.038 0.6999999881
4652  34.126  -65.612  -28.627 0.6999999881
4658  28.851  -65.992  -28.549 0.6999999881
4667  29.373  -65.620  -28.673 0.6999999881
5142  41.446  -65.401  -19.259 0.3000000119
5146  28.064  -65.082  -17.969 0.5000000000
5232  38.013  -65.416  -24.987 0.3000000119
5251  37.610  -65.488  -25.496 0.4000000060
5253  36.126  -66.147  -25.782 0.5000000000
5265  37.181  -65.642  -26.169 0.4000000060
5267  35.848  -66.240  -26.737 0.5000000000
5269  27.548  -65.191  -27.517 0.6999999881
5280  35.780  -65.184  -28.506 0.6000000238
5295  33.652  -65.467  -28.493 0.6999999881
5298  30.653  -65.788  -28.419 0.6000000238
5299  28.662  -65.338  -28.709 0.6999999881
5300  28.162  -65.419  -28.384 0.6999999881
5315  29.330  -64.933  -28.963 0.6999999881
5842  42.356  -64.327  -19.030 0.3000000119
5924  39.960  -64.419  -24.177 0.3000000119
5932  30.514  -64.546  -22.465 0.4000000060
5946  39.679  -64.687  -24.630 0.3000000119
6024  29.362  -64.365  -29.294 0.6000000238
6025  28.864  -64.696  -29.069 0.6000000238
6705  39.462  -63.773  -26.459 0.4000000060
6729  27.368  -64.487  -27.621 0.6000000238
6748  27.873  -64.598  -28.294 0.6999999881
6764  29.800  -63.662  -30.026 0.6000000238
7331  34.570  -62.012  -18.847 0.4000000060
7335  30.693  -61.710  -19.176 0.4000000060
7336  29.573  -61.729  -19.205 0.4000000060
7337  28.733  -62.135  -18.667 0.4000000060
7345  30.528  -61.695  -20.431 0.4000000060
7351  37.234  -61.976  -21.951 0.3000000119
7376  34.108  -62.522  -22.023 0.4000000060
7424  40.574  -62.783  -25.723 0.3000000119
7426  33.663  -62.277  -25.665 0.6000000238
7428  32.203  -61.762  -25.830 0.6000000238
7445  25.859  -63.042  -26.097 0.5000000000
7462  27.163  -62.963  -27.190 0.6000000238
8144  36.384  -61.378  -18.706 0.3000000119
8151  35.808  -61.194  -18.898 0.3000000119
8168  32.053  -61.503  -19.759 0.4000000060
8211  33.259  -60.795  -24.686 0.6999999881
8212  32.739  -60.316  -24.877 0.6000000238
8234  35.197  -61.533  -25.681 0.6999999881
8269  40.185  -62.074  -27.650 0.4000000060
8271  36.468  -61.449  -27.933 0.5000000000
8305  38.294  -60.809  -29.640 0.4000000060
8309  31.529  -61.934  -30.270 0.6000000238
8311  30.404  -60.630  -29.715 0.5000000000
8324  31.984  -60.947  -30.239 0.5000000000
8987  38.613  -60.215  -19.048 0.3000000119
9000  36.394  -60.789  -19.440 0.4000000060
9001  35.879  -60.954  -19.222 0.4000000060
9029  35.656  -60.238  -23.784 0.6999999881
9031  33.889  -60.073  -23.654 0.6999999881
9046  32.868  -59.705  -24.683 0.6000000238
9116  33.187  -59.946  -29.711 0.6999999881
9118  30.681  -59.775  -29.552 0.6000000238
9137  32.457  -60.096  -30.139 0.5000000000
9885  35.988  -59.464  -22.660 0.6999999881
9887  34.349  -58.975  -22.762 0.6000000238
9929  37.508  -59.439  -25.270 0.6000000238
9930  36.965  -59.981  -25.319 0.6999999881
9931  33.035  -58.950  -25.396 0.6000000238
9957  33.191  -59.272  -28.471 0.6999999881
9959  29.631  -59.221  -28.086 0.5000000000
9974  36.730  -59.908  -30.061 0.5000000000
9994  33.101  -59.362  -29.766 0.6999999881
9995  32.833  -59.190  -29.963 0.6000000238
10726  35.196  -58.132  -21.691 0.6999999881
10736  38.152  -58.017  -22.592 0.6999999881
10774  38.621  -58.421  -24.263 0.6999999881
10803  33.021  -58.385  -26.766 0.6000000238
10820  33.099  -58.984  -29.311 0.6999999881
10866  31.114  -57.835  -30.066 0.5000000000
10877  32.288  -58.693  -29.904 0.6000000238
11565  24.084  -57.426  -17.846 0.5000000000
11566  23.093  -57.320  -17.859 0.5000000000
11583  25.243  -57.466  -18.929 0.5000000000
11585  23.662  -57.466  -18.582 0.5000000000
11606  36.274  -57.117  -20.676 0.6000000238
11618  37.766  -57.321  -21.322 0.6000000238
11620  35.675  -57.545  -21.074 0.6000000238
11621  34.725  -57.355  -21.424 0.6999999881
11634  38.001  -57.699  -21.844 0.6000000238
11637  18.826  -57.418  -22.755 0.5000000000
11652  32.743  -57.258  -23.814 0.6000000238
11666  32.907  -57.906  -24.306 0.6000000238
11670  19.597  -57.563  -24.477 0.5000000000
11680  32.519  -57.393  -25.563 0.6000000238
11683  20.970  -57.793  -25.478 0.5000000000
11693  40.562  -57.111  -27.049 0.5000000000
11711  41.633  -56.795  -29.069 0.4000000060
11715  28.564  -57.630  -29.110 0.5000000000
11717  27.339  -57.767  -28.049 0.6000000238
11734  31.838  -57.847  -29.593 0.6000000238
11746  32.178  -58.383  -29.765 0.6000000238
12524  26.883  -56.294  -16.842 0.6000000238
12527  24.239  -56.263  -16.675 0.5000000000
12538  29.961  -56.438  -17.740 0.4000000060
12542  25.530  -56.776  -17.427 0.6000000238
12546  21.744  -56.701  -18.166 0.6000000238
12559  28.551  -57.031  -18.458 0.4000000060
12565  21.153  -56.590  -18.678 0.6000000238
12581  30.349  -56.507  -19.249 0.6000000238
12585  27.037  -57.348  -19.098 0.5000000000
12589  22.647  -57.306  -19.783 0.6000000238
12606  36.674  -56.493  -20.455 0.6000000238
12607  35.765  -56.528  -20.388 0.6000000238
12611  29.633  -56.714  -21.094 0.6000000238
12613  27.879  -57.456  -20.480 0.5000000000
12617  23.420  -57.105  -20.493 0.6000000238
12633  34.308  -56.657  -21.081 0.8000000119
12639  25.465  -56.733  -21.653 0.5000000000
12655  38.763  -56.665  -22.213 0.6000000238
12659  27.613  -56.879  -22.647 0.5000000000
12663  21.138  -56.147  -22.235 0.5000000000
12676  39.773  -56.045  -23.357 0.5000000000
12678  32.522  -56.519  -23.265 0.6999999881
12690  32.020  -56.325  -24.617 0.6999999881
12692  20.875  -56.924  -24.026 0.5000000000
12703  32.133  -56.591  -25.333 0.6999999881
12704  31.681  -56.231  -25.834 0.6999999881
12706  22.372  -55.571  -25.708 0.5000000000
12763  29.609  -56.335  -29.429 0.4000000060
13566  25.620  -55.853  -16.175 0.4000000060
13568  23.998  -55.468  -16.368 0.4000000060
13580  28.720  -56.255  -16.913 0.5000000000
13584  21.854  -56.043  -17.702 0.5000000000
13592  31.672  -55.637  -18.418 0.5000000000
13602  33.677  -55.473  -19.764 0.8000000119
13617  35.381  -55.785  -19.977 0.8000000119
13619  33.499  -55.859  -20.476 0.8000000119
13622  31.238  -55.808  -20.833 0.6000000238
13625  17.471  -55.003  -20.226 0.6000000238
13628  38.445  -56.206  -21.695 0.6000000238
13629  37.737  -55.779  -21.016 0.6000000238
13637  17.815  -55.768  -20.507 0.6000000238
13648  32.067  -55.727  -22.181 0.6999999881
13651  29.374  -56.128  -22.575 0.6000000238
13654  25.371  -55.865  -23.047 0.5000000000
13658  21.791  -55.498  -22.909 0.6000000238
13671  29.633  -55.772  -23.323 0.6000000238
13673  27.515  -56.014  -23.867 0.5000000000
13677  22.668  -55.167  -23.309 0.6000000238
13678  22.216  -55.276  -23.315 0.6000000238
13679  21.845  -55.438  -23.461 0.6000000238
13694  30.769  -55.538  -24.741 0.6999999881
13700  24.232  -55.023  -24.501 0.6000000238
13701  21.796  -55.642  -24.134 0.6000000238
13716  30.435  -55.708  -26.032 0.6000000238
13718  28.854  -55.564  -25.446 0.6000000238
13738  29.875  -55.747  -26.713 0.6000000238
14581  23.806  -54.622  -16.329 0.4000000060
14598  33.330  -54.853  -18.532 0.6000000238
14599  22.249  -54.154  -17.722 0.4000000060
14602  20.086  -53.838  -18.567 0.6000000238
14610  34.572  -54.329  -19.163 0.6000000238
14612  20.020  -54.824  -18.583 0.6000000238
14614  18.616  -54.198  -19.204 0.6000000238
14619  37.236  -55.068  -20.610 0.6000000238
14622  17.944  -54.327  -19.643 0.5000000000
14648  39.107  -54.708  -23.664 0.5000000000
14649  38.212  -54.629  -23.408 0.5000000000
14651  23.221  -54.982  -24.124 0.6000000238
14669  23.228  -54.715  -24.850 0.6000000238
14671  22.601  -55.014  -24.675 0.6000000238
14684  22.955  -54.444  -25.708 0.6000000238
15519  23.189  -53.465  -16.858 0.4000000060
15533  22.770  -53.466  -17.880 0.4000000060
15557  20.835  -53.020  -18.700 0.6000000238
15559  18.410  -53.621  -19.443 0.6000000238
15563  36.799  -53.572  -20.639 0.6999999881
15564  35.827  -52.877  -19.479 0.6000000238
15570  37.308  -54.289  -21.762 0.6000000238
16395  24.160  -52.953  -15.164 0.4000000060
16438  22.912  -52.349  -18.035 0.4000000060
16440  21.955  -53.017  -18.569 0.4000000060
16459  18.691  -52.895  -19.653 0.6000000238
16467  20.104  -52.111  -19.829 0.4000000060
16468  19.331  -52.218  -20.253 0.6000000238
16494  36.637  -52.369  -22.810 0.6000000238
17377  22.902  -52.140  -17.310 0.4000000060
17378  22.580  -51.450  -17.551 0.4000000060
17390  22.757  -51.724  -18.174 0.4000000060
17407  22.372  -51.702  -19.593 0.4000000060
17420  35.694  -51.403  -19.734 0.6000000238
17421  23.301  -50.818  -19.890 0.3000000119
17444  36.365  -51.492  -22.658 0.5000000000
18469  23.290  -50.331  -19.732 0.3000000119
19505  21.569  -49.495  -14.261 0.4000000060
20627  21.541  -48.402  -14.779 0.4000000060
20645  20.852  -48.390  -15.788 0.4000000060
21730  20.345  -47.615  -17.723 0.3000000119
21758  21.891  -48.142  -19.967 0.3000000119
22782  21.234  -46.793  -15.931 0.4000000060
22793  20.163  -46.314  -16.413 0.4000000060
22794  19.456  -46.118  -16.652 0.4000000060
22805  20.293  -47.259  -17.365 0.4000000060
22822  20.185  -47.044  -18.227 0.3000000119
22840  20.580  -46.326  -19.559 0.3000000119
22841  19.922  -46.136  -18.973 0.3000000119
23871  19.713  -45.642  -16.193 0.4000000060
23887  17.993  -45.711  -17.348 0.3000000119
23898  19.340  -46.336  -17.847 0.4000000060
23926  19.432  -45.518  -19.625 0.3000000119
23936  21.533  -45.303  -22.581 0.3000000119
23946  20.239  -44.237  -23.348 0.4000000060
24948  22.764  -44.971  -14.357 0.3000000119
24968  22.178  -45.021  -14.654 0.3000000119
24996  16.603  -44.300  -17.704 0.3000000119
25028  16.007  -44.688  -18.771 0.3000000119
25030  14.253  -44.198  -20.333 0.4000000060
25041  14.555  -44.702  -20.972 0.4000000060
25051  16.503  -44.961  -21.464 0.4000000060
26117  15.950  -43.729  -17.971 0.3000000119
26128  14.007  -43.478  -19.846 0.3000000119
26138  13.639  -44.165  -20.254 0.3000000119
26139  13.265  -43.997  -20.001 0.3000000119
26140  12.899  -44.254  -19.881 0.3000000119
27141  21.773  -43.093  -15.644 0.3000000119
27169  20.653  -42.930  -16.384 0.3000000119
27219  14.007  -42.454  -19.530 0.3000000119
28269  19.969  -41.776  -17.760 0.3000000119
28271  18.322  -41.984  -17.769 0.3000000119
28285  16.750  -41.488  -18.630 0.3000000119
28297  16.712  -40.759  -19.517 0.3000000119
28300  13.960  -41.469  -19.569 0.3000000119
28307  14.796  -40.741  -19.999 0.3000000119
29388  20.223  -40.024  -19.354 0.3000000119
29390  18.431  -39.963  -19.775 0.3000000119
29407  16.319  -39.908  -20.536 0.3000000119
30507  13.666  -38.713  -18.949 0.3000000119
30523  17.457  -39.019  -21.057 0.3000000119
30524  16.722  -39.175  -20.858 0.3000000119
31684  15.095  -38.007  -19.613 0.3000000119
31705  16.648  -38.403  -20.945 0.3000000119
31707  14.549  -38.393  -19.408 0.3000000119
31716  17.787  -37.963  -21.425 0.3000000119
133186  22.769  -43.248  -14.699 0.3000000119
133293  21.076  -46.804  -19.883 0.3000000119
133841  36.981  -61.719  -18.540 0.3000000119
134994  25.644  -55.294  -25.375 0.5000000000
136741  28.626  -65.616  -26.644 0.6999999881
136746  29.374  -57.053  -20.432 0.6000000238
136844  30.276  -55.510  -25.233 0.6999999881
138125  26.254  -55.633  -24.249 0.5000000000
138126  29.008  -66.691  -27.640 0.6999999881
138471  41.483  -61.191  -25.176 0.3000000119
139506  28.819  -56.948  -30.294 0.5000000000
139539  23.798  -56.574  -21.252 0.6000000238
139605  18.314  -38.434  -21.314 0.3000000119
139932  32.871  -54.844  -17.909 0.5000000000
140095  36.524  -60.769  -26.282 0.6000000238
140175  21.907  -57.171  -20.002 0.6000000238
140458  23.304  -54.264  -26.628 0.5000000000
140484  30.805  -55.665  -24.155 0.6999999881
140606  32.885  -63.383  -22.429 0.4000000060
140635  27.797  -57.394  -21.303 0.5000000000
140946  38.028  -59.138  -28.829 0.5000000000
140972  29.970  -64.921  -22.713 0.4000000060
141401  29.020  -63.827  -18.058 0.4000000060
143289  34.740  -64.668  -29.210 0.4000000060
143571  31.024  -55.497  -22.896 0.6999999881
143672  29.151  -55.831  -23.839 0.6000000238
144358  34.454  -66.574  -27.461 0.6000000238
144533  14.921  -39.970  -20.147 0.3000000119
144670  20.738  -47.154  -16.538 0.4000000060
145266  20.610  -56.588  -20.225 0.6000000238
146297  27.245  -56.653  -17.606 0.5000000000
146307  22.870  -55.090  -17.038 0.5000000000
146726  32.354  -55.565  -19.995 0.6999999881
147672  20.243  -46.622  -18.824 0.3000000119
147839  16.894  -54.867  -20.608 0.5000000000
148183  13.673  -39.404  -19.187 0.3000000119
148345  19.583  -42.342  -17.415 0.3000000119
148360  37.799  -64.998  -26.866 0.4000000060
148375  23.608  -54.978  -24.069 0.6000000238
148502  25.824  -55.709  -23.710 0.5000000000
149817  25.752  -57.401  -19.865 0.6000000238
150189  31.417  -66.791  -21.085 0.5000000000
150252  39.200  -59.244  -30.291 0.4000000060
150289  37.200  -61.352  -29.366 0.4000000060
150304  23.430  -55.069  -16.654 0.4000000060
152057  29.945  -63.201  -30.422 0.6000000238
152503  30.188  -61.668  -19.199 0.4000000060
153101  34.681  -65.980  -28.129 0.6999999881
153214  27.576  -64.481  -17.617 0.4000000060
153582  20.966  -47.987  -19.358 0.3000000119
154252  16.093  -42.961  -18.094 0.5000000000
155271  19.545  -56.592  -21.248 0.6000000238
155376  36.411  -63.348  -29.121 0.4000000060
155442  21.549  -56.128  -24.309 0.5000000000
155520  22.655  -47.001  -21.183 0.3000000119
155905  36.814  -60.186  -30.239 0.5000000000
156356  23.452  -53.222  -16.319 0.4000000060
156879  19.560  -44.850  -16.090 0.4000000060
157021  22.666  -53.028  -18.352 0.4000000060
157157  17.913  -43.164  -17.408 0.3000000119
157308  34.732  -53.624  -18.881 0.5000000000
157984  17.217  -44.880  -21.115 0.3000000119
158107  38.883  -63.596  -23.417 0.3000000119
158174  19.157  -55.206  -19.296 0.6000000238
158295  17.796  -45.372  -19.345 0.3000000119
158508  36.985  -62.243  -18.579 0.3000000119
159272  32.910  -64.673  -23.335 0.4000000060
159657  30.170  -56.605  -19.825 0.6000000238
159669  19.344  -46.339  -17.137 0.4000000060
159841  37.350  -56.397  -20.691 0.6000000238
160786  21.473  -56.315  -21.644 0.6000000238
160960  22.289  -57.123  -18.228 0.5000000000
