#!ascii label  , from subject sub-v1s21x0050386_ses-1 vox2ras=TkReg
285
23672  49.326  -45.768  -5.995 0.0000000000
18191  48.755  -50.450  -4.863 0.0000000000
148417  56.794  -48.496  -3.149 0.0000000000
20563  54.414  -49.169  -10.500 0.0000000000
16245  54.173  -53.142  -4.421 0.0000000000
18185  56.692  -50.774  -4.730 0.0000000000
15328  54.015  -54.467  -2.299 0.0000000000
153122  51.970  -49.517  -7.726 0.0000000000
20584  51.439  -48.993  -11.429 0.0000000000
21540  52.543  -47.560  -4.736 0.0000000000
20496  55.443  -48.614  -7.077 0.0000000000
18253  55.035  -50.848  -7.796 0.0000000000
18189  51.223  -50.765  -4.694 0.0000000000
13397  51.265  -55.640  -6.704 0.0000000000
23651  46.248  -46.074  -4.877 0.0000000000
150079  49.431  -47.417  -3.388 0.0000000000
21505  53.446  -47.718  -1.732 0.0000000000
23759  50.313  -46.266  -9.911 0.0000000000
152199  55.293  -52.428  -1.902 0.0000000000
19361  50.525  -49.266  -6.273 0.0000000000
133593  51.258  -49.263  -8.540 0.0000000000
20472  54.024  -48.171  -4.175 0.0000000000
20471  55.739  -48.474  -5.005 0.0000000000
16243  55.412  -52.202  -4.535 0.0000000000
18205  56.279  -51.129  -6.625 0.0000000000
18186  54.991  -51.649  -5.403 0.0000000000
19341  53.097  -50.147  -5.810 0.0000000000
17169  52.590  -52.198  -4.530 0.0000000000
14462  50.658  -55.041  -7.293 0.0000000000
21495  50.050  -47.431  -1.202 0.0000000000
21507  51.469  -47.678  -2.292 0.0000000000
21473  52.210  -47.176  -0.266 0.0000000000
21593  52.900  -47.343  -8.901 0.0000000000
21620  52.542  -47.482  -9.880 0.0000000000
148893  49.303  -49.194  -11.614 0.0000000000
22715  48.190  -46.960  -11.048 0.0000000000
19309  57.676  -49.079  -2.530 0.0000000000
19333  57.162  -49.165  -4.751 0.0000000000
18173  56.808  -50.449  -3.412 0.0000000000
16230  55.498  -52.531  -3.860 0.0000000000
15356  54.509  -53.678  -3.807 0.0000000000
135288  53.936  -50.288  -10.557 0.0000000000
20582  53.046  -49.124  -11.504 0.0000000000
19442  52.211  -50.352  -10.436 0.0000000000
18318  51.006  -50.428  -11.074 0.0000000000
153082  47.503  -52.538  -5.842 0.0000000000
22613  50.713  -46.332  -5.687 0.0000000000
22628  53.145  -47.216  -7.526 0.0000000000
20516  55.231  -48.783  -8.712 0.0000000000
20494  56.831  -49.503  -6.757 0.0000000000
19381  56.722  -50.042  -8.238 0.0000000000
19412  55.323  -49.927  -9.648 0.0000000000
146187  53.891  -50.310  -7.643 0.0000000000
19342  52.096  -49.754  -5.793 0.0000000000
142916  49.993  -51.086  -4.694 0.0000000000
15359  52.068  -54.575  -4.857 0.0000000000
16266  50.824  -53.365  -5.261 0.0000000000
134798  50.045  -53.358  -5.532 0.0000000000
16268  48.934  -52.396  -5.309 0.0000000000
24751  46.201  -45.163  -6.146 0.0000000000
22616  48.005  -46.245  -5.180 0.0000000000
22576  48.122  -47.141  -3.830 0.0000000000
22600  49.383  -46.742  -4.771 0.0000000000
21542  50.732  -47.254  -4.270 0.0000000000
136833  52.916  -48.022  -2.922 0.0000000000
20433  55.076  -48.126  -2.303 0.0000000000
21490  55.625  -47.024  -0.396 0.0000000000
20423  56.915  -47.741  -1.210 0.0000000000
21643  51.133  -47.541  -10.684 0.0000000000
23692  47.925  -45.216  -6.334 0.0000000000
24775  48.236  -44.815  -7.035 0.0000000000
23691  48.774  -45.361  -6.538 0.0000000000
19344  50.128  -49.626  -5.336 0.0000000000
19362  49.574  -49.192  -5.991 0.0000000000
147326  55.062  -48.312  -4.144 0.0000000000
146592  54.641  -48.127  -4.983 0.0000000000
20450  56.222  -48.537  -4.109 0.0000000000
17167  54.993  -52.188  -4.824 0.0000000000
153513  54.355  -52.404  -4.573 0.0000000000
18187  54.011  -51.503  -4.803 0.0000000000
17168  53.529  -52.208  -4.525 0.0000000000
13439  50.971  -56.249  -8.365 0.0000000000
135197  51.326  -47.343  -0.777 0.0000000000
21619  53.172  -47.843  -9.788 0.0000000000
22675  52.429  -47.126  -9.260 0.0000000000
21631  52.974  -48.133  -10.482 0.0000000000
144874  48.421  -48.369  -11.563 0.0000000000
18158  57.386  -49.610  -2.915 0.0000000000
18159  56.948  -50.075  -2.273 0.0000000000
16217  55.014  -53.246  -2.277 0.0000000000
16216  55.480  -52.621  -2.810 0.0000000000
16231  55.069  -53.237  -3.346 0.0000000000
15342  54.545  -53.857  -2.815 0.0000000000
19383  53.195  -50.073  -8.402 0.0000000000
19441  53.215  -50.394  -10.987 0.0000000000
19384  52.228  -49.737  -8.734 0.0000000000
19443  51.075  -49.814  -9.776 0.0000000000
19444  49.922  -49.571  -9.700 0.0000000000
18294  50.480  -50.287  -10.648 0.0000000000
21558  51.998  -47.043  -5.370 0.0000000000
22612  51.557  -46.438  -5.928 0.0000000000
21557  52.826  -47.291  -5.669 0.0000000000
21591  54.263  -48.142  -8.629 0.0000000000
146914  55.659  -48.879  -7.992 0.0000000000
18184  57.140  -50.056  -5.040 0.0000000000
20482  57.031  -49.375  -5.795 0.0000000000
18204  57.098  -50.569  -5.995 0.0000000000
18232  55.848  -51.093  -7.324 0.0000000000
18230  56.930  -50.249  -7.676 0.0000000000
18252  56.097  -50.754  -8.250 0.0000000000
19411  56.126  -49.971  -8.899 0.0000000000
146524  55.448  -50.663  -8.702 0.0000000000
19382  54.515  -50.520  -8.671 0.0000000000
152383  52.156  -50.674  -4.796 0.0000000000
18209  51.586  -50.102  -5.087 0.0000000000
18210  50.684  -50.150  -4.910 0.0000000000
11404  50.451  -58.011  -7.207 0.0000000000
13421  51.444  -56.529  -6.985 0.0000000000
12347  51.205  -57.083  -6.436 0.0000000000
14441  51.470  -55.570  -5.836 0.0000000000
15371  51.423  -54.170  -5.376 0.0000000000
16247  51.747  -53.458  -4.912 0.0000000000
14422  51.288  -54.651  -5.761 0.0000000000
14443  49.978  -54.404  -6.903 0.0000000000
15390  49.962  -53.960  -6.136 0.0000000000
144101  49.366  -53.984  -6.491 0.0000000000
15373  49.222  -53.352  -5.811 0.0000000000
15391  48.640  -53.639  -6.494 0.0000000000
24752  45.350  -45.089  -6.046 0.0000000000
23676  45.814  -45.574  -5.447 0.0000000000
23675  46.673  -45.633  -5.547 0.0000000000
23650  47.120  -46.173  -5.012 0.0000000000
160525  49.110  -47.531  -2.704 0.0000000000
21523  47.904  -47.419  -3.080 0.0000000000
21522  48.644  -47.416  -3.249 0.0000000000
22575  48.975  -47.166  -4.031 0.0000000000
21543  49.838  -47.180  -4.154 0.0000000000
21521  50.272  -47.474  -3.422 0.0000000000
21506  52.397  -47.723  -2.007 0.0000000000
153557  52.018  -47.844  -2.894 0.0000000000
20434  53.965  -48.077  -2.524 0.0000000000
21504  54.647  -47.646  -1.439 0.0000000000
20400  56.910  -47.310  0.449 0.0000000000
21470  56.516  -46.849  0.268 0.0000000000
20424  55.943  -47.636  -1.182 0.0000000000
20583  52.377  -49.033  -11.493 0.0000000000
21642  51.811  -48.135  -10.938 0.0000000000
141712  50.828  -48.176  -11.067 0.0000000000
22696  48.826  -46.404  -10.642 0.0000000000
19360  51.556  -49.439  -6.583 0.0000000000
140342  53.572  -47.776  -5.043 0.0000000000
20484  55.320  -48.332  -5.960 0.0000000000
17165  56.491  -51.261  -5.749 0.0000000000
159348  56.731  -50.926  -6.412 0.0000000000
17192  55.753  -51.705  -5.435 0.0000000000
18206  55.475  -51.399  -6.276 0.0000000000
18233  54.963  -51.009  -6.753 0.0000000000
19359  53.996  -50.391  -6.683 0.0000000000
18207  54.207  -50.904  -5.744 0.0000000000
18208  53.111  -50.669  -5.059 0.0000000000
153201  51.857  -51.471  -4.608 0.0000000000
14442  50.822  -54.579  -6.440 0.0000000000
13422  51.108  -55.898  -7.586 0.0000000000
13423  50.483  -55.553  -7.970 0.0000000000
135195  50.123  -47.545  -1.972 0.0000000000
21508  50.619  -47.597  -2.565 0.0000000000
21494  50.858  -47.493  -1.546 0.0000000000
21493  51.840  -47.454  -1.294 0.0000000000
21492  52.933  -47.314  -0.941 0.0000000000
22676  51.881  -46.884  -9.588 0.0000000000
22677  51.119  -46.516  -9.736 0.0000000000
20585  50.404  -49.065  -11.449 0.0000000000
21644  49.650  -48.102  -11.268 0.0000000000
21646  47.619  -47.608  -11.473 0.0000000000
20449  57.434  -48.765  -3.062 0.0000000000
143236  57.122  -48.767  -3.993 0.0000000000
19326  57.419  -48.998  -3.769 0.0000000000
18172  57.149  -49.866  -4.022 0.0000000000
17144  56.301  -51.256  -3.815 0.0000000000
17166  56.054  -51.835  -4.588 0.0000000000
16244  54.969  -52.914  -4.263 0.0000000000
19439  54.721  -49.800  -10.376 0.0000000000
141231  53.888  -49.247  -11.061 0.0000000000
19440  54.097  -50.038  -11.094 0.0000000000
19456  53.090  -50.170  -11.363 0.0000000000
18316  52.330  -50.245  -11.409 0.0000000000
19415  51.941  -49.824  -9.424 0.0000000000
19458  51.499  -50.454  -10.861 0.0000000000
18330  51.522  -50.275  -11.300 0.0000000000
18331  50.569  -50.274  -11.179 0.0000000000
19468  49.997  -49.905  -11.439 0.0000000000
141514  48.063  -52.079  -5.287 0.0000000000
22614  49.815  -46.283  -5.497 0.0000000000
23671  50.230  -45.866  -6.223 0.0000000000
21604  53.721  -47.979  -9.248 0.0000000000
20541  54.694  -48.704  -9.580 0.0000000000
153553  56.127  -48.942  -6.666 0.0000000000
135919  56.831  -50.577  -6.937 0.0000000000
19358  57.039  -49.917  -7.524 0.0000000000
20495  56.427  -49.402  -7.628 0.0000000000
20515  56.086  -49.452  -8.556 0.0000000000
20540  55.513  -49.383  -9.314 0.0000000000
19438  55.032  -49.394  -9.984 0.0000000000
18293  54.690  -50.219  -10.325 0.0000000000
19413  54.142  -50.377  -9.607 0.0000000000
139634  52.815  -49.847  -6.881 0.0000000000
19343  51.073  -49.648  -5.584 0.0000000000
17172  49.374  -51.006  -4.721 0.0000000000
14394  53.296  -54.864  -3.761 0.0000000000
11397  50.930  -57.522  -6.702 0.0000000000
15358  52.816  -54.172  -4.566 0.0000000000
16246  53.267  -53.142  -4.536 0.0000000000
134990  52.434  -53.039  -4.670 0.0000000000
17170  51.722  -52.380  -4.657 0.0000000000
135357  51.056  -52.673  -4.899 0.0000000000
15372  50.646  -53.983  -5.746 0.0000000000
16248  50.305  -52.599  -5.071 0.0000000000
17171  50.767  -51.669  -4.719 0.0000000000
16249  49.669  -51.808  -4.906 0.0000000000
17193  48.749  -51.452  -4.920 0.0000000000
16281  48.307  -52.932  -5.821 0.0000000000
25877  45.477  -43.696  -6.855 0.0000000000
24779  44.902  -44.255  -6.342 0.0000000000
24778  45.820  -44.472  -6.519 0.0000000000
24750  47.072  -45.172  -6.211 0.0000000000
23674  47.545  -45.672  -5.667 0.0000000000
23673  48.430  -45.706  -5.809 0.0000000000
21511  47.292  -47.399  -2.368 0.0000000000
22603  46.695  -46.580  -4.262 0.0000000000
22602  47.594  -46.693  -4.420 0.0000000000
22615  48.908  -46.261  -5.330 0.0000000000
22599  50.277  -46.774  -4.925 0.0000000000
22598  51.155  -46.872  -5.122 0.0000000000
21541  51.635  -47.398  -4.473 0.0000000000
152690  51.260  -47.628  -3.411 0.0000000000
21520  52.220  -47.789  -3.773 0.0000000000
21519  53.105  -48.005  -4.041 0.0000000000
157123  53.647  -48.149  -3.422 0.0000000000
20452  54.491  -48.253  -3.321 0.0000000000
20451  55.603  -48.363  -3.219 0.0000000000
20432  56.298  -48.206  -2.129 0.0000000000
21632  52.185  -47.603  -10.339 0.0000000000
21633  51.556  -47.385  -10.448 0.0000000000
22694  50.918  -46.858  -10.344 0.0000000000
22713  50.338  -47.366  -10.775 0.0000000000
22695  49.909  -46.626  -10.468 0.0000000000
13396  51.294  -56.464  -5.984 0.0000000000
15314  54.403  -53.767  -1.863 0.0000000000
15357  53.837  -54.040  -4.238 0.0000000000
16267  49.612  -52.712  -5.296 0.0000000000
17145  55.921  -51.954  -3.373 0.0000000000
18188  52.849  -51.351  -4.617 0.0000000000
18190  50.464  -50.781  -4.695 0.0000000000
18211  49.785  -50.346  -4.781 0.0000000000
18231  56.479  -50.683  -7.623 0.0000000000
18251  56.607  -50.424  -8.139 0.0000000000
18270  56.393  -50.338  -8.500 0.0000000000
18271  55.890  -50.380  -8.971 0.0000000000
18272  55.129  -50.378  -9.446 0.0000000000
18317  51.788  -50.439  -11.207 0.0000000000
19332  57.251  -49.424  -4.461 0.0000000000
19340  57.231  -49.742  -5.543 0.0000000000
19357  57.219  -50.003  -6.725 0.0000000000
19414  53.020  -50.173  -9.764 0.0000000000
19455  53.463  -49.616  -11.455 0.0000000000
19457  52.398  -50.471  -11.209 0.0000000000
19465  52.806  -49.772  -11.652 0.0000000000
19466  51.970  -49.791  -11.611 0.0000000000
19467  51.025  -49.818  -11.457 0.0000000000
20430  57.595  -48.809  -2.213 0.0000000000
20448  57.622  -48.958  -2.995 0.0000000000
20575  53.387  -48.818  -11.152 0.0000000000
21469  57.513  -47.080  0.238 0.0000000000
21489  56.948  -46.987  -0.256 0.0000000000
21509  49.806  -47.547  -2.661 0.0000000000
21618  53.972  -48.444  -9.992 0.0000000000
21630  53.691  -48.575  -10.571 0.0000000000
21641  52.715  -48.449  -11.046 0.0000000000
21645  48.680  -47.608  -11.239 0.0000000000
22601  48.494  -46.724  -4.612 0.0000000000
22693  51.575  -46.982  -10.088 0.0000000000
22714  49.326  -47.150  -10.885 0.0000000000
152221  52.388  -50.202  -5.274 0.0000000000
155175  57.495  -49.221  -3.424 0.0000000000
156652  53.815  -47.710  -7.848 0.0000000000
