#!ascii label  , from subject sub-v1s21x0050418_ses-1 vox2ras=TkReg
1194
61454  -19.263  -20.100  -17.829 0.5555555820
61455  -20.283  -20.142  -18.331 0.6666666865
61463  -20.783  -19.730  -19.012 0.7777777910
63306  -19.846  -17.271  -19.355 0.8888888955
63309  -22.786  -17.508  -19.252 0.8888888955
60557  -18.463  -20.626  -17.427 0.5555555820
61453  -17.936  -19.904  -17.778 0.5555555820
62366  -18.930  -18.818  -18.576 0.6666666865
133450  -21.010  -18.833  -19.258 0.8888888955
63307  -20.571  -17.277  -19.287 0.8888888955
65199  -21.245  -15.780  -19.492 1.0000000000
125179  -23.191  -16.617  -19.325 0.8888888955
65201  -23.321  -15.551  -19.505 1.0000000000
135423  -17.058  -18.457  -18.433 0.7777777910
64216  -18.204  -16.689  -19.479 1.0000000000
65196  -17.776  -15.762  -19.640 1.0000000000
64217  -19.273  -16.527  -19.525 1.0000000000
65210  -19.325  -14.931  -20.020 1.0000000000
65197  -18.743  -15.761  -19.717 1.0000000000
65211  -20.257  -14.495  -20.102 1.0000000000
66198  -19.664  -13.984  -20.433 1.0000000000
131528  -20.433  -13.728  -20.528 1.0000000000
66199  -21.128  -14.016  -20.200 1.0000000000
66201  -23.208  -13.754  -20.000 1.0000000000
67175  -20.952  -13.207  -20.909 1.0000000000
67176  -21.663  -13.340  -20.693 1.0000000000
67178  -23.751  -12.972  -20.182 1.0000000000
68177  -23.151  -12.322  -20.887 1.0000000000
68178  -24.357  -12.202  -20.389 0.7777777910
65207  -16.841  -14.883  -19.575 0.8888888955
65209  -18.286  -14.965  -20.012 1.0000000000
66196  -17.799  -14.290  -20.240 1.0000000000
67174  -19.317  -13.438  -20.791 1.0000000000
116789  -20.857  -13.370  -22.200 1.0000000000
67186  -21.528  -13.369  -21.796 1.0000000000
67194  -22.174  -13.088  -22.226 1.0000000000
114397  -23.286  -12.424  -21.933 1.0000000000
68188  -24.908  -11.576  -20.647 0.8888888955
68189  -25.994  -11.902  -21.044 0.7777777910
66215  -26.248  -13.760  -22.889 0.7777777910
67171  -16.458  -13.228  -20.024 0.5555555820
69145  -16.810  -11.466  -21.305 0.7777777910
68175  -16.977  -12.789  -20.603 0.8888888955
68186  -19.002  -12.453  -21.677 1.0000000000
67184  -19.425  -12.933  -21.252 1.0000000000
68192  -18.528  -12.121  -22.383 0.8888888955
68193  -19.032  -12.535  -22.903 1.0000000000
67202  -20.225  -12.970  -23.141 1.0000000000
124519  -21.482  -12.267  -23.086 1.0000000000
68196  -23.564  -11.702  -21.885 0.8888888955
68204  -22.221  -11.919  -22.889 1.0000000000
69155  -23.065  -11.220  -22.471 0.8888888955
68205  -26.534  -11.999  -23.171 0.7777777910
67205  -27.550  -13.322  -22.964 0.6666666865
125783  -27.323  -12.614  -23.173 0.6666666865
68173  -14.968  -11.931  -20.045 0.4444444478
69142  -15.919  -11.790  -20.601 0.7777777910
70070  -15.624  -10.467  -21.273 0.6666666865
70072  -17.399  -10.871  -21.888 0.7777777910
69162  -17.309  -12.434  -23.853 0.8888888955
68212  -17.302  -12.427  -24.754 0.8888888955
119182  -20.199  -12.513  -23.238 1.0000000000
69178  -18.384  -11.240  -24.609 1.0000000000
126917  -19.395  -11.300  -23.874 1.0000000000
69165  -21.494  -11.421  -23.116 1.0000000000
70088  -21.966  -10.664  -22.950 0.8888888955
70079  -23.530  -10.171  -22.188 0.7777777910
115668  -25.851  -10.119  -21.975 0.7777777910
116512  -28.010  -12.633  -23.228 0.5555555820
70081  -25.518  -9.692  -21.972 0.7777777910
70090  -26.984  -10.442  -23.039 0.6666666865
72238  -14.516  -8.990  -21.560 0.6666666865
135882  -14.862  -10.327  -21.048 0.6666666865
70075  -17.010  -10.154  -21.836 0.7777777910
72239  -15.504  -9.094  -21.910 0.7777777910
70076  -17.586  -10.574  -22.457 0.8888888955
71110  -17.659  -10.383  -23.848 0.8888888955
133260  -17.711  -9.925  -22.543 1.0000000000
128007  -18.497  -9.960  -23.619 1.0000000000
71111  -19.805  -9.755  -23.446 1.0000000000
70086  -20.297  -10.329  -23.216 0.8888888955
71112  -21.062  -9.750  -23.129 0.8888888955
71104  -23.231  -9.722  -22.325 0.8888888955
70080  -24.503  -9.807  -21.581 0.7777777910
71102  -20.756  -9.100  -22.596 0.8888888955
71103  -21.568  -9.246  -22.549 0.7777777910
132270  -23.292  -9.238  -22.074 0.7777777910
71106  -25.117  -9.348  -21.797 0.7777777910
122642  -26.621  -9.814  -22.691 0.6666666865
72243  -13.714  -8.328  -22.091 0.6666666865
72237  -13.546  -9.198  -21.315 0.5555555820
72244  -14.847  -8.283  -22.182 0.7777777910
71097  -16.224  -9.173  -22.122 0.8888888955
72246  -16.820  -8.905  -22.388 0.8888888955
72247  -17.725  -9.044  -22.567 1.0000000000
71100  -18.288  -9.591  -22.816 1.0000000000
72248  -18.676  -8.667  -22.744 1.0000000000
130921  -20.427  -9.560  -23.137 0.8888888955
72252  -22.062  -8.661  -22.039 0.7777777910
73343  -22.594  -8.296  -21.427 0.7777777910
72254  -24.879  -8.673  -21.729 0.6666666865
72255  -25.519  -8.462  -22.381 0.5555555820
71115  -26.492  -9.182  -22.888 0.5555555820
73335  -12.659  -8.606  -23.307 0.7777777910
73352  -12.324  -8.241  -23.503 0.6666666865
72257  -13.899  -7.846  -22.742 0.8888888955
73336  -15.945  -7.666  -22.726 1.0000000000
124369  -17.371  -8.248  -22.639 1.0000000000
116676  -19.143  -7.581  -22.785 0.8888888955
72249  -19.611  -8.407  -22.736 0.8888888955
73340  -20.039  -7.548  -22.659 0.8888888955
72251  -21.152  -8.473  -22.176 0.8888888955
73342  -21.611  -7.953  -21.822 0.7777777910
73324  -22.124  -7.722  -21.286 0.7777777910
73344  -23.672  -8.419  -21.108 0.7777777910
118072  -25.108  -7.659  -22.218 0.5555555820
74367  -20.330  -6.828  -22.456 0.7777777910
73326  -24.288  -7.697  -20.941 0.5555555820
74358  -22.612  -7.339  -20.789 0.6666666865
129295  -10.789  -5.065  -23.190 0.4444444478
75262  -11.288  -5.709  -23.443 0.5555555820
124429  -12.047  -5.130  -23.694 0.7777777910
74379  -13.866  -6.935  -23.366 1.0000000000
74378  -13.173  -6.544  -23.476 0.8888888955
74380  -14.971  -6.470  -23.197 1.0000000000
74381  -16.075  -6.123  -23.066 0.8888888955
74382  -17.226  -6.123  -22.945 0.8888888955
73357  -18.429  -7.017  -22.862 0.8888888955
126758  -18.012  -6.472  -22.985 0.8888888955
122565  -19.700  -6.934  -22.753 0.8888888955
120066  -21.675  -7.077  -21.373 0.6666666865
74359  -23.650  -7.135  -20.592 0.5555555820
77946  -12.612  -1.729  -23.361 0.6666666865
77079  -11.579  -3.709  -23.470 0.6666666865
77088  -13.663  -2.776  -24.063 0.7777777910
76180  -15.128  -4.668  -23.669 0.8888888955
76188  -14.896  -3.752  -24.126 0.7777777910
76181  -16.089  -4.470  -23.510 0.7777777910
136628  -16.072  -5.323  -23.161 0.8888888955
76182  -16.829  -4.163  -23.381 0.7777777910
131378  -18.523  -6.322  -22.914 0.8888888955
75267  -17.433  -5.055  -22.970 0.7777777910
74383  -18.106  -5.767  -23.003 0.7777777910
75257  -20.049  -6.230  -22.347 0.6666666865
115941  -18.797  -5.153  -22.592 0.6666666865
75247  -20.066  -5.609  -21.905 0.6666666865
74345  -20.895  -6.381  -21.678 0.6666666865
76165  -20.923  -4.311  -20.912 0.6666666865
75248  -20.806  -5.302  -21.195 0.5555555820
75240  -22.277  -5.806  -20.572 0.5555555820
74348  -23.940  -6.276  -20.632 0.4444444478
76154  -21.621  -5.045  -20.635 0.5555555820
77903  -14.336  -1.901  -22.041 0.3333333433
78684  -13.631  -0.718  -22.476 0.3333333433
78732  -13.397  -0.298  -23.382 0.5555555820
78751  -13.584  -0.925  -23.753 0.6666666865
78733  -14.377  -0.415  -24.000 0.5555555820
77948  -14.512  -1.439  -24.284 0.7777777910
77090  -15.797  -2.771  -24.631 0.7777777910
77081  -16.820  -2.481  -24.406 0.6666666865
76190  -16.477  -3.168  -24.222 0.6666666865
76183  -17.258  -4.201  -23.095 0.6666666865
76172  -18.260  -4.426  -22.616 0.6666666865
77057  -19.288  -4.124  -21.730 0.6666666865
77044  -21.952  -4.090  -20.602 0.5555555820
78711  -15.308  -1.099  -23.217 0.4444444478
77068  -14.959  -2.689  -21.706 0.4444444478
133158  -14.506  -0.485  -23.161 0.4444444478
78685  -16.560  -2.434  -22.582 0.5555555820
116517  -14.976  -0.455  -23.906 0.5555555820
78734  -16.020  -0.861  -24.280 0.6666666865
77938  -15.486  -0.848  -24.355 0.6666666865
77940  -16.750  -1.764  -24.630 0.6666666865
122375  -17.142  -3.618  -23.360 0.6666666865
77058  -20.068  -3.646  -21.329 0.6666666865
77908  -21.775  -2.579  -20.997 0.6666666865
77909  -22.630  -2.396  -21.004 0.5555555820
77883  -22.336  -3.219  -20.743 0.6666666865
77904  -17.301  -2.381  -22.088 0.4444444478
77925  -17.025  -2.976  -23.711 0.6666666865
77941  -16.969  -2.113  -24.302 0.6666666865
77056  -18.315  -3.192  -22.186 0.6666666865
77082  -16.977  -2.963  -23.847 0.6666666865
77069  -17.227  -3.502  -23.171 0.6666666865
62376  -19.650  -18.047  -19.195 0.8888888955
62375  -18.711  -18.183  -19.059 1.0000000000
125545  -20.273  -16.382  -19.477 1.0000000000
66182  -21.705  -14.864  -19.753 1.0000000000
70066  -15.126  -11.046  -20.632 0.5555555820
73334  -12.094  -8.587  -23.474 0.5555555820
77066  -10.760  -3.225  -22.681 0.5555555820
136060  -12.915  -7.447  -23.380 0.7777777910
73354  -15.528  -7.076  -22.971 1.0000000000
73341  -20.774  -7.593  -22.305 0.8888888955
77067  -10.750  -3.820  -22.676 0.2222222239
74346  -21.958  -6.616  -20.833 0.6666666865
76189  -15.737  -3.737  -24.109 0.7777777910
74347  -23.017  -6.562  -20.563 0.4444444478
78713  -17.160  -2.133  -24.506 0.6666666865
77055  -17.492  -3.375  -22.750 0.6666666865
70065  -14.417  -10.413  -20.544 0.4444444478
71096  -13.188  -8.784  -22.139 0.4444444478
77884  -23.374  -3.123  -20.918 0.5555555820
77054  -15.664  -3.098  -21.333 0.2222222239
77924  -15.863  -2.450  -22.274 0.3333333433
59604  -19.745  -22.025  -16.973 0.5555555820
59605  -20.456  -21.766  -17.057 0.5555555820
60558  -20.357  -20.882  -17.899 0.6666666865
116359  -21.058  -20.590  -18.633 0.5555555820
61456  -21.601  -20.497  -18.392 0.5555555820
132708  -23.092  -18.803  -19.032 0.7777777910
62380  -23.290  -18.159  -19.115 0.8888888955
59606  -18.942  -21.469  -17.154 0.5555555820
61464  -21.578  -20.246  -18.923 0.6666666865
62368  -21.735  -19.561  -19.153 0.6666666865
62369  -22.562  -19.218  -19.071 0.8888888955
63310  -23.499  -17.491  -19.181 0.7777777910
64208  -24.051  -17.089  -19.155 0.7777777910
114519  -24.204  -15.272  -19.514 0.8888888955
60550  -16.820  -20.706  -16.651 0.4444444478
61452  -16.161  -19.198  -17.518 0.5555555820
66184  -23.392  -14.656  -19.706 1.0000000000
62357  -16.098  -18.588  -18.044 0.2222222239
63297  -17.612  -18.020  -18.930 0.6666666865
67179  -25.011  -13.078  -20.042 0.8888888955
67181  -26.504  -13.760  -20.934 0.6666666865
67188  -26.423  -12.843  -21.759 0.7777777910
66216  -26.397  -14.517  -22.152 0.6666666865
64214  -16.023  -16.539  -18.824 0.5555555820
114541  -28.151  -15.007  -22.189 0.6666666865
66179  -15.467  -14.638  -19.001 0.4444444478
66218  -28.790  -14.052  -22.262 0.5555555820
119789  -28.825  -12.591  -23.132 0.5555555820
68166  -14.382  -13.179  -18.856 0.2222222239
118569  -28.324  -12.053  -23.496 0.5555555820
69141  -14.554  -11.364  -19.945 0.4444444478
70098  -27.443  -10.510  -23.665 0.5555555820
71088  -13.755  -8.986  -20.863 0.3333333433
71116  -27.130  -9.216  -23.172 0.5555555820
75254  -11.047  -5.925  -23.265 0.4444444478
73358  -26.169  -7.346  -23.245 0.4444444478
75245  -10.903  -5.879  -23.202 0.3333333433
74370  -25.147  -6.509  -23.103 0.5555555820
130114  -24.451  -6.576  -21.604 0.4444444478
78683  -12.641  -0.767  -21.394 0.3333333433
113433  -11.710  -0.283  -22.374 0.3333333433
78708  -11.424  -0.343  -22.121 0.4444444478
75241  -23.287  -5.614  -20.533 0.4444444478
77045  -23.946  -3.988  -21.059 0.4444444478
77910  -23.670  -2.181  -21.455 0.2222222239
131826  -16.617  -2.814  -21.619 0.3333333433
116683  -19.092  -3.088  -21.696 0.6666666865
77907  -19.996  -2.657  -21.390 0.6666666865
116018  -20.871  -2.140  -21.295 0.6666666865
78688  -21.384  -1.370  -21.347 0.6666666865
130419  -21.847  -1.973  -21.187 0.6666666865
78689  -22.566  -1.448  -21.281 0.4444444478
77905  -17.945  -2.134  -21.685 0.5555555820
125288  -19.411  -20.922  -17.519 0.6666666865
60552  -20.960  -21.048  -18.086 0.6666666865
61462  -19.626  -19.392  -18.338 0.6666666865
62367  -19.722  -18.731  -18.800 0.8888888955
130610  -20.346  -18.667  -19.072 0.8888888955
62377  -20.415  -18.003  -19.219 0.8888888955
120870  -18.973  -17.395  -19.359 1.0000000000
64219  -22.110  -16.684  -19.355 1.0000000000
63308  -21.954  -17.665  -19.275 0.8888888955
62379  -22.620  -18.369  -19.190 0.8888888955
60551  -17.819  -21.123  -17.019 0.4444444478
60556  -17.342  -20.363  -17.299 0.4444444478
135167  -16.940  -19.732  -17.577 0.5555555820
61460  -17.218  -19.167  -18.085 0.6666666865
61461  -18.498  -19.332  -18.208 0.6666666865
62365  -18.010  -18.685  -18.619 0.8888888955
127095  -21.161  -17.879  -19.229 0.8888888955
64218  -21.210  -16.918  -19.280 1.0000000000
65200  -22.355  -15.701  -19.514 1.0000000000
66181  -20.901  -14.857  -19.764 1.0000000000
131800  -22.717  -14.194  -19.938 1.0000000000
63304  -17.289  -17.293  -19.133 0.8888888955
63305  -18.170  -17.544  -19.274 1.0000000000
65208  -17.496  -14.950  -19.808 1.0000000000
123087  -19.578  -15.775  -19.684 1.0000000000
65198  -20.254  -15.355  -19.731 1.0000000000
66197  -18.677  -14.081  -20.419 1.0000000000
66200  -22.037  -14.125  -20.122 1.0000000000
67160  -24.342  -14.187  -19.786 0.8888888955
67177  -22.876  -12.962  -20.504 1.0000000000
67185  -20.121  -13.190  -21.050 1.0000000000
67187  -22.291  -12.909  -21.182 1.0000000000
68180  -26.264  -12.870  -20.941 0.7777777910
66195  -17.152  -14.302  -19.897 1.0000000000
66180  -16.374  -14.422  -19.487 0.5555555820
65195  -16.743  -15.705  -19.368 0.6666666865
65194  -16.141  -15.186  -19.173 0.5555555820
120821  -17.980  -13.645  -20.554 1.0000000000
67172  -17.259  -13.594  -20.320 0.8888888955
67173  -18.571  -13.125  -20.888 1.0000000000
118997  -19.965  -12.739  -22.068 1.0000000000
67192  -20.560  -13.169  -22.957 1.0000000000
68203  -20.911  -12.875  -23.130 1.0000000000
68195  -22.780  -12.410  -22.327 1.0000000000
69149  -25.468  -11.114  -21.222 0.8888888955
67195  -26.427  -13.190  -23.044 0.7777777910
66217  -27.789  -14.002  -22.282 0.6666666865
67158  -15.710  -13.786  -19.381 0.5555555820
67170  -15.590  -12.936  -19.650 0.6666666865
67159  -16.669  -13.837  -19.839 0.7777777910
68183  -16.699  -12.167  -20.824 0.7777777910
69146  -17.697  -11.526  -21.950 0.8888888955
68184  -17.412  -12.213  -21.281 0.8888888955
69154  -18.196  -11.742  -22.725 0.8888888955
68176  -17.712  -12.978  -20.803 0.8888888955
68185  -18.100  -12.511  -21.452 1.0000000000
68201  -17.953  -12.594  -23.822 0.8888888955
68202  -18.825  -12.459  -23.479 1.0000000000
68215  -20.680  -12.055  -23.054 1.0000000000
69166  -22.379  -11.128  -23.021 0.8888888955
69157  -25.119  -10.231  -21.455 0.8888888955
69158  -26.360  -10.853  -21.900 0.7777777910
69167  -26.794  -10.673  -22.632 0.6666666865
67196  -28.390  -13.280  -22.684 0.5555555820
68207  -27.482  -11.876  -23.640 0.6666666865
68172  -14.657  -12.326  -19.233 0.3333333433
67169  -14.908  -12.657  -19.406 0.3333333433
132015  -15.474  -12.350  -20.055 0.4444444478
68174  -16.216  -12.544  -20.317 0.6666666865
70069  -15.125  -9.802  -21.486 0.6666666865
70071  -16.527  -10.632  -21.489 0.7777777910
111377  -17.011  -11.311  -23.953 0.8888888955
120588  -18.898  -12.330  -24.109 1.0000000000
70096  -19.203  -10.556  -24.088 1.0000000000
71113  -21.915  -9.936  -23.074 0.7777777910
71105  -24.076  -9.425  -21.566 0.7777777910
69175  -27.287  -10.946  -24.092 0.5555555820
71098  -16.703  -9.552  -22.054 0.8888888955
112236  -19.142  -9.307  -23.030 1.0000000000
72253  -23.917  -8.806  -21.433 0.7777777910
71114  -25.869  -9.272  -22.433 0.6666666865
70064  -13.942  -9.629  -21.047 0.4444444478
72245  -15.907  -8.435  -22.415 0.8888888955
73338  -18.155  -7.989  -22.732 0.8888888955
73345  -25.585  -7.412  -22.968 0.5555555820
72259  -26.025  -8.349  -22.908 0.5555555820
74376  -11.485  -6.983  -23.256 0.5555555820
133133  -12.324  -6.056  -23.604 0.6666666865
73353  -14.438  -7.307  -23.122 0.8888888955
73356  -17.499  -7.249  -22.813 1.0000000000
72250  -20.411  -8.320  -22.541 0.8888888955
74368  -21.169  -7.207  -21.914 0.8888888955
124793  -24.495  -8.020  -21.540 0.6666666865
73327  -24.673  -7.092  -22.157 0.5555555820
75253  -10.840  -5.140  -23.284 0.5555555820
76169  -10.833  -4.637  -23.324 0.5555555820
75263  -13.356  -5.628  -23.609 1.0000000000
76179  -12.948  -4.939  -23.788 0.7777777910
76177  -11.448  -4.618  -23.537 0.7777777910
75265  -15.455  -5.480  -23.286 0.8888888955
75274  -14.064  -4.771  -23.686 0.7777777910
77937  -11.509  -1.159  -22.817 0.5555555820
77086  -11.537  -2.588  -23.235 0.5555555820
78750  -12.710  -0.757  -23.190 0.4444444478
77087  -12.617  -2.858  -23.585 0.6666666865
77947  -13.454  -1.905  -23.833 0.6666666865
76178  -12.584  -4.054  -23.749 0.7777777910
77078  -10.872  -3.637  -23.234 0.7777777910
77936  -10.913  -2.360  -22.893 0.6666666865
77089  -14.801  -2.643  -24.374 0.7777777910
76187  -13.798  -3.819  -23.980 0.7777777910
75266  -16.648  -5.205  -23.089 0.7777777910
75268  -18.016  -5.005  -22.848 0.6666666865
75256  -19.468  -5.738  -22.495 0.6666666865
76164  -20.088  -4.663  -21.514 0.6666666865
75246  -19.413  -5.015  -22.132 0.6666666865
75239  -21.447  -5.885  -20.882 0.5555555820
76155  -22.627  -4.851  -20.513 0.4444444478
123615  -24.068  -5.526  -20.707 0.4444444478
117692  -23.029  -3.980  -20.625 0.5555555820
78709  -12.830  -0.350  -23.033 0.4444444478
78710  -13.965  -0.223  -23.736 0.5555555820
77949  -15.699  -1.742  -24.755 0.7777777910
77059  -21.140  -3.218  -20.978 0.6666666865
78712  -16.207  -1.775  -23.294 0.5555555820
77071  -18.598  -3.773  -22.202 0.6666666865
73333  -11.824  -7.959  -23.542 0.4444444478
77053  -10.680  -2.905  -21.926 0.3333333433
69129  -14.200  -9.956  -20.651 0.4444444478
71094  -13.221  -8.543  -21.741 0.4444444478
77060  -24.071  -3.210  -21.726 0.3333333433
78690  -23.588  -1.197  -21.583 0.3333333433
59607  -19.952  -21.458  -17.406 0.5555555820
62359  -23.390  -18.704  -18.450 0.6666666865
59602  -17.244  -21.510  -16.465 0.4444444478
59603  -18.189  -21.889  -16.726 0.5555555820
59601  -16.391  -21.114  -16.075 0.3333333433
67189  -26.337  -13.898  -21.760 0.6666666865
64215  -17.047  -16.527  -19.288 0.7777777910
67157  -14.707  -13.398  -19.055 0.3333333433
67147  -13.947  -13.774  -18.654 0.1111111119
70063  -13.987  -9.581  -20.980 0.4444444478
73323  -11.801  -8.176  -23.471 0.3333333433
74365  -11.177  -6.987  -23.374 0.3333333433
78707  -11.027  -0.713  -22.212 0.3333333433
133610  -24.344  -22.246  -14.144 0.4444444478
55797  -27.469  -24.617  -15.993 0.2222222239
59596  -20.710  -22.002  -16.330 0.4444444478
59583  -21.358  -21.738  -14.946 0.4444444478
60544  -20.966  -21.412  -16.761 0.4444444478
60531  -21.722  -20.965  -15.236 0.4444444478
59585  -23.067  -21.342  -14.451 0.4444444478
60533  -23.518  -20.550  -14.669 0.4444444478
58735  -26.217  -22.205  -14.603 0.2222222239
61446  -21.824  -20.317  -17.065 0.4444444478
117060  -22.441  -19.684  -16.572 0.4444444478
61417  -22.949  -19.795  -15.390 0.4444444478
58736  -27.047  -22.211  -14.968 0.1111111119
58748  -27.697  -22.390  -15.335 0.1111111119
62333  -22.990  -19.213  -16.094 0.4444444478
61419  -24.905  -19.690  -14.956 0.3333333433
61447  -22.392  -19.906  -17.936 0.4444444478
61418  -23.946  -19.742  -14.951 0.3333333433
59587  -26.792  -21.461  -14.788 0.2222222239
62348  -22.911  -19.218  -17.105 0.4444444478
61435  -24.228  -19.094  -15.409 0.3333333433
62336  -25.345  -18.304  -15.694 0.2222222239
119516  -26.029  -18.802  -15.349 0.1111111119
135895  -27.285  -17.883  -15.561 0.1111111119
62351  -24.676  -17.941  -16.152 0.3333333433
63280  -24.489  -17.389  -16.890 0.3333333433
63299  -24.225  -17.338  -18.870 0.4444444478
65186  -24.607  -16.515  -19.026 0.5555555820
131858  -25.127  -15.900  -19.037 0.6666666865
65180  -25.779  -15.605  -18.039 0.4444444478
66185  -25.144  -15.028  -19.597 0.6666666865
66187  -27.068  -14.822  -19.729 0.3333333433
66202  -26.685  -14.569  -20.523 0.5555555820
67161  -25.636  -14.210  -20.055 0.6666666865
66203  -26.844  -14.797  -21.122 0.5555555820
65212  -27.368  -15.949  -21.187 0.5555555820
115758  -27.428  -15.212  -20.320 0.4444444478
64221  -28.102  -16.703  -21.744 0.3333333433
65220  -29.390  -15.752  -21.382 0.4444444478
65227  -29.088  -14.924  -21.800 0.5555555820
64228  -27.838  -16.526  -21.977 0.4444444478
66219  -29.832  -14.080  -22.206 0.4444444478
125850  -19.866  -1.917  -21.440 0.5555555820
78687  -20.364  -1.343  -21.454 0.5555555820
79569  -21.702  -0.107  -21.512 0.5555555820
58733  -22.734  -22.099  -14.168 0.4444444478
57747  -26.480  -23.339  -14.519 0.2222222239
59608  -20.558  -21.305  -17.594 0.4444444478
127165  -25.561  -20.252  -14.718 0.2222222239
131908  -25.792  -19.532  -15.017 0.2222222239
61437  -26.640  -19.329  -15.072 0.1111111119
64185  -24.827  -16.700  -17.590 0.4444444478
63281  -25.329  -16.697  -16.703 0.3333333433
64201  -24.587  -16.828  -18.498 0.4444444478
65203  -25.522  -15.359  -19.293 0.6666666865
66172  -26.315  -15.089  -19.242 0.4444444478
64230  -29.916  -16.790  -21.304 0.3333333433
66211  -30.086  -14.772  -21.437 0.4444444478
113445  -29.167  -11.749  -23.358 0.4444444478
79567  -20.082  -0.689  -21.508 0.5555555820
65157  -26.312  -15.460  -17.326 0.2222222239
124059  -21.863  -0.787  -21.413 0.5555555820
124906  -21.898  -23.439  -13.796 0.4444444478
57734  -23.659  -23.460  -13.654 0.4444444478
119365  -24.275  -23.883  -13.632 0.4444444478
55788  -27.064  -24.964  -14.629 0.2222222239
121528  -27.521  -25.523  -16.979 0.2222222239
53953  -27.235  -26.165  -17.394 0.1111111119
58757  -19.557  -22.657  -16.618 0.4444444478
58731  -20.892  -22.486  -14.895 0.4444444478
56787  -27.749  -24.047  -16.149 0.1111111119
122634  -27.994  -23.844  -16.211 0.1111111119
54853  -27.837  -24.940  -17.061 0.1111111119
57764  -28.115  -23.531  -15.933 0.1111111119
60536  -27.015  -20.594  -14.803 0.1111111119
135169  -28.194  -20.859  -14.795 0.1111111119
62338  -27.821  -18.344  -15.361 0.1111111119
133255  -27.150  -17.137  -15.784 0.1111111119
113317  -27.076  -15.513  -16.713 0.2222222239
66204  -28.106  -15.529  -20.367 0.1111111119
66173  -27.121  -14.676  -18.840 0.2222222239
64222  -28.846  -16.988  -21.111 0.2222222239
63312  -30.407  -17.463  -21.195 0.2222222239
65221  -30.412  -15.687  -21.298 0.3333333433
67197  -29.481  -13.094  -22.507 0.4444444478
68198  -30.492  -12.437  -22.792 0.3333333433
68209  -30.241  -11.902  -23.127 0.3333333433
70099  -28.078  -10.680  -23.686 0.4444444478
69169  -28.976  -10.928  -23.431 0.3333333433
78730  -10.958  -1.513  -22.488 0.4444444478
76157  -24.352  -4.954  -21.434 0.3333333433
128958  -22.742  -0.497  -21.564 0.5555555820
77906  -19.278  -2.294  -21.463 0.5555555820
79568  -20.894  -0.598  -21.442 0.5555555820
80464  -21.573  0.738  -21.586 0.5555555820
78686  -19.749  -1.557  -21.393 0.5555555820
58758  -20.229  -22.417  -16.584 0.4444444478
62358  -22.931  -19.344  -18.300 0.5555555820
63290  -23.802  -18.010  -18.638 0.6666666865
65202  -24.818  -15.756  -19.252 0.6666666865
131866  -26.775  -15.833  -21.987 0.5555555820
65224  -26.803  -15.687  -22.061 0.5555555820
65226  -28.370  -15.842  -21.982 0.4444444478
71122  -28.013  -10.118  -23.125 0.4444444478
76156  -23.677  -4.787  -20.656 0.3333333433
129555  -20.774  -21.308  -17.469 0.4444444478
63279  -23.822  -18.053  -17.720 0.3333333433
62349  -23.382  -18.702  -17.446 0.3333333433
134574  -23.526  -21.961  -14.176 0.4444444478
57746  -25.797  -22.966  -14.275 0.4444444478
57736  -25.890  -23.806  -13.981 0.3333333433
121756  -24.002  -21.356  -14.348 0.4444444478
57735  -25.050  -23.512  -13.923 0.4444444478
56776  -27.097  -24.258  -15.024 0.3333333433
56786  -27.109  -23.618  -15.128 0.1111111119
58747  -20.456  -22.755  -15.878 0.4444444478
59597  -21.192  -21.504  -15.850 0.4444444478
58732  -21.745  -22.402  -14.296 0.4444444478
60545  -21.463  -20.828  -16.265 0.4444444478
59584  -22.162  -21.482  -14.616 0.4444444478
60546  -22.072  -20.263  -15.775 0.4444444478
58734  -25.340  -22.231  -14.351 0.4444444478
59586  -24.916  -21.481  -14.406 0.4444444478
60534  -24.610  -20.557  -14.593 0.4444444478
120599  -26.533  -22.721  -14.669 0.2222222239
57748  -27.251  -22.907  -15.175 0.1111111119
125061  -25.815  -21.536  -14.555 0.2222222239
59588  -27.636  -21.768  -15.143 0.1111111119
61436  -25.153  -19.037  -15.397 0.3333333433
62335  -24.428  -18.483  -15.813 0.3333333433
61420  -26.406  -20.065  -14.796 0.2222222239
132421  -25.356  -17.502  -16.114 0.2222222239
63251  -26.323  -17.885  -15.661 0.1111111119
62337  -26.923  -18.576  -15.353 0.1111111119
63282  -26.178  -16.899  -16.103 0.1111111119
61438  -27.489  -19.098  -15.097 0.1111111119
63291  -24.271  -17.392  -18.117 0.3333333433
64202  -25.091  -16.142  -18.428 0.4444444478
65187  -25.690  -15.546  -18.836 0.4444444478
64186  -25.510  -16.053  -17.392 0.4444444478
64187  -26.144  -16.075  -16.642 0.3333333433
135472  -27.501  -14.611  -19.180 0.1111111119
66186  -26.103  -14.857  -19.742 0.5555555820
65219  -27.534  -16.322  -22.034 0.5555555820
121659  -28.018  -16.568  -21.241 0.3333333433
66220  -30.755  -14.090  -22.088 0.4444444478
58718  -23.420  -22.711  -13.847 0.4444444478
58719  -24.273  -23.099  -13.843 0.4444444478
61421  -27.245  -19.833  -14.880 0.1111111119
56773  -23.458  -24.134  -13.495 0.4444444478
58717  -22.526  -22.789  -13.851 0.4444444478
56775  -26.140  -24.460  -13.698 0.4444444478
55787  -26.727  -24.908  -13.796 0.2222222239
119875  -19.992  -23.062  -16.357 0.4444444478
124271  -27.705  -23.449  -15.755 0.1111111119
55804  -27.995  -24.561  -16.908 0.1111111119
58749  -28.111  -22.236  -15.346 0.1111111119
51925  -24.759  -29.068  -11.329 0.1111111119
54846  -19.656  -26.913  -14.088 0.3333333433
52996  -23.455  -28.451  -12.447 0.2222222239
52983  -23.989  -28.767  -12.060 0.2222222239
51926  -25.772  -29.221  -10.982 0.1111111119
51927  -26.662  -29.214  -11.138 0.1111111119
55801  -17.587  -25.303  -15.154 0.3333333433
120593  -17.635  -26.105  -14.831 0.3333333433
54845  -18.284  -26.572  -14.673 0.3333333433
54835  -21.474  -26.398  -13.361 0.3333333433
54823  -22.673  -26.807  -13.032 0.3333333433
52995  -22.874  -28.134  -12.731 0.2222222239
53927  -24.911  -27.312  -12.407 0.2222222239
52997  -24.358  -28.160  -12.303 0.2222222239
52985  -25.971  -28.554  -11.445 0.1111111119
52998  -25.540  -27.841  -11.976 0.2222222239
57759  -16.969  -24.035  -15.628 0.2222222239
56783  -16.945  -24.787  -15.292 0.2222222239
55794  -18.550  -25.689  -14.917 0.3333333433
54847  -19.762  -26.101  -14.359 0.3333333433
54834  -20.223  -26.252  -13.953 0.3333333433
53918  -26.735  -27.815  -11.828 0.1111111119
58744  -17.127  -23.290  -15.963 0.2222222239
58745  -18.127  -23.280  -16.202 0.3333333433
56794  -18.824  -24.485  -15.616 0.3333333433
57761  -19.303  -24.042  -15.987 0.3333333433
55803  -19.121  -24.944  -15.107 0.3333333433
56785  -20.486  -24.471  -14.393 0.3333333433
55783  -22.454  -25.296  -13.341 0.3333333433
55772  -23.849  -26.137  -12.802 0.3333333433
55784  -23.952  -25.449  -13.009 0.3333333433
54826  -25.359  -26.467  -12.545 0.3333333433
53929  -27.271  -27.284  -12.435 0.1111111119
53930  -27.587  -27.666  -12.785 0.2222222239
58754  -16.471  -22.492  -15.803 0.2222222239
58755  -17.495  -22.422  -16.280 0.3333333433
58746  -19.239  -23.401  -16.318 0.3333333433
57762  -19.983  -23.664  -15.917 0.3333333433
56796  -20.171  -24.087  -15.138 0.3333333433
56772  -22.515  -24.349  -13.511 0.3333333433
131047  -26.339  -26.228  -12.635 0.3333333433
54828  -27.432  -26.823  -13.062 0.1111111119
133063  -16.697  -21.823  -16.069 0.3333333433
131043  -19.020  -22.153  -16.823 0.3333333433
57743  -20.479  -23.301  -15.099 0.3333333433
126793  -24.146  -24.664  -13.335 0.3333333433
55786  -25.985  -25.036  -13.274 0.3333333433
122204  -31.198  -15.596  -21.215 0.2222222239
67198  -30.721  -13.224  -22.320 0.2222222239
127325  -32.177  -14.502  -22.074 0.2222222239
72260  -26.727  -8.297  -23.199 0.3333333433
71117  -27.997  -9.221  -23.246 0.2222222239
53940  -20.654  -26.994  -13.442 0.3333333433
53924  -22.227  -27.570  -12.980 0.3333333433
52984  -24.837  -28.464  -11.841 0.2222222239
52986  -27.029  -28.540  -11.568 0.1111111119
57758  -16.048  -23.293  -15.345 0.3333333433
118925  -17.854  -24.494  -15.557 0.3333333433
55796  -20.256  -25.411  -14.243 0.3333333433
55782  -21.652  -25.562  -13.460 0.3333333433
54824  -23.413  -26.791  -12.812 0.3333333433
57760  -18.557  -23.983  -15.994 0.3333333433
58756  -18.607  -22.641  -16.522 0.3333333433
55775  -26.721  -25.680  -12.997 0.3333333433
51924  -23.606  -29.230  -11.432 0.1111111119
53946  -17.998  -27.298  -14.527 0.3333333433
53947  -18.810  -27.159  -14.431 0.3333333433
53938  -19.149  -27.862  -14.005 0.3333333433
53010  -20.473  -28.084  -13.247 0.3333333433
52994  -22.061  -28.483  -12.711 0.3333333433
132274  -22.784  -28.660  -12.492 0.3333333433
51914  -25.187  -29.630  -10.596 0.1111111119
133327  -27.193  -29.944  -10.897 0.1111111119
121953  -16.902  -25.748  -14.853 0.3333333433
129447  -27.456  -29.857  -11.496 0.1111111119
56793  -16.136  -24.197  -14.975 0.2222222239
51940  -27.628  -29.322  -12.093 0.1111111119
52999  -27.602  -28.447  -12.481 0.1111111119
53012  -27.636  -28.057  -13.302 0.1111111119
53942  -27.439  -27.177  -13.628 0.1111111119
54838  -27.172  -25.825  -13.589 0.1111111119
59600  -15.851  -20.925  -15.662 0.1111111119
68199  -31.678  -12.439  -22.598 0.2222222239
73359  -27.013  -7.460  -23.336 0.2222222239
72261  -27.579  -8.308  -23.311 0.2222222239
63303  -16.301  -17.088  -18.863 0.5555555820
60555  -16.269  -19.849  -16.968 0.3333333433
70092  -29.524  -10.681  -22.806 0.2222222239
51915  -26.257  -29.743  -10.607 0.1111111119
51939  -23.138  -28.944  -12.179 0.1111111119
117286  -19.123  -26.351  -14.586 0.3333333433
53939  -19.919  -27.639  -13.631 0.3333333433
53011  -21.337  -27.842  -13.039 0.3333333433
55802  -18.390  -24.974  -15.269 0.3333333433
133964  -16.924  -25.266  -15.082 0.2222222239
136306  -17.589  -26.773  -14.621 0.3333333433
53941  -21.533  -27.140  -13.182 0.3333333433
53925  -22.978  -27.438  -12.842 0.3333333433
55781  -20.883  -25.890  -13.644 0.3333333433
53926  -23.725  -27.626  -12.617 0.2222222239
54825  -24.300  -26.709  -12.625 0.2222222239
55795  -19.457  -25.535  -14.673 0.3333333433
52987  -27.510  -28.698  -11.900 0.1111111119
53919  -27.438  -28.026  -12.048 0.1111111119
126986  -17.719  -23.841  -15.893 0.3333333433
58743  -15.493  -22.488  -15.379 0.2222222239
56784  -19.840  -24.775  -14.834 0.3333333433
56770  -21.109  -24.891  -13.742 0.3333333433
123165  -21.867  -24.872  -13.515 0.3333333433
54837  -23.110  -25.938  -13.073 0.3333333433
57732  -21.109  -23.971  -14.025 0.3333333433
55785  -24.903  -25.191  -13.112 0.3333333433
59595  -15.899  -21.677  -15.618 0.2222222239
133635  -20.622  -23.784  -14.590 0.3333333433
55774  -25.710  -25.722  -12.796 0.3333333433
124759  -27.288  -26.326  -13.983 0.1111111119
51923  -22.655  -29.367  -11.511 0.1111111119
51938  -22.348  -29.044  -12.318 0.2222222239
53018  -18.449  -27.765  -14.314 0.3333333433
53945  -17.138  -27.360  -14.453 0.2222222239
53009  -19.692  -28.366  -13.450 0.3333333433
52993  -21.050  -28.607  -12.796 0.3333333433
54843  -16.129  -26.110  -14.421 0.2222222239
67199  -31.901  -13.661  -22.309 0.1111111119
67200  -32.833  -14.053  -22.062 0.1111111119
133675  -32.343  -12.447  -21.871 0.1111111119
68200  -32.677  -12.981  -22.283 0.1111111119
70094  -31.350  -11.629  -22.455 0.1111111119
70073  -30.585  -11.022  -21.984 0.1111111119
123793  -28.523  -9.752  -22.912 0.1111111119
71108  -30.274  -10.394  -21.964 0.1111111119
119001  -29.207  -9.881  -22.591 0.1111111119
124248  -29.698  -9.155  -22.303 0.1111111119
74369  -24.828  -6.013  -23.125 0.2222222239
71118  -28.934  -9.042  -22.862 0.1111111119
72256  -29.244  -8.448  -22.546 0.1111111119
115844  -24.719  -4.692  -23.339 0.1111111119
75242  -24.422  -5.779  -21.023 0.2222222239
76166  -24.347  -4.024  -22.552 0.1111111119
75258  -24.925  -5.045  -23.665 0.1111111119
132646  -18.754  -2.777  -21.721 0.4444444478
78669  -18.139  -1.389  -21.285 0.4444444478
134524  -20.344  -0.244  -21.508 0.4444444478
80466  -23.114  0.121  -21.832 0.3333333433
79570  -23.777  -0.479  -21.807 0.2222222239
78714  -24.153  -1.191  -21.934 0.1111111119
77926  -24.235  -2.087  -22.322 0.1111111119
113453  -20.062  0.183  -21.605 0.4444444478
81392  -19.975  1.542  -22.057 0.4444444478
80463  -20.796  0.173  -21.478 0.4444444478
81383  -20.537  0.951  -21.644 0.4444444478
133588  -21.187  1.251  -21.678 0.4444444478
122094  -22.649  1.935  -22.359 0.4444444478
80472  -22.730  0.897  -21.968 0.2222222239
134118  -24.152  0.556  -22.677 0.2222222239
85178  -23.769  6.054  -28.026 0.1111111119
84276  -24.333  3.839  -26.141 0.1111111119
115855  -24.558  0.397  -24.190 0.1111111119
79561  -18.108  -1.199  -21.179 0.4444444478
118751  -17.970  -0.481  -21.520 0.4444444478
119269  -18.480  -0.885  -21.333 0.4444444478
114442  -18.299  0.027  -21.943 0.3333333433
81382  -19.530  1.041  -22.033 0.4444444478
82307  -19.976  2.356  -22.575 0.4444444478
81393  -20.832  1.683  -21.955 0.4444444478
128594  -21.758  1.533  -21.889 0.4444444478
83270  -20.579  3.127  -23.164 0.3333333433
83272  -22.468  2.916  -22.725 0.3333333433
82319  -22.966  3.262  -23.202 0.1111111119
82320  -23.455  2.391  -23.073 0.1111111119
83294  -23.538  3.096  -23.773 0.1111111119
81394  -23.717  1.216  -22.671 0.2222222239
82334  -24.120  2.209  -23.983 0.1111111119
83295  -24.140  2.790  -24.605 0.1111111119
81391  -19.061  1.733  -22.503 0.3333333433
82308  -21.413  2.421  -22.453 0.4444444478
83281  -21.203  3.650  -23.606 0.2222222239
83271  -21.667  3.177  -22.919 0.2222222239
83293  -22.818  3.780  -23.894 0.2222222239
84266  -23.104  4.111  -24.835 0.1111111119
121754  -21.307  4.558  -24.545 0.1111111119
84258  -21.826  4.100  -23.932 0.1111111119
84274  -22.392  4.664  -25.437 0.1111111119
84275  -23.476  4.328  -25.642 0.1111111119
85146  -21.750  5.263  -25.942 0.1111111119
85147  -22.803  4.924  -26.095 0.1111111119
81381  -18.703  1.398  -22.470 0.3333333433
80456  -17.052  0.998  -21.550 0.3333333433
81390  -18.263  2.062  -22.825 0.3333333433
82306  -18.569  2.565  -23.122 0.3333333433
83280  -19.975  3.911  -23.907 0.2222222239
84257  -20.724  4.328  -24.221 0.2222222239
84264  -20.463  4.930  -24.763 0.1111111119
85170  -23.024  5.950  -27.160 0.1111111119
111544  -21.497  7.379  -29.564 0.1111111119
82280  -17.937  1.603  -20.005 0.1111111119
82289  -17.625  3.104  -20.954 0.1111111119
82297  -16.351  2.534  -22.017 0.2222222239
83264  -16.555  3.834  -22.253 0.2222222239
82305  -17.424  3.039  -23.284 0.3333333433
83278  -17.108  4.082  -23.327 0.2222222239
83269  -19.081  3.358  -23.558 0.3333333433
82317  -17.218  3.798  -23.435 0.3333333433
84255  -18.617  4.672  -24.041 0.2222222239
85140  -20.039  5.553  -24.769 0.1111111119
84263  -19.898  5.275  -24.692 0.1111111119
85145  -20.870  5.663  -25.672 0.1111111119
84273  -21.309  5.022  -25.185 0.1111111119
85874  -22.020  6.529  -26.916 0.1111111119
85882  -21.779  7.013  -27.709 0.1111111119
85883  -22.764  6.580  -27.849 0.1111111119
86548  -23.260  6.874  -29.025 0.1111111119
123675  -24.214  6.407  -29.123 0.1111111119
82290  -18.530  3.115  -20.481 0.1111111119
83257  -18.994  3.398  -20.457 0.1111111119
83256  -17.742  3.370  -21.044 0.1111111119
83266  -18.194  4.004  -21.242 0.1111111119
85132  -19.129  5.301  -23.122 0.1111111119
85131  -18.137  4.793  -23.459 0.1111111119
112855  -17.850  4.474  -23.736 0.2222222239
85137  -18.793  5.090  -24.003 0.1111111119
86526  -20.804  6.745  -25.394 0.1111111119
85866  -20.712  6.355  -25.656 0.1111111119
86534  -20.921  7.463  -26.828 0.1111111119
85872  -20.954  6.684  -26.272 0.1111111119
84235  -19.358  3.838  -20.594 0.1111111119
84236  -20.151  4.021  -20.501 0.1111111119
85124  -19.253  5.011  -21.918 0.1111111119
85133  -20.098  5.899  -23.086 0.1111111119
85859  -20.962  6.762  -24.196 0.1111111119
85863  -20.633  6.534  -24.787 0.1111111119
84237  -21.042  4.249  -20.608 0.1111111119
84245  -21.219  4.931  -21.251 0.1111111119
85134  -21.024  6.070  -22.585 0.1111111119
67190  -33.018  -13.852  -22.070 0.1111111119
68210  -31.698  -11.824  -22.629 0.1111111119
69159  -31.862  -11.843  -22.521 0.1111111119
69150  -31.288  -11.488  -21.896 0.1111111119
73360  -27.875  -7.629  -23.246 0.1111111119
74386  -26.192  -6.535  -23.328 0.1111111119
80465  -22.377  0.247  -21.672 0.4444444478
80473  -23.838  0.293  -22.215 0.2222222239
79588  -24.293  -0.633  -22.321 0.1111111119
81410  -24.251  1.436  -23.506 0.2222222239
128571  -23.562  3.521  -24.426 0.1111111119
83309  -24.104  3.484  -25.273 0.1111111119
82345  -24.545  2.278  -25.564 0.1111111119
85161  -23.413  5.292  -26.644 0.1111111119
84241  -16.703  3.993  -22.563 0.2222222239
84262  -19.428  5.186  -24.371 0.1111111119
84243  -19.272  4.424  -21.128 0.1111111119
85858  -20.258  6.163  -24.356 0.1111111119
87219  -20.688  8.209  -26.693 0.1111111119
70067  -30.166  -11.037  -20.216 0.1111111119
69143  -30.539  -11.832  -21.028 0.1111111119
74385  -25.527  -6.368  -23.378 0.2222222239
75249  -24.641  -5.530  -22.646 0.2222222239
77072  -24.426  -3.488  -23.251 0.1111111119
77882  -18.052  -1.690  -21.306 0.4444444478
83246  -20.051  3.159  -19.993 0.1111111119
83247  -20.870  3.157  -19.285 0.1111111119
85125  -20.379  5.461  -22.080 0.1111111119
65223  -32.516  -15.275  -21.583 0.1111111119
66213  -32.994  -14.539  -21.649 0.1111111119
68182  -31.914  -13.055  -21.256 0.1111111119
71060  -29.074  -10.044  -18.901 0.1111111119
70048  -29.477  -10.759  -19.313 0.1111111119
71086  -29.798  -9.425  -20.379 0.1111111119
71092  -30.066  -9.166  -21.406 0.1111111119
72240  -29.586  -8.405  -21.521 0.1111111119
73329  -29.343  -8.085  -22.122 0.1111111119
74387  -27.306  -6.962  -23.282 0.1111111119
73346  -28.041  -7.217  -23.063 0.1111111119
73347  -28.659  -7.728  -22.739 0.1111111119
75270  -26.122  -6.064  -23.440 0.1111111119
117112  -25.301  -5.263  -23.678 0.1111111119
126548  -24.788  -3.989  -23.700 0.1111111119
79589  -24.441  -1.162  -23.261 0.1111111119
118317  -24.336  -2.456  -23.573 0.1111111119
123077  -24.381  -0.807  -24.043 0.1111111119
81425  -24.544  1.322  -24.322 0.1111111119
80459  -17.927  -0.661  -20.989 0.2222222239
80458  -17.475  -0.222  -21.049 0.2222222239
80457  -17.157  0.643  -21.374 0.2222222239
83321  -24.588  3.277  -26.992 0.1111111119
80452  -17.646  0.356  -20.456 0.1111111119
82288  -16.668  1.794  -21.335 0.2222222239
85179  -24.569  5.579  -28.826 0.1111111119
111538  -23.693  6.319  -30.134 0.1111111119
81371  -18.970  1.124  -19.708 0.1111111119
81372  -19.991  1.739  -19.173 0.1111111119
82283  -21.157  3.024  -19.125 0.1111111119
111543  -22.462  6.811  -29.256 0.1111111119
122140  -21.102  3.142  -18.829 0.1111111119
87956  -20.059  8.989  -27.546 0.1111111119
87229  -20.274  8.548  -28.170 0.1111111119
87234  -20.497  8.634  -28.899 0.1111111119
124813  -20.878  8.841  -29.606 0.1111111119
83248  -21.182  3.568  -19.968 0.1111111119
87953  -21.057  8.950  -26.148 0.1111111119
133986  -21.370  6.492  -22.863 0.1111111119
135665  -23.962  -1.587  -21.750 0.1111111119
69171  -30.857  -11.644  -22.746 0.1111111119
70082  -29.968  -10.275  -22.194 0.1111111119
71093  -30.326  -10.046  -21.686 0.1111111119
119484  -29.865  -8.706  -22.052 0.1111111119
74384  -25.120  -5.660  -23.715 0.1111111119
76174  -24.986  -4.760  -23.755 0.1111111119
75259  -25.028  -5.317  -23.774 0.1111111119
77911  -24.274  -2.813  -22.397 0.1111111119
78715  -24.393  -1.624  -22.760 0.1111111119
81411  -24.441  0.555  -23.205 0.2222222239
80474  -24.464  -0.094  -22.805 0.1111111119
85171  -23.846  5.514  -27.233 0.1111111119
85888  -23.574  6.711  -28.783 0.1111111119
84289  -23.886  4.619  -26.298 0.1111111119
85172  -24.411  5.181  -27.792 0.1111111119
84290  -24.491  4.182  -26.750 0.1111111119
85160  -22.363  5.647  -26.508 0.1111111119
79560  -17.529  0.135  -21.587 0.3333333433
124917  -17.272  0.761  -21.761 0.3333333433
122961  -17.123  0.414  -20.940 0.1111111119
81389  -16.879  2.373  -22.457 0.3333333433
115333  -18.867  4.231  -24.126 0.2222222239
85887  -22.511  6.921  -28.546 0.1111111119
86546  -21.278  7.280  -28.666 0.1111111119
86547  -22.208  7.043  -29.007 0.1111111119
87235  -20.982  8.053  -29.416 0.1111111119
82281  -19.203  2.157  -19.581 0.1111111119
83255  -17.038  3.419  -21.610 0.1111111119
82304  -16.762  3.907  -22.880 0.3333333433
83265  -16.832  3.893  -21.830 0.1111111119
82318  -17.851  3.362  -23.639 0.3333333433
84256  -19.573  4.737  -24.430 0.1111111119
85158  -20.730  6.119  -25.850 0.1111111119
135273  -21.275  6.585  -26.565 0.1111111119
87230  -20.613  7.906  -28.401 0.1111111119
86538  -20.858  7.407  -27.710 0.1111111119
84242  -17.264  4.376  -22.148 0.1111111119
84250  -18.165  4.823  -22.603 0.1111111119
127153  -18.405  4.587  -21.766 0.1111111119
85138  -19.706  5.710  -23.866 0.1111111119
85862  -20.342  6.036  -24.971 0.1111111119
85867  -20.884  7.083  -26.097 0.1111111119
114053  -20.939  7.775  -26.377 0.1111111119
87223  -20.485  8.126  -27.510 0.1111111119
83258  -20.123  3.356  -20.069 0.1111111119
83259  -20.871  3.446  -19.942 0.1111111119
84244  -20.286  4.692  -21.227 0.1111111119
85854  -20.680  6.365  -23.500 0.1111111119
86527  -21.144  7.164  -24.858 0.1111111119
87215  -21.422  8.541  -26.030 0.1111111119
67183  -32.736  -13.964  -21.542 0.1111111119
70068  -30.415  -10.953  -21.356 0.1111111119
75269  -25.253  -5.783  -23.651 0.1111111119
113543  -24.525  1.736  -24.906 0.1111111119
113601  -24.580  2.797  -26.275 0.1111111119
87218  -20.376  8.656  -26.920 0.1111111119
85855  -21.770  6.960  -23.232 0.1111111119
129505  -29.932  -10.135  -20.020 0.1111111119
81435  -24.303  0.971  -25.961 0.1111111119
84297  -24.697  3.951  -27.816 0.1111111119
81377  -17.050  1.179  -20.669 0.1111111119
80453  -18.805  -0.018  -20.058 0.1111111119
132943  -24.705  4.649  -28.662 0.1111111119
88701  -20.718  9.600  -25.916 0.1111111119
87952  -20.262  9.183  -26.675 0.1111111119
53008  -18.400  -28.397  -14.035 0.2222222239
64207  -15.468  -16.388  -18.408 0.2222222239
65193  -15.507  -15.354  -18.592 0.2222222239
64213  -15.908  -15.931  -18.836 0.4444444478
77881  -17.922  -2.112  -21.239 0.3333333433
78662  -18.530  -1.279  -20.617 0.1111111119
79587  -11.266  -0.271  -22.023 0.2222222239
77901  -10.472  -2.253  -21.716 0.1111111119
63295  -15.464  -17.203  -18.351 0.2222222239
112114  -10.382  -0.212  -20.254 0.1111111119
77864  -18.229  -2.325  -20.724 0.1111111119
134478  -19.084  -1.527  -20.058 0.1111111119
79555  -18.772  -0.811  -20.335 0.1111111119
77880  -17.551  -2.447  -21.516 0.2222222239
63289  -15.377  -17.969  -18.007 0.2222222239
63296  -16.379  -17.819  -18.545 0.3333333433
69131  -14.674  -11.886  -19.322 0.2222222239
119871  -14.435  -12.884  -18.871 0.1111111119
112528  -14.281  -11.022  -18.574 0.3333333433
77865  -18.595  -1.769  -20.571 0.1111111119
77043  -17.818  -2.936  -20.812 0.1111111119
111436  -16.596  -3.560  -20.814 0.1111111119
77031  -18.505  -3.474  -20.249 0.1111111119
77042  -17.192  -3.336  -20.992 0.1111111119
64159  -27.016  -16.270  -16.157 0.1111111119
136350  -18.937  -29.088  -13.297 0.1111111119
51952  -20.203  -28.861  -13.024 0.1111111119
51936  -20.706  -29.270  -12.528 0.1111111119
53006  -16.297  -28.740  -13.684 0.1111111119
53016  -17.005  -28.157  -14.232 0.1111111119
53017  -17.745  -27.994  -14.326 0.1111111119
125486  -16.417  -26.923  -14.345 0.1111111119
54844  -16.946  -26.514  -14.619 0.1111111119
61445  -15.850  -19.610  -16.605 0.1111111119
65185  -15.297  -15.338  -18.365 0.1111111119
125696  -11.639  -7.742  -23.505 0.2222222239
74357  -12.219  -6.498  -22.070 0.2222222239
75237  -12.462  -5.666  -21.387 0.2222222239
53007  -17.506  -28.842  -13.973 0.1111111119
66171  -14.772  -14.711  -18.555 0.1111111119
121859  -16.968  -29.672  -13.684 0.1111111119
51950  -18.399  -29.166  -13.548 0.1111111119
53937  -16.318  -27.666  -14.015 0.1111111119
54833  -15.641  -26.891  -13.831 0.1111111119
55792  -15.383  -25.327  -14.209 0.1111111119
56792  -14.890  -23.628  -14.905 0.1111111119
121450  -15.483  -18.988  -17.092 0.1111111119
115746  -15.362  -17.593  -18.137 0.1111111119
114212  -15.447  -16.270  -18.342 0.1111111119
73310  -13.005  -7.206  -21.722 0.2222222239
76152  -11.995  -4.867  -21.184 0.2222222239
112566  -11.488  -3.900  -20.728 0.1111111119
51937  -21.562  -29.088  -12.484 0.1111111119
51949  -17.670  -29.575  -13.587 0.1111111119
76163  -11.270  -4.431  -21.724 0.2222222239
77041  -10.468  -3.344  -20.925 0.1111111119
72236  -13.498  -7.902  -21.373 0.2222222239
66178  -14.581  -14.154  -18.786 0.1111111119
57757  -14.802  -23.048  -15.247 0.1111111119
60549  -16.021  -20.309  -16.165 0.1111111119
55793  -16.283  -25.130  -14.734 0.1111111119
51951  -19.426  -29.013  -13.177 0.1111111119
64199  -15.389  -16.972  -18.296 0.1111111119
61451  -15.667  -19.192  -17.042 0.1111111119
54842  -15.400  -26.062  -13.937 0.1111111119
61444  -15.891  -20.117  -16.108 0.1111111119
61433  -16.061  -19.276  -15.366 0.1111111119
62356  -15.365  -18.573  -17.423 0.1111111119
112029  -12.298  -4.418  -20.246 0.1111111119
111429  -10.711  -2.633  -20.015 0.1111111119
71085  -13.847  -8.848  -20.298 0.1111111119
128108  -11.246  -0.543  -19.377 0.1111111119
77902  -13.388  -1.527  -20.833 0.1111111119
53928  -26.266  -27.001  -12.300 0.3333333433
54827  -27.117  -26.441  -12.778 0.1111111119
54836  -22.224  -26.129  -13.249 0.3333333433
55773  -24.660  -25.924  -12.742 0.3333333433
56771  -21.698  -24.292  -13.688 0.3333333433
56774  -25.206  -24.385  -13.575 0.4444444478
56795  -19.584  -24.335  -15.496 0.3333333433
56798  -28.182  -24.092  -16.309 0.1111111119
57733  -22.914  -23.473  -13.637 0.4444444478
57737  -26.533  -24.067  -14.264 0.3333333433
57744  -21.035  -23.164  -14.361 0.3333333433
57745  -24.948  -22.829  -14.130 0.4444444478
57763  -27.938  -23.037  -15.693 0.1111111119
60532  -22.521  -20.650  -14.884 0.4444444478
60535  -26.178  -20.822  -14.668 0.2222222239
60537  -27.958  -20.335  -14.849 0.1111111119
60553  -21.220  -20.933  -17.405 0.4444444478
61434  -23.512  -19.260  -15.551 0.3333333433
61457  -22.346  -19.880  -18.805 0.5555555820
62334  -23.546  -18.760  -16.211 0.3333333433
62350  -23.990  -18.171  -16.631 0.3333333433
62370  -23.441  -18.520  -18.858 0.8888888955
62378  -21.856  -18.621  -19.233 0.8888888955
63298  -23.831  -17.848  -19.006 0.7777777910
63311  -29.645  -17.324  -21.193 0.3333333433
63313  -31.215  -17.261  -21.271 0.2222222239
64220  -24.111  -16.186  -19.302 1.0000000000
64224  -30.935  -17.629  -21.120 0.2222222239
64227  -32.353  -15.910  -21.479 0.1111111119
64229  -28.707  -16.641  -21.339 0.4444444478
64231  -30.748  -16.592  -21.317 0.3333333433
65188  -26.542  -15.063  -18.257 0.2222222239
65218  -32.773  -15.700  -21.357 0.1111111119
65222  -31.887  -15.636  -21.524 0.1111111119
65225  -27.583  -15.981  -22.209 0.5555555820
65228  -31.651  -14.994  -21.494 0.1111111119
65229  -31.994  -14.929  -21.865 0.1111111119
65230  -32.785  -14.708  -22.003 0.1111111119
66183  -22.587  -14.849  -19.721 1.0000000000
66207  -32.856  -15.144  -21.229 0.1111111119
66208  -32.927  -14.979  -21.603 0.1111111119
66209  -26.248  -14.062  -22.613 0.7777777910
66210  -26.422  -14.990  -22.169 0.6666666865
66212  -31.102  -14.660  -21.525 0.2222222239
66214  -33.046  -14.550  -21.889 0.1111111119
66221  -26.968  -13.998  -22.704 0.6666666865
67180  -26.018  -13.385  -20.535 0.5555555820
67191  -19.772  -12.832  -23.086 1.0000000000
67193  -21.328  -13.242  -22.576 1.0000000000
67201  -19.568  -12.572  -23.264 1.0000000000
67203  -26.311  -13.019  -23.129 0.7777777910
67204  -26.833  -13.237  -23.137 0.7777777910
67206  -16.992  -12.051  -25.209 0.8888888955
67207  -17.155  -12.178  -25.144 0.8888888955
67208  -17.187  -12.089  -25.308 0.8888888955
68179  -25.506  -12.362  -20.399 0.7777777910
68187  -23.903  -11.664  -20.935 1.0000000000
68190  -31.592  -12.210  -21.527 0.1111111119
68191  -32.753  -12.921  -22.178 0.1111111119
68194  -21.857  -12.698  -22.754 1.0000000000
68197  -26.569  -11.918  -21.871 0.7777777910
68206  -26.774  -12.282  -23.247 0.6666666865
68208  -29.642  -12.382  -23.084 0.4444444478
68211  -16.682  -12.276  -25.181 0.8888888955
68213  -18.004  -12.759  -24.089 0.8888888955
68214  -18.942  -12.468  -23.748 1.0000000000
68216  -17.129  -11.966  -25.171 0.8888888955
68217  -17.242  -11.950  -25.131 0.8888888955
69144  -16.026  -11.071  -21.036 0.6666666865
69147  -17.957  -12.066  -21.962 0.8888888955
69148  -24.422  -11.008  -21.188 0.8888888955
69151  -32.149  -12.116  -22.320 0.1111111119
69152  -32.462  -12.486  -22.334 0.1111111119
69153  -18.010  -11.198  -22.817 0.8888888955
69156  -23.898  -10.546  -21.524 0.8888888955
69160  -32.137  -12.153  -22.364 0.1111111119
69161  -16.852  -12.348  -24.307 0.8888888955
69163  -19.910  -11.026  -23.534 1.0000000000
69164  -20.543  -11.208  -23.171 1.0000000000
69168  -26.894  -11.261  -23.604 0.6666666865
69170  -29.921  -11.258  -23.041 0.2222222239
69172  -18.153  -12.093  -24.411 1.0000000000
69173  -18.943  -11.504  -24.232 1.0000000000
69174  -19.746  -11.963  -23.501 1.0000000000
69176  -28.181  -11.332  -23.737 0.4444444478
69177  -18.065  -11.062  -25.041 1.0000000000
70074  -31.471  -11.579  -22.299 0.1111111119
70077  -17.887  -10.380  -22.992 1.0000000000
70078  -22.715  -10.332  -22.730 0.7777777910
70083  -30.645  -11.134  -22.188 0.1111111119
70084  -17.204  -11.352  -23.661 0.8888888955
70085  -19.595  -10.458  -23.674 1.0000000000
70087  -21.167  -10.598  -23.113 0.8888888955
70089  -26.409  -9.918  -22.475 0.6666666865
70091  -28.716  -10.360  -23.137 0.1111111119
70093  -30.387  -11.163  -22.435 0.1111111119
70095  -18.668  -10.844  -24.427 1.0000000000
70097  -27.044  -10.640  -23.793 0.6666666865
70100  -18.056  -10.787  -24.797 1.0000000000
70101  -18.276  -10.882  -24.727 1.0000000000
71076  -29.422  -9.732  -19.551 0.1111111119
71084  -13.668  -8.619  -20.831 0.2222222239
71087  -30.291  -10.000  -20.821 0.1111111119
71089  -13.659  -8.931  -21.438 0.4444444478
71090  -14.325  -9.731  -21.095 0.5555555820
71091  -16.139  -9.828  -21.726 0.7777777910
71095  -12.713  -8.734  -22.587 0.4444444478
71099  -17.233  -9.700  -22.268 1.0000000000
71101  -20.024  -9.078  -22.876 0.8888888955
71107  -30.144  -9.467  -21.952 0.1111111119
71120  -27.267  -10.037  -22.978 0.5555555820
71121  -27.378  -10.072  -23.144 0.5555555820
72235  -13.039  -8.020  -22.243 0.3333333433
72241  -12.052  -8.813  -23.257 0.4444444478
72242  -12.390  -8.939  -23.077 0.4444444478
72258  -15.123  -7.718  -22.656 0.8888888955
72262  -28.450  -8.339  -23.142 0.1111111119
73325  -23.260  -7.955  -20.803 0.5555555820
73337  -16.660  -7.937  -22.668 1.0000000000
73339  -19.089  -6.638  -22.812 0.8888888955
73351  -11.928  -7.884  -23.601 0.6666666865
73355  -16.488  -7.029  -22.848 1.0000000000
74366  -19.620  -6.347  -22.640 0.6666666865
74377  -11.729  -6.872  -23.406 0.6666666865
75255  -18.834  -5.849  -22.800 0.7777777910
75264  -14.314  -5.803  -23.473 1.0000000000
76170  -10.718  -4.333  -23.139 0.5555555820
76171  -17.525  -4.143  -22.915 0.6666666865
76173  -18.865  -4.522  -22.287 0.6666666865
77070  -17.909  -3.659  -22.643 0.6666666865
77080  -16.447  -2.117  -24.779 0.6666666865
77900  -9.588  -1.702  -20.581 0.1111111119
77923  -10.712  -2.292  -22.133 0.3333333433
77939  -16.440  -1.293  -24.632 0.6666666865
78668  -9.595  -1.537  -20.716 0.1111111119
78682  -9.712  -1.373  -20.559 0.1111111119
78731  -12.279  -0.275  -22.765 0.4444444478
78735  -16.768  -1.453  -24.707 0.6666666865
79586  -11.141  -0.302  -21.928 0.3333333433
81376  -16.925  1.066  -21.234 0.1111111119
81380  -16.858  1.476  -21.849 0.3333333433
83279  -17.839  4.058  -23.918 0.3333333433
83282  -22.253  3.534  -23.273 0.2222222239
84249  -17.393  4.434  -23.024 0.1111111119
84265  -22.150  4.366  -24.611 0.1111111119
84272  -20.417  5.474  -25.093 0.1111111119
85144  -20.456  5.882  -25.317 0.1111111119
85159  -21.276  6.030  -26.291 0.1111111119
85162  -24.316  4.896  -26.960 0.1111111119
85184  -24.282  5.975  -29.821 0.1111111119
85857  -19.758  5.529  -24.412 0.1111111119
85873  -21.183  6.996  -26.950 0.1111111119
85889  -24.049  6.698  -29.455 0.1111111119
85893  -24.105  6.627  -30.001 0.1111111119
86530  -21.284  7.739  -25.645 0.1111111119
88702  -21.822  9.480  -25.870 0.1111111119
111378  -17.194  -10.739  -24.056 0.8888888955
111379  -16.926  -11.680  -25.271 0.8888888955
111380  -17.251  -10.853  -25.011 0.8888888955
111381  -18.472  -10.204  -24.074 0.8888888955
111435  -11.499  -0.151  -20.451 0.2222222239
112310  -19.116  -9.976  -23.841 1.0000000000
112370  -9.533  -1.439  -20.308 0.1111111119
112410  -17.729  -10.613  -24.284 0.8888888955
112549  -18.182  -10.607  -24.528 1.0000000000
112740  -17.186  -11.079  -25.392 0.8888888955
113464  -16.465  -11.446  -25.228 0.8888888955
113785  -17.365  -12.710  -24.140 0.8888888955
118837  -19.003  -28.639  -13.576 0.2222222239
119077  -16.979  -10.827  -25.095 0.8888888955
119605  -23.268  -24.957  -13.267 0.3333333433
120150  -23.014  -19.189  -18.806 0.7777777910
123282  -22.559  -9.393  -22.466 0.8888888955
123354  -22.892  -12.814  -22.009 1.0000000000
123525  -22.415  -13.463  -20.402 1.0000000000
123981  -22.983  -8.783  -21.869 0.7777777910
124001  -16.899  -3.296  -23.706 0.6666666865
124080  -25.417  -20.928  -14.552 0.4444444478
124394  -22.025  -26.806  -13.174 0.3333333433
124495  -13.224  -7.769  -23.223 0.7777777910
124687  -27.247  -14.941  -22.336 0.6666666865
125087  -10.726  -1.509  -21.896 0.1111111119
125197  -14.426  -10.878  -20.125 0.4444444478
126802  -23.859  6.171  -30.269 0.1111111119
128750  -12.286  -7.320  -23.482 0.7777777910
129549  -20.907  -22.085  -15.552 0.4444444478
129985  -10.864  -0.727  -21.781 0.3333333433
131877  -10.960  -4.167  -23.424 0.7777777910
132606  -17.133  -11.540  -25.261 0.8888888955
133662  -26.895  -10.830  -23.943 0.5555555820
133890  -30.995  -12.049  -22.949 0.2222222239
134588  -26.143  -11.401  -21.444 0.8888888955
134633  -25.385  -9.045  -22.114 0.6666666865
136208  -14.190  -9.854  -20.782 0.4444444478
