#!ascii label  , from subject sub-v1s21x0050418_ses-1 vox2ras=TkReg
1122
2470  30.865  -83.445  -17.191 0.5000000000
123518  27.707  -68.377  -9.428 0.6000000238
11571  27.173  -67.635  -9.994 0.6000000238
11578  27.044  -68.123  -10.938 0.6000000238
122738  26.693  -66.950  -10.588 0.6999999881
122153  26.338  -65.851  -11.919 0.6999999881
123144  26.449  -66.524  -11.353 0.6000000238
5506  29.205  -76.061  -13.706 0.5000000000
3876  30.152  -79.659  -14.952 0.6000000238
3877  29.590  -79.335  -14.243 0.6000000238
114483  29.426  -77.049  -13.941 0.5000000000
3404  30.921  -80.499  -16.315 0.5000000000
3393  30.469  -80.139  -15.648 0.4000000060
3885  30.030  -78.371  -15.394 0.5000000000
4381  29.644  -77.961  -14.509 0.6000000238
7272  25.878  -72.759  -7.920 0.5000000000
110072  33.968  -80.896  -20.316 0.4000000060
7923  26.260  -72.185  -7.273 0.5000000000
7924  25.380  -72.077  -7.594 0.5000000000
8596  26.766  -71.516  -7.014 0.6000000238
10028  28.069  -69.536  -7.845 0.6000000238
11564  27.726  -67.945  -8.476 0.6000000238
12380  27.174  -67.169  -9.029 0.6999999881
131269  28.045  -68.788  -9.069 0.6000000238
12390  26.748  -66.508  -9.675 0.6999999881
14116  27.215  -64.864  -9.507 0.6000000238
13244  26.761  -65.638  -9.559 0.6999999881
119419  27.496  -64.546  -10.196 0.6000000238
14122  26.888  -65.176  -10.431 0.6000000238
13258  26.603  -65.645  -11.196 0.6999999881
14876  27.852  -63.873  -11.410 0.6999999881
11588  26.345  -67.723  -11.713 0.6000000238
5487  28.752  -75.924  -11.598 0.5000000000
130905  29.533  -77.516  -13.327 0.6000000238
4912  29.479  -76.713  -13.049 0.5000000000
3366  30.600  -80.417  -13.941 0.6000000238
130155  29.631  -79.660  -13.797 0.6999999881
4373  29.531  -78.545  -13.619 0.6000000238
133795  31.541  -80.903  -16.082 0.4000000060
7922  27.593  -72.939  -7.104 0.5000000000
110596  26.772  -72.877  -7.486 0.5000000000
2483  32.557  -83.420  -18.889 0.5000000000
7912  27.104  -72.268  -6.967 0.5000000000
129937  28.269  -69.852  -7.203 0.6999999881
9322  27.443  -70.966  -7.017 0.6000000238
10759  28.347  -69.139  -6.993 0.6999999881
111836  27.721  -70.331  -7.409 0.6000000238
11550  27.910  -68.081  -7.542 0.6999999881
10782  28.133  -68.942  -8.548 0.6000000238
121742  27.566  -67.243  -7.535 0.6999999881
13231  27.287  -65.230  -8.162 0.6000000238
117487  27.271  -65.893  -7.840 0.6000000238
14107  27.498  -64.502  -8.599 0.6000000238
13232  26.917  -66.029  -8.693 0.6000000238
14862  27.837  -64.059  -9.523 0.6000000238
14868  27.910  -63.948  -10.533 0.6999999881
12442  26.505  -66.198  -13.564 0.6999999881
12432  25.825  -66.864  -13.177 0.5000000000
14130  27.348  -64.412  -11.785 0.6999999881
13265  26.715  -65.328  -12.326 0.6999999881
12415  26.062  -66.693  -12.259 0.6000000238
4880  29.778  -77.654  -10.628 0.5000000000
5486  29.288  -76.403  -11.735 0.5000000000
5474  28.641  -76.514  -10.380 0.5000000000
3831  30.145  -78.924  -11.922 0.6999999881
4906  29.529  -76.928  -12.202 0.6000000238
3861  31.330  -79.941  -13.296 0.5000000000
3845  31.173  -79.574  -12.572 0.6999999881
3846  30.478  -79.306  -12.587 0.6999999881
3863  30.017  -79.224  -13.215 0.6000000238
4351  29.592  -78.252  -11.867 0.6000000238
3391  32.143  -80.768  -15.273 0.4000000060
3392  31.118  -80.626  -15.411 0.4000000060
3381  31.387  -80.524  -14.519 0.5000000000
7270  28.139  -73.565  -7.374 0.5000000000
8594  28.174  -71.629  -6.691 0.5000000000
7911  27.903  -72.260  -6.740 0.5000000000
8595  27.536  -71.617  -6.803 0.5000000000
10014  28.615  -69.646  -6.763 0.6000000238
123436  28.100  -71.038  -6.822 0.5000000000
11537  28.319  -68.184  -6.805 0.6999999881
12351  28.823  -66.462  -6.573 0.6000000238
12352  28.191  -66.610  -6.739 0.6999999881
113317  27.894  -67.259  -6.904 0.6999999881
13205  29.241  -65.367  -6.683 0.6000000238
13206  28.467  -65.816  -6.765 0.6000000238
12365  27.646  -66.369  -7.213 0.6999999881
122666  29.809  -63.692  -7.283 0.6999999881
14076  28.713  -64.946  -6.953 0.6000000238
13220  27.809  -65.282  -7.379 0.6000000238
15621  29.814  -62.706  -8.492 0.6000000238
14851  28.612  -63.556  -8.295 0.6999999881
14106  27.972  -64.063  -8.020 0.6999999881
16396  30.010  -61.884  -10.570 0.6000000238
116546  29.571  -62.469  -9.307 0.6000000238
14861  28.397  -63.382  -9.129 0.6999999881
11620  26.617  -67.742  -14.913 0.6000000238
14867  28.373  -63.382  -10.056 0.6999999881
13264  27.023  -65.477  -13.049 0.6999999881
12454  26.887  -66.411  -14.394 0.6000000238
16409  29.986  -61.967  -11.398 0.6999999881
15645  29.437  -62.369  -10.932 0.6000000238
15659  28.972  -62.868  -11.360 0.8000000119
114420  28.558  -63.481  -11.820 0.6999999881
14885  27.925  -64.005  -12.247 0.6999999881
14140  27.353  -64.705  -12.571 0.6999999881
4862  29.270  -77.126  -10.091 0.6000000238
3830  30.952  -79.199  -11.891 0.6999999881
4331  30.349  -78.198  -10.970 0.6999999881
4332  29.767  -78.095  -11.231 0.6000000238
3844  32.059  -79.614  -12.632 0.5000000000
6646  28.704  -74.128  -7.715 0.5000000000
6662  28.482  -74.573  -8.365 0.5000000000
7921  28.430  -72.888  -6.903 0.5000000000
121527  28.710  -71.175  -6.670 0.6000000238
10012  29.870  -69.476  -6.368 0.6000000238
10013  29.077  -69.486  -6.433 0.6999999881
9321  28.747  -70.356  -6.680 0.6999999881
10757  29.488  -68.606  -6.373 0.6999999881
120340  28.862  -68.097  -6.436 0.6999999881
123130  29.391  -66.006  -6.583 0.6000000238
12350  29.633  -66.790  -6.498 0.6000000238
11536  28.657  -67.267  -6.552 0.6999999881
14810  31.028  -64.147  -6.829 0.6999999881
14811  30.148  -64.186  -6.894 0.6999999881
13204  30.006  -65.449  -6.626 0.6999999881
11643  28.544  -67.418  -17.794 0.6000000238
15603  30.973  -62.770  -7.390 0.6000000238
14830  30.575  -63.512  -7.102 0.6999999881
14092  29.166  -64.198  -7.211 0.6999999881
17168  30.616  -60.613  -10.369 0.6000000238
16380  30.319  -61.283  -10.057 0.6000000238
16366  30.867  -61.686  -8.541 0.6000000238
15620  30.556  -62.372  -8.081 0.6000000238
15604  30.026  -63.100  -7.691 0.6999999881
12479  27.789  -67.373  -16.671 0.6000000238
16395  30.452  -61.344  -10.982 0.6000000238
16367  30.272  -62.129  -8.943 0.6000000238
13278  28.279  -65.031  -14.659 0.6999999881
13290  28.133  -65.655  -15.341 0.6000000238
13279  27.635  -65.682  -14.567 0.6999999881
12467  27.400  -66.469  -15.175 0.6000000238
17180  30.570  -60.526  -11.297 0.5000000000
16408  30.130  -61.243  -11.986 0.6000000238
122719  29.786  -62.176  -12.168 0.8000000119
14883  29.305  -62.988  -12.243 0.8000000119
14891  29.248  -63.173  -13.232 0.8000000119
14884  28.707  -63.668  -12.692 0.8000000119
14139  28.137  -64.306  -13.067 0.6999999881
128171  27.885  -65.189  -14.041 0.6999999881
126467  29.527  -62.484  -11.631 0.8000000119
4879  30.768  -77.786  -10.333 0.6999999881
4861  30.220  -77.333  -9.824 0.6999999881
114157  29.812  -76.705  -9.371 0.6999999881
5458  28.898  -76.460  -9.712 0.6000000238
4349  31.516  -78.762  -11.364 0.6999999881
5433  29.441  -75.956  -8.977 0.6000000238
4348  32.384  -78.751  -11.427 0.6000000238
6042  29.017  -75.188  -8.680 0.5000000000
6661  29.321  -74.651  -8.049 0.5000000000
14168  26.243  -63.997  -15.661 0.6000000238
7269  28.992  -73.490  -7.269 0.5000000000
126924  26.392  -64.803  -16.814 0.5000000000
7920  29.349  -72.765  -6.928 0.5000000000
13315  27.720  -65.119  -18.848 0.6000000238
8592  30.312  -71.348  -6.608 0.6999999881
8593  29.434  -71.324  -6.617 0.6000000238
10756  30.426  -68.803  -6.593 0.6999999881
9319  29.906  -70.703  -6.439 0.6999999881
12508  29.474  -67.606  -20.497 0.6000000238
12349  30.419  -66.746  -6.602 0.6999999881
11534  30.256  -67.947  -6.527 0.6000000238
122326  32.021  -64.195  -7.034 0.6999999881
13219  31.447  -65.565  -6.971 0.6999999881
13203  30.770  -65.529  -6.707 0.6999999881
12488  29.850  -67.133  -18.909 0.6000000238
12499  30.460  -68.085  -19.755 0.6000000238
14829  31.516  -63.404  -7.052 0.6000000238
14074  30.512  -64.818  -6.733 0.6999999881
12478  28.653  -66.361  -17.383 0.6000000238
11651  29.055  -68.428  -18.816 0.6000000238
123467  32.002  -61.464  -7.863 0.6000000238
16357  31.453  -61.988  -7.830 0.6000000238
13302  29.199  -65.526  -17.381 0.6999999881
13289  28.612  -65.558  -16.370 0.6000000238
17156  30.693  -60.754  -9.470 0.6000000238
15683  29.954  -62.768  -14.837 0.6000000238
120010  29.474  -63.477  -15.123 0.6000000238
14158  28.845  -64.127  -14.740 0.6999999881
14167  28.739  -64.844  -15.638 0.6000000238
12466  27.997  -66.422  -16.032 0.6000000238
16426  29.956  -62.049  -13.493 0.6000000238
14899  29.279  -63.306  -14.212 0.8000000119
16418  29.963  -61.688  -12.859 0.6000000238
15675  29.701  -62.615  -13.809 0.6999999881
14892  28.733  -63.852  -13.631 0.8000000119
4860  31.318  -77.342  -9.650 0.6999999881
5457  30.842  -76.811  -9.150 0.6999999881
5432  30.417  -76.161  -8.717 0.6999999881
4877  32.622  -77.656  -10.363 0.6999999881
4878  31.752  -77.785  -10.235 0.6999999881
6041  30.017  -75.325  -8.311 0.6000000238
15684  26.807  -62.549  -14.737 0.6000000238
14893  26.385  -63.287  -14.193 0.6000000238
14908  26.708  -63.297  -15.754 0.6000000238
14900  26.512  -63.280  -15.117 0.6000000238
6645  29.543  -74.058  -7.563 0.6000000238
14179  26.940  -64.159  -17.087 0.5000000000
7908  30.691  -72.035  -6.865 0.6999999881
7919  30.237  -72.701  -7.024 0.6999999881
14186  27.481  -64.380  -18.184 0.4000000060
13316  26.691  -65.158  -17.807 0.5000000000
10011  30.747  -69.710  -6.604 0.6999999881
116697  30.766  -70.590  -6.535 0.8000000119
118151  28.774  -65.260  -19.404 0.5000000000
113275  30.959  -68.129  -6.902 0.6000000238
122503  30.172  -70.123  -6.358 0.6999999881
13324  29.623  -65.950  -19.945 0.6000000238
12348  30.983  -66.334  -6.772 0.6999999881
11533  30.808  -67.248  -6.759 0.6999999881
13313  29.992  -65.583  -19.047 0.6999999881
12498  30.562  -67.301  -20.132 0.6000000238
120087  31.910  -64.978  -7.129 0.6999999881
13301  30.031  -65.170  -17.967 0.5000000000
12487  30.541  -66.745  -19.698 0.6000000238
15600  33.660  -62.387  -7.549 0.6000000238
15602  31.934  -62.653  -7.310 0.6000000238
14828  32.487  -63.337  -7.208 0.6999999881
13314  29.718  -65.968  -18.538 0.6999999881
119579  32.310  -62.011  -7.559 0.6000000238
114732  29.547  -64.059  -16.100 0.5000000000
14178  29.377  -64.886  -16.800 0.6000000238
16365  31.452  -61.077  -8.298 0.6000000238
16436  30.240  -62.082  -14.240 0.6000000238
14907  29.960  -63.222  -15.908 0.5000000000
123084  30.240  -61.454  -13.669 0.6000000238
5456  31.862  -76.758  -9.131 0.6999999881
5431  31.398  -76.241  -8.663 0.6999999881
6040  31.032  -75.590  -8.314 0.6000000238
124814  30.163  -74.536  -7.839 0.6000000238
116117  27.066  -61.812  -14.380 0.4000000060
15676  26.760  -62.522  -13.833 0.5000000000
131218  30.282  -73.933  -7.506 0.6000000238
15692  27.002  -62.550  -15.647 0.5000000000
14886  26.221  -63.150  -13.232 0.6000000238
7267  31.588  -73.586  -7.552 0.6999999881
7918  31.567  -72.091  -7.245 0.6999999881
124766  29.864  -73.405  -7.242 0.6000000238
14925  27.557  -63.625  -17.753 0.5000000000
10027  31.423  -69.791  -7.250 0.6999999881
14192  28.429  -64.584  -18.974 0.4000000060
120404  32.277  -66.852  -8.759 0.6999999881
12378  31.783  -66.953  -7.877 0.6999999881
10769  31.511  -68.302  -7.568 0.6999999881
14191  29.560  -65.174  -19.146 0.6000000238
13229  33.102  -65.148  -8.281 0.6999999881
13230  32.621  -65.624  -8.166 0.6999999881
119446  31.332  -66.853  -7.117 0.6999999881
11549  31.375  -67.516  -7.321 0.6999999881
14190  29.962  -65.081  -18.729 0.5000000000
13323  30.326  -66.196  -19.757 0.5000000000
14091  33.055  -63.987  -7.384 0.6000000238
126352  32.661  -64.867  -7.551 0.6999999881
13218  32.081  -65.578  -7.498 0.6999999881
12364  31.621  -66.251  -7.329 0.6999999881
16355  33.381  -61.547  -7.662 0.5000000000
14826  34.174  -63.040  -7.698 0.6000000238
14827  33.407  -63.200  -7.426 0.6000000238
132037  31.825  -75.687  -8.423 0.6999999881
6659  31.740  -74.941  -8.111 0.6999999881
16427  27.036  -61.726  -13.547 0.4000000060
6658  32.665  -74.509  -8.333 0.6999999881
6644  31.073  -74.219  -7.694 0.6999999881
16419  26.877  -61.585  -12.656 0.4000000060
6643  32.069  -74.089  -7.815 0.6999999881
15671  26.016  -62.932  -12.356 0.6000000238
8606  31.759  -71.360  -7.392 0.8000000119
119490  31.621  -72.927  -7.374 0.6999999881
10026  32.042  -70.108  -7.877 0.6000000238
9335  31.515  -70.622  -7.234 0.6000000238
15648  25.055  -62.684  -10.672 0.6000000238
126309  32.027  -67.288  -8.432 0.6999999881
10781  31.931  -68.360  -8.351 0.6999999881
10044  31.800  -69.156  -7.902 0.6000000238
131354  32.528  -66.151  -8.734 0.6000000238
14115  33.654  -64.996  -8.826 0.6000000238
15651  22.811  -62.683  -10.444 0.5000000000
123153  34.452  -63.462  -8.204 0.6000000238
14105  33.488  -64.499  -7.997 0.6999999881
14848  34.826  -62.886  -8.324 0.5000000000
7266  32.211  -73.309  -7.724 0.6999999881
16410  26.613  -61.540  -11.720 0.4000000060
8605  32.231  -71.762  -7.744 0.8000000119
15660  26.325  -62.245  -12.051 0.5000000000
9352  32.403  -70.537  -8.687 0.8000000119
16398  25.484  -61.784  -10.356 0.4000000060
15647  25.959  -62.126  -11.137 0.4000000060
9334  32.195  -70.968  -7.848 0.6999999881
16399  24.656  -62.111  -9.914 0.4000000060
12389  32.578  -66.427  -9.551 0.6000000238
11562  32.211  -67.707  -8.885 0.6000000238
10780  32.274  -68.464  -9.016 0.6999999881
16383  24.325  -61.582  -9.272 0.4000000060
13241  33.549  -65.441  -9.774 0.6000000238
13242  32.991  -65.706  -9.081 0.6000000238
15637  23.324  -62.087  -9.821 0.4000000060
15649  24.249  -62.872  -10.241 0.6000000238
14104  34.291  -64.165  -8.623 0.6000000238
14860  35.051  -63.517  -8.849 0.5000000000
14847  35.778  -63.104  -8.949 0.5000000000
17181  26.895  -60.895  -11.397 0.4000000060
112032  32.646  -72.913  -8.313 0.8000000119
16397  26.350  -61.399  -10.819 0.4000000060
8622  32.471  -71.480  -8.436 0.6999999881
16382  25.107  -61.362  -9.596 0.4000000060
114877  32.329  -69.123  -9.415 0.6000000238
125872  32.245  -69.624  -8.595 0.6999999881
117415  32.364  -67.193  -9.707 0.6000000238
10798  32.321  -68.158  -9.863 0.6000000238
17159  24.744  -60.898  -8.926 0.4000000060
16384  23.622  -61.606  -9.201 0.4000000060
13240  34.267  -64.779  -9.503 0.6000000238
16385  22.883  -61.487  -9.331 0.4000000060
14114  35.103  -64.083  -9.518 0.4000000060
17170  26.691  -60.638  -10.616 0.4000000060
8640  32.478  -71.274  -9.379 0.6999999881
17157  26.328  -60.209  -9.868 0.4000000060
10063  32.344  -69.772  -10.132 0.6999999881
130777  32.380  -69.905  -9.278 0.6000000238
17158  25.529  -60.579  -9.376 0.4000000060
12400  32.414  -66.753  -10.530 0.6000000238
11570  32.308  -67.492  -10.470 0.6000000238
16368  23.941  -61.074  -8.726 0.4000000060
13249  34.157  -65.205  -10.356 0.6000000238
16369  23.150  -61.071  -8.761 0.3000000119
14120  34.731  -64.679  -10.094 0.4000000060
14119  35.264  -64.288  -10.390 0.4000000060
14129  34.711  -64.854  -10.843 0.4000000060
17144  25.139  -60.100  -8.776 0.4000000060
17145  24.301  -60.337  -8.540 0.4000000060
12399  32.757  -66.226  -11.065 0.6000000238
13250  33.386  -65.704  -10.726 0.6000000238
13257  33.470  -65.938  -11.605 0.6000000238
119897  34.699  -64.915  -11.752 0.4000000060
13262  33.974  -65.464  -12.305 0.5000000000
129282  35.092  -64.393  -11.201 0.4000000060
18677  20.829  -58.632  -8.472 0.3000000119
14138  34.530  -64.644  -12.668 0.4000000060
19449  26.222  -57.696  -9.333 0.4000000060
113171  22.123  -57.741  -8.727 0.3000000119
112485  19.447  -57.218  -8.503 0.4000000060
120813  26.513  -56.967  -9.537 0.4000000060
19450  24.586  -57.063  -9.347 0.4000000060
19432  22.295  -56.839  -9.228 0.3000000119
19451  23.096  -56.820  -9.389 0.3000000119
19434  20.390  -57.577  -8.575 0.3000000119
19433  21.295  -57.755  -8.628 0.3000000119
20262  25.093  -56.253  -9.832 0.4000000060
20263  24.011  -56.122  -9.935 0.4000000060
127508  23.749  -57.430  -9.070 0.4000000060
131520  21.646  -56.991  -8.949 0.3000000119
110671  20.925  -56.754  -8.897 0.3000000119
21015  18.666  -55.813  -7.147 0.4000000060
21005  18.819  -56.226  -6.785 0.3000000119
20220  19.499  -57.177  -6.496 0.3000000119
20245  20.070  -56.408  -8.743 0.3000000119
20264  23.308  -56.268  -9.764 0.4000000060
20244  21.505  -56.090  -9.537 0.3000000119
21031  18.992  -55.754  -8.082 0.3000000119
124405  19.258  -55.846  -6.979 0.3000000119
129087  19.764  -55.640  -7.150 0.4000000060
21004  19.810  -56.264  -6.770 0.3000000119
21013  20.324  -55.709  -7.157 0.3000000119
116887  23.096  -55.629  -10.267 0.4000000060
20265  22.487  -55.998  -9.844 0.4000000060
110380  21.759  -55.261  -10.242 0.3000000119
21024  18.809  -55.751  -7.491 0.4000000060
21040  20.910  -55.070  -9.961 0.3000000119
21023  19.527  -55.116  -7.998 0.3000000119
21014  19.405  -55.418  -7.522 0.4000000060
20229  21.016  -56.649  -6.730 0.3000000119
21058  22.794  -54.915  -10.845 0.4000000060
21059  22.067  -54.664  -10.704 0.4000000060
125755  21.285  -54.467  -10.388 0.4000000060
20266  20.578  -55.724  -9.298 0.3000000119
128238  20.014  -54.655  -9.007 0.3000000119
21911  20.021  -54.533  -8.573 0.3000000119
21904  19.879  -54.645  -8.034 0.3000000119
21893  20.706  -55.105  -7.560 0.5000000000
21894  20.095  -55.048  -7.607 0.4000000060
20219  22.105  -57.375  -6.434 0.3000000119
113795  21.657  -54.002  -10.666 0.4000000060
21935  20.992  -53.795  -10.281 0.4000000060
21914  20.596  -54.135  -10.007 0.3000000119
22840  20.794  -53.782  -8.597 0.3000000119
21902  21.115  -54.428  -7.950 0.3000000119
123639  21.960  -54.757  -7.908 0.3000000119
21041  20.296  -54.767  -9.494 0.3000000119
21915  20.337  -54.062  -9.344 0.3000000119
21903  20.359  -54.415  -8.038 0.3000000119
21022  21.723  -55.475  -7.457 0.3000000119
21910  20.298  -54.088  -8.652 0.3000000119
21012  21.111  -55.866  -7.170 0.3000000119
20218  22.825  -57.677  -5.955 0.3000000119
21953  23.096  -53.937  -11.431 0.3000000119
21934  22.511  -54.185  -11.121 0.3000000119
22869  22.109  -53.667  -10.736 0.3000000119
22855  21.016  -52.983  -9.915 0.3000000119
22839  21.736  -53.889  -8.500 0.3000000119
21901  22.711  -54.715  -8.099 0.3000000119
22870  21.279  -53.433  -10.259 0.3000000119
22849  21.121  -53.207  -9.340 0.3000000119
21021  22.694  -55.466  -7.569 0.3000000119
21011  22.719  -56.253  -7.016 0.3000000119
20228  21.907  -56.459  -6.908 0.3000000119
20227  22.804  -57.036  -6.437 0.3000000119
23826  23.219  -53.279  -11.270 0.3000000119
22854  21.864  -53.182  -10.243 0.3000000119
22848  22.069  -53.233  -9.181 0.3000000119
21909  22.856  -53.992  -8.631 0.3000000119
21010  23.691  -56.087  -7.025 0.3000000119
20226  23.448  -56.710  -6.399 0.3000000119
21900  23.631  -54.824  -8.133 0.3000000119
21020  23.400  -55.352  -7.684 0.3000000119
120606  23.518  -57.274  -5.657 0.3000000119
21019  24.213  -55.467  -7.465 0.3000000119
21009  24.710  -55.822  -6.448 0.3000000119
20217  24.264  -56.549  -5.798 0.3000000119
19409  24.091  -56.991  -5.076 0.3000000119
20213  23.978  -56.787  -4.420 0.3000000119
129785  31.882  -83.619  -18.551 0.5000000000
2043  32.695  -83.139  -19.413 0.5000000000
2491  33.481  -81.621  -20.060 0.4000000060
13251  26.514  -66.043  -10.413 0.6999999881
12431  26.332  -66.012  -12.713 0.6999999881
113589  31.681  -80.638  -17.131 0.4000000060
125533  33.534  -82.854  -18.882 0.5000000000
14094  27.676  -64.643  -7.861 0.6000000238
7910  28.792  -72.022  -6.694 0.5000000000
14832  28.605  -63.952  -7.718 0.6000000238
8591  31.168  -71.354  -6.849 0.8000000119
7268  30.808  -73.353  -7.334 0.6999999881
116277  31.192  -68.979  -7.084 0.6000000238
15599  34.349  -62.451  -7.822 0.5000000000
12363  32.180  -66.248  -8.041 0.6999999881
15636  23.997  -62.239  -9.676 0.4000000060
15619  34.756  -62.132  -8.203 0.5000000000
12388  32.890  -66.047  -10.175 0.6000000238
123961  35.902  -63.549  -9.324 0.4000000060
11577  32.270  -67.400  -11.075 0.6000000238
17146  23.448  -60.466  -8.484 0.3000000119
13256  34.120  -65.419  -11.275 0.4000000060
121400  25.683  -57.003  -9.435 0.4000000060
23817  22.637  -53.336  -10.849 0.3000000119
9373  32.411  -70.394  -10.881 0.5000000000
8655  32.346  -71.120  -10.479 0.5000000000
7957  32.759  -72.713  -9.895 0.6999999881
7281  32.633  -73.704  -8.229 0.6000000238
9367  32.354  -70.496  -9.776 0.6000000238
118382  32.713  -72.197  -9.001 0.6000000238
5455  32.753  -76.564  -9.321 0.6000000238
4859  32.326  -77.251  -9.675 0.6000000238
7307  33.142  -73.550  -9.731 0.6999999881
6061  33.524  -75.354  -9.672 0.6000000238
6062  33.059  -75.788  -9.080 0.6000000238
6674  33.433  -74.422  -9.669 0.6999999881
6675  33.229  -74.912  -8.933 0.6000000238
5430  32.301  -76.118  -8.760 0.6000000238
10074  32.426  -69.719  -11.066 0.5000000000
6694  33.336  -74.706  -10.773 0.6999999881
6080  33.565  -75.743  -10.533 0.6999999881
5472  33.575  -76.701  -10.611 0.6000000238
5473  33.103  -77.044  -9.949 0.6000000238
7325  33.186  -73.931  -10.542 0.6000000238
5454  33.385  -76.265  -9.743 0.6000000238
7339  33.027  -73.718  -11.634 0.6000000238
123594  32.244  -69.238  -11.659 0.5000000000
118498  32.362  -69.015  -10.521 0.5000000000
6707  33.332  -74.383  -11.653 0.6999999881
4896  32.888  -78.118  -11.011 0.6000000238
10822  32.202  -68.758  -12.105 0.5000000000
10811  32.268  -68.225  -11.086 0.5000000000
11597  32.189  -68.004  -13.067 0.5000000000
11587  32.403  -67.916  -11.968 0.5000000000
12430  32.435  -67.211  -13.390 0.4000000060
10813  27.301  -69.153  -10.875 0.4000000060
10812  27.623  -68.840  -10.270 0.4000000060
10800  27.410  -69.375  -10.386 0.4000000060
10799  27.939  -69.160  -9.521 0.5000000000
10045  27.766  -69.470  -8.751 0.5000000000
10046  26.833  -69.860  -8.611 0.5000000000
10029  27.351  -70.039  -7.955 0.5000000000
8623  24.178  -71.655  -8.000 0.6000000238
114921  32.614  -67.177  -12.381 0.4000000060
9337  26.686  -70.742  -7.372 0.5000000000
9353  26.421  -70.292  -7.841 0.5000000000
8608  24.929  -71.291  -7.616 0.5000000000
10065  26.922  -69.692  -10.429 0.5000000000
10064  27.422  -69.538  -9.618 0.5000000000
10066  26.467  -69.657  -9.494 0.5000000000
10047  25.542  -69.739  -8.694 0.5000000000
131402  24.748  -69.612  -8.793 0.5000000000
9354  25.583  -70.156  -8.100 0.5000000000
128051  24.238  -70.985  -7.898 0.5000000000
12413  32.999  -66.524  -11.912 0.5000000000
9338  25.663  -70.662  -7.597 0.5000000000
118764  32.894  -66.691  -14.662 0.4000000060
12429  32.850  -66.442  -12.799 0.4000000060
12440  32.798  -66.420  -13.721 0.4000000060
12443  26.114  -67.295  -14.075 0.5000000000
10048  23.974  -69.505  -8.935 0.5000000000
12414  32.492  -66.964  -11.444 0.5000000000
13263  33.339  -66.039  -12.323 0.4000000060
116737  27.299  -68.280  -16.267 0.5000000000
10866  27.628  -68.826  -16.982 0.5000000000
110158  27.442  -68.875  -16.684 0.5000000000
11631  27.078  -68.990  -15.680 0.5000000000
13270  33.228  -65.710  -13.114 0.4000000060
10869  28.529  -69.601  -17.995 0.5000000000
10133  28.082  -69.568  -17.576 0.5000000000
109956  28.484  -68.973  -19.498 0.5000000000
109899  26.884  -69.428  -17.958 0.5000000000
124954  27.312  -68.047  -17.189 0.5000000000
109676  25.867  -69.026  -14.215 0.4000000060
124649  27.537  -68.601  -19.434 0.5000000000
124980  26.259  -67.752  -16.947 0.6000000238
109632  26.152  -68.026  -14.924 0.6000000238
11666  29.110  -69.214  -20.658 0.5000000000
12501  26.873  -67.220  -18.424 0.5000000000
133131  26.624  -68.060  -17.895 0.5000000000
110022  25.943  -67.623  -16.628 0.6000000238
125011  25.714  -67.216  -15.840 0.6000000238
109776  24.472  -68.354  -13.530 0.6000000238
108879  23.340  -68.711  -13.267 0.5000000000
109897  22.497  -68.379  -13.678 0.5000000000
128086  21.864  -68.970  -15.285 0.5000000000
12509  28.253  -67.377  -20.268 0.5000000000
12489  27.199  -66.000  -18.683 0.5000000000
12490  26.301  -66.394  -17.748 0.5000000000
110616  26.320  -67.668  -17.388 0.5000000000
13304  25.682  -66.148  -16.063 0.6000000238
125104  24.825  -68.003  -15.187 0.6000000238
108883  24.295  -68.056  -14.215 0.6000000238
108884  23.183  -67.873  -13.453 0.6000000238
110036  21.843  -68.183  -14.612 0.5000000000
13292  21.525  -65.120  -16.120 0.5000000000
108871  21.659  -68.732  -15.981 0.5000000000
13335  28.988  -66.549  -20.322 0.5000000000
13303  26.145  -65.658  -16.854 0.6000000238
110229  25.524  -65.545  -15.298 0.6000000238
108880  24.686  -67.199  -14.531 0.6000000238
108881  24.897  -66.015  -13.772 0.6000000238
108882  23.992  -67.787  -13.329 0.6000000238
110235  24.430  -66.986  -13.360 0.6000000238
109649  23.778  -67.392  -13.080 0.6000000238
108875  22.209  -67.555  -13.764 0.5000000000
109999  21.878  -68.891  -15.704 0.5000000000
108878  21.690  -67.694  -15.305 0.5000000000
111227  21.622  -66.806  -15.670 0.5000000000
11644  21.225  -67.556  -16.238 0.5000000000
127601  21.433  -66.862  -16.118 0.5000000000
13291  25.906  -64.934  -16.077 0.6000000238
14169  25.778  -64.660  -15.243 0.6000000238
14160  25.489  -65.053  -14.320 0.6000000238
13266  24.785  -65.170  -12.430 0.6000000238
115711  24.645  -65.932  -12.884 0.6000000238
112952  24.329  -65.731  -12.560 0.6000000238
131732  23.692  -66.568  -12.857 0.5000000000
13272  22.999  -65.864  -12.994 0.5000000000
12445  21.937  -66.764  -13.780 0.5000000000
122584  22.040  -65.993  -13.513 0.5000000000
14152  22.245  -65.046  -12.880 0.6000000238
12468  21.696  -66.010  -15.542 0.5000000000
13280  21.571  -65.145  -15.185 0.5000000000
14161  21.378  -64.176  -14.716 0.5000000000
108906  21.291  -63.006  -14.927 0.5000000000
14142  25.352  -64.499  -12.446 0.6000000238
14133  24.580  -64.514  -11.715 0.6000000238
14143  23.780  -65.075  -12.158 0.6000000238
14144  23.047  -65.389  -12.379 0.6000000238
110318  21.506  -64.491  -13.554 0.6000000238
108898  21.385  -63.653  -13.755 0.5000000000
14132  25.226  -63.915  -11.796 0.6000000238
114253  22.756  -64.928  -11.620 0.6000000238
111875  21.744  -64.230  -12.775 0.6000000238
125270  21.620  -63.307  -12.848 0.5000000000
14877  25.082  -63.374  -11.267 0.6000000238
14123  24.068  -64.317  -10.806 0.6000000238
130677  22.906  -64.867  -10.922 0.6000000238
108897  21.971  -64.712  -11.872 0.6000000238
14870  23.860  -63.629  -10.500 0.6000000238
14124  23.236  -64.295  -10.714 0.6000000238
14871  23.281  -63.468  -10.522 0.6000000238
108896  22.313  -64.518  -11.118 0.6000000238
15662  22.087  -62.847  -11.098 0.6000000238
108899  21.711  -61.847  -11.894 0.5000000000
15652  22.045  -62.004  -10.817 0.4000000060
6039  32.563  -75.366  -8.507 0.6000000238
129825  32.982  -73.106  -9.013 0.6999999881
10830  32.060  -68.828  -12.980 0.5000000000
8609  23.940  -70.433  -8.208 0.6000000238
108874  25.555  -67.446  -15.950 0.6000000238
12444  22.866  -66.846  -13.388 0.6000000238
14134  23.532  -64.932  -11.039 0.6000000238
125344  22.055  -63.680  -11.286 0.6000000238
126021  21.734  -63.036  -11.926 0.6000000238
2039  31.262  -83.781  -16.332 0.4000000060
131857  32.218  -82.577  -14.231 0.5000000000
2451  32.713  -82.255  -14.600 0.5000000000
2452  31.931  -82.922  -14.822 0.4000000060
2460  31.944  -83.308  -15.952 0.4000000060
126980  32.495  -82.718  -16.466 0.4000000060
119350  31.683  -82.937  -17.067 0.4000000060
126985  34.117  -81.712  -14.085 0.5000000000
2440  33.232  -81.969  -13.835 0.5000000000
110118  33.409  -82.273  -16.505 0.5000000000
2469  32.795  -82.556  -17.337 0.5000000000
2478  32.226  -83.080  -18.131 0.4000000060
110261  35.033  -81.495  -14.420 0.5000000000
110223  34.352  -81.612  -15.111 0.5000000000
129454  33.828  -82.449  -17.513 0.5000000000
110151  33.581  -82.739  -18.337 0.4000000060
124986  34.367  -82.561  -18.246 0.4000000060
108858  35.140  -81.801  -15.945 0.5000000000
109658  36.098  -82.004  -16.201 0.5000000000
125001  34.620  -82.259  -16.948 0.5000000000
108861  34.830  -82.699  -17.948 0.5000000000
125541  33.619  -82.273  -19.212 0.4000000060
4363  32.732  -79.290  -11.994 0.5000000000
3860  32.270  -79.893  -13.406 0.4000000060
123302  33.189  -79.873  -13.519 0.4000000060
3875  33.564  -80.207  -14.191 0.4000000060
3379  33.077  -80.546  -14.852 0.4000000060
115826  32.354  -80.997  -16.317 0.4000000060
125126  35.571  -82.486  -17.439 0.5000000000
3402  33.162  -81.072  -16.731 0.4000000060
3411  33.580  -81.159  -18.617 0.4000000060
110131  33.833  -80.803  -19.880 0.4000000060
109720  36.168  -82.195  -17.535 0.4000000060
109642  35.656  -82.426  -17.413 0.5000000000
126381  34.135  -81.650  -18.846 0.4000000060
124985  34.317  -82.428  -18.526 0.4000000060
3843  32.967  -79.557  -12.787 0.4000000060
3378  33.956  -80.500  -14.946 0.4000000060
110015  33.280  -80.827  -15.757 0.4000000060
3410  37.188  -81.167  -17.130 0.4000000060
113879  33.922  -81.301  -17.262 0.4000000060
110172  34.406  -81.486  -18.060 0.4000000060
125127  36.963  -81.370  -17.366 0.4000000060
125300  36.024  -81.578  -18.085 0.4000000060
110731  35.041  -81.360  -17.501 0.4000000060
108862  34.802  -82.312  -17.495 0.4000000060
4347  33.268  -78.628  -11.572 0.5000000000
4362  33.772  -79.108  -12.235 0.4000000060
3842  34.554  -79.489  -12.740 0.4000000060
3858  35.104  -79.911  -13.405 0.4000000060
3377  34.939  -80.743  -15.010 0.4000000060
109931  34.417  -80.919  -15.813 0.4000000060
3390  36.818  -80.515  -16.066 0.4000000060
3883  35.860  -80.679  -15.444 0.4000000060
125035  35.414  -80.933  -16.198 0.4000000060
4876  33.304  -77.460  -10.676 0.5000000000
4895  33.715  -77.815  -11.183 0.5000000000
133846  33.696  -77.218  -10.970 0.6000000238
4346  34.196  -78.350  -11.662 0.5000000000
3841  35.454  -79.248  -12.742 0.4000000060
3857  36.132  -79.611  -13.602 0.4000000060
4371  36.884  -78.815  -13.538 0.4000000060
3872  36.960  -79.440  -14.250 0.4000000060
4893  35.067  -77.081  -11.589 0.4000000060
5485  34.123  -76.765  -11.322 0.5000000000
4904  35.695  -77.462  -12.122 0.4000000060
4372  36.219  -78.747  -12.908 0.4000000060
5495  34.780  -76.137  -12.022 0.5000000000
5494  35.624  -76.473  -12.232 0.4000000060
4903  36.362  -77.868  -12.524 0.4000000060
4911  36.887  -77.364  -13.134 0.4000000060
5496  34.090  -75.555  -11.959 0.6000000238
6096  33.690  -75.823  -11.336 0.6000000238
6102  35.301  -75.596  -12.639 0.5000000000
5505  36.118  -75.934  -12.942 0.4000000060
14159  25.990  -64.029  -14.700 0.5000000000
14150  25.786  -64.124  -13.493 0.5000000000
15661  25.679  -62.803  -11.526 0.5000000000
14887  25.728  -63.683  -12.505 0.5000000000
2458  33.460  -82.029  -15.414 0.5000000000
2459  32.647  -82.590  -15.642 0.5000000000
129648  33.728  -79.581  -12.941 0.4000000060
3859  34.133  -79.898  -13.471 0.4000000060
109801  36.061  -80.946  -17.255 0.4000000060
4361  34.864  -78.796  -12.102 0.4000000060
4360  35.681  -78.438  -12.206 0.4000000060
3873  35.485  -80.235  -14.360 0.4000000060
116881  36.428  -79.993  -14.906 0.4000000060
4894  34.437  -77.609  -11.388 0.5000000000
133086  36.778  -78.178  -13.066 0.4000000060
6103  34.580  -75.345  -12.522 0.6000000238
5493  36.348  -76.877  -12.596 0.5000000000
6104  33.982  -74.802  -12.936 0.5000000000
10853  33.189  -69.869  -15.720 0.3000000119
10118  32.465  -70.683  -15.752 0.3000000119
10119  32.056  -70.322  -16.077 0.3000000119
10125  32.715  -70.437  -16.454 0.3000000119
10843  33.988  -68.484  -14.506 0.3000000119
10852  33.877  -69.002  -15.628 0.3000000119
10110  32.472  -70.716  -14.597 0.3000000119
9396  32.137  -71.274  -14.438 0.4000000060
114014  31.965  -70.856  -14.267 0.4000000060
10099  31.666  -70.395  -14.145 0.4000000060
10111  31.868  -70.396  -14.919 0.4000000060
9382  32.010  -70.262  -12.169 0.4000000060
10844  33.260  -69.698  -14.677 0.3000000119
10845  31.822  -68.872  -13.830 0.4000000060
11641  33.765  -68.555  -16.538 0.3000000119
10854  32.099  -69.732  -16.089 0.3000000119
8001  32.290  -73.261  -14.318 0.4000000060
7348  32.356  -73.677  -14.145 0.4000000060
7345  32.578  -73.322  -13.061 0.4000000060
7340  32.576  -72.775  -12.017 0.4000000060
112829  32.976  -71.677  -14.192 0.4000000060
117973  31.956  -71.715  -14.285 0.4000000060
8684  31.889  -72.192  -14.054 0.4000000060
7984  32.168  -72.538  -13.082 0.4000000060
8671  32.040  -71.920  -12.475 0.4000000060
9395  33.143  -71.004  -13.791 0.3000000119
9397  31.805  -71.400  -14.095 0.4000000060
9390  31.845  -71.163  -13.045 0.4000000060
129890  32.298  -71.650  -11.174 0.4000000060
116140  32.062  -71.071  -11.699 0.4000000060
10098  33.456  -69.360  -13.473 0.3000000119
10085  31.973  -69.689  -12.980 0.4000000060
11611  31.956  -68.220  -14.155 0.4000000060
6720  32.966  -74.437  -14.736 0.4000000060
6710  33.088  -74.476  -13.696 0.4000000060
8010  32.951  -73.214  -14.503 0.4000000060
6716  32.615  -74.252  -14.316 0.4000000060
7344  33.141  -74.027  -12.661 0.4000000060
8676  34.194  -71.255  -13.273 0.3000000119
9389  34.319  -70.488  -12.839 0.3000000119
10109  33.572  -70.087  -13.288 0.3000000119
7973  32.424  -72.353  -11.059 0.4000000060
10097  34.090  -69.089  -12.420 0.3000000119
6112  33.595  -74.994  -13.977 0.4000000060
12441  32.341  -67.373  -14.406 0.3000000119
12453  32.511  -67.634  -15.296 0.3000000119
11619  31.989  -68.541  -15.238 0.3000000119
7326  32.778  -73.183  -10.798 0.4000000060
116899  33.660  -74.743  -12.160 0.4000000060
6111  34.516  -75.152  -13.377 0.4000000060
10132  32.642  -70.144  -16.707 0.3000000119
10859  33.792  -68.785  -16.456 0.3000000119
8683  32.389  -72.396  -14.316 0.4000000060
115558  31.768  -70.651  -13.619 0.4000000060
114893  31.697  -69.529  -15.022 0.4000000060
6711  32.627  -74.011  -13.692 0.4000000060
7992  31.994  -72.857  -13.897 0.4000000060
117702  31.735  -71.777  -13.784 0.4000000060
8689  33.549  -72.466  -14.186 0.4000000060
129922  31.815  -85.726  -11.365 0.3000000119
1199  31.482  -86.396  -11.467 0.3000000119
2408  31.690  -83.156  -10.587 0.3000000119
1391  31.364  -85.948  -10.278 0.3000000119
1680  32.080  -85.022  -11.960 0.3000000119
1409  31.858  -86.098  -12.045 0.3000000119
2013  31.586  -83.510  -9.565 0.3000000119
120019  31.536  -84.227  -10.018 0.3000000119
2418  32.081  -82.200  -11.025 0.3000000119
2019  31.688  -83.941  -11.238 0.3000000119
1421  31.550  -85.535  -12.843 0.3000000119
2034  31.339  -83.952  -15.342 0.3000000119
2383  33.538  -82.691  -7.906 0.3000000119
2001  32.118  -83.024  -9.041 0.3000000119
2406  32.821  -82.067  -10.046 0.3000000119
128963  32.659  -82.562  -9.188 0.3000000119
1653  31.237  -84.411  -9.162 0.3000000119
126635  31.834  -82.972  -12.489 0.3000000119
2441  32.504  -82.402  -13.730 0.3000000119
2031  31.556  -83.524  -14.304 0.3000000119
2888  33.937  -81.634  -10.279 0.3000000119
2419  31.694  -82.952  -11.663 0.3000000119
115006  32.965  -81.716  -10.929 0.3000000119
2894  33.795  -81.625  -11.399 0.3000000119
2428  32.946  -82.123  -12.857 0.3000000119
120648  32.229  -82.708  -13.035 0.3000000119
109719  36.094  -81.487  -14.954 0.4000000060
121851  34.850  -81.444  -13.461 0.4000000060
120071  27.997  -83.285  -9.342 0.3000000119
117483  27.226  -83.019  -9.223 0.3000000119
1665  31.363  -85.471  -9.269 0.3000000119
132869  31.279  -86.114  -9.161 0.3000000119
2374  31.622  -82.306  -7.818 0.3000000119
2386  31.220  -82.593  -8.626 0.3000000119
2396  29.689  -82.806  -9.311 0.3000000119
2005  28.996  -83.556  -9.345 0.3000000119
2857  33.492  -81.938  -7.633 0.3000000119
1994  31.515  -83.050  -8.887 0.3000000119
1995  30.694  -83.091  -9.130 0.3000000119
123216  29.331  -84.622  -9.188 0.3000000119
2006  28.249  -84.315  -9.300 0.3000000119
1993  32.197  -82.821  -8.575 0.3000000119
2002  31.402  -83.313  -9.166 0.3000000119
126076  30.358  -85.064  -8.889 0.3000000119
124097  30.505  -86.012  -8.618 0.3000000119
1654  31.051  -85.395  -8.761 0.3000000119
1384  31.087  -86.148  -8.730 0.3000000119
2025  31.687  -83.740  -12.434 0.3000000119
117219  31.612  -84.614  -12.955 0.3000000119
2384  32.877  -82.768  -7.901 0.3000000119
2429  32.214  -82.442  -12.147 0.3000000119
2882  28.402  -81.655  -9.486 0.3000000119
1184  30.344  -86.584  -8.822 0.3000000119
2385  32.129  -82.729  -8.170 0.3000000119
2880  30.250  -82.296  -9.075 0.3000000119
2003  30.991  -84.144  -9.054 0.3000000119
2004  30.054  -83.884  -9.209 0.3000000119
1385  29.629  -86.392  -8.823 0.3000000119
2908  33.906  -81.713  -13.173 0.3000000119
4919  40.494  -76.790  -16.266 0.3000000119
4383  40.343  -77.740  -15.759 0.3000000119
3881  39.050  -79.121  -15.481 0.4000000060
3388  38.103  -80.220  -15.536 0.4000000060
110461  37.296  -81.173  -16.459 0.3000000119
109793  36.656  -81.990  -17.015 0.3000000119
5517  39.762  -76.377  -16.797 0.3000000119
127872  39.242  -77.782  -16.300 0.4000000060
4385  38.885  -78.714  -15.818 0.4000000060
4386  38.254  -79.589  -15.283 0.4000000060
3891  37.405  -80.551  -16.054 0.3000000119
4916  37.923  -77.583  -14.469 0.4000000060
3871  37.455  -79.809  -15.200 0.4000000060
4370  37.419  -77.929  -13.561 0.3000000119
5502  42.269  -76.129  -13.983 0.3000000119
4914  41.767  -76.648  -14.569 0.3000000119
4378  40.688  -78.140  -14.629 0.4000000060
4379  39.875  -78.664  -15.120 0.4000000060
3870  38.560  -79.802  -15.078 0.3000000119
2917  37.324  -81.027  -15.389 0.3000000119
2914  36.923  -81.201  -14.684 0.3000000119
126044  41.678  -76.135  -14.503 0.3000000119
6113  40.955  -75.942  -14.681 0.3000000119
6121  39.894  -75.697  -16.486 0.3000000119
6122  39.363  -75.507  -16.691 0.3000000119
5522  39.097  -76.036  -17.135 0.3000000119
123121  38.722  -77.813  -16.031 0.4000000060
6115  39.060  -75.291  -15.820 0.3000000119
6123  38.531  -75.406  -16.540 0.3000000119
6128  39.024  -75.566  -17.029 0.3000000119
4926  38.525  -76.587  -16.686 0.4000000060
113443  38.136  -78.508  -15.302 0.4000000060
6130  37.516  -75.419  -16.017 0.3000000119
5518  37.574  -76.179  -15.835 0.4000000060
5511  37.901  -76.616  -14.667 0.4000000060
6118  35.359  -75.190  -14.791 0.3000000119
6117  36.314  -75.373  -15.056 0.4000000060
5512  37.427  -75.884  -14.400 0.4000000060
5503  37.631  -76.869  -13.740 0.4000000060
6125  34.545  -74.784  -14.978 0.3000000119
6109  36.289  -75.634  -14.073 0.4000000060
5470  41.533  -77.233  -10.511 0.3000000119
4873  40.992  -77.771  -10.897 0.3000000119
4892  40.253  -78.090  -11.211 0.3000000119
4344  39.439  -78.461  -11.656 0.3000000119
5492  42.604  -76.480  -13.067 0.3000000119
4900  42.545  -77.464  -12.536 0.3000000119
4901  41.185  -78.313  -12.526 0.3000000119
4359  38.919  -79.037  -12.158 0.3000000119
6101  42.013  -75.126  -13.278 0.3000000119
6100  42.432  -75.500  -13.385 0.3000000119
4909  42.218  -77.279  -13.484 0.3000000119
4357  40.827  -78.506  -13.425 0.3000000119
132435  40.129  -78.929  -13.252 0.3000000119
3839  39.440  -79.531  -13.169 0.3000000119
115198  38.458  -80.526  -13.188 0.3000000119
2906  37.223  -81.147  -13.452 0.3000000119
2898  36.928  -81.480  -12.685 0.3000000119
6105  41.951  -75.579  -13.997 0.3000000119
6721  36.792  -75.101  -15.627 0.3000000119
5519  37.067  -75.440  -15.558 0.3000000119
6719  36.458  -74.434  -15.273 0.3000000119
122514  35.778  -75.079  -15.365 0.3000000119
7357  34.386  -74.368  -14.897 0.3000000119
6723  33.942  -74.624  -14.911 0.3000000119
6126  33.716  -74.734  -14.792 0.3000000119
5452  41.980  -76.667  -9.931 0.3000000119
5469  42.578  -77.221  -10.560 0.3000000119
4872  42.097  -77.804  -10.978 0.3000000119
4891  41.471  -78.098  -11.621 0.3000000119
4889  42.965  -77.013  -12.013 0.3000000119
2899  35.855  -81.454  -12.799 0.3000000119
6059  42.397  -75.968  -9.273 0.3000000119
5451  43.090  -76.744  -9.986 0.3000000119
5450  43.696  -76.444  -10.074 0.3000000119
4871  42.807  -77.360  -11.119 0.3000000119
4890  42.419  -77.780  -11.727 0.3000000119
6099  42.918  -75.785  -12.706 0.3000000119
6058  43.608  -76.094  -9.479 0.3000000119
5467  43.616  -76.548  -10.769 0.3000000119
5484  43.237  -76.941  -11.172 0.3000000119
133191  35.650  -81.395  -13.853 0.3000000119
124359  36.858  -81.530  -16.235 0.3000000119
3890  37.687  -80.430  -15.819 0.3000000119
5504  36.887  -76.379  -13.368 0.4000000060
7351  33.619  -73.914  -14.769 0.3000000119
5510  40.949  -76.355  -15.427 0.3000000119
4920  39.815  -77.316  -16.489 0.3000000119
4915  41.092  -77.145  -15.260 0.3000000119
4384  39.518  -78.230  -15.915 0.4000000060
3882  38.239  -79.781  -15.489 0.4000000060
4921  38.039  -77.060  -15.884 0.4000000060
4910  41.400  -77.595  -14.085 0.3000000119
4369  40.110  -78.952  -13.979 0.3000000119
3869  39.269  -79.501  -14.407 0.4000000060
3363  38.312  -80.412  -13.893 0.3000000119
6106  41.301  -75.179  -13.842 0.3000000119
6107  40.424  -75.526  -14.323 0.3000000119
6114  39.985  -75.594  -15.691 0.3000000119
4927  37.953  -76.209  -16.454 0.4000000060
6722  34.953  -74.823  -15.073 0.3000000119
4902  40.461  -78.204  -11.942 0.3000000119
4358  40.017  -78.684  -12.581 0.3000000119
7356  35.484  -74.380  -15.110 0.3000000119
8607  25.883  -71.373  -7.278 0.4000000060
1185  29.425  -86.965  -9.125 0.3000000119
1208  31.546  -86.828  -12.007 0.3000000119
1655  29.607  -85.583  -8.902 0.3000000119
1674  31.744  -85.068  -10.673 0.3000000119
2372  33.240  -82.533  -7.713 0.3000000119
2373  32.530  -82.473  -7.649 0.3000000119
2395  32.851  -82.730  -8.391 0.3000000119
2407  32.061  -82.734  -9.896 0.3000000119
2417  32.826  -81.868  -11.769 0.3000000119
2430  31.789  -83.237  -13.167 0.3000000119
2442  31.901  -82.873  -13.847 0.3000000119
2479  31.367  -83.697  -18.059 0.5000000000
2484  31.586  -83.882  -18.826 0.5000000000
2486  33.099  -82.538  -19.806 0.4000000060
2907  36.448  -81.304  -13.705 0.3000000119
2913  37.438  -80.928  -14.205 0.3000000119
2920  33.366  -81.170  -17.550 0.4000000060
3364  37.879  -80.851  -13.235 0.3000000119
3365  31.553  -80.337  -13.852 0.5000000000
3367  29.822  -80.162  -14.064 0.6000000238
3375  38.188  -80.296  -14.870 0.3000000119
3376  37.787  -80.652  -14.521 0.3000000119
3380  32.448  -80.377  -14.208 0.4000000060
3382  30.596  -80.340  -14.704 0.4000000060
3389  37.661  -80.633  -15.726 0.3000000119
3400  37.743  -80.439  -15.843 0.3000000119
3401  37.349  -80.928  -16.636 0.3000000119
3829  31.811  -79.318  -11.891 0.6999999881
3847  29.923  -78.712  -12.709 0.6000000238
3856  38.904  -80.134  -13.616 0.3000000119
3862  30.393  -79.821  -13.358 0.6999999881
3874  34.550  -80.285  -14.172 0.4000000060
4329  32.079  -78.257  -10.827 0.6999999881
4330  31.196  -78.275  -10.819 0.6999999881
4350  30.694  -78.680  -11.385 0.6999999881
4380  37.590  -78.744  -14.318 0.4000000060
4881  29.085  -77.033  -10.795 0.5000000000
4897  29.422  -77.516  -11.314 0.5000000000
4905  35.125  -77.996  -11.606 0.4000000060
4925  39.226  -76.925  -16.743 0.4000000060
5468  43.219  -76.938  -10.609 0.3000000119
5516  40.204  -76.033  -16.455 0.3000000119
5521  39.527  -75.770  -16.879 0.3000000119
5523  38.400  -75.749  -16.799 0.3000000119
5524  37.681  -75.763  -16.323 0.3000000119
6110  35.356  -75.369  -13.712 0.4000000060
6119  34.165  -75.078  -14.393 0.3000000119
6120  33.408  -74.737  -14.707 0.3000000119
6127  33.284  -74.623  -14.728 0.4000000060
6129  38.007  -75.474  -16.398 0.3000000119
6660  30.795  -74.947  -8.028 0.6999999881
6715  32.976  -74.554  -14.663 0.4000000060
7352  32.770  -74.076  -14.675 0.4000000060
7353  32.662  -74.130  -14.567 0.4000000060
7358  33.276  -74.425  -14.857 0.3000000119
7909  29.792  -72.030  -6.766 0.6000000238
7917  32.227  -72.534  -7.680 0.8000000119
7935  32.510  -72.171  -8.204 0.6999999881
8677  31.863  -72.194  -13.603 0.4000000060
9320  29.228  -70.731  -6.560 0.6000000238
9336  28.183  -70.416  -7.004 0.6999999881
9339  24.788  -70.500  -7.891 0.5000000000
9355  24.558  -69.921  -8.407 0.5000000000
9404  32.424  -70.693  -16.575 0.3000000119
10067  25.163  -69.477  -9.400 0.5000000000
10141  28.444  -70.126  -18.606 0.5000000000
10143  27.750  -70.238  -19.403 0.5000000000
10144  27.886  -69.746  -20.118 0.5000000000
10758  28.736  -68.818  -6.553 0.6000000238
10770  28.194  -68.853  -7.601 0.6999999881
10846  21.940  -68.855  -14.217 0.5000000000
10860  33.282  -69.429  -16.238 0.3000000119
10865  33.172  -69.237  -16.460 0.3000000119
10870  28.097  -68.389  -17.427 0.5000000000
10874  27.559  -69.559  -19.862 0.5000000000
10875  27.496  -69.154  -18.841 0.5000000000
10876  27.820  -69.135  -20.193 0.5000000000
10877  28.911  -69.275  -20.609 0.5000000000
10878  28.366  -69.065  -20.426 0.5000000000
11535  29.513  -67.650  -6.424 0.6999999881
11563  31.808  -67.673  -8.074 0.6999999881
11621  21.752  -67.038  -14.704 0.5000000000
11628  34.199  -68.655  -16.260 0.3000000119
11652  26.621  -68.542  -17.622 0.6000000238
11660  30.188  -68.747  -20.288 0.6000000238
11661  27.561  -67.646  -19.328 0.5000000000
11662  27.160  -68.336  -18.397 0.5000000000
11667  29.374  -69.006  -20.618 0.5000000000
11668  28.584  -68.101  -20.429 0.5000000000
11669  27.838  -68.311  -20.165 0.5000000000
11670  28.436  -68.815  -20.461 0.5000000000
12379  27.262  -66.737  -8.072 0.6999999881
12455  21.615  -66.090  -14.296 0.5000000000
12480  25.997  -66.854  -16.748 0.6000000238
12500  27.799  -66.657  -19.553 0.5000000000
13243  27.080  -65.240  -8.886 0.6000000238
13267  23.733  -65.788  -12.552 0.5000000000
13271  27.252  -65.590  -13.848 0.6999999881
13273  21.511  -65.236  -13.919 0.6000000238
13325  28.362  -65.820  -19.601 0.5000000000
13334  30.056  -66.672  -20.265 0.6000000238
14073  31.282  -64.827  -6.844 0.6999999881
14075  29.638  -64.811  -6.776 0.6999999881
14093  28.267  -64.475  -7.492 0.6000000238
14121  27.361  -64.434  -10.969 0.6999999881
14131  26.949  -64.952  -11.359 0.6999999881
14141  26.985  -64.907  -11.973 0.6999999881
14148  28.288  -64.592  -13.899 0.6999999881
14149  27.635  -64.931  -13.420 0.6999999881
14151  25.257  -65.171  -13.130 0.6000000238
14831  29.236  -63.605  -7.710 0.6999999881
14849  33.874  -63.739  -7.792 0.6000000238
14850  29.341  -63.196  -8.187 0.6999999881
14852  27.965  -63.831  -8.647 0.6999999881
14869  24.447  -63.514  -10.719 0.6000000238
14875  28.348  -63.315  -10.967 0.6999999881
14878  24.672  -63.930  -11.201 0.6000000238
14879  22.616  -63.654  -10.795 0.6000000238
14918  26.733  -63.659  -16.294 0.5000000000
15601  32.823  -62.602  -7.384 0.6000000238
15622  29.072  -62.999  -8.822 0.6999999881
15634  29.381  -62.291  -10.124 0.6000000238
15635  28.884  -62.829  -9.649 0.6000000238
15646  28.830  -62.773  -10.521 0.6999999881
15650  23.645  -62.852  -10.192 0.6000000238
15669  29.635  -62.433  -12.965 0.6000000238
15670  26.613  -62.386  -12.941 0.5000000000
16381  30.008  -61.899  -9.744 0.6000000238
17143  30.934  -61.035  -8.852 0.6000000238
17171  25.904  -60.997  -10.104 0.4000000060
17915  23.805  -59.723  -8.367 0.3000000119
21039  22.414  -55.279  -10.457 0.4000000060
21954  22.832  -53.682  -11.236 0.3000000119
108859  34.008  -80.852  -16.781 0.4000000060
108860  37.146  -80.930  -17.002 0.3000000119
108873  27.096  -68.737  -15.873 0.5000000000
108885  29.504  -69.582  -20.589 0.5000000000
109644  35.764  -82.251  -17.994 0.4000000060
109651  35.793  -82.232  -16.820 0.5000000000
109709  25.236  -67.873  -14.016 0.6000000238
109785  29.403  -69.892  -19.982 0.5000000000
109816  36.416  -80.861  -16.769 0.4000000060
109832  35.284  -81.548  -15.244 0.5000000000
109833  34.693  -82.243  -18.431 0.4000000060
109845  21.757  -64.074  -11.840 0.6000000238
109930  23.947  -68.300  -13.141 0.5000000000
109959  30.015  -69.402  -19.853 0.6000000238
109969  27.011  -69.096  -15.586 0.5000000000
110049  37.136  -81.372  -17.026 0.3000000119
110078  24.150  -66.627  -12.828 0.6000000238
110178  21.531  -67.706  -15.765 0.5000000000
110179  22.865  -69.561  -16.174 0.5000000000
110215  27.420  -70.257  -18.239 0.5000000000
111336  32.430  -71.891  -10.128 0.5000000000
112138  21.340  -63.406  -15.729 0.5000000000
113752  26.399  -64.279  -16.372 0.6000000238
113991  31.651  -69.749  -14.070 0.4000000060
114368  42.100  -78.066  -12.502 0.3000000119
117296  25.579  -63.365  -11.857 0.6000000238
117468  30.512  -61.475  -9.280 0.6000000238
118858  33.448  -75.110  -11.289 0.6000000238
119771  38.658  -80.049  -14.329 0.3000000119
120007  40.450  -75.862  -15.923 0.3000000119
121036  29.478  -70.132  -6.428 0.6999999881
121193  30.170  -67.269  -6.517 0.6000000238
122105  27.304  -67.380  -15.790 0.6000000238
122708  33.125  -73.944  -8.864 0.6999999881
123354  21.563  -53.052  -9.712 0.3000000119
123533  30.271  -66.121  -6.601 0.6000000238
123772  26.651  -65.300  -11.752 0.6999999881
123790  30.981  -72.625  -7.122 0.6999999881
123905  29.952  -86.930  -9.536 0.3000000119
124033  41.675  -78.104  -13.190 0.3000000119
124984  36.568  -81.465  -17.777 0.4000000060
125004  25.267  -66.795  -15.309 0.6000000238
125010  26.095  -68.475  -16.317 0.6000000238
125044  34.450  -82.153  -16.005 0.5000000000
125046  26.322  -69.615  -14.849 0.4000000060
125125  34.991  -82.628  -17.787 0.5000000000
125224  28.776  -69.640  -20.518 0.5000000000
125225  28.993  -69.496  -19.128 0.6000000238
125254  35.225  -81.057  -16.959 0.4000000060
125274  26.662  -69.275  -15.170 0.4000000060
125398  27.431  -69.390  -17.596 0.5000000000
125547  33.919  -81.692  -19.075 0.4000000060
127831  32.142  -68.947  -8.645 0.6999999881
127864  23.773  -56.746  -9.479 0.4000000060
127907  30.067  -78.496  -11.452 0.6000000238
128072  32.977  -61.988  -7.508 0.6000000238
129457  35.856  -74.842  -15.440 0.3000000119
130056  33.523  -81.863  -14.602 0.5000000000
130390  29.649  -77.828  -12.777 0.6000000238
131016  31.151  -70.183  -6.817 0.6999999881
131283  32.848  -73.413  -8.607 0.6000000238
131386  31.683  -83.333  -13.708 0.3000000119
131725  32.652  -69.595  -16.491 0.3000000119
132026  26.610  -67.295  -11.167 0.6000000238
132595  31.761  -71.738  -14.116 0.4000000060
132881  25.171  -66.064  -14.649 0.6000000238
133797  27.288  -67.887  -16.121 0.5000000000
