#!ascii label  , from subject sub-v1s21x0050413_ses-1 vox2ras=TkReg
440
116739  -21.274  -2.857  -23.483 0.0000000000
136843  -20.579  -8.104  -20.747 0.0000000000
69545  -26.769  -7.466  -23.084 0.0000000000
63874  -23.971  -13.363  -21.113 0.0000000000
86549  -17.398  9.748  -27.952 0.0000000000
85652  -24.188  8.512  -28.462 0.0000000000
77310  -18.440  0.445  -23.215 0.0000000000
59887  -22.891  -16.962  -18.192 0.0000000000
127245  -22.574  -10.848  -21.312 0.0000000000
132465  -21.244  -12.624  -19.228 0.0000000000
87371  -21.455  9.348  -29.875 0.0000000000
83845  -22.572  6.925  -27.084 0.0000000000
72635  -17.579  -4.495  -23.157 0.0000000000
74511  -16.469  -1.932  -22.714 0.0000000000
115719  -19.667  -1.395  -23.328 0.0000000000
78306  -23.557  1.410  -25.712 0.0000000000
76359  -24.039  -0.238  -25.260 0.0000000000
117539  -25.377  -2.617  -24.536 0.0000000000
70558  -18.707  -5.722  -21.515 0.0000000000
71626  -20.075  -5.433  -21.883 0.0000000000
71643  -23.740  -5.176  -23.120 0.0000000000
127240  -23.460  -7.576  -22.091 0.0000000000
139190  -25.370  -10.336  -21.916 0.0000000000
114909  -26.990  -11.745  -20.163 0.0000000000
79221  -19.233  2.372  -23.060 0.0000000000
81092  -23.206  4.029  -26.206 0.0000000000
82921  -25.396  5.769  -26.891 0.0000000000
62911  -20.505  -14.486  -18.126 0.0000000000
61977  -23.592  -15.144  -19.303 0.0000000000
65599  -21.166  -11.434  -19.746 0.0000000000
64720  -20.673  -12.814  -18.768 0.0000000000
84743  -22.118  7.553  -27.280 0.0000000000
82906  -21.802  6.070  -25.716 0.0000000000
116120  -19.044  -3.799  -22.848 0.0000000000
116990  -18.145  -2.353  -23.146 0.0000000000
74524  -20.381  -2.272  -23.295 0.0000000000
75430  -21.747  -0.913  -23.933 0.0000000000
74538  -22.898  -2.032  -24.185 0.0000000000
75433  -24.454  -1.723  -24.744 0.0000000000
73618  -23.176  -2.838  -24.040 0.0000000000
69527  -19.843  -6.805  -20.873 0.0000000000
70568  -18.559  -5.815  -21.935 0.0000000000
70560  -20.678  -6.894  -21.433 0.0000000000
70571  -21.984  -6.321  -22.195 0.0000000000
69529  -21.723  -8.034  -21.587 0.0000000000
64737  -23.261  -12.000  -21.146 0.0000000000
66578  -23.143  -10.511  -21.711 0.0000000000
64750  -24.643  -12.106  -21.726 0.0000000000
66569  -26.402  -10.788  -21.192 0.0000000000
115457  -25.791  -13.892  -21.070 0.0000000000
86526  -17.901  9.626  -26.897 0.0000000000
88216  -17.889  11.211  -26.511 0.0000000000
87356  -16.796  11.025  -27.481 0.0000000000
89078  -15.821  14.126  -27.446 0.0000000000
88228  -17.073  11.447  -28.975 0.0000000000
86529  -23.170  9.380  -29.025 0.0000000000
76322  -16.823  0.083  -23.654 0.0000000000
77288  -16.606  0.863  -22.962 0.0000000000
119419  -19.116  1.711  -23.038 0.0000000000
80164  -20.745  3.453  -24.455 0.0000000000
78291  -20.488  1.849  -23.739 0.0000000000
116874  -24.743  1.769  -26.703 0.0000000000
124656  -24.775  3.510  -27.043 0.0000000000
81103  -25.789  4.232  -26.851 0.0000000000
134467  -24.926  -5.982  -22.882 0.0000000000
72642  -25.613  -4.571  -23.595 0.0000000000
59868  -21.167  -17.117  -17.824 0.0000000000
60938  -21.861  -15.784  -18.530 0.0000000000
62913  -21.873  -14.910  -18.872 0.0000000000
61962  -23.792  -16.005  -18.906 0.0000000000
67507  -20.693  -9.417  -20.343 0.0000000000
67513  -21.579  -9.546  -20.916 0.0000000000
125246  -21.548  -10.985  -20.277 0.0000000000
65601  -22.014  -11.539  -20.212 0.0000000000
63865  -23.287  -12.779  -20.371 0.0000000000
85659  -19.563  7.629  -27.890 0.0000000000
86551  -18.582  8.949  -28.875 0.0000000000
85661  -21.747  8.177  -28.856 0.0000000000
85662  -22.746  7.949  -29.373 0.0000000000
84745  -23.479  7.174  -28.843 0.0000000000
71637  -15.489  -4.723  -22.642 0.0000000000
73599  -16.155  -2.833  -23.227 0.0000000000
75414  -17.381  -0.848  -23.496 0.0000000000
76324  -19.022  -0.143  -23.384 0.0000000000
119046  -21.008  1.034  -23.949 0.0000000000
119172  -21.038  -0.258  -23.706 0.0000000000
77351  -23.833  0.610  -25.510 0.0000000000
77368  -25.133  1.120  -26.478 0.0000000000
76361  -25.778  -0.216  -25.876 0.0000000000
59852  -24.584  -17.856  -16.993 0.0000000000
60923  -24.797  -16.955  -17.981 0.0000000000
70582  -17.473  -6.091  -22.739 0.0000000000
71641  -19.113  -4.672  -22.366 0.0000000000
72638  -20.908  -4.115  -22.895 0.0000000000
116520  -22.270  -4.061  -23.354 0.0000000000
71628  -21.891  -5.490  -22.499 0.0000000000
71629  -23.345  -5.953  -22.537 0.0000000000
69538  -25.284  -7.411  -22.268 0.0000000000
67521  -22.575  -9.418  -21.750 0.0000000000
67523  -24.561  -9.113  -21.816 0.0000000000
67525  -26.114  -9.059  -22.428 0.0000000000
67526  -27.292  -9.387  -22.514 0.0000000000
132679  -27.698  -10.344  -20.792 0.0000000000
87378  -18.757  10.464  -29.826 0.0000000000
81077  -21.052  4.697  -24.700 0.0000000000
81994  -23.364  5.473  -26.590 0.0000000000
82919  -24.318  6.528  -27.467 0.0000000000
79258  -23.276  2.610  -25.962 0.0000000000
81996  -24.694  5.078  -26.975 0.0000000000
83855  -25.033  6.683  -27.190 0.0000000000
73606  -24.375  -3.751  -23.910 0.0000000000
73622  -26.531  -3.037  -24.345 0.0000000000
63840  -19.976  -13.770  -17.886 0.0000000000
63847  -21.351  -13.402  -19.025 0.0000000000
63856  -22.162  -13.458  -19.467 0.0000000000
130986  -24.754  -14.628  -20.888 0.0000000000
61964  -25.343  -15.826  -18.766 0.0000000000
126998  -25.217  -14.740  -19.536 0.0000000000
115570  -25.626  -14.450  -21.048 0.0000000000
81980  -20.810  5.497  -24.321 0.0000000000
73602  -20.608  -3.317  -23.115 0.0000000000
73601  -19.740  -3.046  -23.054 0.0000000000
116724  -21.279  -1.979  -23.541 0.0000000000
74525  -22.178  -2.582  -23.772 0.0000000000
123367  -20.338  -8.559  -20.371 0.0000000000
69523  -20.041  -7.738  -20.566 0.0000000000
69528  -20.467  -7.388  -21.027 0.0000000000
132060  -21.159  -7.391  -21.461 0.0000000000
133368  -21.089  -8.093  -21.097 0.0000000000
64738  -23.728  -12.576  -21.355 0.0000000000
64748  -23.544  -11.870  -21.670 0.0000000000
64739  -24.423  -13.087  -21.436 0.0000000000
64740  -25.162  -12.845  -21.345 0.0000000000
132806  -25.149  -13.858  -21.300 0.0000000000
86525  -17.349  9.903  -27.373 0.0000000000
87355  -15.685  11.725  -27.719 0.0000000000
88215  -16.237  11.471  -28.488 0.0000000000
87369  -16.958  10.648  -28.032 0.0000000000
128597  -23.606  8.834  -28.865 0.0000000000
130512  -24.256  9.609  -27.951 0.0000000000
76343  -17.173  0.560  -23.979 0.0000000000
77307  -16.816  0.880  -23.605 0.0000000000
78275  -16.977  1.058  -23.513 0.0000000000
78264  -17.371  0.965  -22.927 0.0000000000
78277  -18.808  0.945  -22.953 0.0000000000
78278  -19.530  1.439  -23.194 0.0000000000
126102  -20.184  1.052  -23.447 0.0000000000
79275  -25.215  2.676  -26.903 0.0000000000
80191  -25.394  3.502  -26.977 0.0000000000
69544  -25.983  -6.924  -22.574 0.0000000000
70585  -25.759  -6.035  -23.074 0.0000000000
134724  -26.599  -6.467  -23.097 0.0000000000
59870  -22.851  -17.676  -17.803 0.0000000000
60922  -22.045  -16.977  -18.204 0.0000000000
61946  -21.461  -16.314  -18.211 0.0000000000
60939  -22.637  -16.238  -18.562 0.0000000000
60940  -23.462  -16.673  -18.428 0.0000000000
66559  -20.551  -10.099  -20.010 0.0000000000
66560  -21.389  -10.281  -20.518 0.0000000000
66555  -20.782  -10.741  -19.893 0.0000000000
120661  -21.640  -12.074  -19.664 0.0000000000
64731  -22.519  -12.206  -20.116 0.0000000000
64725  -21.918  -12.763  -19.559 0.0000000000
85658  -19.260  8.213  -28.665 0.0000000000
85660  -20.526  7.941  -28.353 0.0000000000
84744  -22.724  7.211  -28.838 0.0000000000
127418  -22.917  6.871  -28.314 0.0000000000
85651  -23.223  7.521  -29.277 0.0000000000
82910  -23.051  6.374  -26.832 0.0000000000
123985  -16.750  -4.504  -23.210 0.0000000000
118378  -17.067  -3.565  -23.151 0.0000000000
74522  -18.751  -1.900  -23.261 0.0000000000
74521  -17.514  -1.803  -23.242 0.0000000000
129971  -18.831  -1.219  -23.452 0.0000000000
75428  -18.127  -0.716  -23.832 0.0000000000
131940  -19.142  -0.787  -23.438 0.0000000000
76325  -19.999  -0.222  -23.363 0.0000000000
123059  -19.801  -0.796  -23.391 0.0000000000
76346  -23.355  -0.838  -24.685 0.0000000000
77333  -22.978  -0.046  -24.843 0.0000000000
77352  -24.760  0.423  -25.845 0.0000000000
77369  -25.719  0.564  -26.262 0.0000000000
76360  -25.036  -0.463  -25.574 0.0000000000
75434  -25.435  -1.830  -24.831 0.0000000000
75444  -25.726  -1.018  -25.420 0.0000000000
74541  -26.126  -2.412  -24.658 0.0000000000
59853  -25.219  -17.516  -16.549 0.0000000000
70557  -17.581  -6.631  -21.852 0.0000000000
70566  -17.119  -6.733  -22.145 0.0000000000
70567  -17.842  -6.457  -22.181 0.0000000000
70569  -19.581  -5.931  -21.484 0.0000000000
71625  -19.174  -5.378  -21.894 0.0000000000
72624  -19.753  -4.842  -22.175 0.0000000000
72625  -20.529  -4.756  -22.388 0.0000000000
72626  -21.367  -4.763  -22.682 0.0000000000
71627  -20.987  -5.415  -22.165 0.0000000000
69535  -21.935  -7.141  -21.897 0.0000000000
70572  -22.835  -6.749  -22.187 0.0000000000
70573  -23.939  -6.708  -22.316 0.0000000000
69537  -24.373  -7.513  -22.161 0.0000000000
66568  -22.120  -10.260  -21.163 0.0000000000
67514  -22.002  -9.624  -21.530 0.0000000000
66577  -22.488  -10.261  -21.620 0.0000000000
124260  -24.762  -10.095  -21.868 0.0000000000
129636  -23.863  -9.865  -21.647 0.0000000000
67524  -25.452  -9.550  -22.081 0.0000000000
121724  -25.338  -8.832  -22.105 0.0000000000
67534  -26.900  -9.078  -23.021 0.0000000000
133482  -26.252  -9.715  -22.250 0.0000000000
65603  -26.652  -11.286  -20.689 0.0000000000
66570  -27.078  -10.575  -21.081 0.0000000000
66562  -27.406  -10.964  -20.464 0.0000000000
66563  -28.149  -10.572  -20.247 0.0000000000
86552  -19.722  8.982  -29.769 0.0000000000
87379  -19.733  10.085  -30.223 0.0000000000
74510  -15.054  -2.620  -22.760 0.0000000000
79213  -18.926  1.670  -22.757 0.0000000000
79233  -19.577  3.271  -23.362 0.0000000000
120904  -20.446  4.245  -24.210 0.0000000000
80163  -20.031  3.782  -23.728 0.0000000000
121076  -21.713  3.311  -25.160 0.0000000000
81085  -22.439  4.446  -25.741 0.0000000000
133741  -23.000  4.754  -26.233 0.0000000000
81093  -23.752  4.500  -26.629 0.0000000000
78305  -22.529  1.558  -25.268 0.0000000000
78292  -21.567  1.740  -24.592 0.0000000000
78321  -23.152  2.029  -25.707 0.0000000000
82003  -25.065  4.546  -27.087 0.0000000000
81094  -24.559  4.268  -26.994 0.0000000000
133923  -25.089  5.204  -26.984 0.0000000000
82920  -24.690  5.890  -27.050 0.0000000000
124470  -25.783  7.335  -26.868 0.0000000000
72640  -22.986  -4.395  -23.329 0.0000000000
73605  -23.505  -3.640  -23.763 0.0000000000
72641  -23.846  -4.317  -23.514 0.0000000000
72649  -26.089  -3.789  -23.959 0.0000000000
61960  -21.134  -15.345  -18.291 0.0000000000
63846  -20.627  -13.644  -18.449 0.0000000000
62912  -21.210  -14.326  -18.632 0.0000000000
61976  -22.691  -14.966  -19.227 0.0000000000
62925  -22.415  -14.198  -19.350 0.0000000000
62926  -23.298  -14.270  -19.522 0.0000000000
63857  -23.227  -13.394  -19.784 0.0000000000
62927  -24.234  -14.424  -19.621 0.0000000000
60942  -25.057  -16.461  -18.411 0.0000000000
115528  -25.542  -14.408  -19.560 0.0000000000
65598  -20.367  -11.235  -19.179 0.0000000000
64724  -20.784  -12.059  -19.197 0.0000000000
83844  -21.756  7.352  -26.185 0.0000000000
83836  -22.153  6.633  -26.278 0.0000000000
73600  -18.119  -3.466  -23.068 0.0000000000
117132  -18.890  -2.767  -23.035 0.0000000000
74523  -19.416  -2.035  -23.211 0.0000000000
75416  -20.509  -1.401  -23.420 0.0000000000
76326  -20.681  -0.850  -23.531 0.0000000000
75417  -21.238  -1.330  -23.586 0.0000000000
75431  -22.692  -1.301  -24.277 0.0000000000
75432  -23.565  -1.568  -24.569 0.0000000000
76347  -24.256  -1.034  -25.006 0.0000000000
74539  -23.782  -2.286  -24.430 0.0000000000
74540  -24.657  -2.441  -24.522 0.0000000000
69522  -19.454  -7.246  -20.394 0.0000000000
70554  -19.247  -6.212  -20.948 0.0000000000
70559  -19.424  -6.059  -21.275 0.0000000000
124302  -20.077  -6.584  -21.245 0.0000000000
70570  -20.568  -6.166  -21.674 0.0000000000
128042  -21.369  -5.990  -22.060 0.0000000000
70561  -21.306  -6.633  -21.776 0.0000000000
69536  -22.532  -7.779  -21.940 0.0000000000
65616  -23.040  -11.347  -21.433 0.0000000000
137435  -22.852  -10.803  -21.613 0.0000000000
65617  -23.372  -11.190  -21.760 0.0000000000
65618  -24.233  -11.519  -21.916 0.0000000000
65619  -24.970  -11.204  -21.967 0.0000000000
65620  -25.728  -10.650  -21.601 0.0000000000
65609  -25.276  -11.754  -21.381 0.0000000000
65610  -25.965  -11.539  -21.046 0.0000000000
114916  -26.160  -12.365  -20.569 0.0000000000
86539  -19.184  7.817  -26.769 0.0000000000
87357  -17.546  10.722  -26.855 0.0000000000
132910  -15.619  12.023  -27.438 0.0000000000
89092  -16.149  12.137  -29.046 0.0000000000
86542  -22.431  8.747  -29.495 0.0000000000
87381  -21.088  9.745  -30.411 0.0000000000
87372  -22.135  9.849  -29.543 0.0000000000
77278  -16.191  0.817  -21.530 0.0000000000
115943  -16.560  0.869  -21.976 0.0000000000
78265  -17.991  0.852  -22.708 0.0000000000
78276  -18.756  1.185  -22.815 0.0000000000
79234  -20.238  2.887  -23.831 0.0000000000
79222  -19.666  2.322  -23.309 0.0000000000
79235  -21.162  2.587  -24.558 0.0000000000
138478  -22.619  3.062  -25.624 0.0000000000
78322  -24.049  2.008  -26.422 0.0000000000
79260  -24.699  2.296  -26.841 0.0000000000
81101  -25.059  3.820  -27.131 0.0000000000
82004  -25.548  4.914  -26.879 0.0000000000
137263  -24.535  -5.434  -23.125 0.0000000000
71644  -24.657  -4.627  -23.495 0.0000000000
70584  -25.234  -5.334  -23.282 0.0000000000
122346  -25.925  -5.236  -23.389 0.0000000000
127743  -20.803  -16.154  -17.768 0.0000000000
135242  -22.366  -15.512  -18.847 0.0000000000
61961  -23.023  -15.612  -19.015 0.0000000000
67506  -20.106  -8.958  -19.919 0.0000000000
68508  -21.023  -8.759  -20.746 0.0000000000
66561  -22.268  -10.957  -20.783 0.0000000000
65602  -22.568  -11.685  -20.545 0.0000000000
122121  -23.033  -12.103  -20.750 0.0000000000
132191  -23.757  -13.253  -20.808 0.0000000000
86538  -18.520  8.144  -27.132 0.0000000000
86537  -17.722  9.069  -27.541 0.0000000000
86540  -20.673  8.494  -29.288 0.0000000000
85650  -22.442  7.587  -29.089 0.0000000000
86541  -21.483  8.534  -29.287 0.0000000000
139616  -23.769  7.523  -29.070 0.0000000000
74519  -15.392  -2.532  -23.051 0.0000000000
117671  -17.277  -2.620  -23.109 0.0000000000
74520  -16.645  -1.794  -23.065 0.0000000000
76323  -17.559  -0.107  -23.965 0.0000000000
77329  -18.319  0.069  -23.750 0.0000000000
77311  -19.378  0.547  -23.225 0.0000000000
77330  -20.491  0.410  -23.575 0.0000000000
77331  -21.450  0.349  -24.096 0.0000000000
77350  -22.823  0.790  -25.190 0.0000000000
77332  -21.988  -0.242  -24.293 0.0000000000
139994  -22.252  0.339  -24.604 0.0000000000
77367  -24.423  1.256  -26.180 0.0000000000
78336  -25.081  1.979  -26.838 0.0000000000
79261  -25.542  2.065  -26.712 0.0000000000
78323  -25.594  1.365  -26.543 0.0000000000
77370  -26.280  0.814  -26.249 0.0000000000
75443  -24.995  -1.233  -25.172 0.0000000000
68531  -27.142  -8.277  -23.091 0.0000000000
59871  -23.665  -17.838  -17.675 0.0000000000
59872  -24.283  -17.472  -17.706 0.0000000000
60941  -24.302  -16.742  -18.363 0.0000000000
70581  -16.749  -5.871  -22.595 0.0000000000
71639  -17.113  -5.255  -23.132 0.0000000000
117385  -17.800  -5.434  -23.042 0.0000000000
72636  -18.368  -4.665  -23.022 0.0000000000
72637  -19.962  -4.045  -22.638 0.0000000000
120326  -21.287  -3.581  -23.228 0.0000000000
73603  -21.896  -3.466  -23.475 0.0000000000
72639  -21.651  -4.143  -23.158 0.0000000000
72627  -22.146  -4.731  -23.041 0.0000000000
71642  -22.771  -5.299  -22.834 0.0000000000
127653  -22.565  -5.952  -22.439 0.0000000000
71630  -24.192  -5.932  -22.662 0.0000000000
139264  -24.607  -6.415  -22.461 0.0000000000
70575  -25.222  -6.593  -22.495 0.0000000000
69539  -26.080  -7.636  -22.435 0.0000000000
68514  -21.603  -8.845  -21.287 0.0000000000
68515  -22.175  -8.756  -21.726 0.0000000000
68521  -23.034  -8.479  -21.885 0.0000000000
137992  -23.033  -9.869  -21.711 0.0000000000
67522  -23.524  -9.147  -21.732 0.0000000000
123906  -23.987  -8.308  -21.910 0.0000000000
68522  -24.872  -8.219  -22.073 0.0000000000
68523  -25.727  -8.236  -22.262 0.0000000000
68524  -26.478  -8.327  -22.669 0.0000000000
66581  -26.696  -10.134  -21.759 0.0000000000
66571  -27.528  -9.921  -21.477 0.0000000000
87377  -17.400  10.437  -28.615 0.0000000000
88229  -18.020  11.162  -29.541 0.0000000000
87380  -20.637  9.869  -30.411 0.0000000000
81076  -20.293  4.870  -23.974 0.0000000000
81981  -21.453  5.388  -25.178 0.0000000000
82907  -22.500  5.997  -26.284 0.0000000000
132013  -21.110  3.985  -24.801 0.0000000000
81987  -22.310  5.267  -25.897 0.0000000000
83853  -23.558  6.654  -27.810 0.0000000000
82911  -23.910  6.163  -27.082 0.0000000000
83854  -24.225  7.106  -27.991 0.0000000000
79246  -22.237  2.425  -25.312 0.0000000000
80181  -23.320  3.277  -26.147 0.0000000000
79259  -24.083  2.739  -26.614 0.0000000000
80182  -24.099  3.571  -26.745 0.0000000000
82912  -24.197  5.539  -26.895 0.0000000000
84755  -24.268  7.728  -28.420 0.0000000000
84746  -24.997  8.564  -27.658 0.0000000000
73604  -22.666  -3.501  -23.628 0.0000000000
73619  -24.054  -3.024  -24.232 0.0000000000
73620  -24.896  -3.162  -24.314 0.0000000000
73607  -25.227  -3.830  -23.974 0.0000000000
73621  -25.721  -3.155  -24.353 0.0000000000
63845  -20.130  -13.004  -18.140 0.0000000000
62924  -21.757  -14.097  -19.109 0.0000000000
64726  -22.670  -12.848  -19.833 0.0000000000
63866  -23.980  -13.504  -20.321 0.0000000000
62937  -24.240  -13.944  -20.983 0.0000000000
61963  -24.747  -16.034  -18.897 0.0000000000
131657  -24.554  -15.238  -19.337 0.0000000000
136679  -25.150  -15.481  -19.167 0.0000000000
133134  -24.906  -14.383  -19.747 0.0000000000
115378  -25.441  -14.629  -21.094 0.0000000000
59888  -23.605  -17.263  -18.040 0.0000000000
62914  -25.685  -15.092  -19.064 0.0000000000
63858  -24.018  -13.787  -19.844 0.0000000000
63873  -23.490  -12.673  -20.943 0.0000000000
63875  -24.638  -14.206  -21.147 0.0000000000
64749  -24.085  -12.271  -21.771 0.0000000000
65608  -22.846  -11.438  -20.986 0.0000000000
66579  -24.032  -10.677  -21.763 0.0000000000
66580  -24.792  -10.838  -21.998 0.0000000000
70574  -24.688  -6.912  -22.314 0.0000000000
70583  -18.027  -6.061  -22.624 0.0000000000
71638  -16.241  -4.844  -23.108 0.0000000000
71640  -18.423  -5.507  -22.557 0.0000000000
71645  -26.522  -5.559  -23.327 0.0000000000
72633  -15.372  -3.888  -23.286 0.0000000000
74537  -22.013  -1.661  -23.835 0.0000000000
75415  -18.184  -1.448  -23.474 0.0000000000
75429  -18.560  -0.449  -23.622 0.0000000000
76344  -18.130  -0.061  -23.949 0.0000000000
76345  -22.552  -0.689  -24.390 0.0000000000
76374  -25.358  0.292  -26.065 0.0000000000
77289  -17.517  0.910  -23.488 0.0000000000
77290  -18.139  0.667  -23.092 0.0000000000
77308  -17.264  0.969  -23.883 0.0000000000
77309  -17.792  0.663  -23.615 0.0000000000
77328  -17.748  0.505  -23.987 0.0000000000
77349  -21.944  0.965  -24.643 0.0000000000
78263  -16.877  1.009  -22.794 0.0000000000
79274  -24.972  2.561  -26.962 0.0000000000
80173  -22.537  3.699  -25.653 0.0000000000
80190  -25.040  3.127  -27.052 0.0000000000
81084  -21.742  4.142  -25.272 0.0000000000
81102  -25.343  4.180  -27.029 0.0000000000
81995  -24.150  4.971  -26.825 0.0000000000
83846  -25.010  7.645  -27.569 0.0000000000
86550  -17.793  9.794  -28.753 0.0000000000
86553  -20.154  8.575  -29.570 0.0000000000
88201  -16.193  11.762  -27.116 0.0000000000
114917  -25.347  -14.687  -20.753 0.0000000000
115567  -25.623  -12.434  -21.016 0.0000000000
121971  -24.706  2.917  -26.931 0.0000000000
134242  -16.500  -6.407  -22.022 0.0000000000
137424  -21.961  -16.345  -18.381 0.0000000000
137692  -21.769  4.776  -25.378 0.0000000000
