#!ascii label  , from subject sub-v1s21x0050413_ses-1 vox2ras=TkReg
1623
129536  10.508  -44.455  57.081 0.0000000000
115850  47.399  -23.201  33.757 0.0000000000
37558  29.250  -40.007  48.797 0.0000000000
40280  37.816  -37.559  51.900 0.0000000000
37522  21.268  -40.607  50.356 0.0000000000
35583  17.943  -42.785  59.357 0.0000000000
61487  56.146  -16.120  25.528 0.0000000000
59436  57.626  -18.467  34.510 0.0000000000
48893  39.157  -29.593  42.489 0.0000000000
67365  59.782  -10.174  17.625 0.0000000000
33693  28.049  -44.041  54.756 0.0000000000
133733  13.096  -41.190  58.039 0.0000000000
61446  57.961  -16.364  29.278 0.0000000000
58560  53.565  -19.553  29.444 0.0000000000
55440  45.225  -22.024  38.759 0.0000000000
57555  50.720  -20.771  39.580 0.0000000000
53624  42.418  -24.306  37.885 0.0000000000
41325  34.705  -36.254  45.513 0.0000000000
39380  33.273  -38.665  50.330 0.0000000000
33662  24.302  -44.472  55.980 0.0000000000
115618  22.584  -44.369  60.840 0.0000000000
35630  19.886  -41.606  55.047 0.0000000000
36551  15.282  -40.818  53.243 0.0000000000
36630  25.577  -41.299  49.815 0.0000000000
64429  61.369  -13.436  24.517 0.0000000000
137028  60.385  -12.411  29.989 0.0000000000
56582  53.024  -21.115  34.992 0.0000000000
51720  41.410  -26.100  43.925 0.0000000000
43352  39.459  -34.403  47.361 0.0000000000
62512  58.665  -15.231  21.513 0.0000000000
61567  63.733  -17.238  20.457 0.0000000000
63537  64.439  -14.758  16.528 0.0000000000
33644  27.774  -44.795  58.177 0.0000000000
35592  11.732  -42.348  57.794 0.0000000000
118946  12.597  -41.198  62.438 0.0000000000
34618  10.441  -43.312  61.972 0.0000000000
60470  52.489  -17.346  27.527 0.0000000000
54448  45.063  -22.733  41.303 0.0000000000
129112  46.873  -21.688  41.432 0.0000000000
29610  6.223  -48.581  60.585 0.0000000000
55487  41.802  -23.507  36.085 0.0000000000
41291  29.185  -36.819  47.158 0.0000000000
41271  31.451  -36.687  48.445 0.0000000000
38417  31.483  -38.703  49.724 0.0000000000
35660  22.798  -42.321  52.493 0.0000000000
35615  21.884  -42.549  55.293 0.0000000000
36565  20.540  -40.798  52.733 0.0000000000
36616  23.578  -41.427  50.258 0.0000000000
34723  24.885  -43.130  52.486 0.0000000000
34637  19.872  -43.632  59.869 0.0000000000
63452  58.561  -14.523  25.493 0.0000000000
65436  60.048  -12.440  26.515 0.0000000000
64399  57.740  -13.020  27.294 0.0000000000
60420  57.985  -17.807  32.391 0.0000000000
62400  58.812  -15.885  32.269 0.0000000000
55575  48.392  -22.452  31.607 0.0000000000
56632  51.371  -21.938  31.609 0.0000000000
134158  50.543  -22.049  34.529 0.0000000000
50765  37.862  -26.497  41.320 0.0000000000
114742  39.571  -26.013  41.128 0.0000000000
49799  39.775  -27.498  44.323 0.0000000000
40320  36.577  -38.005  48.468 0.0000000000
42336  37.567  -35.836  46.193 0.0000000000
41257  38.972  -37.117  49.215 0.0000000000
122479  55.071  -16.170  23.013 0.0000000000
131418  56.034  -13.514  21.788 0.0000000000
61512  57.319  -16.866  22.914 0.0000000000
61510  60.514  -16.946  23.798 0.0000000000
122106  63.579  -11.969  15.959 0.0000000000
65505  61.977  -12.780  17.278 0.0000000000
62558  63.497  -15.980  17.974 0.0000000000
64481  61.325  -13.322  18.895 0.0000000000
35653  28.950  -42.676  52.155 0.0000000000
35671  31.473  -42.499  51.228 0.0000000000
33706  30.150  -44.060  54.051 0.0000000000
36492  15.342  -41.396  58.898 0.0000000000
124096  17.245  -41.819  63.147 0.0000000000
115779  15.137  -40.981  62.438 0.0000000000
61489  53.960  -16.806  25.061 0.0000000000
63438  55.813  -14.252  27.252 0.0000000000
61464  54.060  -15.840  27.383 0.0000000000
59517  56.247  -18.347  29.070 0.0000000000
58529  56.382  -19.469  31.791 0.0000000000
55485  46.628  -22.460  36.629 0.0000000000
56571  49.690  -21.653  36.705 0.0000000000
56527  47.661  -21.667  38.670 0.0000000000
46774  37.545  -31.368  41.064 0.0000000000
41216  40.053  -35.846  53.094 0.0000000000
31527  9.315  -46.472  57.598 0.0000000000
32508  9.113  -45.222  61.257 0.0000000000
31501  7.812  -46.959  60.732 0.0000000000
115847  44.498  -22.975  33.734 0.0000000000
121709  44.261  -22.672  36.388 0.0000000000
55428  43.399  -22.876  39.070 0.0000000000
52715  44.435  -25.478  40.723 0.0000000000
42358  32.485  -35.772  45.253 0.0000000000
40340  33.968  -36.978  47.688 0.0000000000
39366  35.064  -38.105  51.478 0.0000000000
36562  33.142  -40.551  51.979 0.0000000000
38374  33.769  -39.219  54.092 0.0000000000
33629  26.026  -44.930  58.607 0.0000000000
32515  24.495  -45.014  61.027 0.0000000000
132269  23.630  -44.296  58.322 0.0000000000
115907  20.838  -43.085  57.320 0.0000000000
35606  18.328  -42.553  56.716 0.0000000000
128588  18.130  -39.639  51.703 0.0000000000
36535  17.723  -41.198  54.163 0.0000000000
36511  16.148  -41.613  56.153 0.0000000000
119622  14.079  -40.912  55.231 0.0000000000
35620  12.400  -41.996  55.411 0.0000000000
34677  10.733  -44.052  54.660 0.0000000000
39423  28.113  -38.126  47.585 0.0000000000
38457  26.253  -39.446  47.063 0.0000000000
134618  27.329  -40.942  49.668 0.0000000000
34721  26.871  -43.167  52.764 0.0000000000
33694  26.547  -44.692  54.921 0.0000000000
65402  63.024  -12.309  29.704 0.0000000000
63409  58.989  -14.537  29.997 0.0000000000
57653  51.374  -20.413  29.810 0.0000000000
57626  54.037  -20.957  31.777 0.0000000000
119687  55.342  -20.134  35.021 0.0000000000
56546  51.968  -20.994  36.883 0.0000000000
57573  54.367  -20.505  37.197 0.0000000000
51792  41.066  -26.675  37.513 0.0000000000
51742  42.487  -26.659  41.311 0.0000000000
51717  44.094  -26.513  43.941 0.0000000000
44495  37.563  -33.759  43.501 0.0000000000
45645  39.326  -32.348  44.523 0.0000000000
43316  40.807  -34.932  50.518 0.0000000000
45611  41.331  -32.384  47.612 0.0000000000
47832  41.256  -29.826  45.345 0.0000000000
49771  42.247  -28.179  46.439 0.0000000000
52649  43.979  -26.355  47.232 0.0000000000
65496  59.568  -12.326  19.673 0.0000000000
61570  60.944  -16.375  20.757 0.0000000000
62495  62.805  -15.930  22.692 0.0000000000
32538  28.889  -45.314  59.335 0.0000000000
121247  10.901  -43.218  58.036 0.0000000000
34639  11.258  -42.474  59.529 0.0000000000
116203  10.426  -43.970  59.264 0.0000000000
53600  46.030  -24.605  41.862 0.0000000000
54439  46.523  -23.809  42.141 0.0000000000
28786  5.418  -49.576  58.592 0.0000000000
39411  29.620  -38.005  48.414 0.0000000000
39410  30.402  -37.632  48.699 0.0000000000
38418  30.824  -39.479  49.513 0.0000000000
36563  22.237  -41.743  52.033 0.0000000000
35661  21.907  -42.024  52.827 0.0000000000
37523  20.805  -40.461  51.052 0.0000000000
116009  22.985  -40.569  48.307 0.0000000000
36617  22.739  -41.341  50.466 0.0000000000
35680  23.068  -42.041  51.704 0.0000000000
119013  18.645  -43.142  59.331 0.0000000000
35575  18.262  -42.760  61.046 0.0000000000
62464  57.434  -15.388  25.534 0.0000000000
64422  58.363  -13.771  25.782 0.0000000000
134540  56.707  -13.961  26.206 0.0000000000
59452  57.552  -18.357  33.667 0.0000000000
60405  58.600  -17.268  33.757 0.0000000000
55545  47.972  -22.955  33.067 0.0000000000
55559  49.470  -22.646  32.681 0.0000000000
116135  48.970  -22.771  34.200 0.0000000000
48912  38.100  -29.506  40.828 0.0000000000
49826  38.515  -28.309  41.781 0.0000000000
49818  38.585  -27.324  42.495 0.0000000000
134099  39.023  -27.997  43.072 0.0000000000
39388  37.121  -38.416  50.139 0.0000000000
40318  38.374  -37.693  48.861 0.0000000000
40292  38.562  -37.576  50.669 0.0000000000
60491  55.271  -17.131  23.848 0.0000000000
62498  55.932  -16.013  22.677 0.0000000000
60489  57.224  -17.151  24.331 0.0000000000
61497  58.403  -16.426  24.977 0.0000000000
67362  62.309  -11.912  16.688 0.0000000000
66425  60.977  -11.631  17.660 0.0000000000
65506  61.334  -12.711  18.039 0.0000000000
66411  60.490  -11.864  18.375 0.0000000000
34701  28.383  -43.382  53.380 0.0000000000
114552  29.963  -43.624  53.307 0.0000000000
33691  29.324  -43.985  54.384 0.0000000000
36493  14.486  -41.123  59.147 0.0000000000
36476  15.158  -41.205  60.665 0.0000000000
36485  13.624  -40.985  59.355 0.0000000000
36451  12.141  -41.538  64.039 0.0000000000
36449  13.476  -40.902  64.118 0.0000000000
133335  52.313  -16.672  25.120 0.0000000000
62453  54.053  -15.457  26.625 0.0000000000
62455  52.435  -16.529  26.436 0.0000000000
114532  52.796  -18.242  28.437 0.0000000000
59519  54.539  -18.215  28.660 0.0000000000
59503  55.028  -19.041  29.043 0.0000000000
58548  56.367  -19.487  29.904 0.0000000000
58549  55.811  -20.010  30.395 0.0000000000
55458  46.367  -22.215  37.499 0.0000000000
55457  47.218  -22.158  37.238 0.0000000000
56528  46.745  -21.771  39.013 0.0000000000
118536  52.884  -16.809  23.883 0.0000000000
114812  8.603  -46.927  58.831 0.0000000000
121521  8.142  -47.471  59.182 0.0000000000
115846  43.678  -22.816  33.793 0.0000000000
55507  44.489  -22.811  35.464 0.0000000000
55508  43.453  -22.791  35.325 0.0000000000
129579  42.163  -23.867  37.408 0.0000000000
55462  42.381  -23.342  37.330 0.0000000000
54466  42.953  -23.479  38.784 0.0000000000
54450  43.973  -23.670  40.234 0.0000000000
52721  43.386  -25.306  39.454 0.0000000000
42360  30.493  -35.421  45.700 0.0000000000
115610  32.404  -37.566  49.341 0.0000000000
41288  32.381  -36.581  47.912 0.0000000000
40305  33.162  -37.752  49.425 0.0000000000
40303  35.024  -38.226  49.466 0.0000000000
133153  33.709  -38.659  50.824 0.0000000000
34716  32.426  -43.530  52.491 0.0000000000
123067  32.437  -42.230  51.485 0.0000000000
34715  33.369  -43.145  52.701 0.0000000000
37472  33.539  -40.350  54.469 0.0000000000
136865  34.481  -38.707  54.676 0.0000000000
132718  25.201  -44.877  57.236 0.0000000000
33631  24.422  -44.629  58.371 0.0000000000
33663  24.114  -44.419  56.825 0.0000000000
35616  21.082  -42.057  55.411 0.0000000000
34664  21.674  -42.928  56.842 0.0000000000
35604  20.552  -42.254  55.922 0.0000000000
34666  19.984  -43.073  57.024 0.0000000000
123488  18.905  -42.307  56.016 0.0000000000
37525  18.767  -39.239  51.322 0.0000000000
37514  15.701  -40.602  51.432 0.0000000000
36568  16.843  -40.714  52.852 0.0000000000
114976  16.056  -40.784  53.008 0.0000000000
36536  16.740  -41.320  54.435 0.0000000000
117020  15.832  -41.181  54.673 0.0000000000
36512  15.225  -41.444  56.323 0.0000000000
36538  14.262  -40.826  54.390 0.0000000000
35633  11.762  -42.648  54.795 0.0000000000
41293  28.344  -36.688  46.710 0.0000000000
40352  27.461  -37.265  46.226 0.0000000000
37563  24.877  -40.707  48.708 0.0000000000
37562  25.589  -40.308  48.293 0.0000000000
117183  26.816  -39.887  48.235 0.0000000000
36629  26.193  -41.240  49.807 0.0000000000
36587  27.068  -42.004  50.935 0.0000000000
35695  26.128  -42.074  50.982 0.0000000000
114756  24.659  -43.814  53.890 0.0000000000
34687  25.395  -44.226  54.113 0.0000000000
33678  25.070  -44.679  55.387 0.0000000000
115893  26.301  -45.001  56.843 0.0000000000
33604  23.615  -44.600  60.988 0.0000000000
32498  8.322  -45.395  62.598 0.0000000000
33586  9.149  -44.291  63.103 0.0000000000
114620  62.327  -12.449  25.372 0.0000000000
65415  60.617  -12.399  28.559 0.0000000000
65425  61.530  -12.371  27.673 0.0000000000
65403  62.230  -12.172  29.640 0.0000000000
64372  62.141  -12.785  30.980 0.0000000000
62437  56.939  -15.247  28.686 0.0000000000
63429  57.539  -13.881  28.299 0.0000000000
121742  58.527  -15.197  29.539 0.0000000000
63386  59.701  -14.284  32.864 0.0000000000
56604  52.554  -21.448  33.489 0.0000000000
56631  52.804  -21.523  31.616 0.0000000000
57609  53.696  -20.860  33.195 0.0000000000
57608  54.987  -20.202  33.652 0.0000000000
57600  54.399  -20.537  34.600 0.0000000000
56524  50.145  -21.224  38.295 0.0000000000
56570  50.579  -21.429  36.597 0.0000000000
56523  50.958  -21.040  37.972 0.0000000000
51793  39.189  -26.865  37.895 0.0000000000
51733  39.816  -25.788  42.924 0.0000000000
135660  41.050  -26.504  40.744 0.0000000000
51732  41.775  -26.135  42.910 0.0000000000
51731  42.949  -26.548  42.595 0.0000000000
51719  42.497  -26.231  43.542 0.0000000000
42375  33.936  -35.707  44.351 0.0000000000
42374  34.877  -35.727  44.494 0.0000000000
42335  38.240  -35.496  46.534 0.0000000000
43378  37.693  -34.945  44.996 0.0000000000
44473  38.661  -33.789  45.180 0.0000000000
45646  38.702  -32.841  44.096 0.0000000000
44472  39.263  -33.335  45.645 0.0000000000
42276  40.612  -35.269  51.440 0.0000000000
46705  42.457  -31.428  48.044 0.0000000000
46721  41.344  -31.345  46.422 0.0000000000
47798  42.612  -30.580  47.410 0.0000000000
48856  41.783  -28.997  45.839 0.0000000000
48842  42.687  -28.937  46.908 0.0000000000
118250  57.350  -13.774  21.441 0.0000000000
64468  58.758  -13.236  20.749 0.0000000000
63503  59.753  -14.184  20.655 0.0000000000
63487  59.480  -14.984  21.097 0.0000000000
62474  61.048  -15.207  24.271 0.0000000000
61508  62.124  -16.443  23.201 0.0000000000
63467  61.711  -14.678  23.825 0.0000000000
64450  62.984  -13.576  22.651 0.0000000000
127715  64.263  -13.043  16.264 0.0000000000
62542  63.353  -16.170  19.287 0.0000000000
61566  64.574  -16.978  20.269 0.0000000000
61544  64.564  -16.917  21.103 0.0000000000
33658  28.747  -44.383  56.520 0.0000000000
33657  29.616  -44.569  56.616 0.0000000000
33642  29.252  -44.770  57.554 0.0000000000
35591  12.551  -41.555  58.010 0.0000000000
118819  12.628  -41.234  60.098 0.0000000000
36487  11.949  -41.712  59.855 0.0000000000
35570  11.388  -42.193  61.927 0.0000000000
35554  10.932  -42.452  63.588 0.0000000000
60471  51.714  -17.436  27.503 0.0000000000
59521  52.237  -18.777  28.728 0.0000000000
55412  44.859  -22.322  40.649 0.0000000000
56500  46.421  -21.675  40.060 0.0000000000
56450  45.943  -22.106  41.740 0.0000000000
55385  46.844  -22.510  42.443 0.0000000000
29621  7.312  -48.702  59.145 0.0000000000
28778  6.760  -49.275  58.468 0.0000000000
28772  5.689  -49.172  60.049 0.0000000000
55510  41.742  -23.154  35.470 0.0000000000
53630  41.816  -24.261  36.961 0.0000000000
41309  30.356  -35.909  47.239 0.0000000000
41272  30.559  -36.684  48.263 0.0000000000
40307  31.447  -37.635  49.235 0.0000000000
39381  32.539  -38.756  50.173 0.0000000000
34689  23.612  -43.693  54.847 0.0000000000
34690  22.831  -43.178  55.247 0.0000000000
35627  22.363  -42.710  54.342 0.0000000000
35628  21.389  -42.149  54.615 0.0000000000
126179  20.289  -40.913  53.625 0.0000000000
36570  14.256  -40.845  52.547 0.0000000000
36594  13.348  -41.190  51.356 0.0000000000
37564  23.972  -40.564  48.272 0.0000000000
36615  24.776  -41.647  50.406 0.0000000000
35677  25.388  -42.366  51.402 0.0000000000
35679  23.910  -42.151  51.406 0.0000000000
34705  24.011  -43.281  53.413 0.0000000000
34624  21.158  -43.939  60.051 0.0000000000
63463  59.818  -14.374  25.096 0.0000000000
64419  60.847  -13.116  25.170 0.0000000000
65447  59.499  -12.891  25.934 0.0000000000
65437  58.972  -12.545  26.633 0.0000000000
64389  59.217  -12.958  28.682 0.0000000000
60435  57.970  -17.799  30.565 0.0000000000
61432  58.506  -16.273  30.877 0.0000000000
61412  58.651  -16.532  32.563 0.0000000000
61400  58.903  -16.550  33.404 0.0000000000
56648  50.244  -21.474  30.780 0.0000000000
55573  49.962  -22.428  32.109 0.0000000000
55541  51.174  -21.981  33.354 0.0000000000
56593  51.693  -21.529  34.723 0.0000000000
131189  51.967  -20.421  39.627 0.0000000000
51767  37.639  -25.894  40.115 0.0000000000
51766  38.575  -26.022  40.221 0.0000000000
51746  38.231  -25.930  41.467 0.0000000000
50754  38.753  -26.119  42.683 0.0000000000
50730  39.851  -26.290  43.807 0.0000000000
40350  36.005  -36.965  46.914 0.0000000000
41324  36.012  -36.244  45.839 0.0000000000
41285  37.595  -36.875  47.344 0.0000000000
41284  38.303  -36.566  47.644 0.0000000000
119918  39.408  -35.496  48.445 0.0000000000
64441  54.808  -14.087  22.581 0.0000000000
64451  55.239  -13.259  22.121 0.0000000000
63477  55.830  -14.308  22.168 0.0000000000
62496  57.056  -15.621  22.195 0.0000000000
61530  58.455  -16.650  22.253 0.0000000000
61529  59.203  -16.928  22.108 0.0000000000
60487  58.960  -17.191  23.960 0.0000000000
61496  59.979  -16.344  24.479 0.0000000000
67376  62.966  -11.554  16.155 0.0000000000
65519  62.868  -12.696  16.636 0.0000000000
64505  63.450  -13.583  16.746 0.0000000000
62569  63.976  -15.394  17.148 0.0000000000
64494  62.536  -13.650  17.655 0.0000000000
63514  62.377  -14.377  19.032 0.0000000000
62543  62.297  -15.210  19.564 0.0000000000
36610  29.448  -41.514  50.328 0.0000000000
36609  30.417  -41.369  50.243 0.0000000000
35672  30.484  -42.511  51.257 0.0000000000
34717  31.388  -43.491  52.528 0.0000000000
33705  31.291  -44.296  53.967 0.0000000000
36491  16.198  -41.806  58.588 0.0000000000
35568  17.469  -42.238  61.088 0.0000000000
36475  15.994  -41.539  60.433 0.0000000000
118315  15.763  -41.270  62.261 0.0000000000
36461  13.335  -40.925  62.209 0.0000000000
36448  14.524  -40.822  64.672 0.0000000000
61488  54.721  -16.606  25.300 0.0000000000
63454  56.056  -14.214  26.063 0.0000000000
63456  54.666  -15.131  26.288 0.0000000000
62439  55.389  -14.843  27.654 0.0000000000
125707  55.537  -15.641  28.324 0.0000000000
60469  53.277  -16.971  27.463 0.0000000000
60457  55.047  -17.284  28.513 0.0000000000
60445  56.878  -17.918  28.984 0.0000000000
59500  57.595  -18.436  29.990 0.0000000000
59470  56.918  -18.884  32.313 0.0000000000
59453  56.900  -18.787  33.264 0.0000000000
130262  47.160  -22.972  35.116 0.0000000000
55503  48.750  -22.312  35.662 0.0000000000
55484  47.483  -22.382  36.424 0.0000000000
56550  48.530  -21.780  37.574 0.0000000000
56525  49.330  -21.405  38.739 0.0000000000
56473  47.047  -21.541  40.650 0.0000000000
131359  48.685  -21.273  40.109 0.0000000000
56470  49.977  -20.911  40.007 0.0000000000
47881  38.458  -30.791  41.992 0.0000000000
41204  38.927  -36.520  53.375 0.0000000000
64443  53.423  -13.345  23.047 0.0000000000
63469  53.623  -15.136  23.166 0.0000000000
61516  53.856  -16.813  23.685 0.0000000000
69207  60.375  -8.294  15.610 0.0000000000
69201  59.349  -9.012  17.087 0.0000000000
32554  9.763  -45.854  57.168 0.0000000000
131153  10.086  -44.671  59.148 0.0000000000
32531  9.387  -45.685  59.115 0.0000000000
32509  8.625  -45.846  61.046 0.0000000000
31481  7.356  -46.620  62.305 0.0000000000
30496  7.314  -47.580  60.628 0.0000000000
55547  46.092  -23.079  32.828 0.0000000000
137895  44.739  -22.968  33.046 0.0000000000
55527  45.971  -23.159  34.456 0.0000000000
55506  45.547  -22.920  35.305 0.0000000000
121710  45.139  -22.704  36.228 0.0000000000
55460  44.516  -22.501  37.326 0.0000000000
131885  42.546  -22.974  36.774 0.0000000000
115340  43.492  -22.671  37.684 0.0000000000
123286  44.524  -22.238  38.966 0.0000000000
54457  43.880  -22.945  40.032 0.0000000000
126016  44.451  -23.881  40.681 0.0000000000
52706  45.665  -25.616  41.872 0.0000000000
42357  33.427  -35.934  45.089 0.0000000000
41308  31.378  -35.929  47.104 0.0000000000
41306  33.535  -36.390  46.519 0.0000000000
40351  34.663  -36.997  47.122 0.0000000000
40321  35.537  -37.835  48.402 0.0000000000
39389  36.097  -38.538  50.007 0.0000000000
39365  36.059  -38.038  51.575 0.0000000000
128398  31.386  -41.068  50.414 0.0000000000
130046  32.498  -39.653  50.649 0.0000000000
38400  33.218  -39.196  50.974 0.0000000000
36545  33.812  -41.695  53.474 0.0000000000
37494  33.192  -39.996  52.586 0.0000000000
38399  33.313  -39.023  51.456 0.0000000000
114672  34.159  -38.305  52.526 0.0000000000
39339  34.986  -37.860  53.533 0.0000000000
40253  36.615  -37.297  54.456 0.0000000000
33602  26.970  -45.306  60.206 0.0000000000
115623  25.114  -44.891  60.351 0.0000000000
117386  24.222  -44.610  60.255 0.0000000000
33633  22.982  -44.043  58.884 0.0000000000
34654  23.022  -43.628  56.888 0.0000000000
34645  22.233  -43.772  58.114 0.0000000000
34646  21.432  -43.607  58.396 0.0000000000
34647  20.535  -43.539  58.607 0.0000000000
34658  18.892  -43.241  57.987 0.0000000000
35588  18.229  -42.975  58.085 0.0000000000
126852  20.237  -39.980  51.452 0.0000000000
37497  19.300  -39.819  52.599 0.0000000000
36567  18.984  -40.103  53.241 0.0000000000
37512  17.403  -40.077  51.570 0.0000000000
131735  17.495  -40.508  52.738 0.0000000000
125165  18.648  -40.991  54.272 0.0000000000
35618  18.366  -41.829  55.466 0.0000000000
35607  17.522  -42.190  56.721 0.0000000000
35590  17.003  -42.214  58.255 0.0000000000
115962  15.757  -41.640  57.005 0.0000000000
120822  14.824  -41.407  57.070 0.0000000000
36514  13.336  -41.377  56.791 0.0000000000
36553  13.545  -40.979  53.834 0.0000000000
36540  12.959  -41.441  55.041 0.0000000000
36515  12.913  -41.564  56.745 0.0000000000
35601  11.785  -42.505  56.745 0.0000000000
34667  11.160  -43.150  56.200 0.0000000000
34660  10.789  -43.826  56.604 0.0000000000
32565  10.223  -45.261  56.668 0.0000000000
32566  9.928  -46.038  56.179 0.0000000000
42322  28.711  -36.473  46.679 0.0000000000
40342  28.656  -37.346  47.427 0.0000000000
39412  28.708  -38.386  48.164 0.0000000000
133648  27.498  -38.758  47.352 0.0000000000
122017  27.824  -39.737  48.415 0.0000000000
37538  28.614  -40.635  49.252 0.0000000000
36586  27.927  -41.811  51.033 0.0000000000
35654  28.060  -42.521  52.224 0.0000000000
34702  27.385  -43.495  53.340 0.0000000000
34722  26.031  -43.323  52.755 0.0000000000
34703  26.519  -43.698  53.344 0.0000000000
33676  27.467  -44.606  55.270 0.0000000000
115894  27.256  -44.901  57.013 0.0000000000
114856  27.081  -44.929  58.846 0.0000000000
33596  10.074  -44.033  61.639 0.0000000000
34608  9.669  -43.627  63.626 0.0000000000
114854  62.204  -12.257  26.234 0.0000000000
64400  56.932  -13.501  27.139 0.0000000000
64390  58.284  -13.195  28.098 0.0000000000
64383  59.761  -12.785  30.054 0.0000000000
62407  59.131  -14.657  31.536 0.0000000000
63397  59.585  -13.762  31.576 0.0000000000
64357  60.297  -12.998  31.634 0.0000000000
58577  50.724  -19.170  28.902 0.0000000000
58561  52.518  -19.530  29.352 0.0000000000
56647  51.462  -21.644  30.832 0.0000000000
57635  52.783  -20.965  30.278 0.0000000000
57634  54.453  -20.643  30.601 0.0000000000
124549  55.179  -20.397  31.718 0.0000000000
58519  55.559  -19.740  33.244 0.0000000000
58503  56.931  -19.097  34.876 0.0000000000
55523  50.167  -21.945  35.233 0.0000000000
56584  51.529  -21.396  35.556 0.0000000000
132643  52.765  -21.024  35.720 0.0000000000
57563  52.364  -20.608  38.219 0.0000000000
57574  53.462  -20.612  37.285 0.0000000000
125113  54.288  -20.641  35.935 0.0000000000
120117  55.293  -20.312  36.330 0.0000000000
58495  56.555  -19.639  36.313 0.0000000000
52748  40.737  -25.406  36.109 0.0000000000
51775  42.251  -25.825  37.772 0.0000000000
51765  40.463  -26.666  39.453 0.0000000000
136743  41.383  -26.679  39.445 0.0000000000
52722  42.945  -25.659  38.915 0.0000000000
51751  43.902  -26.152  40.660 0.0000000000
51740  44.950  -26.360  41.938 0.0000000000
126817  45.406  -26.634  43.209 0.0000000000
136701  36.328  -35.441  44.541 0.0000000000
45663  38.043  -32.347  42.647 0.0000000000
46758  38.670  -31.828  43.039 0.0000000000
46757  39.289  -31.258  43.423 0.0000000000
129015  39.656  -36.229  51.271 0.0000000000
42289  39.896  -35.823  50.100 0.0000000000
43338  40.300  -34.450  48.732 0.0000000000
43326  41.321  -34.016  49.579 0.0000000000
44456  40.444  -33.467  47.751 0.0000000000
45624  40.423  -32.526  46.436 0.0000000000
46746  40.296  -30.983  44.662 0.0000000000
47849  39.983  -29.764  43.763 0.0000000000
49811  40.041  -28.317  44.373 0.0000000000
49784  40.744  -27.720  45.319 0.0000000000
51691  41.107  -26.554  45.381 0.0000000000
49745  43.323  -27.755  47.785 0.0000000000
51671  43.140  -26.817  47.024 0.0000000000
51690  41.967  -26.238  45.415 0.0000000000
51703  43.673  -26.178  44.955 0.0000000000
68269  58.939  -9.641  18.046 0.0000000000
66412  59.750  -11.424  18.786 0.0000000000
128016  60.465  -13.102  19.533 0.0000000000
63501  61.336  -14.727  20.002 0.0000000000
61569  61.773  -16.762  20.580 0.0000000000
60530  60.854  -17.270  21.799 0.0000000000
60511  62.304  -17.287  21.972 0.0000000000
61545  63.884  -17.079  21.563 0.0000000000
126636  64.221  -14.855  21.803 0.0000000000
32512  27.551  -45.756  60.233 0.0000000000
32511  28.375  -45.645  59.832 0.0000000000
33653  10.554  -44.144  57.902 0.0000000000
34651  10.589  -43.803  58.545 0.0000000000
33639  10.309  -44.479  58.559 0.0000000000
52705  46.338  -25.402  42.195 0.0000000000
53593  46.602  -24.740  42.159 0.0000000000
38434  29.434  -38.954  48.532 0.0000000000
38419  30.164  -39.337  48.969 0.0000000000
37537  30.074  -40.174  49.347 0.0000000000
36618  21.917  -41.121  50.774 0.0000000000
36591  21.683  -41.239  51.547 0.0000000000
36619  21.290  -40.845  51.100 0.0000000000
36633  22.130  -41.001  49.940 0.0000000000
36590  22.496  -41.547  51.245 0.0000000000
35582  18.455  -42.944  60.119 0.0000000000
128855  56.684  -15.431  25.617 0.0000000000
119029  56.826  -14.509  25.808 0.0000000000
59451  58.153  -17.888  34.129 0.0000000000
59435  58.291  -17.990  35.001 0.0000000000
115851  48.223  -23.052  33.888 0.0000000000
135114  48.357  -22.914  34.384 0.0000000000
48902  38.457  -29.347  41.508 0.0000000000
129106  38.216  -28.695  41.137 0.0000000000
48901  38.799  -29.195  42.036 0.0000000000
49825  38.959  -28.613  42.494 0.0000000000
48883  39.570  -29.041  43.134 0.0000000000
39376  37.211  -38.043  51.119 0.0000000000
40293  37.973  -38.133  50.362 0.0000000000
116990  38.076  -37.844  51.102 0.0000000000
60490  55.771  -17.173  24.469 0.0000000000
129503  56.478  -17.209  24.259 0.0000000000
133418  56.555  -16.875  24.971 0.0000000000
61486  57.048  -16.206  25.375 0.0000000000
67364  60.686  -10.751  17.334 0.0000000000
66410  61.170  -12.293  17.866 0.0000000000
67354  60.186  -11.088  18.063 0.0000000000
34684  28.620  -43.802  54.192 0.0000000000
34700  29.272  -43.681  53.697 0.0000000000
33692  28.882  -44.090  54.959 0.0000000000
36494  13.756  -41.064  58.437 0.0000000000
36484  14.373  -41.079  60.017 0.0000000000
115409  51.714  -16.564  25.527 0.0000000000
62469  52.599  -16.442  25.831 0.0000000000
59505  53.117  -18.832  28.992 0.0000000000
59504  54.057  -18.953  28.974 0.0000000000
58559  54.533  -19.618  29.509 0.0000000000
58558  55.472  -19.617  29.661 0.0000000000
55439  46.117  -21.984  38.402 0.0000000000
30527  8.536  -47.537  57.447 0.0000000000
136273  42.969  -22.685  33.851 0.0000000000
55530  42.349  -22.693  34.274 0.0000000000
130890  43.150  -22.755  34.520 0.0000000000
55509  42.460  -22.885  35.241 0.0000000000
54467  42.516  -23.600  38.037 0.0000000000
53623  42.748  -24.240  38.524 0.0000000000
53616  43.178  -24.283  39.178 0.0000000000
52728  43.019  -24.930  38.849 0.0000000000
130282  32.685  -38.175  49.822 0.0000000000
39392  33.385  -38.253  49.895 0.0000000000
34697  32.934  -43.925  53.276 0.0000000000
131979  32.719  -42.902  52.057 0.0000000000
115829  24.888  -44.770  56.606 0.0000000000
33647  24.594  -44.701  57.411 0.0000000000
123357  20.398  -41.934  55.370 0.0000000000
35617  19.769  -42.121  55.632 0.0000000000
35631  19.100  -41.738  55.275 0.0000000000
36569  15.187  -40.800  52.269 0.0000000000
115245  15.995  -40.995  53.836 0.0000000000
36537  15.138  -40.874  54.088 0.0000000000
37541  25.730  -40.852  49.168 0.0000000000
37561  26.372  -40.315  48.622 0.0000000000
36613  26.566  -41.589  50.387 0.0000000000
36614  25.842  -41.597  50.318 0.0000000000
33679  24.254  -44.224  55.140 0.0000000000
33696  24.859  -44.331  54.598 0.0000000000
135098  24.950  -44.761  55.994 0.0000000000
32482  7.576  -45.902  63.965 0.0000000000
32487  8.021  -45.314  63.598 0.0000000000
64428  62.105  -12.992  23.989 0.0000000000
65455  61.725  -12.866  24.821 0.0000000000
65404  60.990  -12.251  29.456 0.0000000000
65395  61.408  -12.403  30.326 0.0000000000
61455  57.273  -16.235  28.894 0.0000000000
62432  57.816  -15.468  29.017 0.0000000000
137336  58.229  -15.837  29.390 0.0000000000
56603  53.123  -21.210  33.104 0.0000000000
56591  53.227  -21.062  33.999 0.0000000000
120788  53.990  -20.666  33.984 0.0000000000
57601  53.757  -20.798  34.775 0.0000000000
57565  50.813  -20.916  38.778 0.0000000000
135711  38.380  -26.490  38.529 0.0000000000
127296  40.663  -25.967  43.429 0.0000000000
137777  40.862  -25.913  42.695 0.0000000000
51704  42.081  -26.051  44.499 0.0000000000
41339  34.283  -36.004  45.011 0.0000000000
136517  34.822  -36.036  45.030 0.0000000000
42334  38.830  -34.989  46.959 0.0000000000
43364  38.567  -34.767  46.211 0.0000000000
43376  38.924  -34.042  45.933 0.0000000000
121176  39.536  -33.606  46.437 0.0000000000
46683  42.789  -31.985  49.281 0.0000000000
126005  42.922  -29.662  47.283 0.0000000000
47797  43.301  -29.894  47.922 0.0000000000
63489  58.024  -14.414  21.482 0.0000000000
64458  57.447  -12.998  21.071 0.0000000000
64457  58.132  -13.522  21.086 0.0000000000
65483  58.212  -12.769  20.690 0.0000000000
63488  58.909  -14.081  21.079 0.0000000000
127289  59.341  -15.766  21.389 0.0000000000
63461  61.130  -14.156  24.347 0.0000000000
131974  61.843  -13.655  23.835 0.0000000000
63538  64.314  -13.766  16.407 0.0000000000
64517  64.723  -13.164  15.953 0.0000000000
63544  64.725  -13.905  16.145 0.0000000000
62576  64.881  -15.201  16.243 0.0000000000
131869  63.316  -16.895  20.014 0.0000000000
61583  64.014  -16.949  19.604 0.0000000000
62523  64.993  -16.254  20.552 0.0000000000
60527  64.043  -17.344  21.021 0.0000000000
115830  28.239  -44.539  57.276 0.0000000000
33643  28.617  -44.818  58.111 0.0000000000
130944  12.014  -41.789  58.846 0.0000000000
34630  10.774  -42.885  60.341 0.0000000000
35578  11.374  -42.170  60.504 0.0000000000
35571  10.887  -42.607  61.310 0.0000000000
35561  11.383  -42.136  62.697 0.0000000000
35562  10.866  -42.642  62.382 0.0000000000
60461  50.997  -17.844  27.859 0.0000000000
60460  52.021  -18.013  28.098 0.0000000000
59522  51.330  -18.614  28.508 0.0000000000
56475  45.438  -22.138  41.266 0.0000000000
55400  45.727  -22.493  41.807 0.0000000000
28791  7.015  -49.186  57.630 0.0000000000
28779  6.037  -49.557  59.052 0.0000000000
28773  4.704  -49.239  60.572 0.0000000000
123157  29.494  -36.678  47.256 0.0000000000
41273  29.811  -36.798  47.847 0.0000000000
39395  31.035  -37.970  49.277 0.0000000000
40308  30.939  -37.430  48.928 0.0000000000
39394  31.762  -38.106  49.638 0.0000000000
39382  32.052  -38.515  50.002 0.0000000000
34706  23.204  -43.017  53.777 0.0000000000
131731  23.148  -43.221  54.472 0.0000000000
35641  22.539  -42.543  53.339 0.0000000000
36564  21.371  -41.357  52.347 0.0000000000
35642  21.649  -42.168  53.708 0.0000000000
36546  21.086  -41.521  53.208 0.0000000000
35643  20.837  -41.617  54.079 0.0000000000
37543  23.459  -40.876  48.999 0.0000000000
36631  23.931  -41.204  49.610 0.0000000000
126110  24.238  -40.921  49.047 0.0000000000
136390  24.273  -41.449  50.122 0.0000000000
35678  24.701  -42.071  51.085 0.0000000000
36588  24.109  -41.726  50.715 0.0000000000
35659  23.663  -42.545  52.164 0.0000000000
35640  23.393  -42.833  52.953 0.0000000000
116549  23.808  -43.489  54.153 0.0000000000
34636  20.539  -43.738  59.586 0.0000000000
34625  20.611  -43.997  60.623 0.0000000000
64431  59.725  -13.733  25.313 0.0000000000
63451  59.130  -14.031  25.403 0.0000000000
64409  57.839  -13.352  26.365 0.0000000000
64408  58.652  -13.105  26.136 0.0000000000
65428  58.493  -12.610  27.348 0.0000000000
65427  59.404  -12.417  27.340 0.0000000000
60426  57.962  -17.814  31.493 0.0000000000
60425  58.280  -17.117  31.163 0.0000000000
60419  58.330  -17.192  32.037 0.0000000000
56634  49.103  -22.139  31.282 0.0000000000
55574  49.267  -22.540  31.860 0.0000000000
55543  49.668  -22.601  33.535 0.0000000000
55558  50.388  -22.337  32.841 0.0000000000
55542  50.489  -22.268  33.809 0.0000000000
119608  51.838  -21.658  33.858 0.0000000000
56605  51.132  -21.867  34.212 0.0000000000
51768  36.638  -25.897  39.961 0.0000000000
51757  37.188  -26.102  40.747 0.0000000000
51756  37.972  -25.899  40.883 0.0000000000
50742  38.834  -27.018  43.348 0.0000000000
51721  39.159  -26.277  43.434 0.0000000000
50731  39.390  -26.919  43.925 0.0000000000
40338  36.264  -37.478  47.635 0.0000000000
40349  36.797  -36.988  47.109 0.0000000000
40337  37.153  -37.488  47.831 0.0000000000
41269  38.701  -36.932  48.394 0.0000000000
41283  38.884  -36.064  48.031 0.0000000000
41268  39.213  -36.309  48.806 0.0000000000
63468  54.364  -14.812  22.882 0.0000000000
62482  55.230  -15.202  22.653 0.0000000000
61532  56.709  -16.403  22.713 0.0000000000
132096  56.482  -15.719  22.413 0.0000000000
61531  57.632  -16.312  22.341 0.0000000000
60516  58.027  -17.003  22.806 0.0000000000
60515  58.815  -17.145  22.726 0.0000000000
60497  58.489  -17.211  23.439 0.0000000000
62463  58.364  -15.465  25.367 0.0000000000
62476  59.203  -15.992  25.019 0.0000000000
62462  59.176  -14.996  25.270 0.0000000000
125338  59.860  -15.380  24.877 0.0000000000
66409  61.872  -12.599  17.269 0.0000000000
66423  62.492  -12.461  16.707 0.0000000000
64506  62.694  -13.138  16.899 0.0000000000
137286  61.268  -12.969  18.430 0.0000000000
64480  62.020  -13.736  18.575 0.0000000000
63515  61.739  -14.116  19.348 0.0000000000
35694  29.032  -41.944  50.920 0.0000000000
35693  29.973  -41.997  50.762 0.0000000000
35673  29.454  -42.371  51.465 0.0000000000
34718  30.362  -43.322  52.676 0.0000000000
34699  30.820  -43.773  53.286 0.0000000000
34698  31.899  -44.016  53.162 0.0000000000
36482  16.107  -41.723  59.518 0.0000000000
36468  15.104  -41.050  61.593 0.0000000000
36467  15.875  -41.390  61.348 0.0000000000
36459  15.623  -41.146  63.185 0.0000000000
36478  12.840  -41.104  60.790 0.0000000000
36470  12.683  -41.181  61.537 0.0000000000
62467  54.228  -15.885  25.864 0.0000000000
117587  53.694  -15.786  26.932 0.0000000000
62446  54.522  -15.110  27.162 0.0000000000
62440  54.773  -15.567  27.775 0.0000000000
131260  55.098  -16.300  28.315 0.0000000000
61467  51.860  -16.840  27.030 0.0000000000
61466  52.757  -16.712  27.028 0.0000000000
59518  55.473  -18.294  28.871 0.0000000000
60456  56.035  -17.599  28.841 0.0000000000
131123  57.418  -18.074  29.403 0.0000000000
59501  56.851  -18.715  29.497 0.0000000000
58539  56.475  -19.594  30.813 0.0000000000
59482  56.985  -18.991  31.341 0.0000000000
58518  56.245  -19.281  32.791 0.0000000000
127788  46.927  -22.701  35.801 0.0000000000
55504  47.837  -22.649  35.542 0.0000000000
56551  47.832  -21.878  37.814 0.0000000000
56526  48.543  -21.619  38.301 0.0000000000
56498  48.428  -21.450  39.326 0.0000000000
56474  46.153  -21.766  41.133 0.0000000000
126944  48.430  -21.185  40.931 0.0000000000
56471  49.217  -21.013  40.480 0.0000000000
57526  50.605  -20.503  41.429 0.0000000000
47909  37.723  -30.526  40.513 0.0000000000
47894  38.265  -30.206  41.350 0.0000000000
47895  37.992  -30.875  41.336 0.0000000000
131220  53.181  -14.339  23.286 0.0000000000
63470  52.878  -15.434  23.362 0.0000000000
61501  53.800  -17.045  24.217 0.0000000000
61500  54.782  -17.093  24.557 0.0000000000
130109  59.986  -8.874  16.326 0.0000000000
32543  9.599  -45.758  58.152 0.0000000000
31515  9.112  -46.363  58.534 0.0000000000
134437  8.398  -46.883  59.562 0.0000000000
31507  8.849  -46.284  59.459 0.0000000000
31500  8.395  -46.520  60.330 0.0000000000
31480  8.068  -45.933  62.004 0.0000000000
31492  7.930  -46.457  61.304 0.0000000000
114550  7.683  -47.988  59.656 0.0000000000
29609  7.045  -48.390  60.097 0.0000000000
55562  46.513  -22.896  32.265 0.0000000000
55563  45.856  -22.826  32.097 0.0000000000
115848  45.437  -23.141  33.546 0.0000000000
55528  45.023  -23.021  34.508 0.0000000000
121345  42.242  -23.151  36.078 0.0000000000
55442  42.890  -22.915  38.173 0.0000000000
55461  42.892  -22.865  37.409 0.0000000000
55441  43.892  -22.504  38.461 0.0000000000
55427  44.055  -22.544  39.452 0.0000000000
136139  43.649  -22.902  39.592 0.0000000000
53609  44.241  -24.594  40.394 0.0000000000
53602  44.774  -24.632  40.899 0.0000000000
53601  45.405  -24.584  41.369 0.0000000000
52707  44.999  -25.548  41.283 0.0000000000
42377  32.023  -35.487  44.496 0.0000000000
42376  32.988  -35.650  44.386 0.0000000000
121840  30.820  -36.186  47.867 0.0000000000
41289  31.689  -36.266  47.694 0.0000000000
40341  33.132  -36.933  48.218 0.0000000000
41287  33.269  -36.598  47.357 0.0000000000
41286  34.011  -36.696  46.977 0.0000000000
40339  34.696  -37.402  47.954 0.0000000000
39390  35.107  -38.494  50.237 0.0000000000
130153  35.576  -38.515  49.713 0.0000000000
39378  35.524  -38.359  50.825 0.0000000000
39377  36.429  -38.342  50.720 0.0000000000
35692  30.974  -42.027  50.585 0.0000000000
37521  30.843  -40.388  49.903 0.0000000000
35670  32.945  -41.343  51.765 0.0000000000
117896  32.523  -41.261  51.235 0.0000000000
36585  32.857  -40.498  51.419 0.0000000000
37509  32.979  -39.731  51.080 0.0000000000
37495  33.167  -39.986  51.678 0.0000000000
38359  33.795  -39.898  54.887 0.0000000000
37480  33.364  -40.576  53.635 0.0000000000
134367  33.343  -39.446  53.135 0.0000000000
117814  33.295  -39.256  52.236 0.0000000000
131053  33.508  -38.779  52.068 0.0000000000
38389  33.619  -38.869  52.969 0.0000000000
132427  35.906  -37.635  53.438 0.0000000000
33615  26.572  -44.941  59.625 0.0000000000
33603  26.072  -45.027  60.362 0.0000000000
33616  25.608  -44.871  59.577 0.0000000000
115067  24.731  -44.708  59.459 0.0000000000
33632  23.894  -44.391  59.224 0.0000000000
33617  23.331  -44.333  60.042 0.0000000000
34662  22.993  -43.384  56.158 0.0000000000
34674  22.234  -42.874  56.062 0.0000000000
34656  21.572  -43.368  57.634 0.0000000000
33634  22.069  -43.873  59.026 0.0000000000
34635  21.269  -43.780  59.256 0.0000000000
135360  20.913  -43.352  57.940 0.0000000000
35596  19.153  -42.844  56.831 0.0000000000
34657  19.378  -43.196  57.559 0.0000000000
35597  18.632  -42.955  57.425 0.0000000000
34649  18.800  -43.244  58.601 0.0000000000
37510  19.479  -39.601  51.843 0.0000000000
37511  18.741  -39.639  52.108 0.0000000000
37498  18.674  -39.916  52.679 0.0000000000
37527  16.983  -40.042  50.796 0.0000000000
37513  16.568  -40.425  51.457 0.0000000000
36549  17.552  -40.779  53.340 0.0000000000
36548  18.409  -40.672  53.673 0.0000000000
36521  18.433  -41.407  54.846 0.0000000000
36523  16.494  -41.515  55.297 0.0000000000
36510  17.067  -41.799  56.011 0.0000000000
129909  17.178  -42.182  57.481 0.0000000000
35599  16.689  -41.838  56.854 0.0000000000
36500  16.375  -41.819  57.693 0.0000000000
120821  14.652  -41.188  55.753 0.0000000000
36513  14.460  -41.295  56.434 0.0000000000
124200  13.970  -41.289  56.951 0.0000000000
127720  13.811  -41.211  56.059 0.0000000000
36571  13.427  -41.164  52.185 0.0000000000
115264  13.584  -40.990  53.000 0.0000000000
35632  12.342  -41.965  54.482 0.0000000000
36554  12.878  -41.375  54.188 0.0000000000
36526  13.059  -41.472  55.971 0.0000000000
35608  12.422  -41.966  56.319 0.0000000000
34676  11.171  -43.272  55.222 0.0000000000
34668  10.793  -43.928  55.669 0.0000000000
33683  10.495  -44.747  55.149 0.0000000000
32576  10.261  -45.416  55.666 0.0000000000
32577  9.729  -46.010  55.238 0.0000000000
136125  28.597  -37.809  47.877 0.0000000000
39431  26.813  -38.206  46.121 0.0000000000
39425  26.918  -38.872  46.811 0.0000000000
37560  27.277  -40.237  48.746 0.0000000000
38436  27.326  -39.686  48.207 0.0000000000
37539  27.806  -40.581  49.274 0.0000000000
37559  28.241  -40.145  48.767 0.0000000000
36627  28.080  -40.937  49.904 0.0000000000
35676  26.716  -42.382  51.597 0.0000000000
35675  27.572  -42.235  51.605 0.0000000000
35655  27.215  -42.648  52.217 0.0000000000
34720  27.731  -42.988  52.786 0.0000000000
35657  25.520  -42.902  52.155 0.0000000000
133902  25.347  -43.360  52.768 0.0000000000
33695  25.669  -44.595  54.714 0.0000000000
34686  26.273  -44.288  54.053 0.0000000000
128783  27.205  -44.334  54.411 0.0000000000
33659  27.803  -44.636  56.249 0.0000000000
33660  26.773  -44.951  55.912 0.0000000000
33646  25.843  -44.966  57.572 0.0000000000
33645  26.730  -44.919  57.756 0.0000000000
32514  25.459  -45.316  60.710 0.0000000000
122989  17.356  -41.991  62.061 0.0000000000
35567  18.130  -42.470  62.016 0.0000000000
35559  18.019  -42.298  63.046 0.0000000000
33610  9.591  -44.970  60.638 0.0000000000
33623  9.978  -44.606  59.888 0.0000000000
33597  9.597  -44.650  61.423 0.0000000000
33575  9.023  -43.965  64.180 0.0000000000
34599  9.413  -43.444  64.896 0.0000000000
34598  10.213  -43.015  64.300 0.0000000000
34592  9.274  -43.493  66.304 0.0000000000
135175  60.681  -12.375  26.095 0.0000000000
114760  61.296  -12.480  25.674 0.0000000000
65435  61.183  -12.335  26.645 0.0000000000
65413  62.785  -12.370  28.952 0.0000000000
63444  55.723  -14.272  26.690 0.0000000000
64411  56.444  -13.890  26.590 0.0000000000
63437  56.419  -13.955  27.495 0.0000000000
62436  58.090  -14.558  28.893 0.0000000000
130034  58.322  -13.858  28.701 0.0000000000
64385  58.993  -13.564  28.956 0.0000000000
63422  59.318  -13.622  29.894 0.0000000000
62408  58.777  -15.579  31.590 0.0000000000
131748  59.451  -14.217  32.184 0.0000000000
63396  59.911  -13.549  32.384 0.0000000000
64346  60.878  -13.329  32.401 0.0000000000
58564  50.138  -19.712  29.295 0.0000000000
58578  49.828  -19.057  28.826 0.0000000000
58563  51.018  -19.796  29.383 0.0000000000
58576  51.605  -19.313  29.030 0.0000000000
58562  51.756  -19.861  29.476 0.0000000000
120970  50.730  -21.871  31.174 0.0000000000
137142  50.822  -21.522  30.766 0.0000000000
56630  53.510  -21.237  31.515 0.0000000000
56646  52.410  -21.519  30.809 0.0000000000
56645  53.243  -21.328  30.920 0.0000000000
121191  53.646  -20.810  30.417 0.0000000000
56629  53.972  -21.082  31.054 0.0000000000
131331  54.592  -20.743  31.333 0.0000000000
136741  54.587  -20.672  31.983 0.0000000000
57599  54.950  -20.293  34.434 0.0000000000
58510  55.514  -19.875  34.202 0.0000000000
58509  56.318  -19.310  33.911 0.0000000000
58504  56.045  -19.651  34.900 0.0000000000
55482  49.029  -21.963  36.304 0.0000000000
55524  49.290  -22.377  35.032 0.0000000000
55502  49.510  -21.937  35.828 0.0000000000
56547  51.154  -21.163  37.167 0.0000000000
56569  51.355  -21.276  36.365 0.0000000000
56568  52.118  -21.117  36.066 0.0000000000
57562  53.946  -20.323  38.110 0.0000000000
57585  53.888  -20.685  36.511 0.0000000000
57584  54.672  -20.524  36.447 0.0000000000
129845  39.967  -26.928  36.941 0.0000000000
51814  40.859  -26.443  36.727 0.0000000000
51791  41.629  -26.151  37.168 0.0000000000
51776  41.529  -26.506  37.980 0.0000000000
114913  39.536  -26.268  40.286 0.0000000000
114912  39.533  -26.573  39.369 0.0000000000
114914  41.491  -26.564  41.142 0.0000000000
115064  41.594  -26.671  40.219 0.0000000000
124291  42.385  -26.402  39.298 0.0000000000
51753  42.585  -26.540  40.297 0.0000000000
51752  43.444  -26.082  40.066 0.0000000000
114915  43.216  -26.470  40.736 0.0000000000
114917  43.556  -26.548  43.247 0.0000000000
114916  44.009  -26.656  42.227 0.0000000000
114918  44.658  -26.694  42.973 0.0000000000
115763  44.989  -26.694  43.807 0.0000000000
41323  36.796  -36.042  45.955 0.0000000000
42356  36.357  -35.765  45.123 0.0000000000
42355  37.228  -35.533  45.413 0.0000000000
44486  37.828  -34.000  44.026 0.0000000000
43391  36.932  -34.825  43.963 0.0000000000
44496  37.048  -33.943  43.136 0.0000000000
44502  36.843  -33.517  42.470 0.0000000000
45657  37.622  -33.191  42.979 0.0000000000
45656  38.372  -32.616  43.358 0.0000000000
45655  38.993  -32.068  43.774 0.0000000000
46747  39.644  -31.547  44.182 0.0000000000
41217  39.413  -36.309  52.929 0.0000000000
131709  38.926  -36.691  52.253 0.0000000000
41230  39.507  -36.265  52.059 0.0000000000
41241  40.044  -35.852  50.923 0.0000000000
42288  40.298  -35.226  49.861 0.0000000000
42303  40.161  -34.947  49.249 0.0000000000
43327  40.768  -34.577  49.608 0.0000000000
45597  41.636  -32.628  48.428 0.0000000000
135533  41.926  -33.176  49.493 0.0000000000
44448  41.432  -33.407  49.001 0.0000000000
44449  40.685  -33.749  48.417 0.0000000000
44455  41.025  -33.105  48.057 0.0000000000
44465  40.595  -32.894  47.217 0.0000000000
45623  41.046  -32.097  46.835 0.0000000000
46734  41.395  -30.617  45.934 0.0000000000
129983  40.988  -31.210  45.847 0.0000000000
133651  40.882  -30.746  45.322 0.0000000000
133532  40.327  -30.218  44.271 0.0000000000
47833  40.695  -30.239  44.778 0.0000000000
48870  40.510  -29.348  44.532 0.0000000000
48857  41.109  -28.743  45.255 0.0000000000
49783  41.515  -27.985  45.796 0.0000000000
50705  40.535  -26.984  45.213 0.0000000000
50694  42.022  -27.266  46.164 0.0000000000
49744  43.605  -28.082  48.497 0.0000000000
50671  44.064  -27.445  49.251 0.0000000000
51664  43.834  -26.700  47.711 0.0000000000
52661  43.297  -26.438  46.781 0.0000000000
130915  42.766  -26.573  46.456 0.0000000000
52673  43.219  -26.256  46.377 0.0000000000
51689  42.946  -26.156  45.712 0.0000000000
52660  43.680  -26.256  46.732 0.0000000000
129836  58.651  -8.696  17.622 0.0000000000
133672  55.244  -12.591  21.808 0.0000000000
64460  55.853  -12.878  21.651 0.0000000000
66399  59.345  -11.723  19.439 0.0000000000
67343  59.045  -11.006  19.093 0.0000000000
66398  59.993  -12.118  19.037 0.0000000000
62526  60.121  -14.928  20.771 0.0000000000
63502  60.502  -14.381  20.306 0.0000000000
62525  60.751  -15.371  20.528 0.0000000000
62524  61.571  -15.852  20.226 0.0000000000
60514  59.626  -17.233  22.641 0.0000000000
60531  60.017  -17.122  21.987 0.0000000000
60494  60.928  -17.335  23.082 0.0000000000
61528  61.793  -17.186  22.813 0.0000000000
61527  62.558  -16.794  22.454 0.0000000000
61546  63.089  -17.079  21.924 0.0000000000
61526  63.419  -16.518  22.136 0.0000000000
62494  63.587  -15.444  22.226 0.0000000000
130474  63.826  -11.909  15.673 0.0000000000
66436  63.949  -12.187  15.784 0.0000000000
33614  28.252  -45.048  59.610 0.0000000000
34650  11.353  -42.600  58.629 0.0000000000
128978  10.826  -43.189  58.935 0.0000000000
130808  10.704  -43.225  59.634 0.0000000000
34631  10.449  -43.478  61.022 0.0000000000
54440  45.602  -23.430  41.777 0.0000000000
40326  29.776  -37.263  48.247 0.0000000000
39396  30.290  -38.430  48.830 0.0000000000
120913  30.793  -38.753  49.276 0.0000000000
36592  20.832  -40.692  51.786 0.0000000000
37544  22.533  -40.805  49.097 0.0000000000
36632  23.054  -41.135  49.711 0.0000000000
36589  23.321  -41.715  50.964 0.0000000000
124853  19.307  -43.412  59.194 0.0000000000
34626  19.803  -43.661  60.812 0.0000000000
34638  19.181  -43.341  60.016 0.0000000000
34627  19.052  -43.243  60.968 0.0000000000
34614  19.004  -43.051  62.150 0.0000000000
63453  57.821  -14.543  25.668 0.0000000000
64423  57.399  -13.871  26.038 0.0000000000
65439  57.511  -13.180  26.844 0.0000000000
60406  58.013  -17.799  33.270 0.0000000000
120192  58.408  -17.208  32.897 0.0000000000
55561  47.768  -22.816  32.228 0.0000000000
55560  48.619  -22.807  32.428 0.0000000000
55544  48.833  -22.859  33.310 0.0000000000
115540  49.863  -22.414  34.388 0.0000000000
49833  38.049  -27.699  41.197 0.0000000000
126126  38.243  -27.187  41.783 0.0000000000
129038  39.464  -27.973  43.741 0.0000000000
39408  36.887  -38.441  49.273 0.0000000000
40319  37.522  -37.952  48.625 0.0000000000
40302  37.827  -38.233  49.457 0.0000000000
40301  38.551  -37.750  49.745 0.0000000000
41243  39.018  -37.008  50.130 0.0000000000
61515  54.774  -16.753  23.489 0.0000000000
61514  55.821  -16.734  23.264 0.0000000000
61513  56.743  -17.093  23.494 0.0000000000
60488  58.227  -17.072  24.319 0.0000000000
61498  57.552  -16.678  24.906 0.0000000000
61485  57.785  -16.116  25.294 0.0000000000
66424  61.660  -11.889  17.214 0.0000000000
65494  60.843  -12.886  18.878 0.0000000000
131922  28.494  -42.943  52.695 0.0000000000
34719  29.326  -43.233  52.851 0.0000000000
116062  14.642  -41.186  58.436 0.0000000000
36483  15.246  -41.320  59.772 0.0000000000
114923  14.313  -41.024  60.964 0.0000000000
36463  11.945  -41.578  62.833 0.0000000000
61490  52.976  -16.797  24.841 0.0000000000
62468  53.397  -16.168  25.877 0.0000000000
62454  53.215  -16.132  26.544 0.0000000000
136035  52.609  -17.831  28.033 0.0000000000
60459  53.134  -17.675  28.011 0.0000000000
59520  53.607  -18.224  28.530 0.0000000000
59502  55.924  -18.983  29.308 0.0000000000
58540  55.867  -20.046  31.291 0.0000000000
55438  46.995  -21.913  38.076 0.0000000000
126209  47.610  -21.464  41.251 0.0000000000
61502  52.172  -16.711  24.495 0.0000000000
31528  8.985  -47.150  57.060 0.0000000000
31516  8.832  -47.019  57.964 0.0000000000
30506  7.999  -47.258  60.014 0.0000000000
55529  44.061  -22.858  34.538 0.0000000000
134305  43.709  -22.739  36.028 0.0000000000
54484  41.884  -23.726  36.712 0.0000000000
55463  42.158  -23.401  36.622 0.0000000000
54458  43.469  -23.450  39.583 0.0000000000
53610  43.676  -24.445  39.834 0.0000000000
52716  43.900  -25.387  40.147 0.0000000000
42359  31.526  -35.582  45.438 0.0000000000
40323  31.717  -37.315  49.092 0.0000000000
41270  32.313  -36.992  48.739 0.0000000000
125213  32.956  -37.320  48.911 0.0000000000
40322  33.816  -37.421  48.651 0.0000000000
116779  34.645  -37.747  48.801 0.0000000000
40304  34.027  -37.938  49.460 0.0000000000
39391  34.113  -38.453  50.225 0.0000000000
39379  34.433  -38.389  50.973 0.0000000000
34731  31.949  -43.059  51.828 0.0000000000
36608  31.861  -41.692  50.882 0.0000000000
35651  33.179  -42.233  52.107 0.0000000000
37471  34.004  -40.605  55.498 0.0000000000
114926  25.208  -44.869  57.986 0.0000000000
33630  25.184  -44.843  58.810 0.0000000000
33648  23.887  -44.346  57.590 0.0000000000
34675  21.396  -42.424  56.081 0.0000000000
34665  20.715  -42.680  56.615 0.0000000000
35605  19.823  -42.617  56.316 0.0000000000
37526  17.778  -39.499  51.074 0.0000000000
37499  16.227  -40.684  52.192 0.0000000000
36550  16.808  -40.979  53.612 0.0000000000
36524  15.560  -41.342  55.509 0.0000000000
115492  14.925  -40.975  54.947 0.0000000000
34691  11.245  -43.473  54.152 0.0000000000
41310  27.674  -36.170  46.127 0.0000000000
40343  28.071  -37.525  46.950 0.0000000000
38447  25.545  -39.907  47.417 0.0000000000
38437  26.241  -39.841  47.907 0.0000000000
38446  26.994  -39.401  47.633 0.0000000000
37540  26.692  -40.797  49.300 0.0000000000
36628  26.827  -41.221  49.893 0.0000000000
36612  27.449  -41.396  50.373 0.0000000000
126408  24.775  -43.453  53.082 0.0000000000
34704  25.564  -43.775  53.415 0.0000000000
33677  25.944  -44.860  55.379 0.0000000000
33661  25.664  -44.911  56.174 0.0000000000
129486  25.558  -44.940  56.780 0.0000000000
122074  8.641  -45.452  61.789 0.0000000000
32497  8.984  -44.875  62.170 0.0000000000
33587  8.565  -44.874  63.106 0.0000000000
33576  8.433  -44.555  64.142 0.0000000000
65426  60.497  -12.425  27.563 0.0000000000
131890  61.062  -12.381  28.102 0.0000000000
65414  61.700  -12.273  28.659 0.0000000000
65394  62.738  -12.365  30.286 0.0000000000
63431  56.065  -14.432  27.767 0.0000000000
63430  56.733  -14.349  28.196 0.0000000000
126384  57.393  -14.666  28.668 0.0000000000
61411  59.092  -15.806  32.985 0.0000000000
62399  59.149  -15.034  32.417 0.0000000000
57654  50.474  -20.356  29.786 0.0000000000
116223  52.045  -21.793  32.091 0.0000000000
56617  52.684  -21.496  32.597 0.0000000000
56616  53.438  -21.169  32.309 0.0000000000
57619  54.163  -20.739  32.530 0.0000000000
121753  54.371  -20.497  33.331 0.0000000000
133544  54.550  -20.435  34.007 0.0000000000
117860  54.796  -20.414  35.027 0.0000000000
56549  49.354  -21.543  37.716 0.0000000000
56548  50.318  -21.335  37.416 0.0000000000
57576  51.756  -20.866  37.692 0.0000000000
57583  55.174  -20.346  37.013 0.0000000000
116073  40.262  -26.918  37.627 0.0000000000
114399  39.601  -25.896  41.994 0.0000000000
51744  40.470  -26.227  41.242 0.0000000000
114732  40.608  -26.058  42.034 0.0000000000
51743  41.624  -26.407  42.040 0.0000000000
135957  42.459  -26.597  42.091 0.0000000000
51718  43.110  -26.218  44.185 0.0000000000
42354  37.978  -35.242  45.751 0.0000000000
43389  38.087  -34.268  44.699 0.0000000000
44494  38.108  -33.351  43.702 0.0000000000
44485  38.404  -33.564  44.413 0.0000000000
44484  38.960  -33.059  44.884 0.0000000000
45635  39.597  -32.630  45.310 0.0000000000
42265  40.625  -35.352  52.670 0.0000000000
42275  41.237  -34.626  51.383 0.0000000000
45610  41.857  -31.983  48.020 0.0000000000
46706  41.794  -31.506  47.273 0.0000000000
47799  41.907  -30.642  46.648 0.0000000000
47816  41.882  -29.885  46.118 0.0000000000
48843  42.240  -29.187  46.399 0.0000000000
64459  56.645  -13.180  21.459 0.0000000000
121369  56.317  -12.582  21.368 0.0000000000
65477  56.868  -12.607  21.130 0.0000000000
66384  58.366  -12.103  20.301 0.0000000000
65482  59.058  -12.613  20.308 0.0000000000
65481  59.804  -12.894  19.898 0.0000000000
64467  59.407  -13.374  20.493 0.0000000000
62511  60.100  -15.823  21.081 0.0000000000
61495  60.853  -16.197  24.161 0.0000000000
61509  61.353  -16.773  23.528 0.0000000000
62481  61.636  -15.858  23.815 0.0000000000
62480  62.270  -15.325  23.291 0.0000000000
63476  62.887  -14.719  22.673 0.0000000000
63466  62.281  -14.068  23.156 0.0000000000
65530  63.951  -12.586  16.130 0.0000000000
122949  64.400  -12.818  16.084 0.0000000000
61594  64.107  -16.531  18.567 0.0000000000
61565  65.542  -15.756  19.721 0.0000000000
33675  28.361  -44.226  55.604 0.0000000000
33674  29.203  -44.275  55.787 0.0000000000
32550  29.214  -45.071  58.619 0.0000000000
36495  12.865  -41.095  58.786 0.0000000000
36486  12.505  -41.346  59.406 0.0000000000
36479  12.129  -41.574  60.821 0.0000000000
133643  11.524  -42.021  61.256 0.0000000000
36471  11.974  -41.656  61.837 0.0000000000
136662  11.655  -41.894  62.284 0.0000000000
120436  11.548  -41.915  63.466 0.0000000000
35550  10.739  -42.301  65.123 0.0000000000
55426  44.836  -22.085  39.704 0.0000000000
55425  45.800  -21.868  39.389 0.0000000000
56501  45.507  -21.893  40.423 0.0000000000
56449  46.488  -21.978  41.930 0.0000000000
54434  46.184  -22.763  42.233 0.0000000000
55399  46.319  -22.322  42.119 0.0000000000
56425  46.998  -22.162  42.384 0.0000000000
136781  7.816  -48.276  57.956 0.0000000000
29647  7.447  -48.756  57.237 0.0000000000
29633  7.402  -48.797  58.191 0.0000000000
29622  6.589  -49.054  59.554 0.0000000000
29611  5.332  -48.728  61.120 0.0000000000
53629  42.151  -24.451  37.396 0.0000000000
41290  30.013  -36.424  47.649 0.0000000000
40325  30.455  -37.102  48.501 0.0000000000
40324  31.083  -37.141  48.815 0.0000000000
40306  32.012  -37.852  49.563 0.0000000000
39393  32.278  -38.322  49.857 0.0000000000
131912  32.758  -38.619  50.076 0.0000000000
33680  23.584  -43.852  55.619 0.0000000000
35629  20.622  -41.702  54.857 0.0000000000
36533  20.054  -41.201  54.398 0.0000000000
136963  14.922  -40.676  51.349 0.0000000000
135366  14.792  -40.803  52.866 0.0000000000
37542  24.851  -41.233  49.619 0.0000000000
135326  25.284  -41.525  50.179 0.0000000000
35696  25.355  -41.876  50.727 0.0000000000
35658  24.611  -42.643  51.882 0.0000000000
35639  24.220  -43.016  52.652 0.0000000000
34688  24.242  -43.916  54.524 0.0000000000
64430  60.480  -13.798  24.952 0.0000000000
64420  59.995  -13.297  25.442 0.0000000000
64421  59.212  -13.454  25.628 0.0000000000
65416  59.767  -12.608  28.231 0.0000000000
65405  59.936  -12.534  29.275 0.0000000000
60443  58.093  -16.939  29.605 0.0000000000
61445  58.398  -16.167  29.884 0.0000000000
60434  58.281  -17.036  30.242 0.0000000000
61421  58.552  -16.450  31.757 0.0000000000
56649  49.294  -21.492  30.800 0.0000000000
56633  49.901  -22.046  31.391 0.0000000000
56619  50.616  -22.181  31.915 0.0000000000
56618  51.264  -22.004  32.468 0.0000000000
119289  51.964  -21.778  32.983 0.0000000000
56592  52.437  -21.357  34.393 0.0000000000
57543  51.392  -20.500  39.997 0.0000000000
121429  51.437  -20.649  39.232 0.0000000000
51779  37.498  -26.018  39.072 0.0000000000
114911  38.602  -26.373  39.143 0.0000000000
51755  38.715  -25.868  41.001 0.0000000000
51745  38.798  -25.905  41.735 0.0000000000
50755  38.381  -26.438  41.937 0.0000000000
114655  40.533  -26.327  44.285 0.0000000000
127699  35.285  -36.451  45.962 0.0000000000
41338  35.408  -36.053  45.183 0.0000000000
41304  35.801  -36.598  46.367 0.0000000000
41303  36.436  -36.534  46.473 0.0000000000
41302  37.198  -36.420  46.665 0.0000000000
40336  37.990  -37.308  48.088 0.0000000000
41301  37.900  -36.175  46.943 0.0000000000
42319  38.547  -35.773  47.284 0.0000000000
42318  39.115  -35.234  47.709 0.0000000000
124524  56.056  -15.275  22.389 0.0000000000
63490  56.615  -14.052  21.779 0.0000000000
62514  57.237  -14.694  21.801 0.0000000000
62513  57.808  -15.366  21.872 0.0000000000
133376  58.283  -15.957  21.945 0.0000000000
61550  58.904  -16.196  21.767 0.0000000000
61511  59.679  -17.102  23.965 0.0000000000
117942  59.110  -16.742  24.517 0.0000000000
62475  60.443  -15.613  24.523 0.0000000000
63462  60.459  -14.724  24.681 0.0000000000
115028  62.871  -12.063  16.453 0.0000000000
66437  63.410  -12.395  16.313 0.0000000000
65518  63.825  -12.920  16.376 0.0000000000
134041  63.831  -14.445  16.794 0.0000000000
63528  63.202  -14.657  17.571 0.0000000000
64495  61.805  -13.224  18.028 0.0000000000
63529  62.536  -14.255  18.337 0.0000000000
62559  62.906  -15.070  18.726 0.0000000000
61584  62.504  -16.369  20.055 0.0000000000
126192  29.357  -40.645  49.352 0.0000000000
36625  29.862  -40.935  49.785 0.0000000000
35652  29.904  -42.835  52.091 0.0000000000
34732  30.926  -42.985  51.918 0.0000000000
126908  29.806  -44.302  55.070 0.0000000000
33673  30.561  -44.659  55.665 0.0000000000
33690  30.807  -44.475  54.820 0.0000000000
37546  20.795  -40.056  49.692 0.0000000000
35584  17.042  -42.276  59.233 0.0000000000
35576  17.657  -42.499  60.159 0.0000000000
35577  16.825  -41.995  60.246 0.0000000000
35569  16.689  -41.752  61.186 0.0000000000
35560  16.543  -41.611  62.144 0.0000000000
36458  16.392  -41.456  63.138 0.0000000000
36477  13.444  -40.979  60.275 0.0000000000
36469  13.480  -40.972  61.290 0.0000000000
114924  14.312  -40.901  62.092 0.0000000000
132415  13.156  -40.874  63.023 0.0000000000
114925  13.934  -40.775  63.177 0.0000000000
36460  14.852  -40.851  63.277 0.0000000000
61499  55.543  -16.763  25.181 0.0000000000
62465  55.960  -14.986  25.793 0.0000000000
62466  55.179  -15.723  25.762 0.0000000000
63455  55.356  -14.703  26.198 0.0000000000
63439  55.239  -14.557  27.096 0.0000000000
63445  54.902  -14.791  26.747 0.0000000000
62438  56.112  -14.991  28.302 0.0000000000
61456  56.364  -15.916  28.719 0.0000000000
61476  52.377  -16.690  26.724 0.0000000000
62447  53.052  -16.414  26.752 0.0000000000
61465  53.429  -16.271  27.114 0.0000000000
60458  53.992  -17.345  28.093 0.0000000000
61459  53.822  -16.519  27.563 0.0000000000
61458  54.412  -16.423  27.993 0.0000000000
61457  55.793  -16.629  28.663 0.0000000000
60455  56.704  -16.978  28.813 0.0000000000
60444  57.534  -17.228  29.149 0.0000000000
126374  57.917  -17.666  29.743 0.0000000000
59492  57.035  -19.035  30.362 0.0000000000
59491  57.530  -18.445  30.926 0.0000000000
59481  57.514  -18.398  31.876 0.0000000000
59469  57.485  -18.330  32.801 0.0000000000
59437  57.070  -18.812  34.050 0.0000000000
55525  47.757  -23.006  34.580 0.0000000000
55483  48.333  -22.212  36.332 0.0000000000
55456  48.038  -22.095  37.070 0.0000000000
56572  48.837  -21.861  36.959 0.0000000000
56496  50.060  -21.102  39.162 0.0000000000
56499  47.383  -21.542  39.659 0.0000000000
56472  47.940  -21.389  40.308 0.0000000000
56497  49.305  -21.242  39.624 0.0000000000
57544  50.660  -20.628  40.433 0.0000000000
48913  37.748  -29.518  40.147 0.0000000000
47893  38.718  -29.947  41.962 0.0000000000
40268  37.578  -37.144  52.991 0.0000000000
40267  38.336  -36.993  52.625 0.0000000000
64442  53.915  -14.084  22.984 0.0000000000
62483  54.316  -15.696  23.035 0.0000000000
120054  53.385  -16.214  23.385 0.0000000000
131829  54.249  -16.371  23.304 0.0000000000
60500  54.462  -17.103  23.885 0.0000000000
68276  60.291  -9.781  16.858 0.0000000000
32553  10.148  -45.028  57.755 0.0000000000
32542  9.879  -45.125  58.686 0.0000000000
130591  9.743  -45.095  59.349 0.0000000000
122418  9.426  -45.373  59.917 0.0000000000
32522  8.945  -45.890  60.168 0.0000000000
32521  9.158  -45.477  60.597 0.0000000000
32499  7.672  -45.982  63.026 0.0000000000
30507  7.813  -48.158  58.747 0.0000000000
31493  7.226  -46.966  61.437 0.0000000000
31473  7.354  -46.664  63.377 0.0000000000
55576  47.463  -22.517  31.560 0.0000000000
55546  47.033  -23.002  32.839 0.0000000000
115849  46.465  -23.229  33.650 0.0000000000
55526  46.868  -23.199  34.469 0.0000000000
55505  46.428  -22.985  35.188 0.0000000000
123477  46.074  -22.740  35.999 0.0000000000
138341  45.718  -22.515  36.910 0.0000000000
125544  45.460  -22.216  37.849 0.0000000000
55486  42.953  -22.852  36.076 0.0000000000
115852  43.456  -22.737  36.834 0.0000000000
55459  44.727  -22.238  38.286 0.0000000000
55413  44.375  -22.539  40.136 0.0000000000
54449  44.396  -23.024  40.679 0.0000000000
54441  44.903  -23.645  41.149 0.0000000000
52697  46.049  -26.003  42.456 0.0000000000
41326  33.908  -36.219  45.711 0.0000000000
42338  30.953  -35.658  46.418 0.0000000000
42337  31.989  -35.873  46.154 0.0000000000
41307  32.471  -36.220  46.935 0.0000000000
41327  32.968  -36.081  45.919 0.0000000000
41305  34.499  -36.555  46.331 0.0000000000
132802  35.281  -36.840  46.653 0.0000000000
129341  35.417  -37.290  47.400 0.0000000000
39409  35.969  -38.424  49.187 0.0000000000
40269  36.946  -37.696  52.210 0.0000000000
37536  31.438  -39.521  49.945 0.0000000000
37520  31.802  -40.024  50.345 0.0000000000
38407  32.088  -39.104  50.287 0.0000000000
38406  32.825  -39.171  50.613 0.0000000000
116098  33.695  -42.242  52.736 0.0000000000
36561  33.340  -41.176  52.574 0.0000000000
38390  33.219  -39.495  51.590 0.0000000000
124841  33.389  -38.910  50.893 0.0000000000
117944  33.712  -38.578  51.467 0.0000000000
39367  34.386  -38.127  51.730 0.0000000000
39340  34.315  -38.471  53.731 0.0000000000
127356  35.177  -37.873  52.361 0.0000000000
39354  36.160  -37.741  52.550 0.0000000000
118056  36.759  -37.388  53.294 0.0000000000
121443  22.585  -44.112  59.785 0.0000000000
131288  23.584  -43.986  56.414 0.0000000000
136943  23.530  -44.080  57.074 0.0000000000
33649  23.067  -43.992  57.707 0.0000000000
34663  22.478  -43.192  56.663 0.0000000000
34655  22.348  -43.463  57.294 0.0000000000
33618  21.881  -44.033  59.975 0.0000000000
128884  19.933  -43.579  59.098 0.0000000000
117150  20.184  -43.314  57.783 0.0000000000
34648  19.554  -43.397  58.379 0.0000000000
137962  18.254  -42.992  58.789 0.0000000000
132355  17.665  -42.688  58.591 0.0000000000
37496  20.045  -40.043  52.317 0.0000000000
36566  19.753  -40.240  53.131 0.0000000000
36547  19.370  -40.631  53.907 0.0000000000
117651  17.065  -40.477  52.178 0.0000000000
131608  17.946  -40.056  52.306 0.0000000000
37481  18.181  -40.357  52.994 0.0000000000
36534  19.268  -41.213  54.634 0.0000000000
35619  17.947  -42.083  55.993 0.0000000000
36522  17.534  -41.610  55.158 0.0000000000
35598  17.893  -42.636  57.380 0.0000000000
35589  17.571  -42.595  57.948 0.0000000000
36501  15.362  -41.423  57.928 0.0000000000
36502  14.312  -41.208  57.747 0.0000000000
36503  13.509  -41.229  57.577 0.0000000000
36552  14.409  -40.798  53.424 0.0000000000
36539  13.495  -41.005  54.709 0.0000000000
36525  13.495  -41.162  55.403 0.0000000000
36504  12.979  -41.385  57.400 0.0000000000
35600  12.442  -41.852  57.178 0.0000000000
35621  11.775  -42.581  55.797 0.0000000000
34659  11.065  -43.063  57.119 0.0000000000
130912  10.739  -43.733  57.355 0.0000000000
33665  10.561  -44.641  56.144 0.0000000000
31538  9.438  -46.582  56.637 0.0000000000
31551  9.413  -46.590  55.711 0.0000000000
31539  8.982  -47.205  56.099 0.0000000000
42321  29.067  -36.470  46.796 0.0000000000
41292  28.878  -36.859  47.094 0.0000000000
41274  29.199  -37.230  47.688 0.0000000000
40327  29.074  -37.591  48.022 0.0000000000
39424  27.515  -38.165  46.802 0.0000000000
39413  27.843  -39.076  47.992 0.0000000000
38435  28.528  -39.406  48.423 0.0000000000
36626  28.972  -41.131  49.787 0.0000000000
36611  28.467  -41.491  50.522 0.0000000000
35674  28.494  -42.188  51.503 0.0000000000
34685  27.790  -43.834  53.958 0.0000000000
132565  26.018  -42.519  51.658 0.0000000000
35656  26.387  -42.828  52.187 0.0000000000
126617  27.040  -44.008  53.786 0.0000000000
132874  27.845  -44.816  59.077 0.0000000000
34640  10.400  -43.740  60.146 0.0000000000
123544  9.551  -44.343  62.151 0.0000000000
33585  9.895  -43.823  62.557 0.0000000000
34607  10.374  -43.208  63.044 0.0000000000
64410  57.118  -13.613  26.559 0.0000000000
63436  56.960  -13.733  27.770 0.0000000000
64391  57.435  -13.404  27.686 0.0000000000
64384  59.410  -13.021  29.425 0.0000000000
62418  58.807  -15.242  30.586 0.0000000000
63408  59.282  -14.199  30.725 0.0000000000
64358  59.737  -13.312  30.779 0.0000000000
64373  60.389  -12.767  30.640 0.0000000000
119491  61.105  -12.798  31.063 0.0000000000
59523  50.401  -18.474  28.436 0.0000000000
57637  50.874  -21.048  30.350 0.0000000000
129905  52.057  -21.802  31.341 0.0000000000
57636  51.867  -21.069  30.235 0.0000000000
57652  52.237  -20.336  29.810 0.0000000000
57651  53.148  -20.251  29.842 0.0000000000
57650  54.083  -20.230  29.920 0.0000000000
57633  54.979  -20.183  30.098 0.0000000000
57625  55.222  -20.434  30.872 0.0000000000
58530  55.696  -19.873  32.248 0.0000000000
57618  54.924  -20.292  32.663 0.0000000000
121016  48.487  -22.706  34.898 0.0000000000
133974  50.148  -21.663  36.040 0.0000000000
56585  50.793  -21.549  35.811 0.0000000000
56594  50.978  -21.704  35.012 0.0000000000
56583  52.259  -21.264  35.260 0.0000000000
57564  51.576  -20.758  38.477 0.0000000000
57575  52.576  -20.724  37.428 0.0000000000
114849  53.072  -20.485  37.956 0.0000000000
57586  52.897  -20.842  36.516 0.0000000000
57594  53.565  -20.829  35.686 0.0000000000
57593  54.300  -20.615  35.300 0.0000000000
57592  54.938  -20.417  35.701 0.0000000000
58496  55.856  -20.020  36.701 0.0000000000
58505  55.788  -19.989  35.787 0.0000000000
131700  56.509  -19.538  35.541 0.0000000000
58494  57.172  -19.159  35.861 0.0000000000
59422  57.721  -18.587  35.390 0.0000000000
52747  41.443  -24.795  36.508 0.0000000000
52736  41.918  -25.149  37.105 0.0000000000
52735  42.390  -24.979  37.617 0.0000000000
51778  39.632  -26.802  38.492 0.0000000000
51777  40.558  -26.819  38.451 0.0000000000
51754  40.570  -26.492  40.372 0.0000000000
135657  41.208  -26.707  38.763 0.0000000000
134347  41.966  -26.425  38.571 0.0000000000
132128  42.567  -25.960  38.481 0.0000000000
52729  42.699  -25.135  38.244 0.0000000000
129154  43.388  -26.602  41.529 0.0000000000
51741  44.365  -26.245  41.313 0.0000000000
51730  45.495  -26.408  42.535 0.0000000000
42373  35.773  -35.582  44.515 0.0000000000
42372  36.916  -35.229  44.581 0.0000000000
42389  36.269  -35.115  44.010 0.0000000000
45670  37.786  -32.016  42.104 0.0000000000
46765  38.318  -31.588  42.368 0.0000000000
46764  38.910  -31.043  42.701 0.0000000000
47865  39.477  -30.271  43.073 0.0000000000
133686  38.475  -37.319  51.585 0.0000000000
40279  39.066  -36.778  51.176 0.0000000000
41242  39.536  -36.370  50.513 0.0000000000
41229  40.045  -35.770  51.870 0.0000000000
41256  39.416  -36.398  49.639 0.0000000000
42304  39.753  -35.606  49.247 0.0000000000
123518  39.828  -35.021  48.774 0.0000000000
43339  39.665  -34.748  48.169 0.0000000000
43315  41.437  -34.278  50.442 0.0000000000
44442  41.881  -33.583  49.954 0.0000000000
43337  40.917  -34.057  49.052 0.0000000000
43351  40.065  -34.053  47.937 0.0000000000
44457  39.937  -33.618  47.187 0.0000000000
44466  40.081  -33.120  46.658 0.0000000000
45625  39.859  -32.916  46.044 0.0000000000
45634  40.202  -32.232  45.720 0.0000000000
46722  40.759  -31.833  46.119 0.0000000000
116595  40.523  -31.491  45.440 0.0000000000
45644  39.968  -31.893  44.946 0.0000000000
46756  39.860  -30.677  43.880 0.0000000000
48882  39.952  -28.950  43.872 0.0000000000
125385  40.467  -28.355  44.881 0.0000000000
50717  40.051  -26.866  44.531 0.0000000000
51705  40.585  -26.530  44.935 0.0000000000
120517  41.140  -26.165  44.841 0.0000000000
48812  43.609  -29.152  48.591 0.0000000000
48813  43.271  -28.787  47.662 0.0000000000
49756  42.922  -27.937  47.125 0.0000000000
50679  43.712  -27.213  48.229 0.0000000000
50680  43.306  -27.122  47.349 0.0000000000
49757  42.692  -27.214  46.716 0.0000000000
51677  42.019  -26.676  45.950 0.0000000000
119952  42.732  -26.034  44.970 0.0000000000
51688  44.606  -26.296  45.347 0.0000000000
51702  44.540  -26.481  44.502 0.0000000000
67355  59.420  -10.616  18.404 0.0000000000
65495  60.226  -12.619  19.305 0.0000000000
135856  60.847  -13.219  19.266 0.0000000000
64466  60.137  -13.563  20.081 0.0000000000
64482  60.917  -13.717  19.665 0.0000000000
61568  62.708  -17.127  20.569 0.0000000000
61549  59.638  -16.518  21.593 0.0000000000
61548  60.445  -16.773  21.369 0.0000000000
60512  61.343  -17.351  22.317 0.0000000000
60529  61.685  -17.279  21.548 0.0000000000
60542  62.515  -17.282  21.217 0.0000000000
60528  63.206  -17.255  21.418 0.0000000000
62510  64.331  -16.112  21.635 0.0000000000
63475  63.613  -14.142  22.144 0.0000000000
30497  6.565  -47.942  60.907 0.0000000000
33609  10.094  -44.303  60.792 0.0000000000
36462  12.684  -41.163  63.494 0.0000000000
36607  32.326  -40.544  50.843 0.0000000000
38375  33.286  -39.891  53.855 0.0000000000
39368  33.049  -38.919  50.470 0.0000000000
41190  39.019  -36.298  54.645 0.0000000000
43363  39.139  -34.292  46.641 0.0000000000
43377  38.334  -34.530  45.443 0.0000000000
43390  37.461  -34.623  44.301 0.0000000000
43403  37.244  -34.300  43.712 0.0000000000
45585  42.019  -32.785  49.152 0.0000000000
46773  37.917  -31.443  41.746 0.0000000000
47815  42.429  -29.859  46.746 0.0000000000
47880  38.985  -30.352  42.430 0.0000000000
49798  40.173  -27.579  44.849 0.0000000000
50693  42.560  -26.816  46.447 0.0000000000
50704  41.177  -27.102  45.687 0.0000000000
51764  43.047  -26.080  39.540 0.0000000000
52674  42.665  -26.384  46.177 0.0000000000
60495  60.093  -17.270  23.221 0.0000000000
60496  59.261  -17.256  23.313 0.0000000000
60498  57.664  -17.178  23.545 0.0000000000
60499  56.020  -17.181  23.830 0.0000000000
60513  60.488  -17.321  22.519 0.0000000000
60543  61.949  -17.191  20.965 0.0000000000
61547  61.251  -17.053  21.121 0.0000000000
62497  56.569  -14.953  22.115 0.0000000000
63423  58.782  -14.266  29.301 0.0000000000
64401  56.212  -13.889  26.998 0.0000000000
65417  59.007  -12.740  27.943 0.0000000000
65438  58.144  -12.858  26.763 0.0000000000
65446  60.363  -12.720  25.756 0.0000000000
65507  60.669  -12.448  18.594 0.0000000000
125977  40.357  -35.454  50.539 0.0000000000
132352  63.290  -17.334  20.938 0.0000000000
133839  28.473  -41.874  50.997 0.0000000000
135780  9.147  -45.806  59.667 0.0000000000
135935  12.972  -40.993  59.560 0.0000000000
137225  39.504  -33.967  46.918 0.0000000000
137639  41.415  -25.633  36.607 0.0000000000
138058  27.253  -40.652  49.245 0.0000000000
