#!ascii label  , from subject sub-v1s21x0050413_ses-1 vox2ras=TkReg
701
25297  35.704  -54.483  -19.615 0.6000000238
24308  29.038  -55.894  -13.607 0.6999999881
137066  30.859  -55.976  -13.277 0.6999999881
136612  33.654  -56.731  -15.892 0.8999999762
131866  34.834  -55.799  -16.919 0.8000000119
115440  35.492  -55.247  -18.095 0.8000000119
26201  35.784  -53.779  -20.159 0.6000000238
26211  35.919  -53.119  -20.634 0.6999999881
27083  36.314  -52.418  -21.171 0.6999999881
24321  29.139  -55.082  -13.945 0.6999999881
24336  28.375  -55.404  -15.279 0.6999999881
24307  30.630  -55.375  -13.319 0.6999999881
115585  32.044  -55.013  -13.532 0.6000000238
24320  32.763  -55.340  -14.058 0.6999999881
23414  32.346  -56.328  -14.252 0.6999999881
24318  33.917  -55.466  -15.163 0.8000000119
25268  34.791  -55.255  -16.312 0.8000000119
117900  34.390  -56.018  -16.361 0.8000000119
24344  35.252  -55.260  -17.178 0.8000000119
25289  35.730  -54.559  -18.571 0.6000000238
129000  36.268  -52.639  -20.222 0.6000000238
27075  36.124  -52.437  -20.892 0.6999999881
27907  37.584  -52.045  -21.823 0.6999999881
25241  28.856  -54.743  -14.839 0.5000000000
25259  28.875  -54.423  -16.074 0.6000000238
25223  30.376  -54.658  -13.501 0.4000000060
25222  31.262  -54.645  -13.401 0.6000000238
25221  32.625  -54.489  -13.701 0.5000000000
25238  33.998  -54.727  -14.775 0.6000000238
24319  33.476  -55.232  -14.587 0.8000000119
25256  34.974  -54.550  -15.878 0.6999999881
26169  35.951  -53.796  -17.021 0.6999999881
26179  36.256  -53.333  -17.849 0.6999999881
27896  36.672  -51.886  -20.255 0.5000000000
27903  36.532  -51.669  -21.149 0.6000000238
27908  37.111  -51.222  -21.608 0.6000000238
27082  36.791  -52.107  -21.463 0.6000000238
27092  38.562  -52.174  -22.095 0.5000000000
26138  29.759  -53.435  -14.861 0.5000000000
25270  29.238  -53.676  -17.138 0.6000000238
25281  28.878  -53.958  -17.976 0.6000000238
25258  29.371  -53.834  -15.455 0.5000000000
115748  33.815  -53.905  -14.441 0.5000000000
26155  34.967  -53.158  -15.344 0.6000000238
27036  36.193  -52.420  -16.567 0.6000000238
133169  36.584  -52.792  -17.802 0.6000000238
27057  36.926  -52.371  -18.289 0.5000000000
27889  37.229  -51.809  -18.996 0.5000000000
27902  36.906  -51.004  -20.676 0.6000000238
136470  36.893  -50.903  -21.232 0.6000000238
28722  37.673  -50.467  -21.939 0.5000000000
28721  38.532  -50.697  -22.410 0.5000000000
28729  40.736  -50.656  -23.380 0.5000000000
134499  39.265  -50.957  -22.742 0.5000000000
25269  29.470  -53.495  -16.432 0.5000000000
26171  29.156  -53.232  -17.671 0.5000000000
26123  30.065  -53.955  -13.972 0.5000000000
117026  31.633  -53.842  -13.518 0.4000000060
135337  33.382  -52.332  -14.195 0.3000000119
131129  33.427  -53.005  -14.187 0.4000000060
27021  34.654  -52.533  -14.958 0.3000000119
27863  34.709  -51.690  -14.872 0.3000000119
27020  35.332  -52.350  -15.438 0.5000000000
27874  35.913  -51.849  -16.014 0.5000000000
119406  36.423  -51.829  -16.646 0.5000000000
27047  37.124  -51.626  -17.911 0.5000000000
27895  37.266  -51.063  -19.609 0.6000000238
28713  37.146  -50.280  -20.924 0.6000000238
28716  37.255  -50.364  -21.466 0.5000000000
29551  38.246  -49.860  -22.353 0.5000000000
28730  40.022  -49.969  -23.322 0.5000000000
26170  29.516  -53.118  -16.974 0.5000000000
26156  29.723  -53.105  -16.002 0.5000000000
126212  30.463  -53.124  -14.374 0.5000000000
26983  31.951  -52.468  -13.787 0.4000000060
26121  31.346  -53.153  -13.794 0.5000000000
27836  33.275  -51.727  -14.207 0.4000000060
27835  34.034  -51.499  -14.374 0.3000000119
27862  35.426  -51.563  -15.387 0.3000000119
27873  36.352  -51.218  -16.364 0.4000000060
28694  37.132  -50.828  -17.523 0.5000000000
27888  37.377  -50.977  -18.489 0.4000000060
29546  37.492  -49.638  -21.205 0.5000000000
30432  37.861  -48.995  -21.561 0.5000000000
29552  37.691  -49.708  -21.771 0.5000000000
29556  41.034  -49.745  -23.562 0.5000000000
29557  40.118  -49.069  -23.552 0.4000000060
29558  39.250  -49.283  -23.358 0.5000000000
27022  29.369  -52.806  -16.611 0.5000000000
27001  29.571  -52.706  -15.483 0.5000000000
121432  29.833  -52.912  -15.101 0.5000000000
26999  31.046  -52.419  -14.337 0.4000000060
27837  32.353  -51.671  -14.163 0.4000000060
28660  33.551  -50.919  -14.285 0.3000000119
28681  35.187  -50.887  -15.092 0.3000000119
28679  36.245  -50.484  -16.104 0.4000000060
132957  36.640  -50.087  -16.493 0.4000000060
114771  37.218  -49.300  -17.564 0.4000000060
28688  37.030  -50.087  -17.133 0.4000000060
114807  37.386  -50.171  -18.013 0.4000000060
29530  37.462  -49.555  -18.579 0.5000000000
121055  37.500  -49.737  -19.447 0.5000000000
28707  37.340  -50.312  -20.032 0.6000000238
30435  38.427  -48.464  -22.799 0.4000000060
29559  38.590  -49.244  -22.912 0.5000000000
27838  31.535  -51.683  -14.338 0.4000000060
27000  30.154  -52.380  -14.738 0.4000000060
28661  32.710  -50.972  -14.298 0.4000000060
127623  33.786  -50.247  -14.320 0.4000000060
131117  35.048  -50.179  -14.780 0.4000000060
29515  35.805  -49.344  -15.389 0.4000000060
29514  36.213  -49.722  -15.982 0.4000000060
29520  36.752  -49.441  -16.631 0.4000000060
30412  37.441  -48.807  -18.323 0.5000000000
116844  37.597  -49.099  -19.217 0.5000000000
30420  37.827  -48.627  -19.783 0.6000000238
30428  37.768  -48.854  -20.783 0.5000000000
31430  38.122  -48.223  -21.208 0.4000000060
30431  38.267  -48.351  -22.051 0.4000000060
122748  29.457  -51.951  -14.780 0.4000000060
115583  31.097  -50.956  -14.602 0.4000000060
130630  30.048  -51.683  -14.563 0.4000000060
120435  31.883  -50.979  -14.450 0.4000000060
29501  34.427  -49.701  -14.468 0.4000000060
30388  36.210  -48.811  -15.975 0.4000000060
30404  36.833  -48.648  -16.846 0.4000000060
30403  37.176  -48.406  -17.608 0.4000000060
127244  37.402  -48.141  -18.186 0.5000000000
122689  37.662  -48.334  -18.857 0.4000000060
31423  38.112  -48.022  -20.248 0.6000000238
28664  30.361  -50.991  -14.417 0.4000000060
133451  31.465  -50.363  -14.580 0.4000000060
124212  33.028  -50.271  -14.355 0.4000000060
126385  33.962  -48.980  -14.416 0.4000000060
30370  34.718  -48.830  -14.611 0.4000000060
117323  35.337  -47.879  -15.166 0.5000000000
30396  35.843  -47.960  -15.640 0.4000000060
30395  36.429  -47.986  -16.394 0.3000000119
31397  36.546  -47.337  -16.898 0.3000000119
129484  36.865  -47.980  -17.067 0.4000000060
31405  37.513  -47.570  -18.501 0.4000000060
32417  37.684  -46.787  -18.927 0.4000000060
31414  37.903  -47.747  -19.301 0.5000000000
122707  29.697  -51.302  -14.268 0.4000000060
29503  32.518  -49.531  -14.562 0.4000000060
29502  33.466  -49.558  -14.396 0.4000000060
30371  34.016  -48.310  -14.582 0.3000000119
31374  34.837  -47.469  -15.110 0.3000000119
31387  35.915  -47.223  -16.139 0.3000000119
32390  36.144  -46.706  -16.697 0.3000000119
31396  37.074  -47.556  -17.693 0.3000000119
32402  37.212  -46.895  -18.172 0.4000000060
28663  30.867  -50.191  -14.505 0.3000000119
29504  31.572  -49.625  -14.613 0.3000000119
30372  33.062  -48.704  -14.566 0.3000000119
31356  33.259  -47.830  -14.811 0.3000000119
134755  34.298  -47.095  -15.140 0.3000000119
31373  35.422  -47.335  -15.461 0.4000000060
33443  35.163  -46.262  -15.800 0.4000000060
32391  35.615  -46.414  -16.211 0.3000000119
33455  35.925  -45.964  -16.802 0.3000000119
32403  36.620  -46.567  -17.459 0.3000000119
130554  37.066  -46.014  -18.350 0.4000000060
125593  37.561  -45.959  -19.067 0.4000000060
32379  34.842  -46.751  -15.420 0.4000000060
33457  34.355  -45.185  -16.120 0.4000000060
33456  35.203  -45.617  -16.215 0.4000000060
33471  35.537  -45.169  -16.900 0.3000000119
33470  36.254  -45.444  -17.637 0.4000000060
34484  36.170  -44.636  -18.315 0.4000000060
33482  36.688  -45.180  -18.433 0.4000000060
33481  37.189  -45.291  -19.012 0.4000000060
34471  34.940  -44.817  -16.629 0.4000000060
138327  35.264  -44.706  -17.027 0.5000000000
122807  35.623  -44.722  -17.529 0.4000000060
34499  36.117  -43.889  -19.300 0.3000000119
23427  33.844  -56.201  -15.693 0.8000000119
26200  36.203  -53.217  -19.539 0.6000000238
25280  35.642  -54.574  -17.564 0.6999999881
25279  35.913  -53.925  -18.101 0.6999999881
27915  38.034  -51.331  -22.062 0.6000000238
26120  32.329  -53.795  -13.562 0.4000000060
26136  33.042  -53.812  -13.885 0.4000000060
26154  35.461  -53.797  -15.940 0.6999999881
125122  35.901  -53.096  -16.384 0.6999999881
119052  36.556  -53.003  -18.555 0.6999999881
27048  36.676  -52.215  -17.315 0.5000000000
28700  37.449  -50.288  -19.022 0.6000000238
29538  37.547  -49.517  -20.267 0.6000000238
30389  35.509  -48.601  -15.099 0.3000000119
137997  29.923  -50.827  -14.092 0.4000000060
34498  36.718  -44.554  -19.070 0.3000000119
116930  31.468  -61.760  -15.385 0.6000000238
118961  31.253  -62.845  -15.045 0.6000000238
17429  31.588  -63.756  -17.572 0.6000000238
132302  31.912  -62.804  -18.540 0.6000000238
17398  29.299  -63.075  -13.480 0.5000000000
125111  31.045  -62.063  -14.594 0.6000000238
19940  31.325  -60.402  -14.481 0.6999999881
19098  31.621  -60.817  -15.196 0.6999999881
18267  30.604  -62.640  -14.204 0.6000000238
19104  31.863  -61.061  -15.970 0.6000000238
19105  31.742  -61.723  -16.292 0.6000000238
119897  32.137  -60.710  -17.856 0.6000000238
127938  31.873  -61.475  -17.738 0.6000000238
18282  31.783  -62.133  -18.130 0.6000000238
19967  32.378  -60.638  -19.454 0.6000000238
19982  31.907  -60.244  -20.933 0.6999999881
18259  29.181  -62.000  -13.368 0.6000000238
20822  30.779  -60.006  -13.935 0.6999999881
18258  29.928  -62.377  -13.638 0.5000000000
19079  30.139  -61.003  -13.591 0.6999999881
19090  30.501  -61.684  -13.958 0.6999999881
124890  32.225  -59.960  -15.891 0.6999999881
19097  31.963  -60.450  -15.709 0.6999999881
19959  32.396  -60.219  -17.164 0.5000000000
19966  32.714  -59.932  -19.066 0.6000000238
122962  33.083  -59.061  -20.619 0.6000000238
20869  32.554  -59.634  -20.664 0.6999999881
21719  33.881  -58.364  -21.443 0.6999999881
20877  33.074  -59.442  -21.698 0.6999999881
128536  34.748  -58.513  -22.280 0.6999999881
124273  40.747  -60.581  -24.806 0.4000000060
21735  39.665  -58.878  -23.997 0.5000000000
127416  39.565  -58.122  -23.235 0.6000000238
20881  36.881  -59.151  -22.833 0.6000000238
21726  36.377  -58.103  -22.456 0.6999999881
19943  26.966  -60.879  -14.713 0.5000000000
19933  28.332  -60.582  -13.520 0.5000000000
125382  28.687  -59.830  -13.431 0.6000000238
19082  28.003  -61.362  -13.594 0.5000000000
20807  30.692  -59.073  -13.763 0.6999999881
19932  29.083  -60.488  -13.307 0.5000000000
19080  29.475  -61.115  -13.391 0.6000000238
21660  31.499  -58.577  -14.287 0.6999999881
20821  31.439  -59.512  -14.370 0.6999999881
125460  32.374  -59.277  -15.738 0.6999999881
20844  32.748  -59.556  -17.323 0.6999999881
21704  33.559  -58.696  -20.004 0.6000000238
130483  34.030  -58.067  -21.034 0.6999999881
22614  34.779  -57.892  -22.092 0.6999999881
22612  37.218  -57.539  -22.355 0.6999999881
21725  37.309  -58.427  -22.632 0.6000000238
21673  27.110  -58.611  -15.805 0.5000000000
19949  26.575  -60.223  -15.531 0.4000000060
125125  27.642  -59.246  -14.269 0.5000000000
20830  27.115  -59.333  -15.200 0.5000000000
20811  27.927  -59.916  -13.770 0.5000000000
21651  28.663  -58.365  -13.547 0.6000000238
123879  29.075  -59.069  -13.392 0.6000000238
22550  31.602  -57.689  -14.216 0.6999999881
115453  29.862  -59.076  -13.402 0.6000000238
21672  32.609  -58.431  -15.548 0.6999999881
20836  33.083  -59.001  -17.052 0.6999999881
21696  33.634  -58.700  -18.373 0.6999999881
20850  33.106  -59.302  -18.686 0.6999999881
123893  33.502  -58.862  -19.174 0.6999999881
22601  34.396  -57.540  -20.742 0.6999999881
22600  34.660  -57.139  -21.249 0.8000000119
22613  36.255  -57.271  -22.265 0.6999999881
124287  39.126  -57.403  -22.425 0.6000000238
23490  38.608  -56.720  -21.931 0.6000000238
21682  26.834  -58.513  -17.018 0.4000000060
22551  27.684  -57.747  -14.587 0.6000000238
21652  27.908  -58.452  -13.985 0.6000000238
22539  28.277  -57.728  -13.813 0.6000000238
22537  30.271  -57.546  -13.352 0.6000000238
22536  31.086  -57.209  -13.650 0.6000000238
22549  32.266  -57.220  -14.634 0.6999999881
21659  32.165  -58.070  -14.843 0.6999999881
21671  33.185  -57.980  -16.105 0.6999999881
21679  33.422  -58.319  -16.817 0.6999999881
22575  34.310  -57.292  -17.346 0.8000000119
22576  33.915  -57.986  -17.260 0.8000000119
22585  34.632  -57.677  -18.743 0.6000000238
23466  34.822  -56.876  -20.585 0.6000000238
133001  36.166  -56.130  -21.825 0.8000000119
23482  35.667  -56.704  -21.922 0.6999999881
23498  42.622  -57.090  -23.214 0.5000000000
22610  40.018  -57.420  -22.557 0.6000000238
22608  41.744  -57.226  -22.948 0.6000000238
22568  27.208  -57.709  -17.068 0.5000000000
22578  27.263  -58.050  -18.098 0.4000000060
21697  28.100  -58.483  -19.964 0.4000000060
22561  27.460  -57.391  -15.451 0.5000000000
21681  27.215  -57.881  -16.168 0.5000000000
23416  28.080  -57.060  -14.213 0.6000000238
23402  29.926  -56.773  -13.224 0.6000000238
23400  31.449  -56.318  -13.595 0.6000000238
23429  32.818  -56.759  -14.921 0.6999999881
22559  33.469  -57.222  -15.978 0.8000000119
117201  34.594  -56.444  -17.095 0.8000000119
23448  35.223  -56.422  -18.385 0.6000000238
23465  35.167  -56.642  -19.700 0.6000000238
134651  35.340  -55.756  -21.125 0.6999999881
24391  36.247  -55.433  -21.628 0.6999999881
24388  39.376  -55.252  -21.460 0.6999999881
23488  40.444  -56.689  -22.024 0.6000000238
24386  41.330  -55.071  -21.571 0.6000000238
25320  41.919  -54.210  -21.727 0.6000000238
23486  42.191  -56.411  -22.517 0.6000000238
124086  42.096  -55.067  -21.751 0.6000000238
23439  27.637  -56.075  -16.359 0.5000000000
22577  27.516  -57.157  -17.699 0.5000000000
22586  28.012  -57.622  -19.074 0.5000000000
138167  28.095  -57.773  -20.290 0.5000000000
124448  27.862  -55.918  -15.603 0.5000000000
23431  27.590  -56.598  -15.538 0.5000000000
121220  29.611  -56.189  -13.334 0.6000000238
24355  35.159  -55.997  -17.709 0.6999999881
24366  35.439  -55.862  -18.626 0.6000000238
24382  35.397  -55.329  -20.672 0.6000000238
25315  35.665  -55.013  -21.232 0.6000000238
24390  37.300  -55.147  -21.650 0.6999999881
118307  37.072  -54.256  -21.611 0.6000000238
119621  38.840  -54.647  -21.496 0.6000000238
24387  40.322  -55.039  -21.464 0.6999999881
23485  43.106  -56.204  -22.803 0.5000000000
26220  43.703  -53.464  -22.770 0.4000000060
24346  28.017  -55.557  -17.256 0.5000000000
24367  28.045  -55.441  -18.984 0.5000000000
23459  28.012  -55.318  -20.038 0.5000000000
23474  27.476  -55.560  -21.024 0.5000000000
24379  25.752  -55.441  -19.593 0.5000000000
23470  24.919  -56.019  -19.267 0.5000000000
131965  35.677  -53.629  -20.906 0.6000000238
134479  37.430  -53.497  -21.629 0.6000000238
27080  39.128  -52.928  -21.847 0.4000000060
26215  39.706  -53.631  -21.583 0.5000000000
27078  41.069  -52.945  -21.740 0.4000000060
27087  43.429  -52.644  -22.862 0.4000000060
26221  41.923  -53.231  -21.932 0.5000000000
24345  28.668  -54.617  -17.179 0.6000000238
25290  28.217  -54.457  -18.848 0.5000000000
25299  27.647  -55.022  -20.091 0.5000000000
25300  27.215  -54.837  -19.829 0.5000000000
24369  24.870  -55.488  -18.855 0.5000000000
23451  24.180  -56.514  -17.996 0.5000000000
22579  24.206  -56.990  -17.665 0.4000000060
20831  24.246  -58.953  -16.279 0.5000000000
126350  23.972  -60.083  -15.148 0.4000000060
19083  23.483  -61.159  -13.641 0.4000000060
18263  22.575  -62.508  -13.609 0.4000000060
124094  38.109  -52.860  -21.797 0.6000000238
27091  39.548  -52.216  -22.238 0.4000000060
27079  40.136  -52.876  -21.742 0.4000000060
128881  42.508  -52.783  -22.441 0.4000000060
26202  28.124  -53.908  -19.016 0.5000000000
26204  27.360  -54.169  -19.321 0.4000000060
25291  26.396  -54.265  -19.187 0.4000000060
24357  25.049  -55.021  -18.365 0.5000000000
23440  25.127  -55.964  -16.702 0.4000000060
22569  24.469  -57.409  -16.825 0.5000000000
22562  24.751  -57.396  -15.729 0.4000000060
21662  24.496  -58.508  -14.499 0.5000000000
129336  24.422  -58.564  -15.417 0.5000000000
20813  24.118  -59.768  -13.332 0.3000000119
120425  23.890  -60.417  -13.744 0.3000000119
19071  22.897  -61.880  -12.092 0.3000000119
124330  39.829  -51.545  -22.719 0.4000000060
27058  28.251  -52.972  -18.595 0.5000000000
26192  26.990  -53.554  -18.765 0.5000000000
124790  25.645  -54.384  -18.635 0.4000000060
27049  28.839  -52.937  -17.987 0.4000000060
27059  27.533  -52.965  -18.413 0.4000000060
26181  26.733  -53.205  -18.022 0.4000000060
25271  25.941  -53.910  -16.776 0.4000000060
27038  28.793  -52.667  -17.353 0.4000000060
27051  27.207  -52.733  -17.572 0.4000000060
118301  26.137  -53.593  -17.629 0.4000000060
27023  28.404  -52.335  -16.435 0.4000000060
26172  26.407  -53.035  -17.023 0.4000000060
138222  25.815  -53.841  -16.112 0.4000000060
25260  25.764  -54.467  -15.984 0.4000000060
27040  26.844  -52.468  -16.646 0.4000000060
27002  28.969  -52.298  -15.611 0.3000000119
27041  26.239  -52.600  -16.203 0.4000000060
122420  25.616  -53.864  -15.498 0.4000000060
25242  25.521  -54.645  -15.052 0.4000000060
24309  25.231  -55.706  -13.720 0.4000000060
24310  24.938  -55.061  -13.041 0.4000000060
27840  28.496  -51.814  -14.680 0.3000000119
27865  27.115  -51.952  -15.361 0.4000000060
27025  26.565  -52.229  -15.654 0.4000000060
27026  25.861  -52.640  -15.372 0.4000000060
128714  25.577  -53.270  -15.252 0.4000000060
25225  25.372  -54.825  -14.001 0.4000000060
128075  25.473  -53.043  -14.737 0.3000000119
25308  35.551  -54.405  -20.703 0.6000000238
23430  28.045  -56.298  -14.761 0.5000000000
122049  36.586  -52.880  -21.447 0.6000000238
27090  40.663  -52.179  -22.406 0.4000000060
18278  31.519  -63.121  -16.861 0.6000000238
21720  33.479  -58.839  -21.556 0.6999999881
125855  34.361  -57.787  -21.538 0.6999999881
20888  39.467  -59.671  -24.426 0.5000000000
22618  42.164  -57.877  -23.718 0.5000000000
21724  38.797  -58.712  -23.571 0.5000000000
22620  40.471  -57.992  -23.342 0.4000000060
131395  38.753  -57.986  -22.760 0.6000000238
20823  27.320  -60.058  -14.560 0.5000000000
21689  33.593  -58.532  -17.544 0.6999999881
23489  39.532  -56.725  -21.917 0.6000000238
21650  29.526  -58.214  -13.355 0.6000000238
21695  34.121  -58.276  -19.173 0.6999999881
23483  35.093  -56.491  -21.313 0.8000000119
23491  37.632  -56.721  -22.062 0.6999999881
23458  35.073  -57.021  -18.771 0.6000000238
22584  34.666  -57.472  -19.703 0.6000000238
24389  38.462  -55.286  -21.529 0.6999999881
23480  38.035  -56.004  -21.649 0.6999999881
24402  43.948  -55.989  -23.264 0.5000000000
23497  43.536  -57.000  -23.533 0.5000000000
23479  39.013  -56.022  -21.553 0.6999999881
23477  40.873  -55.891  -21.636 0.6000000238
120119  35.438  -55.812  -19.657 0.6999999881
114368  35.185  -56.129  -20.569 0.6999999881
25311  40.207  -54.213  -21.505 0.6000000238
24396  42.590  -55.551  -22.251 0.6000000238
25318  43.434  -54.178  -22.539 0.6000000238
23450  27.908  -56.224  -18.307 0.5000000000
23460  28.190  -56.426  -19.461 0.5000000000
23472  28.067  -56.225  -21.022 0.4000000060
26212  35.793  -53.987  -21.184 0.6000000238
26216  38.700  -53.783  -21.613 0.6000000238
19093  23.253  -61.424  -14.584 0.3000000119
27089  41.734  -52.491  -22.347 0.4000000060
23441  24.377  -56.177  -17.618 0.5000000000
20825  24.147  -59.943  -14.299 0.4000000060
19084  23.062  -61.888  -13.102 0.4000000060
27024  27.332  -52.147  -16.160 0.4000000060
10834  39.836  -71.748  -21.925 0.3000000119
12313  40.412  -70.612  -22.230 0.3000000119
120953  33.307  -65.699  -24.293 0.4000000060
15607  34.184  -66.141  -24.390 0.4000000060
14705  33.886  -66.934  -23.888 0.4000000060
13814  33.568  -67.787  -23.887 0.4000000060
16528  33.754  -63.870  -24.181 0.4000000060
16519  32.093  -64.011  -23.273 0.4000000060
17461  32.763  -63.505  -23.497 0.4000000060
18316  32.472  -62.725  -23.110 0.5000000000
16514  30.752  -63.737  -22.344 0.5000000000
18311  31.485  -62.561  -22.084 0.5000000000
16526  35.771  -64.700  -25.225 0.4000000060
16525  32.220  -65.165  -23.488 0.5000000000
16511  30.239  -64.276  -20.824 0.5000000000
122514  35.640  -65.331  -25.014 0.5000000000
16523  34.245  -65.619  -24.785 0.5000000000
15603  34.387  -66.415  -23.578 0.4000000060
13813  34.163  -67.769  -23.518 0.4000000060
13799  34.711  -67.628  -22.682 0.4000000060
13806  35.857  -68.631  -22.575 0.3000000119
127292  36.347  -69.689  -22.417 0.4000000060
124360  36.926  -62.998  -25.220 0.4000000060
124492  36.276  -61.979  -24.666 0.4000000060
121959  35.185  -61.830  -24.238 0.4000000060
119188  37.606  -63.464  -25.249 0.4000000060
17463  35.726  -63.814  -25.119 0.4000000060
19146  36.024  -62.869  -24.885 0.4000000060
18315  33.231  -62.880  -23.592 0.4000000060
19141  33.493  -62.114  -23.425 0.5000000000
18309  32.721  -62.155  -22.954 0.5000000000
18314  37.190  -63.958  -25.181 0.4000000060
17464  34.996  -64.455  -25.154 0.4000000060
133859  34.274  -64.839  -25.033 0.4000000060
131775  33.642  -61.340  -23.030 0.5000000000
118399  32.330  -61.688  -22.326 0.5000000000
19133  31.742  -61.690  -21.725 0.5000000000
18305  31.245  -62.271  -21.349 0.6000000238
19128  31.410  -61.480  -21.047 0.6000000238
16510  30.852  -63.676  -20.375 0.6000000238
21729  33.676  -59.137  -21.983 0.6000000238
19988  32.704  -60.121  -21.832 0.6000000238
17444  31.369  -62.988  -19.998 0.5000000000
14695  34.559  -66.680  -22.313 0.4000000060
19121  32.092  -61.501  -19.549 0.5000000000
13798  35.382  -67.700  -22.169 0.4000000060
13797  36.181  -67.806  -22.005 0.4000000060
13031  36.728  -68.995  -22.533 0.4000000060
20004  36.698  -61.026  -24.358 0.4000000060
20003  37.414  -60.557  -24.249 0.5000000000
19135  34.387  -61.030  -23.225 0.5000000000
19995  34.871  -60.259  -22.845 0.5000000000
19996  33.148  -60.775  -22.377 0.5000000000
128844  36.034  -59.519  -22.825 0.5000000000
20884  33.680  -60.050  -22.386 0.6000000238
130031  36.017  -58.789  -22.557 0.6000000238
20883  34.454  -59.254  -22.384 0.6000000238
9412  39.873  -72.441  -22.037 0.3000000119
125397  41.672  -70.382  -22.870 0.3000000119
13804  39.448  -67.870  -22.163 0.3000000119
19143  39.208  -62.160  -25.077 0.4000000060
134021  39.645  -61.545  -25.132 0.4000000060
20010  38.929  -61.612  -25.187 0.4000000060
20011  37.907  -61.447  -24.893 0.4000000060
20891  36.742  -60.049  -23.497 0.5000000000
20889  38.534  -59.745  -24.086 0.4000000060
21736  37.861  -59.031  -23.161 0.5000000000
136260  31.627  -60.892  -20.860 0.6000000238
18294  31.776  -62.255  -19.717 0.5000000000
20002  38.283  -60.650  -24.578 0.4000000060
17460  34.361  -63.213  -24.362 0.4000000060
17451  30.921  -62.899  -20.889 0.5000000000
13805  38.482  -67.959  -21.963 0.3000000119
19145  37.520  -62.405  -25.148 0.4000000060
20005  35.506  -61.034  -23.783 0.5000000000
135466  33.705  -60.799  -22.716 0.5000000000
11605  40.001  -70.955  -22.018 0.3000000119
14702  34.302  -67.080  -23.167 0.4000000060
16522  34.654  -65.675  -24.688 0.4000000060
16524  33.297  -64.708  -24.070 0.5000000000
16527  35.046  -65.127  -25.154 0.4000000060
17397  30.088  -63.149  -13.817 0.6000000238
17452  30.532  -63.589  -21.346 0.5000000000
17454  30.951  -62.998  -21.734 0.5000000000
17457  31.872  -63.077  -22.835 0.5000000000
17458  31.238  -63.165  -22.385 0.5000000000
17462  36.457  -64.269  -25.253 0.4000000060
18283  31.682  -62.913  -17.779 0.6000000238
18289  32.197  -62.283  -18.987 0.6000000238
18295  31.348  -62.208  -20.579 0.6000000238
18310  32.082  -62.295  -22.492 0.5000000000
18317  38.176  -63.055  -25.227 0.4000000060
18318  36.831  -63.790  -25.285 0.4000000060
19070  23.381  -61.136  -12.535 0.3000000119
19081  28.759  -61.231  -13.365 0.6000000238
19089  31.152  -61.257  -14.559 0.6999999881
19106  26.132  -60.966  -16.168 0.4000000060
19112  32.049  -61.123  -16.911 0.6000000238
19117  32.155  -61.338  -18.627 0.6000000238
19122  31.673  -61.509  -20.377 0.6000000238
19127  32.001  -60.837  -20.273 0.6999999881
19132  31.757  -60.842  -21.240 0.6000000238
19136  32.939  -61.489  -22.639 0.5000000000
19137  32.339  -60.942  -21.872 0.5000000000
19140  34.312  -61.967  -23.826 0.4000000060
19144  38.511  -62.383  -25.177 0.4000000060
19147  35.079  -62.691  -24.532 0.4000000060
19930  30.310  -60.409  -13.662 0.6999999881
19931  29.765  -60.432  -13.431 0.6999999881
19941  30.706  -60.792  -14.013 0.6999999881
19942  27.615  -60.715  -13.951 0.5000000000
19944  23.677  -60.698  -14.649 0.3000000119
19952  32.201  -60.424  -16.360 0.6999999881
19973  32.628  -59.954  -19.839 0.6000000238
19974  32.314  -60.257  -20.274 0.6999999881
19989  32.171  -60.317  -21.380 0.6000000238
20808  30.145  -59.805  -13.527 0.6999999881
20809  29.448  -59.792  -13.362 0.6000000238
20810  28.306  -59.141  -13.676 0.6000000238
20812  24.365  -59.157  -13.918 0.3000000119
20820  32.091  -58.993  -14.925 0.6999999881
20824  24.242  -59.300  -15.088 0.5000000000
20829  31.904  -59.936  -15.155 0.6999999881
20837  32.565  -59.612  -16.553 0.6999999881
20843  33.114  -59.139  -17.820 0.6999999881
20851  32.562  -59.848  -18.073 0.6999999881
20858  33.081  -59.371  -19.742 0.6000000238
20868  32.928  -59.155  -21.210 0.6999999881
20878  32.459  -59.755  -21.301 0.6999999881
20882  35.303  -59.683  -22.708 0.5000000000
20890  37.608  -59.851  -23.697 0.5000000000
20892  35.852  -60.255  -23.292 0.5000000000
20900  39.310  -60.734  -24.992 0.4000000060
21648  30.879  -58.095  -13.728 0.6999999881
21649  30.243  -58.422  -13.442 0.6000000238
21661  27.464  -58.582  -14.837 0.6000000238
21674  24.525  -58.111  -16.095 0.5000000000
21680  32.864  -58.766  -16.315 0.6999999881
21683  24.238  -58.254  -17.021 0.5000000000
21688  34.241  -58.050  -18.042 0.6999999881
21691  24.127  -57.718  -17.563 0.4000000060
21703  34.047  -58.090  -20.290 0.6999999881
21713  33.471  -58.544  -20.958 0.6999999881
21727  35.304  -58.980  -22.505 0.6000000238
21728  34.131  -58.494  -21.935 0.6999999881
22538  29.584  -57.393  -13.306 0.6000000238
22560  32.855  -57.495  -15.357 0.6999999881
22566  33.740  -57.605  -16.646 0.6999999881
22567  27.391  -57.010  -16.459 0.5000000000
22592  28.104  -57.034  -20.477 0.5000000000
22593  28.294  -57.425  -19.976 0.5000000000
22602  27.889  -57.156  -20.722 0.5000000000
22606  34.946  -57.216  -21.790 0.6999999881
22609  40.891  -57.346  -22.709 0.6000000238
22611  38.251  -57.430  -22.343 0.6000000238
22619  41.313  -57.935  -23.516 0.5000000000
23401  30.630  -56.638  -13.341 0.6000000238
23403  29.163  -56.780  -13.422 0.6000000238
23415  31.735  -56.947  -14.094 0.6000000238
23417  27.673  -57.003  -14.837 0.5000000000
23428  33.314  -56.732  -15.459 0.8999999762
23433  24.927  -56.768  -16.217 0.4000000060
23438  34.010  -56.792  -16.418 0.8000000119
23449  34.872  -56.771  -17.896 0.6000000238
23461  24.474  -56.267  -18.581 0.5000000000
23467  28.190  -56.326  -20.398 0.5000000000
23473  27.804  -56.265  -21.098 0.4000000060
23478  39.941  -55.960  -21.573 0.6000000238
23481  36.989  -56.013  -21.832 0.6999999881
23487  41.323  -56.572  -22.230 0.6000000238
23492  36.627  -56.696  -22.109 0.6999999881
24305  32.013  -55.692  -13.714 0.6999999881
24306  31.376  -55.492  -13.409 0.6999999881
24322  28.617  -55.651  -14.330 0.5000000000
24335  33.243  -56.018  -14.857 0.8000000119
24337  28.206  -55.323  -16.289 0.6999999881
24356  28.433  -55.020  -18.157 0.5000000000
24358  24.425  -55.763  -18.127 0.5000000000
24368  25.523  -54.794  -19.155 0.4000000060
24376  28.073  -54.786  -20.982 0.5000000000
24377  27.666  -54.840  -21.018 0.5000000000
24378  27.073  -55.283  -20.098 0.5000000000
24383  27.992  -55.374  -21.195 0.4000000060
24392  35.641  -55.923  -21.479 0.6999999881
24397  41.777  -55.792  -21.867 0.6000000238
25224  29.725  -54.683  -13.759 0.4000000060
25239  33.306  -54.584  -14.211 0.5000000000
25240  29.460  -54.282  -14.423 0.5000000000
25257  34.453  -54.956  -15.486 0.6999999881
25298  27.663  -54.680  -19.610 0.5000000000
25301  26.312  -54.842  -19.644 0.5000000000
25310  40.936  -54.308  -21.533 0.6999999881
25312  39.540  -54.436  -21.490 0.6000000238
25313  38.001  -54.448  -21.587 0.6999999881
25314  36.307  -54.549  -21.514 0.6000000238
25319  42.736  -54.622  -22.199 0.6000000238
26122  30.829  -53.865  -13.643 0.5000000000
26135  34.298  -53.176  -14.679 0.4000000060
26137  32.592  -53.085  -13.736 0.4000000060
26157  25.819  -53.191  -16.084 0.4000000060
26168  36.298  -52.954  -17.132 0.6000000238
26180  29.285  -52.993  -17.411 0.4000000060
26182  26.160  -53.784  -18.412 0.4000000060
26188  36.218  -53.496  -18.617 0.6999999881
26189  35.962  -53.917  -19.097 0.6000000238
26190  28.611  -53.445  -18.449 0.5000000000
26191  28.143  -53.427  -18.871 0.5000000000
26203  27.725  -54.080  -19.203 0.4000000060
26213  41.295  -53.645  -21.641 0.5000000000
26214  40.552  -53.595  -21.578 0.4000000060
26217  35.981  -53.123  -21.128 0.6000000238
26998  34.021  -52.300  -14.415 0.3000000119
27037  35.813  -52.554  -15.999 0.5000000000
27039  27.749  -52.467  -17.054 0.4000000060
27050  28.113  -52.664  -17.944 0.4000000060
27067  36.722  -52.522  -19.322 0.6999999881
27081  37.247  -52.673  -21.650 0.6999999881
27088  42.582  -52.145  -22.805 0.4000000060
27839  30.717  -51.699  -14.539 0.4000000060
27861  35.828  -51.025  -15.697 0.4000000060
27864  27.947  -52.003  -15.500 0.4000000060
27881  36.790  -51.410  -17.057 0.5000000000
27911  42.604  -51.604  -23.185 0.4000000060
27914  38.962  -51.511  -22.426 0.5000000000
28659  35.287  -49.453  -14.819 0.3000000119
28662  32.170  -50.283  -14.530 0.4000000060
28680  35.695  -50.151  -15.350 0.4000000060
28689  36.734  -50.689  -16.756 0.4000000060
28720  39.899  -50.825  -23.131 0.5000000000
29550  39.057  -50.155  -23.007 0.5000000000
30390  34.805  -48.096  -14.837 0.4000000060
30436  38.134  -49.071  -22.227 0.5000000000
31355  34.154  -47.627  -14.850 0.3000000119
32378  35.418  -46.774  -15.742 0.4000000060
114688  35.611  -55.185  -19.071 0.6000000238
114743  34.592  -54.052  -15.193 0.6000000238
114795  36.415  -53.676  -21.445 0.6000000238
115049  35.514  -57.510  -22.208 0.6999999881
115632  35.367  -56.391  -18.998 0.6999999881
116872  38.052  -58.234  -22.665 0.6000000238
118268  29.779  -55.419  -13.447 0.6999999881
118720  32.829  -52.359  -14.036 0.4000000060
119297  35.420  -54.578  -16.602 0.6999999881
119644  25.397  -53.829  -14.518 0.4000000060
119730  34.652  -57.369  -18.155 0.6000000238
120415  40.182  -58.573  -23.921 0.5000000000
121230  29.856  -61.619  -13.530 0.6000000238
121767  42.801  -53.578  -22.370 0.4000000060
122348  30.240  -56.066  -13.235 0.6000000238
123959  24.594  -57.915  -15.072 0.5000000000
124205  24.780  -55.909  -12.903 0.4000000060
124765  35.568  -53.018  -15.758 0.6000000238
125095  27.747  -53.410  -18.918 0.5000000000
126865  32.007  -54.361  -13.491 0.4000000060
127615  34.412  -50.736  -14.515 0.4000000060
129175  35.553  -55.042  -19.979 0.6000000238
129597  27.607  -56.373  -17.194 0.5000000000
129828  27.386  -58.055  -15.356 0.6000000238
130126  35.429  -58.244  -22.383 0.6999999881
130570  28.166  -55.497  -21.013 0.5000000000
130932  28.541  -56.465  -13.921 0.5000000000
132137  28.959  -57.607  -13.433 0.6000000238
132280  31.968  -53.237  -13.557 0.4000000060
133379  24.516  -56.637  -17.055 0.5000000000
133959  34.286  -55.589  -15.788 0.8000000119
135247  39.883  -61.121  -25.120 0.4000000060
135488  32.383  -60.494  -18.615 0.6000000238
135566  28.592  -57.132  -13.708 0.6000000238
137094  38.778  -48.671  -23.250 0.5000000000
137602  34.388  -64.157  -24.814 0.4000000060
