#!ascii label  , from subject sub-v1s21x0050408_ses-1 vox2ras=TkReg
1011
44718  -31.292  -34.479  69.573 0.0000000000
41064  -16.732  -38.106  70.743 0.0000000000
46660  -22.313  -31.518  69.033 0.0000000000
66372  -36.162  -11.389  54.481 0.0000000000
132222  -42.373  -10.754  49.651 0.0000000000
43640  -9.743  -35.663  76.763 0.0000000000
63510  -33.522  -14.493  56.618 0.0000000000
47648  -34.170  -31.180  67.748 0.0000000000
43762  -26.650  -35.644  69.177 0.0000000000
41919  -12.971  -37.390  73.135 0.0000000000
40103  -12.909  -39.872  78.043 0.0000000000
45721  -27.795  -33.055  65.435 0.0000000000
47675  -29.797  -31.085  64.430 0.0000000000
44712  -20.436  -34.211  69.105 0.0000000000
48592  -24.540  -30.435  66.106 0.0000000000
125578  -32.090  -24.163  56.316 0.0000000000
58093  -35.556  -20.536  54.586 0.0000000000
61708  -37.303  -16.675  55.423 0.0000000000
39253  -4.508  -40.740  80.799 0.0000000000
37411  -3.133  -42.545  84.273 0.0000000000
50777  -28.791  -28.212  62.761 0.0000000000
54768  -28.138  -25.111  60.861 0.0000000000
54794  -29.321  -24.585  58.512 0.0000000000
40098  -8.130  -39.477  78.422 0.0000000000
40172  -17.425  -39.229  74.760 0.0000000000
41019  -19.378  -38.349  73.708 0.0000000000
43765  -29.257  -35.381  69.593 0.0000000000
43725  -15.999  -35.224  71.145 0.0000000000
41050  -14.530  -38.011  71.983 0.0000000000
130297  -15.207  -39.245  74.648 0.0000000000
47643  -27.469  -32.035  67.370 0.0000000000
46696  -26.217  -32.712  65.922 0.0000000000
57234  -32.229  -21.259  55.946 0.0000000000
56443  -33.818  -22.388  55.028 0.0000000000
126842  -33.278  -19.363  55.383 0.0000000000
62612  -35.550  -15.716  55.044 0.0000000000
63555  -35.921  -14.134  54.253 0.0000000000
62615  -38.481  -15.218  55.027 0.0000000000
64521  -37.525  -13.390  52.618 0.0000000000
65475  -39.110  -12.641  51.321 0.0000000000
50727  -28.683  -28.960  65.585 0.0000000000
48650  -30.180  -29.940  63.662 0.0000000000
135930  -27.006  -28.260  64.670 0.0000000000
54765  -25.728  -24.197  62.086 0.0000000000
56396  -26.066  -22.562  60.434 0.0000000000
54778  -28.406  -24.418  60.138 0.0000000000
56411  -27.643  -21.740  58.594 0.0000000000
56413  -28.886  -22.053  57.722 0.0000000000
47611  -21.186  -31.057  69.565 0.0000000000
41845  -6.514  -37.833  78.478 0.0000000000
40969  -7.826  -37.916  76.934 0.0000000000
34723  -1.754  -45.100  84.577 0.0000000000
34689  0.158  -45.898  87.083 0.0000000000
60796  -32.990  -17.231  57.029 0.0000000000
49661  -34.148  -29.377  66.568 0.0000000000
44713  -23.861  -34.069  69.084 0.0000000000
43673  -10.981  -36.046  75.067 0.0000000000
40985  -10.337  -38.050  75.634 0.0000000000
118057  -12.189  -38.378  75.168 0.0000000000
67242  -43.592  -10.173  48.313 0.0000000000
45699  -29.544  -34.068  66.656 0.0000000000
45715  -30.857  -33.254  66.449 0.0000000000
46707  -28.994  -32.396  64.880 0.0000000000
43743  -17.071  -35.075  69.291 0.0000000000
42797  -19.129  -37.019  69.810 0.0000000000
46670  -17.916  -32.870  68.239 0.0000000000
48578  -19.267  -30.050  67.804 0.0000000000
48580  -21.256  -29.567  67.565 0.0000000000
50676  -23.682  -28.194  67.793 0.0000000000
46685  -23.047  -31.871  66.468 0.0000000000
119153  -24.862  -33.173  66.262 0.0000000000
44739  -27.337  -34.874  67.082 0.0000000000
53888  -32.990  -25.871  57.937 0.0000000000
60815  -34.371  -17.374  55.049 0.0000000000
119928  -36.663  -19.126  54.738 0.0000000000
64546  -40.952  -13.126  50.856 0.0000000000
38361  -3.795  -41.580  82.540 0.0000000000
35611  -3.472  -44.103  83.406 0.0000000000
47670  -32.172  -31.286  65.609 0.0000000000
49692  -32.421  -29.468  64.450 0.0000000000
51853  -31.141  -27.371  63.681 0.0000000000
53802  -25.615  -25.529  64.073 0.0000000000
139153  -27.839  -26.841  62.010 0.0000000000
132793  -30.048  -25.786  63.688 0.0000000000
54751  -30.261  -24.782  62.867 0.0000000000
53862  -31.055  -25.648  61.476 0.0000000000
137536  -31.617  -26.322  59.471 0.0000000000
54803  -30.459  -24.621  57.476 0.0000000000
118871  -30.377  -21.532  57.180 0.0000000000
43710  -21.030  -35.926  72.542 0.0000000000
135691  -5.156  -37.410  80.766 0.0000000000
39276  -5.755  -40.173  79.557 0.0000000000
40100  -10.098  -39.516  78.414 0.0000000000
35556  2.634  -44.979  87.443 0.0000000000
41036  -17.211  -38.677  72.464 0.0000000000
41003  -18.677  -38.719  74.260 0.0000000000
41037  -18.198  -38.532  72.462 0.0000000000
44717  -30.511  -34.730  69.335 0.0000000000
41957  -15.687  -36.927  70.278 0.0000000000
42789  -15.066  -36.407  70.703 0.0000000000
41052  -15.830  -38.115  71.103 0.0000000000
126788  -15.648  -38.815  73.202 0.0000000000
138176  -32.352  -19.640  57.300 0.0000000000
58080  -32.718  -20.559  55.575 0.0000000000
58896  -32.564  -19.465  56.598 0.0000000000
66371  -35.625  -11.907  55.074 0.0000000000
64508  -35.529  -13.470  54.383 0.0000000000
65456  -35.683  -12.695  53.957 0.0000000000
64515  -36.747  -13.389  53.204 0.0000000000
66379  -36.606  -11.818  53.112 0.0000000000
66380  -37.279  -11.709  52.464 0.0000000000
50726  -27.736  -28.442  65.252 0.0000000000
57190  -25.939  -21.098  61.798 0.0000000000
56404  -26.475  -22.312  59.776 0.0000000000
58871  -26.847  -19.779  60.001 0.0000000000
58049  -27.964  -20.718  58.644 0.0000000000
117952  -21.589  -31.086  69.044 0.0000000000
47598  -21.354  -31.277  70.762 0.0000000000
46647  -22.539  -31.754  70.736 0.0000000000
42746  -7.610  -36.690  77.774 0.0000000000
42754  -8.606  -36.770  76.644 0.0000000000
66403  -42.687  -11.519  49.524 0.0000000000
33863  -0.899  -46.095  85.927 0.0000000000
47617  -34.773  -31.766  69.366 0.0000000000
48609  -33.988  -30.175  66.723 0.0000000000
44715  -25.053  -34.893  68.717 0.0000000000
43747  -26.336  -35.592  70.633 0.0000000000
43706  -13.629  -35.783  72.423 0.0000000000
43689  -12.720  -35.768  73.741 0.0000000000
43675  -12.388  -35.407  74.408 0.0000000000
41917  -11.812  -36.712  74.095 0.0000000000
41904  -11.498  -37.394  74.584 0.0000000000
40999  -12.676  -38.163  74.425 0.0000000000
115936  -15.930  -39.720  76.123 0.0000000000
40140  -15.107  -39.699  76.298 0.0000000000
44749  -28.647  -34.252  66.426 0.0000000000
45714  -29.924  -33.479  66.070 0.0000000000
45722  -28.548  -33.068  65.258 0.0000000000
45657  -17.444  -33.388  70.209 0.0000000000
45667  -17.410  -33.718  69.379 0.0000000000
47596  -17.549  -31.678  70.468 0.0000000000
134750  -18.610  -30.036  68.314 0.0000000000
50673  -20.245  -28.619  68.501 0.0000000000
48579  -20.270  -29.709  67.835 0.0000000000
126950  -20.946  -28.411  68.061 0.0000000000
49638  -25.211  -29.898  68.343 0.0000000000
49647  -24.327  -29.475  66.728 0.0000000000
49656  -23.219  -29.307  66.454 0.0000000000
48603  -23.901  -30.816  65.704 0.0000000000
45708  -23.622  -32.584  66.424 0.0000000000
47654  -24.569  -31.597  65.771 0.0000000000
45720  -27.088  -33.017  65.647 0.0000000000
123599  -26.588  -33.436  65.998 0.0000000000
45711  -27.372  -33.610  65.828 0.0000000000
44740  -28.195  -34.826  67.151 0.0000000000
53898  -32.845  -25.304  57.003 0.0000000000
53900  -34.460  -25.465  57.417 0.0000000000
54816  -33.821  -24.619  56.219 0.0000000000
56453  -35.216  -22.061  54.848 0.0000000000
56445  -35.384  -22.833  55.284 0.0000000000
62595  -33.156  -15.691  56.997 0.0000000000
60805  -33.306  -16.845  56.244 0.0000000000
61696  -33.834  -15.882  55.707 0.0000000000
139615  -36.235  -16.072  55.082 0.0000000000
60823  -35.946  -17.363  54.902 0.0000000000
137585  -37.361  -17.899  55.323 0.0000000000
59812  -38.279  -19.097  55.406 0.0000000000
64534  -40.372  -13.422  51.144 0.0000000000
127799  -40.298  -11.207  50.990 0.0000000000
67234  -40.901  -10.948  50.828 0.0000000000
126147  -4.165  -39.396  81.956 0.0000000000
40048  -4.236  -39.173  82.948 0.0000000000
39236  -4.183  -40.827  81.435 0.0000000000
36548  -3.974  -43.534  82.922 0.0000000000
34716  -3.734  -45.337  85.589 0.0000000000
46709  -30.644  -32.350  65.131 0.0000000000
47660  -31.938  -31.882  65.923 0.0000000000
47677  -30.909  -31.246  64.498 0.0000000000
123331  -29.789  -29.348  63.362 0.0000000000
48651  -30.931  -29.959  63.716 0.0000000000
49718  -30.736  -28.746  63.181 0.0000000000
50750  -32.457  -28.646  64.416 0.0000000000
50779  -30.277  -28.304  63.036 0.0000000000
54711  -25.755  -24.627  64.189 0.0000000000
54766  -26.286  -24.838  61.442 0.0000000000
52899  -26.544  -26.108  61.880 0.0000000000
52887  -27.991  -26.120  61.615 0.0000000000
52888  -29.423  -25.870  62.467 0.0000000000
124031  -28.946  -25.709  61.910 0.0000000000
54731  -30.134  -24.897  63.460 0.0000000000
54769  -29.087  -25.068  61.334 0.0000000000
54788  -28.977  -24.702  59.461 0.0000000000
54780  -29.629  -25.008  61.030 0.0000000000
53880  -30.391  -25.790  59.482 0.0000000000
52922  -31.066  -26.176  59.842 0.0000000000
120622  -30.566  -25.621  58.653 0.0000000000
119797  -31.350  -25.838  58.405 0.0000000000
54802  -29.690  -24.262  57.757 0.0000000000
58050  -29.899  -20.174  58.331 0.0000000000
57219  -29.631  -21.809  57.431 0.0000000000
58051  -30.772  -20.076  58.545 0.0000000000
43759  -19.873  -35.593  69.162 0.0000000000
41950  -20.202  -36.868  70.955 0.0000000000
43744  -20.452  -35.392  70.420 0.0000000000
40096  -6.556  -38.785  78.416 0.0000000000
40950  -5.919  -38.891  79.115 0.0000000000
122034  -7.056  -40.065  79.076 0.0000000000
40135  -11.177  -39.056  76.854 0.0000000000
40962  -10.450  -38.840  76.674 0.0000000000
40118  -11.519  -39.431  77.568 0.0000000000
40142  -17.197  -39.785  76.433 0.0000000000
115717  -18.634  -39.585  76.777 0.0000000000
137531  -19.643  -39.065  76.352 0.0000000000
40990  -20.543  -38.368  75.396 0.0000000000
43763  -27.487  -35.770  69.407 0.0000000000
125551  -27.700  -35.921  70.268 0.0000000000
43707  -15.170  -35.414  71.569 0.0000000000
43722  -13.864  -36.074  71.689 0.0000000000
41934  -13.331  -37.114  72.411 0.0000000000
41014  -13.222  -38.054  73.655 0.0000000000
118069  -14.874  -38.673  73.317 0.0000000000
118298  -15.903  -39.349  74.760 0.0000000000
46705  -27.862  -32.579  65.579 0.0000000000
47658  -28.142  -32.099  65.738 0.0000000000
48582  -25.558  -30.728  67.905 0.0000000000
47655  -25.446  -31.991  65.909 0.0000000000
47642  -26.557  -31.906  66.841 0.0000000000
56431  -32.365  -22.756  55.747 0.0000000000
55650  -32.942  -23.329  55.623 0.0000000000
56442  -33.191  -22.134  55.194 0.0000000000
57247  -33.683  -21.501  54.841 0.0000000000
126611  -34.134  -20.656  54.648 0.0000000000
63521  -34.356  -14.980  55.474 0.0000000000
63534  -34.737  -14.265  55.265 0.0000000000
121906  -35.779  -14.864  54.777 0.0000000000
116989  -36.924  -15.273  54.688 0.0000000000
61698  -38.160  -15.780  55.362 0.0000000000
63537  -37.272  -14.743  54.125 0.0000000000
63558  -37.994  -14.473  53.499 0.0000000000
63571  -38.709  -14.266  52.741 0.0000000000
64531  -38.053  -12.966  52.029 0.0000000000
66388  -38.421  -11.427  51.713 0.0000000000
38406  -5.734  -41.204  80.577 0.0000000000
38383  -4.603  -41.427  81.316 0.0000000000
133571  -5.611  -41.978  81.990 0.0000000000
137883  -29.245  -29.972  64.466 0.0000000000
48631  -29.736  -30.347  64.081 0.0000000000
49671  -28.837  -29.574  64.688 0.0000000000
49689  -28.134  -29.030  63.878 0.0000000000
50762  -27.462  -28.631  63.563 0.0000000000
55570  -25.877  -23.186  63.490 0.0000000000
56376  -25.851  -22.346  63.004 0.0000000000
55597  -25.801  -23.419  61.610 0.0000000000
54776  -26.695  -24.284  60.774 0.0000000000
54777  -27.736  -24.415  60.485 0.0000000000
55606  -27.052  -23.733  60.226 0.0000000000
55616  -28.055  -23.571  59.206 0.0000000000
55622  -28.374  -23.318  58.486 0.0000000000
55628  -28.821  -22.980  57.841 0.0000000000
57209  -28.451  -21.386  58.161 0.0000000000
45668  -20.506  -32.901  69.147 0.0000000000
45658  -20.498  -33.411  70.081 0.0000000000
46646  -20.593  -32.120  70.259 0.0000000000
41860  -7.419  -37.542  77.471 0.0000000000
120130  -7.968  -38.594  77.144 0.0000000000
36540  -2.324  -43.963  83.928 0.0000000000
118207  -2.491  -43.246  85.250 0.0000000000
36529  -1.493  -44.325  85.152 0.0000000000
35588  -0.860  -44.867  85.750 0.0000000000
35559  0.342  -44.249  87.169 0.0000000000
51811  -33.325  -27.774  65.752 0.0000000000
124324  -22.958  -32.581  68.723 0.0000000000
126627  -23.148  -32.672  70.346 0.0000000000
43658  -11.396  -35.399  75.414 0.0000000000
135800  -10.383  -36.171  75.555 0.0000000000
42758  -9.861  -36.642  75.761 0.0000000000
41891  -10.814  -37.490  75.158 0.0000000000
40972  -11.623  -38.481  75.691 0.0000000000
40137  -12.549  -39.268  76.632 0.0000000000
40169  -13.846  -39.093  75.252 0.0000000000
40154  -13.641  -39.275  75.877 0.0000000000
39317  -13.606  -40.017  77.812 0.0000000000
67238  -42.567  -9.895  49.683 0.0000000000
45685  -30.777  -34.069  67.889 0.0000000000
45686  -31.485  -33.686  68.268 0.0000000000
45700  -30.425  -33.837  66.984 0.0000000000
46698  -30.329  -32.897  65.535 0.0000000000
46714  -29.651  -31.825  64.557 0.0000000000
47659  -28.776  -31.577  65.727 0.0000000000
47668  -29.180  -31.577  64.778 0.0000000000
48617  -29.412  -30.515  64.659 0.0000000000
50709  -29.411  -29.136  66.215 0.0000000000
41971  -16.910  -37.136  69.757 0.0000000000
41960  -18.258  -37.499  70.093 0.0000000000
42808  -18.039  -36.046  68.881 0.0000000000
43773  -18.569  -35.272  68.499 0.0000000000
45681  -19.627  -33.385  67.848 0.0000000000
48555  -18.072  -30.388  69.989 0.0000000000
135296  -18.312  -31.185  67.980 0.0000000000
46672  -19.680  -32.374  67.717 0.0000000000
117847  -20.703  -31.137  68.678 0.0000000000
139201  -21.069  -30.802  68.820 0.0000000000
47629  -22.026  -30.975  68.086 0.0000000000
51754  -22.713  -27.751  68.289 0.0000000000
49645  -22.361  -28.803  66.931 0.0000000000
48601  -22.537  -30.287  66.467 0.0000000000
46674  -22.718  -31.840  67.770 0.0000000000
46675  -23.170  -32.889  67.812 0.0000000000
45684  -24.139  -33.961  67.778 0.0000000000
44729  -25.688  -35.058  68.146 0.0000000000
45710  -25.726  -33.263  66.154 0.0000000000
44746  -26.140  -34.081  66.620 0.0000000000
43786  -26.899  -35.253  67.784 0.0000000000
43787  -27.711  -35.290  67.879 0.0000000000
44732  -29.438  -34.819  68.276 0.0000000000
115291  -16.033  -35.427  70.352 0.0000000000
54826  -35.035  -24.091  55.964 0.0000000000
59796  -32.890  -18.401  56.419 0.0000000000
59817  -33.958  -18.908  54.856 0.0000000000
126991  -34.844  -18.914  54.520 0.0000000000
61697  -34.474  -16.593  55.216 0.0000000000
59819  -35.360  -18.112  54.618 0.0000000000
58926  -36.120  -19.866  54.592 0.0000000000
58082  -37.650  -20.530  55.177 0.0000000000
65485  -42.014  -12.719  50.380 0.0000000000
128217  -41.748  -12.042  50.177 0.0000000000
67232  -41.860  -9.910  50.887 0.0000000000
39203  -4.183  -40.490  84.071 0.0000000000
121971  -3.327  -42.415  83.556 0.0000000000
37439  -3.912  -42.124  82.240 0.0000000000
36547  -3.480  -43.437  83.136 0.0000000000
35610  -2.848  -44.064  83.551 0.0000000000
34724  -2.430  -45.286  84.384 0.0000000000
45702  -31.921  -33.113  67.857 0.0000000000
47646  -32.790  -31.833  67.095 0.0000000000
47662  -33.098  -31.173  66.744 0.0000000000
48633  -31.338  -30.508  64.288 0.0000000000
48618  -32.553  -30.620  65.305 0.0000000000
48619  -33.074  -30.354  65.751 0.0000000000
49660  -33.559  -29.799  66.000 0.0000000000
50728  -32.942  -28.251  65.026 0.0000000000
51810  -32.570  -27.215  65.439 0.0000000000
51828  -26.015  -27.110  64.093 0.0000000000
51865  -26.431  -27.451  62.965 0.0000000000
53843  -25.770  -25.369  62.606 0.0000000000
52885  -26.298  -26.739  62.440 0.0000000000
51867  -28.373  -27.429  62.343 0.0000000000
132443  -29.908  -27.507  62.877 0.0000000000
52867  -30.588  -26.394  63.896 0.0000000000
122156  -29.206  -24.954  61.105 0.0000000000
53846  -30.542  -24.979  62.342 0.0000000000
52935  -32.637  -26.334  58.782 0.0000000000
53897  -31.647  -25.487  57.742 0.0000000000
54814  -31.695  -24.501  56.743 0.0000000000
55629  -29.446  -23.417  57.488 0.0000000000
56429  -30.785  -23.269  56.592 0.0000000000
56430  -31.580  -22.787  56.140 0.0000000000
57233  -31.573  -21.717  56.381 0.0000000000
57221  -31.740  -20.734  56.835 0.0000000000
41936  -19.616  -37.794  71.878 0.0000000000
41921  -20.542  -37.404  73.056 0.0000000000
43709  -20.738  -35.164  72.080 0.0000000000
40944  -4.712  -38.885  80.304 0.0000000000
41819  -5.754  -37.199  80.173 0.0000000000
40945  -5.277  -38.855  79.626 0.0000000000
40074  -5.050  -39.684  79.786 0.0000000000
39237  -6.489  -41.018  80.620 0.0000000000
40970  -9.053  -38.203  76.321 0.0000000000
40960  -8.776  -38.778  76.981 0.0000000000
40099  -9.122  -39.489  78.423 0.0000000000
138044  1.266  -46.494  88.126 0.0000000000
118897  1.674  -45.217  87.671 0.0000000000
35558  1.282  -44.420  87.349 0.0000000000
45670  -31.845  -33.872  69.104 0.0000000000
122813  -17.738  -38.768  73.143 0.0000000000
41053  -17.486  -38.418  71.561 0.0000000000
41947  -15.938  -37.636  70.571 0.0000000000
118958  -16.534  -38.465  71.679 0.0000000000
59788  -32.645  -19.006  57.218 0.0000000000
66374  -35.698  -12.081  54.384 0.0000000000
66375  -36.051  -11.933  53.751 0.0000000000
65457  -36.281  -12.638  53.355 0.0000000000
67214  -36.577  -11.236  53.652 0.0000000000
67222  -36.942  -11.118  52.997 0.0000000000
58026  -26.341  -20.371  60.560 0.0000000000
128814  -21.909  -31.313  70.135 0.0000000000
43624  -9.570  -35.446  77.568 0.0000000000
42748  -8.980  -35.983  77.046 0.0000000000
42755  -9.322  -36.356  76.314 0.0000000000
48586  -34.860  -30.734  68.122 0.0000000000
48596  -34.455  -30.470  67.366 0.0000000000
43776  -25.845  -35.364  68.956 0.0000000000
121518  -26.092  -35.517  69.793 0.0000000000
41933  -12.923  -36.705  72.932 0.0000000000
42771  -13.064  -36.062  72.980 0.0000000000
42770  -12.484  -36.368  73.558 0.0000000000
41918  -12.419  -37.030  73.527 0.0000000000
41905  -12.121  -37.481  74.125 0.0000000000
133965  -12.652  -37.627  73.748 0.0000000000
45712  -28.162  -33.695  65.718 0.0000000000
46706  -28.352  -32.677  65.259 0.0000000000
46645  -17.494  -32.521  70.318 0.0000000000
50659  -20.301  -28.137  69.521 0.0000000000
138072  -19.862  -28.552  69.181 0.0000000000
50660  -20.875  -28.010  68.717 0.0000000000
49648  -25.002  -30.011  67.144 0.0000000000
49637  -24.648  -29.219  67.704 0.0000000000
49657  -23.826  -29.861  66.155 0.0000000000
139694  -24.473  -31.007  65.721 0.0000000000
139036  -27.455  -32.865  65.579 0.0000000000
54815  -32.409  -24.694  56.586 0.0000000000
53908  -33.519  -25.087  56.654 0.0000000000
53907  -33.103  -24.716  56.335 0.0000000000
57258  -34.895  -21.178  54.599 0.0000000000
58094  -36.370  -20.701  54.811 0.0000000000
123734  -33.247  -15.019  57.188 0.0000000000
61685  -33.274  -16.023  56.414 0.0000000000
62602  -33.348  -15.292  56.370 0.0000000000
61707  -36.518  -16.672  55.166 0.0000000000
60816  -37.622  -17.412  55.539 0.0000000000
59821  -37.821  -18.264  55.417 0.0000000000
67230  -40.398  -10.420  51.354 0.0000000000
40064  -4.187  -40.024  81.302 0.0000000000
46715  -30.376  -31.889  64.616 0.0000000000
47676  -30.183  -31.377  64.406 0.0000000000
49716  -29.310  -28.772  63.133 0.0000000000
49717  -30.132  -28.829  63.096 0.0000000000
50778  -29.686  -28.240  62.853 0.0000000000
54767  -27.171  -25.020  60.920 0.0000000000
53859  -26.786  -25.546  61.446 0.0000000000
53860  -27.631  -25.587  61.186 0.0000000000
53845  -28.670  -25.441  61.434 0.0000000000
54750  -29.721  -25.302  62.318 0.0000000000
54793  -28.647  -24.092  58.824 0.0000000000
53879  -29.766  -25.278  59.001 0.0000000000
54795  -30.071  -25.008  58.180 0.0000000000
43775  -20.130  -34.873  68.753 0.0000000000
43760  -20.340  -35.169  69.532 0.0000000000
40097  -7.127  -39.506  78.521 0.0000000000
40084  -7.884  -39.893  79.117 0.0000000000
40119  -12.338  -39.543  77.435 0.0000000000
40102  -12.059  -39.738  78.211 0.0000000000
38323  -3.549  -41.804  84.119 0.0000000000
38308  -3.604  -41.934  85.090 0.0000000000
46678  -34.059  -32.163  68.985 0.0000000000
40158  -17.153  -39.527  75.547 0.0000000000
40143  -18.031  -39.509  76.127 0.0000000000
116510  -17.864  -39.281  75.351 0.0000000000
41004  -19.373  -38.558  74.533 0.0000000000
40988  -18.956  -38.827  75.013 0.0000000000
40989  -19.738  -38.621  75.181 0.0000000000
40974  -20.100  -38.751  75.952 0.0000000000
41005  -20.205  -38.252  74.452 0.0000000000
43764  -28.441  -35.689  69.706 0.0000000000
43708  -16.297  -35.246  72.090 0.0000000000
41945  -14.377  -37.465  71.469 0.0000000000
42788  -14.370  -36.634  71.192 0.0000000000
41944  -13.734  -36.827  71.731 0.0000000000
41935  -13.878  -37.610  72.091 0.0000000000
41033  -14.292  -38.231  72.650 0.0000000000
40184  -16.914  -39.125  74.119 0.0000000000
40183  -16.277  -39.197  74.260 0.0000000000
40171  -16.664  -39.376  74.801 0.0000000000
47657  -27.388  -32.207  66.180 0.0000000000
47644  -28.306  -31.951  66.651 0.0000000000
48594  -25.966  -31.413  67.416 0.0000000000
123317  -32.069  -22.131  55.941 0.0000000000
128023  -32.594  -22.063  55.566 0.0000000000
58911  -32.767  -19.776  55.868 0.0000000000
58081  -33.311  -20.657  54.996 0.0000000000
132681  -33.117  -20.034  55.295 0.0000000000
58923  -33.658  -19.873  54.847 0.0000000000
64493  -34.475  -13.594  55.689 0.0000000000
65451  -34.938  -13.011  55.439 0.0000000000
63535  -35.375  -14.217  54.823 0.0000000000
62613  -36.306  -15.462  54.853 0.0000000000
63536  -36.429  -14.750  54.392 0.0000000000
63556  -36.541  -14.106  53.751 0.0000000000
63557  -37.307  -14.123  53.266 0.0000000000
63569  -37.925  -14.133  52.805 0.0000000000
63570  -38.286  -13.712  52.263 0.0000000000
67223  -37.636  -10.753  52.648 0.0000000000
66381  -37.864  -11.314  52.083 0.0000000000
51808  -27.045  -27.749  65.336 0.0000000000
50747  -27.442  -28.761  64.323 0.0000000000
50746  -26.734  -28.364  64.021 0.0000000000
118803  -25.782  -21.749  60.974 0.0000000000
56388  -25.731  -22.678  61.249 0.0000000000
116599  -26.051  -24.080  61.237 0.0000000000
55605  -26.186  -23.457  60.704 0.0000000000
55614  -26.614  -23.048  59.991 0.0000000000
57203  -26.967  -22.033  59.158 0.0000000000
132541  -27.016  -22.685  59.497 0.0000000000
55621  -27.622  -22.744  58.927 0.0000000000
56412  -28.239  -22.396  58.218 0.0000000000
58039  -28.566  -19.859  58.944 0.0000000000
46659  -20.731  -31.588  69.464 0.0000000000
47597  -20.959  -31.383  70.507 0.0000000000
47579  -21.439  -31.471  71.433 0.0000000000
47578  -21.072  -31.498  71.295 0.0000000000
41861  -7.978  -37.134  77.081 0.0000000000
40959  -7.461  -38.227  77.370 0.0000000000
36539  -1.833  -44.472  84.449 0.0000000000
134655  -1.407  -44.867  84.919 0.0000000000
34703  -0.473  -45.572  86.363 0.0000000000
35573  -0.143  -44.934  86.706 0.0000000000
35574  -0.569  -44.214  86.873 0.0000000000
34702  0.604  -45.144  87.191 0.0000000000
49650  -34.740  -29.209  67.181 0.0000000000
50712  -34.360  -28.667  66.846 0.0000000000
50711  -33.898  -28.436  66.281 0.0000000000
45669  -23.411  -33.309  69.484 0.0000000000
44703  -23.915  -34.036  69.698 0.0000000000
43674  -11.686  -35.645  74.705 0.0000000000
43659  -12.114  -35.165  75.087 0.0000000000
43657  -10.699  -35.623  75.759 0.0000000000
42759  -10.491  -36.737  75.271 0.0000000000
42765  -11.135  -36.750  74.727 0.0000000000
40986  -11.488  -38.010  75.095 0.0000000000
40973  -12.372  -38.818  75.877 0.0000000000
41001  -14.630  -38.884  74.146 0.0000000000
41000  -13.697  -38.666  74.464 0.0000000000
40170  -14.515  -39.193  74.926 0.0000000000
40122  -14.865  -40.038  77.171 0.0000000000
40139  -14.229  -39.645  76.455 0.0000000000
40121  -13.938  -39.880  77.190 0.0000000000
44742  -29.959  -34.335  67.592 0.0000000000
45723  -29.355  -33.007  65.201 0.0000000000
46708  -29.820  -32.432  64.802 0.0000000000
47667  -28.501  -32.192  65.164 0.0000000000
49658  -29.771  -29.829  66.112 0.0000000000
48605  -29.284  -30.699  65.492 0.0000000000
137028  -29.350  -30.150  65.311 0.0000000000
49672  -29.175  -29.725  65.318 0.0000000000
43742  -16.531  -35.765  69.665 0.0000000000
42807  -17.189  -36.527  69.364 0.0000000000
43756  -17.288  -35.752  69.130 0.0000000000
45679  -17.788  -33.681  68.578 0.0000000000
44726  -18.322  -34.484  68.291 0.0000000000
132369  -19.035  -34.735  68.179 0.0000000000
45680  -18.575  -33.588  67.934 0.0000000000
49634  -19.031  -29.518  68.492 0.0000000000
48577  -18.593  -30.491  67.944 0.0000000000
47625  -19.045  -31.781  67.642 0.0000000000
47640  -19.197  -30.873  67.630 0.0000000000
47626  -20.073  -31.353  67.757 0.0000000000
121967  -19.864  -30.427  67.677 0.0000000000
136824  -20.921  -29.960  67.837 0.0000000000
47628  -21.307  -30.484  68.038 0.0000000000
48581  -21.864  -30.288  67.281 0.0000000000
50677  -24.270  -28.571  68.218 0.0000000000
50661  -24.358  -28.521  69.226 0.0000000000
51756  -23.790  -28.114  68.702 0.0000000000
51736  -23.150  -27.756  69.106 0.0000000000
51755  -23.307  -27.886  68.278 0.0000000000
50675  -22.260  -28.086  67.672 0.0000000000
138780  -22.753  -28.260  67.251 0.0000000000
47653  -23.131  -30.987  65.968 0.0000000000
118748  -22.490  -31.063  66.860 0.0000000000
131972  -23.171  -32.604  67.086 0.0000000000
45709  -24.160  -33.100  66.523 0.0000000000
45696  -23.665  -33.318  67.249 0.0000000000
45697  -24.477  -33.721  67.040 0.0000000000
44737  -24.903  -34.480  67.741 0.0000000000
45698  -25.299  -33.941  66.826 0.0000000000
44747  -26.941  -34.242  66.425 0.0000000000
44738  -26.544  -34.775  67.143 0.0000000000
44730  -26.251  -35.097  67.756 0.0000000000
44741  -29.071  -34.548  67.357 0.0000000000
44733  -30.266  -34.538  68.508 0.0000000000
121663  -17.428  -33.893  70.949 0.0000000000
126133  -17.061  -34.529  70.844 0.0000000000
44700  -16.638  -34.990  70.037 0.0000000000
52936  -33.525  -26.343  58.731 0.0000000000
53890  -34.797  -25.742  58.130 0.0000000000
55651  -33.861  -23.266  55.419 0.0000000000
54825  -34.221  -24.030  55.820 0.0000000000
126390  -34.747  -23.428  55.491 0.0000000000
60790  -32.979  -17.247  57.890 0.0000000000
59789  -32.871  -18.068  57.377 0.0000000000
60814  -33.901  -17.069  55.517 0.0000000000
120805  -33.376  -17.729  55.830 0.0000000000
59811  -33.936  -17.958  55.226 0.0000000000
59818  -34.548  -18.060  54.756 0.0000000000
128231  -34.695  -15.732  55.232 0.0000000000
134551  -35.056  -16.336  55.017 0.0000000000
59820  -36.284  -18.245  54.784 0.0000000000
58925  -35.751  -19.001  54.531 0.0000000000
58095  -37.068  -20.043  54.865 0.0000000000
124086  -37.492  -19.145  55.059 0.0000000000
133290  -38.617  -19.789  55.397 0.0000000000
64533  -39.532  -13.642  51.542 0.0000000000
65483  -40.499  -12.613  50.858 0.0000000000
63599  -41.059  -13.747  51.186 0.0000000000
64547  -41.582  -13.261  50.773 0.0000000000
66397  -41.336  -11.533  50.447 0.0000000000
67235  -41.515  -10.681  50.513 0.0000000000
39223  -4.044  -40.417  82.270 0.0000000000
39214  -4.196  -39.997  83.390 0.0000000000
39213  -3.838  -40.910  83.180 0.0000000000
38342  -3.565  -41.764  83.304 0.0000000000
37455  -4.872  -41.995  81.741 0.0000000000
124790  -4.327  -41.849  81.845 0.0000000000
37440  -4.374  -42.353  82.185 0.0000000000
35600  -2.920  -44.710  83.842 0.0000000000
34715  -2.857  -45.771  85.184 0.0000000000
45701  -31.225  -33.508  67.394 0.0000000000
46686  -31.642  -32.837  66.979 0.0000000000
46700  -32.126  -32.184  66.632 0.0000000000
47661  -32.496  -31.535  66.346 0.0000000000
48632  -30.443  -30.654  64.114 0.0000000000
49691  -31.652  -29.764  64.093 0.0000000000
48634  -32.210  -30.246  64.622 0.0000000000
49673  -32.972  -29.827  65.133 0.0000000000
50749  -31.829  -28.100  64.031 0.0000000000
51831  -32.272  -27.720  64.688 0.0000000000
51830  -31.677  -27.261  64.356 0.0000000000
128240  -25.940  -25.911  64.776 0.0000000000
52843  -25.740  -26.401  64.043 0.0000000000
51850  -26.332  -27.669  63.687 0.0000000000
52864  -26.011  -26.932  63.369 0.0000000000
55581  -25.754  -23.956  63.053 0.0000000000
54730  -25.734  -24.442  63.449 0.0000000000
54748  -25.734  -24.674  62.787 0.0000000000
52886  -27.119  -26.620  61.869 0.0000000000
126050  -26.000  -25.987  62.340 0.0000000000
51866  -27.166  -27.450  62.386 0.0000000000
131934  -29.267  -27.655  62.615 0.0000000000
51868  -29.269  -26.856  62.437 0.0000000000
52889  -29.722  -26.315  62.994 0.0000000000
52846  -31.022  -26.310  64.653 0.0000000000
52845  -30.436  -25.538  64.401 0.0000000000
119672  -30.543  -24.574  63.521 0.0000000000
116816  -28.584  -24.840  60.654 0.0000000000
54779  -28.972  -24.827  60.465 0.0000000000
53870  -30.417  -25.659  60.542 0.0000000000
53861  -30.213  -25.195  61.561 0.0000000000
121027  -31.776  -26.424  60.101 0.0000000000
116654  -31.880  -26.225  60.946 0.0000000000
116627  -32.677  -26.602  60.456 0.0000000000
52923  -32.276  -26.482  59.515 0.0000000000
52924  -33.153  -26.598  59.542 0.0000000000
53896  -30.867  -25.303  57.920 0.0000000000
54804  -31.245  -24.919  57.270 0.0000000000
54805  -32.023  -25.115  57.141 0.0000000000
54813  -30.925  -24.192  56.855 0.0000000000
56419  -29.326  -22.630  57.451 0.0000000000
119255  -30.021  -22.720  57.032 0.0000000000
56420  -30.845  -22.214  56.612 0.0000000000
57220  -31.087  -21.097  56.998 0.0000000000
57212  -31.526  -20.342  57.788 0.0000000000
116761  -19.110  -37.454  70.418 0.0000000000
41948  -18.742  -37.830  70.855 0.0000000000
41949  -19.584  -37.514  71.121 0.0000000000
42781  -20.655  -36.524  71.780 0.0000000000
41937  -20.301  -37.345  71.979 0.0000000000
41938  -20.886  -36.811  72.686 0.0000000000
41922  -21.082  -37.079  73.424 0.0000000000
119121  -21.414  -37.037  74.067 0.0000000000
44685  -20.476  -33.836  71.014 0.0000000000
126641  -20.574  -34.509  71.612 0.0000000000
117295  -20.533  -33.665  71.834 0.0000000000
45646  -23.104  -32.640  71.237 0.0000000000
41817  -4.675  -38.043  80.903 0.0000000000
42731  -6.821  -36.908  78.994 0.0000000000
42713  -6.489  -36.593  79.817 0.0000000000
41832  -6.186  -37.447  79.288 0.0000000000
40083  -6.348  -39.641  79.056 0.0000000000
40082  -5.629  -39.491  79.370 0.0000000000
39255  -6.085  -40.769  80.030 0.0000000000
40984  -9.648  -37.896  75.858 0.0000000000
41878  -9.180  -37.270  76.037 0.0000000000
117943  -9.977  -38.428  76.178 0.0000000000
40117  -10.508  -39.255  77.488 0.0000000000
40961  -9.672  -38.839  76.829 0.0000000000
40116  -9.433  -39.202  77.627 0.0000000000
67239  -43.034  -10.041  48.822 0.0000000000
34688  2.642  -45.450  87.867 0.0000000000
130088  1.998  -45.975  88.106 0.0000000000
35557  2.128  -44.716  87.456 0.0000000000
41017  -17.033  -38.900  73.323 0.0000000000
40173  -18.198  -39.011  74.820 0.0000000000
41018  -18.445  -38.614  73.433 0.0000000000
115927  -18.958  -38.326  72.925 0.0000000000
44716  -29.740  -35.017  69.097 0.0000000000
43724  -15.316  -35.696  70.792 0.0000000000
41946  -15.106  -37.384  70.836 0.0000000000
41051  -15.093  -38.054  71.526 0.0000000000
41034  -15.193  -38.459  72.423 0.0000000000
137054  -15.767  -38.395  71.832 0.0000000000
41035  -16.238  -38.720  72.622 0.0000000000
47632  -28.489  -31.999  67.911 0.0000000000
58067  -32.302  -20.220  56.516 0.0000000000
58897  -32.842  -19.064  56.043 0.0000000000
65452  -35.330  -12.701  54.810 0.0000000000
64514  -36.028  -13.426  53.716 0.0000000000
65463  -36.968  -12.582  52.807 0.0000000000
65464  -37.528  -12.555  52.314 0.0000000000
50707  -28.201  -28.221  66.048 0.0000000000
135893  -27.582  -27.837  65.823 0.0000000000
51791  -27.066  -27.271  66.001 0.0000000000
51807  -26.543  -27.011  65.387 0.0000000000
138581  -26.080  -21.876  60.185 0.0000000000
119420  -26.091  -21.156  60.315 0.0000000000
57202  -26.434  -21.502  59.621 0.0000000000
121369  -27.031  -21.063  59.021 0.0000000000
58038  -27.413  -20.033  59.280 0.0000000000
47599  -21.847  -31.351  70.993 0.0000000000
46629  -22.188  -31.704  71.585 0.0000000000
42747  -8.270  -36.322  77.398 0.0000000000
41877  -8.405  -37.606  76.515 0.0000000000
65497  -42.349  -12.180  49.857 0.0000000000
65498  -43.157  -12.338  49.639 0.0000000000
33864  -1.471  -46.228  85.698 0.0000000000
34713  -1.252  -45.500  85.365 0.0000000000
33851  -0.527  -46.256  86.699 0.0000000000
48597  -35.115  -29.872  67.714 0.0000000000
121617  -24.284  -34.339  68.510 0.0000000000
44714  -24.463  -34.548  69.422 0.0000000000
43761  -25.304  -35.083  69.591 0.0000000000
43746  -25.555  -35.223  70.429 0.0000000000
43690  -13.402  -35.589  73.301 0.0000000000
43676  -13.134  -35.304  74.125 0.0000000000
43688  -11.999  -35.960  74.080 0.0000000000
134651  -11.469  -36.198  74.466 0.0000000000
40998  -11.966  -37.918  74.653 0.0000000000
40156  -15.353  -39.476  75.414 0.0000000000
39330  -15.727  -39.993  76.868 0.0000000000
45713  -29.020  -33.648  65.784 0.0000000000
44701  -17.136  -34.252  69.922 0.0000000000
46658  -17.476  -32.904  69.292 0.0000000000
116203  -17.491  -31.947  69.555 0.0000000000
49623  -18.971  -29.239  69.566 0.0000000000
50658  -19.545  -28.593  69.899 0.0000000000
50672  -19.512  -28.935  68.871 0.0000000000
49635  -19.792  -29.343  68.076 0.0000000000
49636  -20.790  -29.010  67.796 0.0000000000
49644  -21.579  -29.060  67.298 0.0000000000
50678  -24.854  -29.088  68.780 0.0000000000
50690  -24.079  -28.703  67.227 0.0000000000
49646  -23.325  -28.497  67.016 0.0000000000
50706  -23.796  -29.095  66.641 0.0000000000
119138  -23.749  -31.701  65.820 0.0000000000
46694  -24.361  -32.418  65.978 0.0000000000
44748  -27.767  -34.331  66.353 0.0000000000
53889  -33.955  -25.875  58.034 0.0000000000
53899  -33.654  -25.487  57.255 0.0000000000
53909  -34.254  -25.056  56.693 0.0000000000
56452  -34.393  -21.871  54.762 0.0000000000
56444  -34.567  -22.666  55.095 0.0000000000
61671  -33.056  -16.449  57.222 0.0000000000
61706  -35.718  -16.541  55.002 0.0000000000
60824  -36.883  -17.508  55.185 0.0000000000
128523  -37.099  -18.378  55.066 0.0000000000
65476  -39.853  -12.897  51.095 0.0000000000
66390  -39.871  -11.968  51.025 0.0000000000
66396  -40.694  -11.778  50.749 0.0000000000
65484  -41.265  -12.433  50.579 0.0000000000
35601  -3.754  -44.605  84.114 0.0000000000
46699  -31.314  -32.503  65.947 0.0000000000
47669  -31.342  -31.774  65.179 0.0000000000
49706  -30.563  -29.380  63.337 0.0000000000
49707  -31.199  -29.275  63.484 0.0000000000
49708  -31.847  -28.987  63.929 0.0000000000
50764  -31.275  -28.449  63.475 0.0000000000
51852  -30.674  -27.934  63.157 0.0000000000
54749  -25.822  -24.929  62.156 0.0000000000
52900  -27.180  -26.020  61.562 0.0000000000
125324  -28.655  -26.448  62.040 0.0000000000
52865  -29.847  -25.375  63.240 0.0000000000
53822  -30.068  -25.019  64.047 0.0000000000
54787  -28.400  -24.130  59.505 0.0000000000
53869  -29.613  -25.311  59.967 0.0000000000
52912  -31.253  -26.071  60.539 0.0000000000
52933  -31.116  -26.094  59.102 0.0000000000
52934  -31.835  -26.269  58.889 0.0000000000
57210  -29.275  -21.074  57.869 0.0000000000
120248  -30.101  -20.783  57.750 0.0000000000
42810  -19.546  -36.298  69.537 0.0000000000
42798  -19.888  -36.663  70.191 0.0000000000
42799  -20.186  -35.997  70.004 0.0000000000
42790  -20.472  -36.120  70.925 0.0000000000
119713  -20.725  -35.866  71.707 0.0000000000
129722  -6.139  -38.234  78.924 0.0000000000
39277  -6.595  -40.357  79.550 0.0000000000
40971  -10.902  -38.567  76.113 0.0000000000
40101  -11.129  -39.674  78.477 0.0000000000
47633  -33.808  -31.861  68.172 0.0000000000
47647  -33.467  -31.511  67.442 0.0000000000
39321  -17.491  -40.279  77.780 0.0000000000
40124  -17.922  -39.892  77.093 0.0000000000
40125  -18.835  -39.855  77.445 0.0000000000
124054  -19.475  -39.419  77.011 0.0000000000
40159  -18.536  -39.121  75.543 0.0000000000
40144  -18.925  -39.244  76.254 0.0000000000
116808  -26.891  -35.781  70.014 0.0000000000
43692  -15.199  -35.404  72.561 0.0000000000
43723  -14.586  -35.885  71.266 0.0000000000
135705  -14.294  -35.545  71.962 0.0000000000
42780  -13.402  -36.378  72.293 0.0000000000
41032  -13.556  -37.842  72.850 0.0000000000
41015  -14.020  -38.421  73.502 0.0000000000
40182  -15.564  -39.032  74.006 0.0000000000
40157  -16.275  -39.542  75.443 0.0000000000
119017  -16.606  -39.700  76.039 0.0000000000
48593  -25.341  -30.854  66.684 0.0000000000
48604  -24.961  -31.238  65.937 0.0000000000
47641  -25.708  -31.634  66.381 0.0000000000
47656  -26.329  -32.298  66.190 0.0000000000
46697  -27.076  -32.675  65.823 0.0000000000
55638  -32.174  -23.511  55.980 0.0000000000
54823  -32.683  -24.141  56.057 0.0000000000
136876  -32.882  -22.623  55.459 0.0000000000
57246  -32.913  -21.362  55.290 0.0000000000
136685  -34.270  -21.300  54.673 0.0000000000
58092  -34.855  -20.370  54.510 0.0000000000
63520  -33.775  -14.804  55.911 0.0000000000
64478  -33.910  -14.010  56.172 0.0000000000
64492  -34.202  -14.309  55.679 0.0000000000
62603  -35.093  -14.975  55.118 0.0000000000
64507  -35.049  -13.543  55.053 0.0000000000
119568  -36.946  -15.939  55.147 0.0000000000
139241  -37.656  -16.071  55.379 0.0000000000
62614  -37.654  -15.405  54.919 0.0000000000
129650  -38.160  -14.867  54.371 0.0000000000
63585  -38.924  -13.983  52.010 0.0000000000
64532  -38.698  -13.329  51.737 0.0000000000
66387  -37.963  -12.095  51.878 0.0000000000
65474  -38.463  -12.633  51.670 0.0000000000
128463  -38.575  -12.090  51.538 0.0000000000
38405  -5.010  -41.225  80.701 0.0000000000
137073  -29.324  -29.752  63.880 0.0000000000
50748  -28.233  -29.113  64.636 0.0000000000
49690  -28.656  -29.422  64.094 0.0000000000
49705  -28.915  -29.209  63.573 0.0000000000
50763  -28.372  -28.726  63.238 0.0000000000
55582  -25.756  -23.301  62.562 0.0000000000
118682  -25.739  -21.980  61.975 0.0000000000
132033  -25.748  -22.750  62.057 0.0000000000
55607  -27.878  -23.851  59.932 0.0000000000
55615  -27.346  -23.274  59.609 0.0000000000
55623  -28.998  -23.837  58.101 0.0000000000
127881  -28.944  -20.452  58.401 0.0000000000
58040  -29.683  -19.751  58.917 0.0000000000
117401  -20.542  -32.680  70.963 0.0000000000
131696  -20.737  -31.822  71.020 0.0000000000
41846  -7.094  -37.209  78.186 0.0000000000
40954  -7.001  -38.109  77.878 0.0000000000
40114  -7.444  -38.921  77.807 0.0000000000
39303  -13.638  -40.321  78.664 0.0000000000
37397  -2.607  -43.272  84.359 0.0000000000
36530  -2.017  -43.789  84.688 0.0000000000
36516  -1.313  -44.043  86.264 0.0000000000
62583  -33.136  -15.676  57.876 0.0000000000
63503  -33.418  -14.787  57.934 0.0000000000
129802  -33.520  -14.374  57.334 0.0000000000
51795  -33.466  -27.235  66.617 0.0000000000
46661  -22.757  -32.027  69.808 0.0000000000
45659  -23.711  -33.626  70.438 0.0000000000
43642  -11.141  -35.193  76.132 0.0000000000
43641  -10.466  -35.410  76.467 0.0000000000
43656  -10.036  -35.931  76.069 0.0000000000
41890  -10.007  -37.353  75.569 0.0000000000
116893  -11.014  -38.161  75.505 0.0000000000
40136  -11.758  -38.916  76.355 0.0000000000
139716  -11.869  -39.272  76.951 0.0000000000
40120  -13.124  -39.659  77.273 0.0000000000
40987  -13.065  -38.770  75.318 0.0000000000
40155  -14.440  -39.413  75.698 0.0000000000
40153  -12.996  -39.137  76.047 0.0000000000
40138  -13.403  -39.474  76.569 0.0000000000
44734  -31.093  -34.307  68.738 0.0000000000
124391  -29.541  -31.099  66.408 0.0000000000
50708  -28.838  -28.547  66.321 0.0000000000
41958  -16.443  -37.403  70.153 0.0000000000
41065  -17.813  -38.026  70.753 0.0000000000
41972  -17.540  -37.202  69.688 0.0000000000
41973  -18.145  -36.869  69.395 0.0000000000
43757  -17.752  -35.228  68.704 0.0000000000
43758  -19.049  -35.845  68.912 0.0000000000
43774  -19.438  -35.151  68.539 0.0000000000
44727  -19.761  -34.382  68.207 0.0000000000
44728  -20.199  -34.335  68.574 0.0000000000
48554  -17.716  -30.915  70.721 0.0000000000
48566  -17.649  -31.111  69.710 0.0000000000
47610  -17.696  -31.466  68.746 0.0000000000
49622  -18.477  -29.861  69.239 0.0000000000
48567  -18.052  -30.581  68.804 0.0000000000
47624  -18.084  -32.028  68.014 0.0000000000
46671  -18.809  -32.703  67.717 0.0000000000
45682  -20.214  -33.666  68.419 0.0000000000
46673  -20.283  -32.382  68.273 0.0000000000
47627  -20.786  -30.469  68.132 0.0000000000
51734  -21.678  -27.665  69.051 0.0000000000
50674  -21.502  -28.014  68.155 0.0000000000
50689  -21.549  -28.555  67.600 0.0000000000
49655  -22.659  -29.618  66.462 0.0000000000
48591  -22.004  -29.583  66.905 0.0000000000
45683  -23.582  -33.596  68.364 0.0000000000
46695  -25.203  -32.469  65.914 0.0000000000
120435  -25.783  -34.644  67.363 0.0000000000
43777  -26.413  -35.400  68.390 0.0000000000
43778  -27.200  -35.575  68.552 0.0000000000
43779  -28.062  -35.579  68.736 0.0000000000
43780  -28.922  -35.306  68.924 0.0000000000
44731  -28.574  -35.117  68.055 0.0000000000
44683  -17.008  -34.858  71.631 0.0000000000
134024  -16.553  -34.975  70.768 0.0000000000
43741  -15.775  -36.131  70.238 0.0000000000
42796  -16.342  -36.627  69.838 0.0000000000
52937  -34.399  -26.227  58.755 0.0000000000
54824  -33.429  -24.057  55.870 0.0000000000
136089  -34.456  -24.523  56.209 0.0000000000
54817  -34.976  -24.693  56.504 0.0000000000
59810  -33.349  -18.551  55.567 0.0000000000
58924  -34.427  -19.736  54.582 0.0000000000
124945  -35.258  -19.740  54.477 0.0000000000
60822  -35.010  -17.171  54.782 0.0000000000
58912  -37.931  -19.874  55.156 0.0000000000
65486  -42.766  -12.956  50.132 0.0000000000
66398  -41.933  -11.302  49.924 0.0000000000
67236  -42.078  -10.343  50.202 0.0000000000
68097  -42.312  -9.261  51.351 0.0000000000
39202  -3.861  -41.213  83.880 0.0000000000
38362  -4.085  -41.401  81.858 0.0000000000
36559  -3.889  -42.848  82.593 0.0000000000
37426  -3.521  -42.549  82.902 0.0000000000
37410  -2.993  -43.251  83.536 0.0000000000
35599  -2.319  -44.609  84.077 0.0000000000
123977  -3.321  -45.223  84.568 0.0000000000
34714  -1.912  -45.829  84.985 0.0000000000
45687  -32.087  -33.370  68.541 0.0000000000
46687  -32.389  -32.493  67.475 0.0000000000
48595  -33.760  -30.839  67.067 0.0000000000
47678  -31.783  -30.962  64.901 0.0000000000
48607  -32.785  -30.903  66.038 0.0000000000
48608  -33.376  -30.539  66.389 0.0000000000
138544  -33.815  -29.178  66.052 0.0000000000
49693  -33.003  -29.073  64.776 0.0000000000
50729  -33.518  -28.938  65.453 0.0000000000
133760  -26.193  -25.417  65.511 0.0000000000
52844  -26.108  -26.723  64.737 0.0000000000
51829  -26.466  -27.617  64.557 0.0000000000
51851  -26.876  -28.068  63.218 0.0000000000
50776  -27.783  -28.192  62.830 0.0000000000
120608  -25.669  -26.044  63.124 0.0000000000
52866  -30.352  -26.927  63.302 0.0000000000
51809  -31.818  -26.716  65.103 0.0000000000
52829  -31.914  -26.097  66.009 0.0000000000
53784  -30.528  -24.840  64.673 0.0000000000
135414  -29.810  -25.078  61.893 0.0000000000
53887  -32.121  -25.951  58.213 0.0000000000
124802  -32.322  -25.560  57.609 0.0000000000
55630  -30.160  -23.800  57.118 0.0000000000
55637  -31.512  -23.755  56.377 0.0000000000
58060  -32.037  -20.008  57.639 0.0000000000
41054  -18.416  -38.204  71.514 0.0000000000
41038  -19.042  -38.172  72.159 0.0000000000
41920  -19.761  -37.891  72.739 0.0000000000
41020  -20.206  -37.906  73.559 0.0000000000
41906  -20.897  -37.598  73.986 0.0000000000
44702  -20.503  -34.537  70.132 0.0000000000
43726  -20.597  -35.353  71.262 0.0000000000
44671  -20.621  -34.045  72.580 0.0000000000
44672  -20.925  -35.047  72.798 0.0000000000
42772  -21.299  -36.384  73.485 0.0000000000
42766  -21.469  -36.418  74.281 0.0000000000
136398  -4.480  -38.035  81.626 0.0000000000
40938  -4.294  -38.941  81.211 0.0000000000
40073  -4.473  -39.846  80.497 0.0000000000
41831  -5.667  -38.091  79.492 0.0000000000
41818  -5.153  -38.053  80.180 0.0000000000
39254  -5.149  -40.610  80.164 0.0000000000
39256  -6.962  -40.741  80.253 0.0000000000
135011  -8.322  -38.256  76.675 0.0000000000
40115  -8.452  -39.146  77.680 0.0000000000
39301  -11.857  -39.912  78.902 0.0000000000
40086  -9.760  -39.767  79.167 0.0000000000
40085  -8.834  -39.786  79.176 0.0000000000
125648  -42.884  -10.809  49.174 0.0000000000
33841  0.235  -46.544  87.740 0.0000000000
119721  0.971  -45.846  87.740 0.0000000000
139496  2.663  -44.409  87.035 0.0000000000
35572  2.300  -44.229  87.163 0.0000000000
36505  1.653  -43.908  87.220 0.0000000000
40141  -16.469  -39.922  76.662 0.0000000000
40160  -19.302  -38.923  75.718 0.0000000000
41002  -17.774  -38.922  73.985 0.0000000000
41016  -16.289  -38.988  73.595 0.0000000000
41055  -19.118  -37.947  71.483 0.0000000000
41959  -17.268  -37.630  70.147 0.0000000000
41961  -19.639  -37.140  70.463 0.0000000000
42809  -18.793  -36.460  69.257 0.0000000000
44711  -17.461  -34.416  68.891 0.0000000000
48602  -23.212  -30.146  66.038 0.0000000000
51753  -22.084  -27.778  68.369 0.0000000000
51772  -23.030  -27.973  67.629 0.0000000000
53821  -25.628  -25.093  63.361 0.0000000000
53844  -26.119  -25.499  61.927 0.0000000000
55652  -35.431  -23.456  55.676 0.0000000000
57260  -36.505  -21.391  55.085 0.0000000000
58037  -26.544  -20.587  59.708 0.0000000000
58084  -39.226  -20.187  55.582 0.0000000000
118751  -34.523  -29.859  67.082 0.0000000000
118785  -20.527  -34.780  70.880 0.0000000000
122003  -17.609  -32.219  68.737 0.0000000000
125821  -19.091  -34.156  67.962 0.0000000000
126161  -33.050  -17.635  56.542 0.0000000000
133901  -33.338  -22.753  55.331 0.0000000000
136412  -20.205  -36.437  70.513 0.0000000000
136509  -32.699  -18.977  56.577 0.0000000000
