#!ascii label  , from subject sub-v1s21x0050408_ses-1 vox2ras=TkReg
405
17417  -30.765  -65.635  2.328 0.6999999881
19189  -30.104  -64.996  1.787 0.6000000238
18309  -30.357  -65.816  1.357 0.6000000238
18315  -29.869  -66.049  0.540 0.4000000060
19142  -27.490  -64.943  8.626 0.6999999881
19149  -27.077  -64.333  8.145 0.6999999881
18279  -28.496  -65.282  8.117 0.6999999881
19150  -27.819  -64.538  7.797 0.6000000238
19151  -28.759  -64.863  7.267 0.6000000238
19159  -27.979  -64.304  6.981 0.6000000238
18295  -29.787  -64.985  5.874 0.6000000238
19160  -29.016  -64.546  6.449 0.6000000238
19166  -28.215  -64.109  6.175 0.5000000000
19168  -29.825  -64.842  5.167 0.5000000000
20025  -28.559  -63.892  5.369 0.5000000000
19177  -29.816  -64.089  4.074 0.6000000238
19178  -30.493  -64.568  3.650 0.6000000238
19181  -29.821  -64.068  3.171 0.6000000238
119898  -29.682  -64.226  2.221 0.6000000238
124509  -27.040  -64.368  8.810 0.6000000238
20009  -26.897  -63.805  7.807 0.6000000238
20010  -27.120  -64.141  7.389 0.6000000238
20015  -26.674  -63.768  6.927 0.6000000238
20016  -27.143  -64.008  6.628 0.6000000238
20024  -27.364  -63.759  5.893 0.6000000238
19171  -29.432  -64.356  4.832 0.6000000238
125557  -27.935  -63.239  5.092 0.6999999881
20029  -28.308  -63.036  4.147 0.6000000238
20035  -29.154  -63.514  3.627 0.6000000238
18308  -29.712  -65.233  0.956 0.5000000000
19128  -26.715  -63.965  9.451 0.6000000238
115162  -27.389  -63.306  8.658 0.6000000238
134963  -27.204  -62.890  7.896 0.6000000238
113683  -26.717  -63.381  7.143 0.6000000238
114691  -26.749  -62.756  6.980 0.6000000238
121190  -26.254  -63.259  6.402 0.6000000238
20023  -26.532  -63.550  6.235 0.6000000238
20022  -25.983  -63.213  5.909 0.6000000238
20028  -26.526  -63.264  5.453 0.6999999881
20040  -29.146  -63.517  2.686 0.6000000238
17425  -29.203  -65.465  0.170 0.4000000060
20880  -27.869  -62.525  9.422 0.6000000238
20876  -27.071  -63.184  9.291 0.6000000238
138415  -27.981  -62.650  8.827 0.6000000238
139562  -27.359  -62.147  7.525 0.6000000238
114791  -27.261  -61.853  6.825 0.5000000000
130764  -26.242  -62.485  6.184 0.6000000238
134185  -25.776  -63.014  5.871 0.6999999881
113669  -26.524  -62.719  4.239 0.6000000238
133835  -27.233  -63.056  4.579 0.6000000238
20892  -27.481  -62.835  3.706 0.6000000238
20034  -28.438  -62.926  3.202 0.6000000238
20047  -28.948  -63.713  1.782 0.6000000238
19197  -28.999  -64.698  0.587 0.4000000060
19188  -29.399  -64.454  1.368 0.5000000000
20863  -27.512  -62.401  9.929 0.5000000000
113698  -28.302  -61.720  10.084 0.6000000238
134636  -28.516  -62.149  9.479 0.6000000238
113677  -28.061  -61.863  8.460 0.6000000238
115199  -27.854  -61.289  7.525 0.5000000000
113685  -27.980  -60.839  6.680 0.5000000000
115720  -27.249  -61.331  6.133 0.6000000238
133981  -27.263  -60.797  5.559 0.6000000238
113678  -26.383  -61.625  5.561 0.6999999881
115284  -25.822  -62.407  5.365 0.6999999881
116168  -25.955  -62.753  5.365 0.6999999881
115362  -25.399  -61.341  3.725 0.6000000238
113663  -25.976  -62.402  4.066 0.6000000238
20896  -26.582  -62.909  3.262 0.6000000238
20899  -27.446  -62.864  2.825 0.6000000238
19187  -28.590  -63.965  0.980 0.5000000000
130918  -29.039  -61.233  9.792 0.6000000238
114934  -28.254  -60.625  8.417 0.5000000000
115326  -28.291  -60.274  7.393 0.5000000000
115551  -28.389  -59.938  6.573 0.6000000238
22622  -28.031  -60.426  5.938 0.6000000238
23450  -28.338  -59.447  5.828 0.5000000000
23449  -27.718  -60.037  5.220 0.5000000000
23459  -27.323  -59.649  4.464 0.5000000000
113672  -26.672  -60.722  4.896 0.6000000238
24275  -27.041  -59.310  3.787 0.5000000000
23458  -26.484  -60.116  4.063 0.5000000000
115128  -25.833  -61.628  5.034 0.6000000238
23469  -26.314  -59.493  3.339 0.4000000060
115135  -25.723  -61.814  4.660 0.6999999881
23457  -25.685  -60.469  3.533 0.4000000060
22634  -24.848  -60.898  2.966 0.5000000000
115041  -25.608  -61.938  3.866 0.6000000238
113657  -24.667  -61.824  2.880 0.5000000000
122292  -25.339  -62.380  3.176 0.6000000238
113658  -24.364  -61.445  2.137 0.5000000000
20898  -26.356  -63.072  2.565 0.6000000238
20057  -27.556  -63.498  0.535 0.5000000000
113656  -24.912  -62.645  2.545 0.6000000238
20046  -28.030  -63.305  1.415 0.6000000238
131297  -28.772  -60.499  10.191 0.5000000000
113684  -28.385  -59.621  8.174 0.5000000000
129578  -28.583  -59.435  7.223 0.5000000000
23442  -28.575  -59.232  6.568 0.4000000060
24270  -28.324  -58.627  5.545 0.4000000060
23460  -28.043  -59.087  4.943 0.5000000000
24276  -27.578  -58.587  4.141 0.5000000000
25110  -25.628  -57.841  2.404 0.4000000060
24286  -26.891  -58.621  3.370 0.4000000060
24285  -26.065  -58.728  2.772 0.4000000060
23468  -25.359  -59.827  2.638 0.5000000000
23477  -24.646  -59.643  1.855 0.5000000000
23467  -24.563  -60.464  2.198 0.5000000000
22633  -24.451  -61.147  2.445 0.5000000000
129908  -26.259  -63.034  1.772 0.5000000000
20045  -26.992  -62.931  1.176 0.5000000000
113648  -25.506  -63.036  2.261 0.6000000238
20902  -27.221  -63.032  2.015 0.5000000000
24277  -28.178  -58.141  4.915 0.4000000060
25102  -27.698  -57.511  4.350 0.5000000000
25112  -27.197  -57.750  3.605 0.5000000000
129796  -26.733  -57.095  3.325 0.5000000000
24295  -25.125  -58.802  2.050 0.4000000060
23476  -24.232  -59.803  1.454 0.5000000000
115327  -25.611  -62.819  1.428 0.5000000000
20904  -26.359  -62.617  0.906 0.3000000119
24294  -23.979  -58.715  1.423 0.5000000000
115339  -24.881  -62.752  1.823 0.5000000000
125124  -27.179  -56.856  3.908 0.4000000060
25111  -26.536  -57.815  2.960 0.4000000060
25939  -26.538  -56.266  3.455 0.4000000060
25946  -24.858  -56.096  2.113 0.4000000060
25938  -25.951  -56.821  2.725 0.4000000060
25119  -24.526  -57.830  1.803 0.4000000060
25945  -23.791  -56.806  1.531 0.4000000060
25118  -23.483  -57.731  1.338 0.5000000000
115838  -25.850  -61.283  0.770 0.4000000060
113638  -26.064  -62.080  0.589 0.4000000060
22639  -24.331  -60.812  1.858 0.5000000000
113650  -24.611  -61.489  0.956 0.5000000000
24297  -23.567  -58.726  1.099 0.5000000000
115253  -24.223  -60.341  1.143 0.5000000000
115299  -24.380  -61.212  1.497 0.5000000000
114484  -25.449  -60.710  0.864 0.4000000060
130543  -24.409  -60.789  0.970 0.5000000000
24304  -23.014  -57.947  1.087 0.5000000000
127130  -23.608  -58.753  0.825 0.5000000000
26727  -23.923  -55.747  1.442 0.4000000060
130720  -24.997  -59.570  0.794 0.4000000060
114662  -26.224  -59.812  1.111 0.3000000119
25950  -22.748  -57.045  1.066 0.5000000000
24308  -23.789  -58.048  0.632 0.5000000000
113652  -24.364  -59.132  0.694 0.5000000000
27500  -24.316  -55.078  1.447 0.4000000060
130599  -25.282  -58.634  0.666 0.3000000119
115634  -26.157  -57.953  0.633 0.3000000119
25948  -23.091  -56.438  1.060 0.4000000060
23489  -24.460  -58.438  0.587 0.5000000000
25959  -23.777  -56.178  0.695 0.4000000060
129287  -23.704  -56.881  0.605 0.5000000000
25138  -24.212  -57.374  0.523 0.5000000000
137310  -24.507  -54.766  1.606 0.4000000060
25130  -25.899  -57.208  0.453 0.3000000119
25131  -26.741  -57.184  0.507 0.3000000119
26730  -23.590  -55.687  1.119 0.4000000060
25952  -25.424  -56.590  0.413 0.4000000060
26733  -23.735  -55.541  0.943 0.4000000060
135324  -24.788  -56.131  0.465 0.4000000060
28348  -24.580  -53.477  2.402 0.5000000000
25953  -26.213  -56.438  0.372 0.3000000119
25954  -27.095  -56.306  0.367 0.4000000060
27504  -24.744  -54.352  1.709 0.4000000060
27509  -25.319  -55.100  0.665 0.5000000000
26735  -26.327  -55.570  0.325 0.4000000060
124638  -24.752  -54.858  1.146 0.5000000000
26740  -24.522  -55.564  0.677 0.5000000000
27505  -25.535  -54.462  0.971 0.5000000000
27510  -26.383  -54.760  0.478 0.4000000060
121224  -27.376  -55.297  0.275 0.4000000060
25955  -28.098  -56.259  0.448 0.3000000119
28350  -25.061  -53.397  1.859 0.5000000000
136626  -27.076  -53.636  0.972 0.4000000060
28356  -27.665  -53.879  0.578 0.3000000119
29217  -25.012  -51.918  2.532 0.5000000000
28355  -26.577  -54.059  0.817 0.4000000060
27511  -27.200  -54.458  0.397 0.4000000060
27512  -28.064  -54.594  0.275 0.4000000060
29218  -24.627  -52.843  2.516 0.5000000000
137917  -25.636  -53.907  1.345 0.5000000000
28352  -27.578  -53.145  1.186 0.4000000060
30099  -24.868  -51.005  2.537 0.5000000000
129441  -25.656  -52.615  1.983 0.5000000000
28351  -26.375  -53.315  1.376 0.5000000000
29219  -27.886  -52.390  1.643 0.4000000060
31098  -24.014  -50.692  2.693 0.5000000000
30100  -25.913  -51.067  2.377 0.5000000000
131573  -28.548  -52.662  1.130 0.3000000119
137280  -28.386  -53.353  0.617 0.3000000119
31099  -24.819  -50.310  2.487 0.5000000000
31088  -25.586  -50.348  2.434 0.5000000000
19182  -30.295  -64.766  2.704 0.6000000238
19167  -29.185  -64.415  5.609 0.6000000238
20039  -28.306  -63.093  2.278 0.6000000238
113664  -25.803  -62.274  4.823 0.6999999881
20895  -25.819  -62.812  3.089 0.6000000238
113665  -25.808  -61.062  4.408 0.4000000060
115030  -24.448  -62.044  1.850 0.5000000000
125015  -25.009  -57.052  2.113 0.4000000060
24305  -25.318  -57.877  0.534 0.4000000060
30106  -26.370  -51.751  2.182 0.5000000000
11841  -31.211  -72.140  6.425 0.5000000000
11048  -32.232  -73.126  5.321 0.5000000000
11852  -31.882  -72.453  5.951 0.5000000000
11887  -32.133  -72.040  2.308 0.5000000000
11873  -32.421  -72.715  2.987 0.5000000000
11059  -32.381  -73.569  4.698 0.4000000060
12682  -31.683  -71.603  6.352 0.5000000000
11853  -32.663  -72.329  5.372 0.6000000238
12702  -32.351  -71.664  5.796 0.6000000238
127089  -32.583  -71.803  3.160 0.5000000000
126670  -32.940  -72.164  4.721 0.5000000000
12805  -31.748  -71.624  0.839 0.4000000060
13589  -30.306  -70.084  7.565 0.6999999881
14616  -31.168  -69.941  7.157 0.6999999881
13645  -31.851  -70.313  5.845 0.6999999881
13660  -32.843  -70.574  4.492 0.5000000000
13646  -32.499  -70.848  5.449 0.6999999881
12764  -32.382  -71.175  2.472 0.5000000000
12724  -32.886  -71.553  4.136 0.5000000000
13733  -31.546  -70.864  0.629 0.5000000000
12779  -31.952  -71.445  1.708 0.5000000000
13566  -27.000  -70.195  8.041 0.5000000000
14596  -27.941  -70.103  8.135 0.6999999881
139456  -29.271  -69.264  8.426 0.6999999881
14598  -29.778  -69.689  8.070 0.6999999881
14599  -30.522  -69.312  7.750 0.6999999881
13619  -30.617  -70.722  7.141 0.6000000238
14637  -32.760  -69.535  4.372 0.6999999881
14628  -32.407  -69.941  5.097 0.6000000238
13714  -32.039  -70.602  1.854 0.5000000000
13696  -32.587  -70.206  2.663 0.6000000238
126069  -32.858  -69.866  3.603 0.6000000238
14692  -31.278  -69.927  -0.325 0.5000000000
14581  -27.436  -69.613  8.646 0.5000000000
14582  -28.421  -69.289  8.651 0.6999999881
138119  -30.824  -69.626  7.458 0.6999999881
15591  -30.817  -68.393  7.558 0.6999999881
14627  -31.750  -69.360  5.606 0.8000000119
15616  -31.457  -68.506  5.892 0.6999999881
14649  -32.832  -68.904  3.808 0.6000000238
136291  -32.702  -68.955  4.355 0.6999999881
14669  -31.994  -69.583  1.983 0.6999999881
14661  -32.690  -69.274  2.905 0.6000000238
14679  -31.387  -69.586  0.532 0.6000000238
14668  -31.541  -69.380  1.239 0.6000000238
15658  -31.126  -69.022  -0.048 0.6000000238
15560  -26.481  -68.788  9.696 0.5000000000
15561  -27.899  -68.088  9.508 0.6000000238
14562  -26.917  -69.258  9.223 0.5000000000
15577  -28.436  -68.546  9.085 0.6000000238
14583  -29.118  -68.566  8.736 0.6000000238
15590  -29.987  -68.742  8.277 0.6999999881
16493  -30.767  -67.575  7.364 0.6999999881
16492  -30.193  -67.750  7.909 0.6000000238
15607  -31.424  -68.443  6.889 0.6999999881
16510  -31.314  -67.745  6.315 0.6999999881
131331  -32.350  -69.102  4.821 0.6999999881
14660  -32.125  -68.668  2.446 0.6999999881
15651  -31.303  -68.797  0.811 0.6999999881
123560  -31.592  -68.726  1.651 0.6999999881
16464  -27.010  -68.138  9.910 0.5000000000
16480  -28.858  -67.843  9.183 0.6000000238
16481  -29.570  -67.840  8.648 0.6000000238
16519  -31.460  -67.643  5.378 0.8000000119
17405  -31.174  -66.778  5.149 0.5000000000
17396  -30.639  -66.447  6.480 0.6000000238
14636  -32.500  -68.359  4.421 0.6999999881
17410  -31.913  -66.913  4.168 0.6999999881
15645  -31.589  -67.973  2.159 0.6999999881
16537  -31.518  -67.302  2.757 0.6999999881
15650  -30.922  -68.186  0.287 0.5000000000
16547  -30.344  -67.608  -0.251 0.5000000000
15539  -26.159  -68.241  10.234 0.5000000000
16465  -27.514  -67.419  9.986 0.5000000000
18246  -28.082  -66.183  9.549 0.6000000238
16466  -28.390  -67.084  9.594 0.6000000238
136315  -28.709  -66.444  9.166 0.6000000238
128353  -29.186  -67.067  9.014 0.6000000238
17368  -29.700  -67.012  8.190 0.6000000238
18265  -29.135  -66.187  8.432 0.6000000238
17408  -30.930  -66.098  4.990 0.6000000238
17404  -30.740  -66.246  5.625 0.5000000000
125852  -29.741  -66.305  7.713 0.5000000000
17414  -31.761  -66.371  3.863 0.6000000238
18299  -31.561  -65.725  4.032 0.6000000238
17422  -31.291  -67.178  1.883 0.6000000238
17418  -31.214  -66.521  2.524 0.6000000238
119955  -30.464  -66.633  0.947 0.5000000000
16442  -27.128  -66.948  10.288 0.5000000000
18245  -27.483  -65.860  9.951 0.6000000238
18264  -28.318  -65.710  8.949 0.6000000238
18291  -30.258  -65.697  6.177 0.5000000000
133730  -29.624  -65.220  6.723 0.5000000000
19173  -31.175  -65.135  3.928 0.4000000060
19172  -30.402  -64.802  4.469 0.5000000000
18296  -30.387  -65.496  5.217 0.5000000000
128079  -25.635  -66.733  10.730 0.5000000000
17334  -27.051  -66.254  10.251 0.6000000238
19118  -27.124  -65.291  9.844 0.6000000238
18263  -27.592  -65.477  9.414 0.6000000238
17332  -24.922  -66.430  10.988 0.5000000000
127290  -26.397  -65.962  10.492 0.5000000000
18230  -26.868  -65.498  10.176 0.6000000238
19129  -26.995  -64.803  9.351 0.6000000238
117717  -25.651  -65.870  10.781 0.5000000000
18229  -26.142  -65.171  10.441 0.6000000238
17316  -24.211  -66.002  11.337 0.5000000000
18218  -24.909  -64.889  11.279 0.5000000000
19116  -25.861  -64.316  10.538 0.5000000000
19989  -26.251  -63.637  10.169 0.6000000238
19117  -26.596  -64.631  10.055 0.6000000238
19098  -24.514  -64.413  11.346 0.5000000000
19099  -25.208  -64.258  11.142 0.5000000000
127806  -24.028  -63.988  11.489 0.5000000000
19970  -24.693  -63.552  11.425 0.5000000000
19969  -23.736  -63.278  11.482 0.5000000000
126930  -24.355  -62.813  11.454 0.5000000000
19988  -25.571  -63.384  10.814 0.5000000000
19990  -26.673  -63.002  9.833 0.4000000060
20843  -23.743  -62.416  11.525 0.5000000000
20861  -25.607  -62.525  10.820 0.5000000000
127476  -26.054  -61.961  10.566 0.4000000060
127390  -26.157  -62.775  10.363 0.4000000060
20845  -25.264  -61.846  11.069 0.4000000060
127272  -26.762  -61.271  10.492 0.4000000060
18303  -30.785  -65.198  3.179 0.6000000238
17421  -30.920  -66.452  1.669 0.5000000000
17426  -30.063  -66.824  0.128 0.4000000060
17395  -30.151  -65.908  7.065 0.6000000238
21728  -27.507  -61.732  10.252 0.4000000060
125241  -27.769  -60.998  10.368 0.4000000060
14617  -31.451  -69.242  6.568 0.6999999881
16526  -31.942  -67.834  4.742 0.6999999881
15641  -32.581  -68.551  3.178 0.6999999881
15634  -32.556  -68.038  3.746 0.6999999881
16518  -31.098  -66.983  5.941 0.6000000238
17381  -30.357  -66.843  7.391 0.6000000238
16543  -31.210  -67.904  1.221 0.6999999881
125738  -31.701  -67.183  4.654 0.6999999881
16533  -31.964  -67.262  3.646 0.6999999881
16540  -30.935  -67.112  1.250 0.6000000238
121014  -30.683  -67.381  0.604 0.6000000238
11068  -32.544  -73.423  3.827 0.5000000000
11863  -32.764  -72.900  4.701 0.5000000000
12703  -32.875  -71.536  5.087 0.6000000238
13588  -29.321  -70.360  7.734 0.6999999881
13620  -31.428  -70.721  6.640 0.6999999881
13678  -32.768  -70.869  3.397 0.5000000000
13713  -31.611  -70.187  1.146 0.6000000238
14597  -28.906  -69.960  8.212 0.6999999881
14600  -31.134  -69.168  7.305 0.6999999881
15576  -27.739  -68.949  9.158 0.5000000000
15624  -31.829  -68.475  5.126 0.6999999881
15640  -32.045  -67.961  3.000 0.6999999881
16441  -26.708  -67.546  10.295 0.5000000000
16509  -31.023  -67.179  6.810 0.6999999881
16527  -32.230  -67.568  4.240 0.6999999881
17317  -24.909  -65.567  11.171 0.5000000000
17333  -26.415  -66.779  10.490 0.5000000000
17351  -27.683  -66.608  10.008 0.6000000238
17409  -31.539  -66.308  4.410 0.6000000238
18217  -24.306  -65.190  11.459 0.5000000000
18228  -25.452  -65.003  10.949 0.5000000000
18280  -29.362  -65.603  7.556 0.6000000238
18298  -31.116  -65.520  4.458 0.4000000060
18304  -31.267  -65.884  3.330 0.6000000238
20004  -26.936  -63.941  8.665 0.6000000238
20030  -28.900  -63.723  4.502 0.6000000238
20862  -26.795  -62.204  10.242 0.4000000060
23483  -23.959  -59.485  0.848 0.5000000000
24293  -22.850  -57.993  1.093 0.5000000000
24307  -23.116  -57.988  0.866 0.5000000000
24309  -24.625  -57.815  0.519 0.5000000000
25117  -22.701  -57.238  1.052 0.5000000000
25122  -22.628  -57.489  1.021 0.5000000000
25129  -22.716  -57.459  0.983 0.5000000000
25137  -23.285  -57.455  0.720 0.5000000000
25139  -25.097  -57.257  0.472 0.4000000060
25951  -23.164  -56.288  1.027 0.4000000060
25958  -23.001  -56.843  0.863 0.5000000000
25960  -24.559  -56.711  0.485 0.5000000000
26734  -25.471  -55.850  0.388 0.4000000060
27503  -24.238  -55.142  1.272 0.4000000060
27508  -24.386  -55.143  0.917 0.5000000000
113649  -24.953  -62.273  1.023 0.5000000000
113651  -24.313  -60.191  0.914 0.5000000000
113701  -28.550  -60.790  10.242 0.5000000000
114517  -26.191  -58.828  0.918 0.3000000119
115893  -24.041  -59.688  0.821 0.5000000000
119050  -31.487  -66.693  3.250 0.6000000238
121770  -31.504  -69.925  6.389 0.8000000119
122194  -25.019  -62.700  11.232 0.5000000000
126059  -32.002  -71.057  6.089 0.6999999881
128620  -32.795  -72.449  3.906 0.5000000000
130183  -31.442  -70.260  0.377 0.5000000000
130830  -25.023  -60.253  0.802 0.4000000060
132927  -27.205  -68.649  9.499 0.6000000238
135267  -26.006  -66.343  10.595 0.5000000000
135603  -31.271  -67.825  7.087 0.6999999881
139069  -31.729  -70.956  1.252 0.5000000000
