#!ascii label  , from subject sub-v1s21x0050388_ses-1 vox2ras=TkReg
2053
6339  -36.587  -86.085  -27.793 0.1000000015
6354  -36.748  -85.530  -28.924 0.1000000015
5792  -34.260  -87.667  -28.769 0.1000000015
6353  -35.826  -86.032  -29.101 0.1000000015
6352  -34.801  -86.518  -29.208 0.1000000015
6366  -35.727  -85.386  -29.927 0.1000000015
6383  -33.295  -86.829  -30.110 0.1000000015
6937  -34.993  -84.692  -30.819 0.1000000015
7573  -35.795  -83.760  -31.625 0.1000000015
6936  -33.900  -85.267  -30.694 0.1000000015
7571  -33.455  -84.757  -31.365 0.1000000015
7590  -35.102  -83.742  -32.100 0.1000000015
7589  -34.198  -84.141  -32.166 0.1000000015
7570  -32.464  -84.904  -31.391 0.1000000015
8300  -33.901  -83.692  -32.563 0.1000000015
9769  -34.735  -81.120  -32.888 0.1000000015
7588  -33.031  -84.214  -32.192 0.1000000015
8299  -33.133  -83.347  -32.554 0.1000000015
7520  -39.819  -83.390  -28.562 0.1000000015
6889  -37.489  -84.981  -28.402 0.1000000015
6890  -38.577  -84.219  -28.742 0.1000000015
8253  -38.237  -83.601  -29.638 0.1000000015
7537  -38.252  -83.900  -30.460 0.1000000015
6895  -36.994  -84.922  -30.152 0.1000000015
6912  -36.924  -84.357  -30.979 0.1000000015
8266  -36.658  -83.322  -30.897 0.1000000015
8280  -36.163  -83.281  -31.464 0.1000000015
8301  -35.001  -83.271  -32.569 0.1000000015
13726  -40.299  -76.052  -30.110 0.1000000015
13723  -37.425  -76.807  -30.369 0.1000000015
12859  -36.627  -77.108  -30.621 0.1000000015
12844  -36.189  -77.901  -30.113 0.1000000015
127456  -34.386  -79.669  -31.801 0.1000000015
10556  -34.328  -80.388  -31.247 0.1000000015
125255  -34.574  -80.929  -31.937 0.1000000015
138350  -34.781  -81.670  -31.134 0.1000000015
9023  -34.594  -82.178  -33.081 0.1000000015
9012  -34.246  -82.991  -32.892 0.1000000015
8960  -40.735  -82.753  -27.058 0.1000000015
8216  -37.690  -83.012  -26.624 0.2000000030
8217  -39.379  -82.733  -27.328 0.2000000030
8229  -40.118  -82.892  -28.270 0.1000000015
8946  -36.198  -82.824  -25.921 0.1000000015
142982  -36.595  -83.145  -26.727 0.1000000015
8227  -37.503  -83.313  -27.615 0.1000000015
127865  -43.510  -72.684  -22.623 0.1000000015
16261  -43.872  -73.827  -23.468 0.1000000015
8969  -35.282  -83.015  -27.409 0.1000000015
8239  -36.205  -83.394  -28.364 0.1000000015
8267  -37.727  -83.488  -30.482 0.1000000015
15374  -44.533  -74.450  -24.753 0.1000000015
15391  -44.120  -75.055  -24.532 0.1000000015
14527  -43.684  -75.626  -24.867 0.1000000015
13685  -42.142  -76.877  -26.467 0.1000000015
120720  -41.479  -76.701  -27.630 0.1000000015
8238  -35.240  -83.084  -28.469 0.1000000015
8251  -35.324  -82.959  -29.680 0.1000000015
8279  -36.016  -82.873  -32.105 0.1000000015
13686  -43.499  -76.498  -26.635 0.1000000015
132347  -42.905  -76.526  -27.614 0.1000000015
124385  -40.440  -76.747  -28.258 0.1000000015
12836  -38.613  -77.323  -27.852 0.1000000015
12820  -37.162  -77.920  -27.717 0.1000000015
12043  -35.850  -78.732  -28.677 0.1000000015
8265  -35.337  -82.712  -30.743 0.1000000015
8997  -34.977  -82.123  -30.875 0.1000000015
13715  -42.585  -76.374  -28.836 0.1000000015
13713  -40.497  -76.487  -29.373 0.1000000015
12847  -38.571  -77.110  -29.147 0.1000000015
12834  -37.107  -77.872  -28.800 0.1000000015
11298  -34.702  -79.803  -29.492 0.1000000015
10538  -34.460  -80.572  -30.105 0.1000000015
12846  -37.723  -77.348  -29.436 0.1000000015
12845  -36.931  -77.609  -29.739 0.1000000015
12058  -36.394  -78.221  -29.206 0.1000000015
11311  -34.646  -79.616  -30.596 0.1000000015
125720  -35.504  -82.255  -32.109 0.1000000015
118686  -36.890  -82.693  -25.151 0.1000000015
8947  -38.433  -82.717  -25.819 0.2000000030
8949  -40.865  -82.762  -26.355 0.1000000015
8920  -39.939  -82.619  -24.112 0.2000000030
8921  -41.312  -82.893  -24.249 0.2000000030
121984  -35.642  -82.448  -25.089 0.1000000015
124193  -35.114  -82.463  -25.795 0.1000000015
18900  -43.566  -70.784  -22.274 0.1000000015
17171  -44.765  -72.385  -22.968 0.1000000015
8959  -35.597  -82.882  -26.569 0.1000000015
8968  -34.518  -82.539  -27.599 0.1000000015
8957  -34.073  -82.072  -27.084 0.1000000015
14509  -43.020  -75.337  -24.078 0.1000000015
13667  -42.676  -76.720  -25.686 0.1000000015
13652  -41.997  -76.619  -25.048 0.1000000015
8980  -34.550  -82.575  -28.531 0.1000000015
13666  -41.452  -76.991  -25.545 0.1000000015
13684  -40.688  -77.139  -26.322 0.1000000015
12023  -36.468  -78.382  -27.353 0.1000000015
11286  -35.224  -79.156  -27.956 0.1000000015
10513  -34.392  -80.582  -28.959 0.1000000015
8979  -34.246  -82.100  -28.644 0.1000000015
9738  -34.536  -81.455  -30.297 0.1000000015
9670  -35.534  -81.454  -22.536 0.1000000015
143313  -36.070  -81.794  -22.862 0.1000000015
9669  -34.685  -81.239  -22.952 0.1000000015
126788  -35.402  -81.675  -23.263 0.1000000015
133546  -37.015  -82.192  -23.479 0.1000000015
8918  -37.535  -82.417  -23.805 0.2000000030
8919  -38.510  -82.545  -23.897 0.2000000030
120227  -36.864  -82.391  -24.121 0.2000000030
126259  -39.170  -82.555  -23.098 0.2000000030
121517  -40.666  -82.724  -23.156 0.2000000030
8945  -34.853  -82.130  -25.147 0.1000000015
9678  -34.564  -81.536  -23.871 0.1000000015
9683  -34.357  -81.671  -24.816 0.1000000015
9695  -33.891  -81.615  -26.316 0.1000000015
18031  -43.387  -71.778  -22.396 0.1000000015
16248  -41.992  -73.427  -22.752 0.1000000015
16259  -41.417  -73.927  -23.129 0.1000000015
15372  -40.905  -74.665  -23.513 0.1000000015
9691  -34.314  -81.937  -25.665 0.1000000015
10478  -33.739  -81.046  -26.628 0.1000000015
20631  -43.598  -68.862  -22.698 0.1000000015
20630  -42.279  -68.165  -22.415 0.1000000015
16249  -43.172  -73.373  -22.854 0.1000000015
124001  -42.182  -74.683  -23.548 0.1000000015
14525  -41.238  -76.149  -24.612 0.1000000015
13651  -40.852  -76.779  -25.011 0.1000000015
12806  -39.467  -77.477  -25.916 0.1000000015
11996  -36.987  -78.192  -26.017 0.1000000015
12022  -35.726  -78.833  -27.016 0.1000000015
11258  -34.386  -79.801  -26.592 0.1000000015
10493  -33.938  -80.928  -27.521 0.1000000015
21482  -43.621  -68.053  -23.080 0.1000000015
137004  -39.799  -77.318  -26.698 0.1000000015
12804  -37.692  -77.942  -26.325 0.1000000015
11271  -34.975  -79.366  -27.052 0.1000000015
10512  -34.079  -80.985  -28.268 0.1000000015
128056  -43.637  -67.227  -23.327 0.1000000015
23301  -43.739  -65.747  -23.433 0.1000000015
23302  -44.675  -66.071  -23.729 0.1000000015
24164  -44.886  -64.330  -23.924 0.1000000015
11931  -33.908  -79.095  -22.314 0.1000000015
10425  -34.273  -80.708  -22.618 0.1000000015
11954  -34.119  -78.521  -22.653 0.1000000015
11966  -33.835  -79.224  -23.027 0.1000000015
9660  -35.843  -81.178  -21.837 0.1000000015
8902  -36.815  -81.955  -22.880 0.1000000015
8903  -37.412  -81.905  -22.131 0.2000000030
11967  -34.269  -78.678  -23.503 0.1000000015
11208  -33.684  -79.976  -23.437 0.1000000015
10436  -33.919  -80.804  -23.436 0.1000000015
8904  -38.541  -82.274  -22.278 0.2000000030
12763  -35.354  -77.548  -23.673 0.1000000015
11209  -33.987  -79.399  -23.866 0.1000000015
23288  -41.528  -65.452  -22.643 0.1000000015
21480  -41.829  -67.166  -22.431 0.1000000015
19805  -42.205  -69.302  -22.187 0.1000000015
20629  -41.354  -68.604  -22.097 0.1000000015
136572  -42.563  -71.077  -22.092 0.1000000015
18030  -41.994  -71.718  -22.206 0.1000000015
17168  -40.988  -72.139  -22.283 0.1000000015
12764  -36.295  -77.298  -24.112 0.1000000015
12778  -35.846  -77.856  -24.479 0.1000000015
11228  -33.734  -79.953  -24.301 0.1000000015
129007  -33.619  -80.920  -24.949 0.1000000015
125291  -40.340  -75.467  -24.020 0.1000000015
14523  -39.375  -75.864  -24.191 0.1000000015
14524  -40.149  -76.366  -24.629 0.1000000015
11995  -35.435  -78.599  -25.589 0.1000000015
11994  -34.606  -78.962  -25.265 0.1000000015
10463  -33.612  -80.989  -25.727 0.1000000015
24152  -42.092  -64.080  -23.260 0.1000000015
13649  -39.194  -76.704  -24.688 0.1000000015
12793  -37.837  -77.796  -25.631 0.1000000015
12792  -37.140  -77.896  -25.389 0.1000000015
11245  -35.021  -79.114  -26.203 0.1000000015
11244  -34.142  -79.659  -25.693 0.1000000015
134853  -42.291  -65.682  -22.950 0.1000000015
23300  -42.973  -65.497  -23.303 0.1000000015
23289  -42.539  -64.843  -23.272 0.1000000015
121296  -43.369  -64.907  -23.465 0.1000000015
24163  -43.911  -64.166  -23.672 0.1000000015
138268  -45.336  -63.658  -23.865 0.1000000015
24165  -46.015  -64.605  -24.028 0.1000000015
10418  -35.281  -80.575  -21.434 0.1000000015
12750  -34.831  -77.169  -22.897 0.1000000015
13615  -34.700  -77.105  -22.114 0.1000000015
11161  -34.521  -78.991  -21.107 0.1000000015
9661  -36.765  -81.397  -21.595 0.1000000015
13632  -35.668  -76.804  -23.359 0.1000000015
13617  -36.053  -76.085  -23.013 0.1000000015
10410  -35.785  -80.063  -20.815 0.1000000015
14505  -37.024  -75.893  -23.356 0.1000000015
9662  -37.636  -81.577  -21.371 0.2000000030
22401  -41.668  -66.238  -22.532 0.1000000015
126691  -41.451  -70.064  -22.079 0.1000000015
18029  -40.983  -71.277  -22.201 0.1000000015
13634  -37.709  -76.555  -24.048 0.1000000015
12765  -37.208  -77.196  -24.469 0.1000000015
10412  -37.673  -80.497  -20.510 0.1000000015
10413  -38.405  -80.766  -20.338 0.2000000030
21479  -41.057  -67.689  -21.993 0.1000000015
16247  -40.900  -73.082  -22.665 0.1000000015
15371  -39.868  -74.638  -23.402 0.1000000015
13648  -38.419  -76.825  -24.550 0.1000000015
131025  -37.580  -77.624  -25.023 0.1000000015
25063  -42.513  -63.128  -23.316 0.1000000015
24162  -42.951  -64.072  -23.488 0.1000000015
25075  -43.558  -63.244  -23.674 0.1000000015
25973  -45.309  -62.757  -23.533 0.1000000015
25076  -44.539  -63.404  -23.820 0.1000000015
25077  -46.249  -63.277  -23.500 0.1000000015
14465  -36.075  -75.060  -22.089 0.1000000015
14487  -35.676  -75.683  -22.158 0.1000000015
13591  -35.239  -76.160  -21.290 0.1000000015
15352  -36.708  -74.651  -22.409 0.1000000015
13616  -35.198  -76.488  -22.346 0.1000000015
13580  -35.024  -76.896  -20.878 0.1000000015
11169  -34.838  -79.808  -21.147 0.1000000015
14488  -36.446  -75.382  -22.702 0.1000000015
12720  -35.076  -77.592  -20.531 0.1000000015
10419  -36.247  -80.816  -21.154 0.1000000015
15369  -38.190  -74.834  -23.164 0.1000000015
14489  -37.324  -75.087  -22.979 0.1000000015
11923  -35.887  -78.759  -20.112 0.1000000015
24150  -40.991  -64.764  -22.511 0.1000000015
23287  -40.913  -65.756  -22.317 0.1000000015
138161  -40.442  -67.001  -21.782 0.1000000015
19804  -40.991  -69.326  -22.058 0.1000000015
18898  -40.310  -70.783  -22.176 0.1000000015
17167  -40.026  -72.447  -22.397 0.1000000015
16246  -39.783  -73.231  -22.719 0.1000000015
15355  -39.399  -73.987  -22.957 0.1000000015
14506  -37.942  -75.685  -23.506 0.1000000015
11163  -36.373  -79.455  -20.264 0.1000000015
10411  -36.801  -80.261  -20.651 0.1000000015
24151  -41.476  -64.168  -22.881 0.1000000015
16258  -40.331  -73.893  -23.069 0.1000000015
14507  -38.739  -75.403  -23.649 0.1000000015
11165  -38.244  -80.014  -20.197 0.1000000015
25062  -41.681  -63.458  -22.918 0.1000000015
25970  -42.466  -62.149  -23.150 0.1000000015
25971  -43.301  -62.273  -23.530 0.1000000015
25972  -44.384  -62.416  -23.628 0.1000000015
26872  -45.483  -61.663  -22.956 0.1000000015
142975  -46.146  -62.253  -22.901 0.1000000015
26858  -47.139  -61.280  -22.395 0.1000000015
16233  -36.193  -73.672  -21.459 0.1000000015
14464  -35.602  -75.185  -21.336 0.1000000015
131073  -35.322  -75.663  -20.596 0.1000000015
16234  -36.813  -73.048  -21.740 0.1000000015
13581  -35.217  -76.282  -20.340 0.1000000015
17165  -37.574  -73.295  -22.220 0.1000000015
17153  -37.535  -72.430  -21.961 0.1000000015
131940  -35.218  -76.869  -20.186 0.1000000015
11922  -35.171  -78.468  -20.538 0.1000000015
16245  -38.231  -73.542  -22.523 0.1000000015
12708  -35.459  -77.192  -19.722 0.1000000015
25061  -41.006  -63.780  -22.495 0.1000000015
18885  -40.579  -70.061  -22.104 0.1000000015
18027  -39.165  -71.928  -22.254 0.1000000015
122934  -38.936  -73.383  -22.648 0.1000000015
17166  -38.422  -72.741  -22.332 0.1000000015
11910  -35.641  -78.009  -19.928 0.1000000015
11155  -37.067  -79.048  -19.869 0.1000000015
25953  -41.298  -62.946  -22.412 0.1000000015
24144  -40.249  -64.226  -22.114 0.1000000015
23275  -40.173  -65.223  -22.098 0.1000000015
20623  -40.386  -68.526  -21.878 0.1000000015
19796  -40.085  -69.417  -21.997 0.1000000015
18028  -40.151  -71.598  -22.219 0.1000000015
142332  -42.031  -62.073  -22.800 0.1000000015
119718  -42.989  -60.778  -23.014 0.1000000015
139911  -42.216  -61.375  -22.834 0.1000000015
26855  -43.884  -60.673  -23.006 0.1000000015
26871  -44.189  -61.465  -23.312 0.1000000015
26856  -45.061  -60.783  -22.735 0.1000000015
26857  -46.179  -61.006  -22.427 0.1000000015
19793  -37.437  -69.722  -21.314 0.1000000015
18881  -36.932  -70.513  -21.370 0.1000000015
123881  -36.691  -72.192  -21.481 0.1000000015
15320  -35.452  -74.168  -20.167 0.1000000015
18882  -37.936  -70.444  -21.703 0.1000000015
14452  -35.413  -74.967  -20.365 0.1000000015
20622  -39.535  -68.199  -21.595 0.1000000015
19795  -39.251  -69.531  -21.856 0.1000000015
18883  -38.901  -70.321  -21.915 0.1000000015
18010  -37.460  -71.416  -21.756 0.1000000015
123554  -35.292  -75.623  -19.811 0.1000000015
126091  -41.021  -62.473  -22.056 0.1000000015
25053  -40.522  -63.191  -21.919 0.1000000015
21471  -40.097  -67.616  -21.671 0.1000000015
18884  -39.767  -70.187  -22.060 0.1000000015
18012  -39.478  -70.988  -22.140 0.1000000015
12692  -35.727  -76.784  -19.034 0.1000000015
118507  -41.596  -62.117  -22.430 0.1000000015
11911  -36.482  -78.403  -19.602 0.1000000015
11912  -37.512  -78.508  -19.412 0.1000000015
27798  -41.870  -60.578  -22.384 0.1000000015
130654  -42.588  -60.495  -22.742 0.1000000015
27800  -43.418  -60.096  -22.659 0.1000000015
135093  -43.737  -59.296  -22.253 0.1000000015
27801  -44.562  -59.905  -22.516 0.1000000015
28745  -44.419  -59.134  -22.362 0.1000000015
29694  -44.208  -58.605  -22.348 0.1000000015
27802  -45.577  -60.420  -22.719 0.1000000015
17152  -36.134  -72.872  -21.186 0.1000000015
16232  -35.750  -73.530  -20.765 0.1000000015
16216  -35.477  -73.431  -19.988 0.1000000015
132903  -35.343  -73.982  -19.471 0.1000000015
25052  -39.760  -62.875  -21.284 0.1000000015
23274  -39.539  -65.729  -21.641 0.1000000015
22391  -38.863  -67.056  -21.252 0.1000000015
19794  -38.373  -69.620  -21.591 0.1000000015
27790  -41.355  -60.349  -21.851 0.1000000015
25947  -41.119  -61.844  -21.929 0.1000000015
25946  -40.516  -62.323  -21.607 0.1000000015
126300  -39.457  -64.706  -21.598 0.1000000015
22392  -39.643  -66.747  -21.545 0.1000000015
13575  -35.386  -76.351  -19.527 0.1000000015
27791  -41.871  -59.632  -22.109 0.1000000015
27799  -42.694  -59.754  -22.435 0.1000000015
29682  -42.694  -57.776  -21.876 0.1000000015
28735  -42.793  -58.714  -22.094 0.1000000015
29683  -43.232  -58.166  -22.133 0.1000000015
30687  -42.877  -56.963  -21.697 0.1000000015
29693  -43.574  -58.176  -22.212 0.1000000015
31665  -43.423  -57.183  -22.945 0.1000000015
18009  -36.414  -71.325  -21.210 0.1000000015
17136  -35.948  -72.069  -20.907 0.1000000015
17151  -35.701  -72.769  -20.494 0.1000000015
18867  -35.496  -70.547  -20.128 0.1000000015
20620  -37.876  -68.965  -21.183 0.1000000015
21469  -38.848  -67.878  -21.292 0.1000000015
28733  -41.060  -59.674  -21.501 0.1000000015
27789  -40.780  -60.692  -21.410 0.1000000015
28734  -41.745  -58.893  -21.869 0.1000000015
30656  -42.295  -56.978  -21.027 0.1000000015
139459  -42.777  -56.224  -22.114 0.1000000015
32621  -42.915  -55.715  -22.941 0.1000000015
19783  -35.889  -69.825  -20.347 0.1000000015
21459  -38.253  -67.439  -20.910 0.1000000015
26849  -40.620  -61.534  -21.472 0.1000000015
25945  -39.957  -61.972  -21.135 0.1000000015
119701  -39.727  -63.727  -21.564 0.1000000015
25051  -39.110  -63.943  -21.135 0.1000000015
22378  -38.285  -66.602  -20.833 0.1000000015
28725  -41.192  -58.626  -21.351 0.1000000015
29671  -42.211  -57.397  -21.328 0.1000000015
31639  -42.472  -56.702  -21.114 0.1000000015
131289  -42.556  -56.172  -21.430 0.1000000015
32610  -42.557  -55.461  -22.101 0.1000000015
33555  -42.637  -54.740  -22.783 0.1000000015
20612  -37.418  -68.419  -20.655 0.1000000015
23260  -38.324  -65.635  -20.733 0.1000000015
22377  -37.778  -66.243  -20.344 0.1000000015
21458  -37.622  -67.038  -20.402 0.1000000015
28724  -40.461  -59.266  -20.781 0.1000000015
27783  -40.240  -60.254  -20.855 0.1000000015
25936  -39.246  -62.298  -20.797 0.1000000015
25043  -38.962  -63.149  -20.831 0.1000000015
24143  -38.705  -64.722  -20.957 0.1000000015
32597  -42.307  -55.335  -21.300 0.1000000015
33546  -42.328  -54.595  -21.980 0.1000000015
34586  -42.127  -53.885  -21.873 0.1000000015
34601  -42.454  -53.805  -22.601 0.1000000015
25935  -38.231  -63.126  -20.222 0.1000000015
136124  -39.473  -61.599  -20.705 0.1000000015
136948  -38.649  -62.497  -20.438 0.1000000015
30654  -40.919  -57.447  -20.467 0.1000000015
31638  -42.116  -56.511  -20.629 0.1000000015
32586  -42.317  -56.031  -20.770 0.1000000015
33537  -41.970  -54.429  -21.155 0.1000000015
35541  -41.526  -52.113  -21.683 0.1000000015
29669  -40.676  -58.301  -20.671 0.1000000015
30655  -41.744  -57.009  -20.687 0.1000000015
31630  -41.646  -56.354  -20.106 0.1000000015
126373  -41.791  -55.299  -19.978 0.1000000015
32596  -42.064  -55.291  -20.539 0.1000000015
34570  -41.455  -53.810  -20.711 0.1000000015
139828  -41.107  -52.020  -21.134 0.1000000015
35523  -40.797  -52.310  -20.543 0.1000000015
30645  -41.153  -56.820  -20.146 0.1000000015
33516  -41.304  -54.849  -19.607 0.1000000015
34557  -41.236  -54.140  -20.040 0.1000000015
34569  -40.892  -53.277  -20.168 0.1000000015
5793  -34.975  -87.050  -28.305 0.1000000015
6365  -34.541  -86.082  -29.870 0.1000000015
6913  -37.847  -84.173  -30.852 0.1000000015
6911  -35.441  -85.024  -30.452 0.1000000015
127324  -33.420  -86.133  -30.247 0.1000000015
7550  -36.785  -83.725  -31.401 0.1000000015
142426  -38.706  -84.040  -29.155 0.1000000015
8241  -39.363  -83.333  -28.668 0.1000000015
6897  -38.570  -84.164  -29.702 0.1000000015
120303  -37.282  -83.509  -28.452 0.1000000015
7551  -37.656  -83.758  -31.070 0.1000000015
8252  -36.450  -83.262  -29.652 0.1000000015
13725  -39.350  -76.418  -29.929 0.1000000015
12073  -35.321  -78.212  -31.241 0.1000000015
12056  -35.190  -78.797  -30.532 0.1000000015
12072  -34.812  -78.940  -31.421 0.1000000015
121547  -40.354  -82.724  -27.522 0.1000000015
8228  -38.968  -82.950  -28.167 0.1000000015
8934  -39.166  -82.608  -24.992 0.2000000030
8226  -36.325  -83.306  -27.412 0.1000000015
140363  -42.689  -72.226  -22.353 0.1000000015
14526  -42.455  -75.962  -24.630 0.1000000015
13702  -39.580  -77.130  -27.571 0.1000000015
13714  -41.519  -76.485  -29.115 0.1000000015
12835  -37.840  -77.564  -28.422 0.1000000015
12821  -37.862  -77.659  -27.555 0.1000000015
133425  -35.916  -78.648  -27.862 0.1000000015
140141  -35.051  -79.208  -29.848 0.1000000015
11299  -35.249  -79.267  -29.029 0.1000000015
8988  -34.529  -81.954  -29.702 0.1000000015
11285  -34.706  -79.806  -28.496 0.1000000015
9727  -34.398  -81.209  -29.550 0.1000000015
8932  -35.993  -82.286  -24.345 0.1000000015
8933  -37.817  -82.596  -24.582 0.2000000030
8916  -35.441  -81.899  -23.895 0.1000000015
8958  -34.534  -82.364  -26.608 0.1000000015
9715  -33.999  -81.570  -28.024 0.1000000015
13665  -40.272  -77.102  -25.439 0.1000000015
121126  -38.199  -77.707  -26.876 0.1000000015
140026  -36.474  -78.413  -26.629 0.1000000015
10494  -34.297  -80.407  -28.045 0.1000000015
9726  -34.201  -81.437  -28.835 0.1000000015
9677  -33.857  -81.192  -24.414 0.1000000015
14508  -41.661  -75.442  -23.988 0.1000000015
10479  -34.082  -80.418  -26.973 0.1000000015
21481  -42.705  -67.462  -22.783 0.1000000015
12782  -39.342  -77.186  -25.218 0.1000000015
12794  -38.648  -77.539  -25.457 0.1000000015
12805  -38.487  -77.764  -26.077 0.1000000015
12009  -36.020  -78.539  -26.152 0.1000000015
141738  -34.207  -80.387  -27.511 0.1000000015
22408  -44.175  -66.643  -23.555 0.1000000015
11932  -34.279  -78.480  -21.772 0.1000000015
10417  -34.386  -80.250  -21.909 0.1000000015
10424  -33.828  -80.170  -22.684 0.1000000015
11968  -34.943  -78.181  -24.013 0.1000000015
9663  -38.465  -81.789  -21.156 0.2000000030
11229  -33.965  -79.468  -24.795 0.1000000015
13633  -36.686  -76.650  -23.750 0.1000000015
12779  -36.786  -77.701  -24.815 0.1000000015
11982  -35.254  -78.385  -24.852 0.1000000015
11243  -33.655  -80.296  -25.118 0.1000000015
119400  -39.438  -75.196  -23.701 0.1000000015
126685  -38.156  -77.531  -25.142 0.1000000015
11164  -37.406  -79.742  -20.231 0.1000000015
25974  -47.038  -62.365  -22.520 0.1000000015
15353  -37.631  -74.192  -22.598 0.1000000015
26870  -43.107  -61.425  -23.273 0.1000000015
25955  -46.642  -61.640  -22.416 0.1000000015
18011  -38.538  -71.155  -22.034 0.1000000015
140068  -44.402  -58.426  -22.984 0.1000000015
23273  -38.966  -65.387  -21.276 0.1000000015
13461  -37.705  -75.439  -11.702 0.5000000000
9529  -44.112  -82.070  -11.002 0.5000000000
10282  -44.239  -81.257  -10.513 0.5000000000
14356  -36.905  -75.122  -11.779 0.5000000000
13481  -39.114  -77.011  -12.260 0.5000000000
12593  -39.689  -77.109  -12.077 0.5000000000
10281  -43.584  -81.143  -11.704 0.5000000000
16142  -36.121  -73.899  -12.292 0.5000000000
14355  -36.340  -74.680  -11.929 0.5000000000
14369  -37.235  -75.541  -12.472 0.5000000000
11052  -42.832  -80.273  -12.259 0.5000000000
14368  -36.632  -75.111  -12.353 0.5000000000
15253  -36.546  -74.472  -12.838 0.5000000000
14381  -37.314  -75.375  -13.381 0.5000000000
15254  -36.910  -74.732  -13.623 0.4000000060
13495  -38.479  -76.449  -13.540 0.4000000060
10314  -45.647  -80.634  -13.459 0.5000000000
10326  -46.055  -80.500  -13.771 0.5000000000
11090  -46.329  -79.404  -13.913 0.5000000000
11091  -46.989  -78.883  -14.175 0.5000000000
12669  -48.899  -76.191  -15.669 0.5000000000
12668  -48.142  -76.732  -14.820 0.5000000000
125876  -47.481  -75.954  -17.698 0.4000000060
13548  -45.572  -75.427  -18.227 0.4000000060
11006  -42.397  -78.876  -8.457 0.1000000015
10269  -44.484  -81.572  -9.591 0.5000000000
15233  -36.749  -74.529  -11.247 0.5000000000
15234  -37.551  -74.840  -11.165 0.5000000000
13462  -38.762  -76.395  -11.849 0.5000000000
12594  -40.356  -77.123  -12.013 0.4000000060
142628  -43.476  -80.518  -11.479 0.5000000000
16131  -35.621  -73.233  -11.808 0.5000000000
16132  -36.055  -74.079  -11.386 0.5000000000
17010  -34.726  -71.960  -11.214 0.5000000000
18739  -33.896  -70.791  -10.494 0.5000000000
138508  -34.372  -71.038  -11.385 0.5000000000
137090  -35.603  -72.552  -12.542 0.5000000000
18755  -34.105  -70.202  -11.174 0.4000000060
17848  -34.883  -71.502  -12.088 0.3000000119
16141  -35.980  -73.085  -12.811 0.5000000000
15266  -36.690  -74.070  -13.674 0.4000000060
14393  -37.458  -74.949  -14.173 0.4000000060
17036  -35.355  -71.864  -12.739 0.3000000119
12644  -39.749  -77.458  -14.116 0.6999999881
11827  -40.278  -77.857  -14.125 0.5000000000
17866  -34.657  -70.836  -12.213 0.3000000119
17867  -35.132  -71.055  -12.866 0.3000000119
133700  -36.263  -72.968  -13.533 0.3000000119
15267  -37.043  -74.196  -14.260 0.4000000060
13507  -38.940  -76.388  -14.318 0.5000000000
12645  -40.242  -77.601  -14.656 0.6000000238
11086  -41.591  -79.031  -14.337 0.6000000238
11066  -41.787  -79.220  -13.449 0.6000000238
10311  -43.268  -80.899  -12.489 0.5000000000
10313  -45.193  -81.284  -13.107 0.3000000119
132670  -35.664  -71.573  -13.239 0.3000000119
16161  -36.669  -73.395  -14.026 0.3000000119
14405  -38.529  -75.019  -14.862 0.4000000060
12661  -40.124  -77.057  -15.105 0.5000000000
11867  -41.383  -78.403  -15.140 0.6000000238
11110  -43.129  -79.088  -14.840 0.6000000238
11089  -45.140  -79.811  -13.657 0.5000000000
17056  -37.597  -72.838  -14.426 0.4000000060
15276  -38.846  -74.542  -15.055 0.4000000060
13508  -39.549  -76.174  -14.954 0.5000000000
13520  -41.000  -76.995  -15.642 0.5000000000
11869  -43.917  -78.326  -15.136 0.5000000000
11111  -44.455  -79.054  -14.298 0.5000000000
11848  -46.543  -78.237  -13.990 0.5000000000
17899  -38.112  -72.094  -14.120 0.4000000060
16163  -38.652  -73.778  -14.906 0.4000000060
15277  -39.735  -74.648  -15.250 0.5000000000
13521  -41.483  -76.156  -15.909 0.5000000000
12664  -43.471  -77.601  -15.798 0.4000000060
11870  -45.489  -78.015  -14.410 0.5000000000
11871  -46.702  -77.332  -14.115 0.5000000000
125969  -39.868  -73.621  -14.922 0.4000000060
15278  -40.657  -74.716  -15.439 0.5000000000
12680  -42.157  -76.774  -15.987 0.5000000000
12681  -43.224  -76.848  -16.301 0.4000000060
12683  -45.459  -76.418  -16.067 0.4000000060
12667  -47.388  -76.532  -14.438 0.5000000000
15279  -42.467  -74.436  -15.834 0.5000000000
14420  -43.524  -75.260  -16.728 0.4000000060
13538  -45.128  -76.093  -17.311 0.4000000060
120113  -46.374  -76.062  -17.295 0.4000000060
15290  -43.651  -74.629  -16.526 0.3000000119
118694  -44.588  -74.581  -17.439 0.3000000119
14429  -45.003  -74.908  -18.178 0.3000000119
11762  -41.203  -78.305  -7.857 0.1000000015
11005  -41.205  -79.019  -8.623 0.1000000015
11752  -42.573  -77.506  -7.355 0.1000000015
11763  -42.531  -78.098  -7.847 0.1000000015
11765  -44.255  -78.512  -8.489 0.4000000060
11018  -44.517  -79.468  -8.731 0.4000000060
125016  -44.656  -80.296  -8.786 0.4000000060
11037  -44.747  -80.582  -9.557 0.5000000000
11028  -44.932  -79.845  -8.958 0.4000000060
11798  -44.875  -79.331  -10.011 0.5000000000
11036  -44.136  -80.050  -10.706 0.5000000000
15220  -37.319  -74.398  -10.661 0.5000000000
15221  -38.204  -74.514  -10.457 0.5000000000
14357  -38.402  -75.138  -11.129 0.5000000000
13463  -39.771  -76.594  -11.635 0.4000000060
11797  -44.022  -78.806  -11.115 0.5000000000
17011  -35.166  -72.785  -11.024 0.5000000000
16119  -35.749  -73.484  -10.782 0.5000000000
15219  -36.584  -73.974  -10.510 0.5000000000
17817  -33.748  -71.258  -9.744 0.5000000000
17832  -34.182  -71.610  -10.501 0.5000000000
11812  -42.653  -78.400  -12.008 0.6000000238
19648  -33.843  -69.818  -10.507 0.4000000060
20507  -33.883  -69.155  -11.053 0.2000000030
20492  -33.799  -68.273  -10.818 0.2000000030
19662  -34.197  -69.549  -11.662 0.3000000119
17878  -35.860  -71.021  -13.336 0.3000000119
17879  -36.694  -71.208  -13.558 0.4000000060
20508  -34.261  -68.686  -11.576 0.3000000119
18772  -35.806  -69.745  -12.752 0.3000000119
124538  -35.022  -68.320  -11.960 0.3000000119
19681  -36.529  -69.425  -12.654 0.4000000060
18785  -37.342  -70.632  -13.270 0.4000000060
19702  -37.298  -69.897  -12.843 0.3000000119
17880  -37.660  -71.374  -13.674 0.4000000060
17058  -39.765  -72.672  -14.384 0.4000000060
16165  -40.252  -73.229  -14.718 0.4000000060
18786  -38.271  -70.782  -13.240 0.3000000119
17882  -39.787  -71.328  -13.570 0.3000000119
17059  -40.792  -72.520  -14.376 0.3000000119
119739  -41.417  -74.092  -15.434 0.4000000060
131146  -41.862  -72.256  -14.440 0.3000000119
17076  -43.620  -73.238  -15.628 0.3000000119
15280  -43.647  -74.038  -16.146 0.4000000060
15291  -44.627  -74.002  -17.180 0.3000000119
134068  -43.005  -71.857  -14.392 0.2000000030
17061  -43.881  -72.387  -14.931 0.2000000030
17077  -44.860  -72.832  -15.755 0.3000000119
17905  -45.494  -71.551  -14.132 0.1000000015
17078  -46.261  -72.544  -15.709 0.2000000030
16179  -45.519  -73.028  -16.598 0.4000000060
20544  -43.551  -69.063  -13.752 0.1000000015
12546  -43.485  -77.159  -7.565 0.1000000015
11764  -43.492  -77.924  -7.940 0.1000000015
140024  -44.075  -77.673  -8.211 0.2000000030
12558  -44.544  -77.857  -8.939 0.5000000000
11776  -44.623  -78.985  -8.864 0.4000000060
130095  -44.730  -78.234  -10.494 0.4000000060
16120  -37.548  -74.009  -10.021 0.5000000000
14346  -39.177  -74.867  -10.562 0.4000000060
123225  -40.143  -75.192  -10.529 0.4000000060
13442  -41.647  -75.894  -10.887 0.4000000060
12579  -43.454  -76.725  -10.988 0.5000000000
12597  -43.826  -77.668  -11.207 0.5000000000
16996  -34.878  -72.415  -9.734 0.5000000000
139936  -36.181  -73.375  -10.069 0.5000000000
126650  -33.397  -69.947  -9.169 0.4000000060
18708  -33.485  -70.721  -8.890 0.4000000060
17818  -34.256  -71.942  -9.763 0.5000000000
20464  -33.300  -68.364  -8.844 0.4000000060
18722  -33.603  -70.386  -9.743 0.5000000000
127084  -33.560  -69.472  -9.767 0.4000000060
21304  -33.304  -67.690  -8.462 0.3000000119
20476  -33.441  -68.476  -9.811 0.3000000119
21339  -33.588  -67.649  -10.239 0.3000000119
21319  -33.786  -66.912  -10.086 0.2000000030
21359  -34.507  -67.806  -11.413 0.2000000030
22249  -34.225  -66.197  -9.781 0.1000000015
21341  -34.849  -66.961  -11.295 0.3000000119
22271  -35.405  -66.351  -10.970 0.1000000015
21360  -35.364  -67.533  -11.666 0.3000000119
134162  -36.679  -68.599  -12.223 0.3000000119
22290  -35.650  -66.898  -11.394 0.2000000030
21361  -36.250  -67.376  -11.564 0.2000000030
20511  -37.669  -68.269  -11.836 0.2000000030
18773  -38.759  -70.193  -12.862 0.2000000030
17883  -40.921  -71.157  -13.522 0.2000000030
20529  -38.491  -68.893  -12.214 0.2000000030
18788  -40.364  -70.657  -13.063 0.2000000030
19683  -39.159  -69.529  -12.456 0.2000000030
18775  -40.818  -70.220  -12.343 0.1000000015
17885  -43.320  -71.174  -13.439 0.2000000030
17904  -44.307  -71.670  -14.089 0.2000000030
19686  -42.076  -70.137  -11.034 0.1000000015
18790  -42.805  -70.531  -11.963 0.1000000015
17886  -44.580  -70.980  -13.387 0.1000000015
17887  -45.469  -71.197  -13.835 0.1000000015
18777  -43.393  -70.161  -11.805 0.1000000015
19687  -43.627  -69.888  -11.903 0.1000000015
18791  -44.962  -70.683  -13.644 0.1000000015
19688  -43.845  -69.559  -12.607 0.1000000015
126457  -42.248  -67.568  -13.345 0.1000000015
21394  -41.618  -66.511  -13.741 0.1000000015
13413  -43.611  -76.426  -7.987 0.3000000119
13427  -43.827  -76.349  -8.968 0.3000000119
15185  -41.200  -74.417  -8.381 0.3000000119
15204  -41.195  -74.552  -9.094 0.3000000119
14339  -43.137  -75.821  -9.648 0.3000000119
13444  -43.821  -76.439  -9.990 0.3000000119
12580  -44.513  -77.375  -10.163 0.4000000060
15203  -39.846  -74.069  -9.398 0.3000000119
14338  -41.840  -75.082  -9.276 0.3000000119
13443  -42.826  -75.996  -10.605 0.5000000000
16998  -37.109  -72.983  -8.931 0.4000000060
16121  -38.341  -74.037  -9.761 0.5000000000
15222  -39.947  -74.585  -9.967 0.4000000060
14347  -41.049  -75.428  -10.467 0.4000000060
18691  -33.347  -70.466  -7.889 0.4000000060
17802  -33.984  -71.565  -9.015 0.4000000060
16997  -35.520  -72.570  -9.269 0.5000000000
133675  -36.271  -72.965  -9.459 0.5000000000
20441  -32.626  -68.868  -6.427 0.4000000060
20451  -32.902  -69.041  -7.260 0.4000000060
19618  -33.198  -69.818  -8.419 0.4000000060
20442  -33.026  -68.200  -6.980 0.4000000060
20452  -33.206  -68.409  -7.921 0.4000000060
21264  -32.816  -68.109  -6.066 0.4000000060
22189  -33.671  -66.638  -6.051 0.3000000119
21291  -33.303  -67.359  -7.615 0.3000000119
22224  -33.553  -66.398  -7.841 0.3000000119
133740  -33.415  -66.909  -8.566 0.3000000119
23075  -33.780  -65.930  -7.233 0.3000000119
23092  -33.846  -65.688  -7.931 0.2000000030
23984  -35.014  -64.270  -8.442 0.1000000015
23094  -35.138  -64.714  -9.249 0.1000000015
23134  -35.969  -65.790  -10.530 0.1000000015
21362  -37.274  -67.437  -11.231 0.2000000030
23135  -36.942  -66.017  -10.264 0.1000000015
22273  -37.494  -66.800  -10.483 0.2000000030
21363  -38.195  -67.789  -11.248 0.2000000030
19664  -39.467  -68.976  -11.862 0.1000000015
20513  -39.636  -68.679  -11.021 0.1000000015
19685  -41.139  -69.954  -11.500 0.1000000015
19666  -41.503  -69.722  -10.547 0.1000000015
18757  -42.724  -70.142  -11.302 0.1000000015
19650  -42.594  -69.351  -10.487 0.1000000015
20515  -42.900  -69.177  -11.029 0.1000000015
21382  -42.043  -67.244  -12.107 0.1000000015
22291  -41.565  -66.317  -11.585 0.1000000015
22301  -41.278  -66.207  -12.846 0.1000000015
23149  -40.696  -64.934  -12.073 0.1000000015
24039  -40.662  -64.177  -11.944 0.1000000015
24947  -40.821  -63.293  -11.855 0.1000000015
25849  -40.990  -61.769  -12.150 0.1000000015
16085  -40.664  -73.687  -8.017 0.3000000119
15167  -40.967  -74.301  -7.708 0.2000000030
142490  -39.810  -73.238  -8.206 0.3000000119
16083  -38.980  -73.223  -8.670 0.4000000060
143045  -38.585  -72.612  -7.616 0.3000000119
132811  -33.731  -70.998  -7.234 0.3000000119
17789  -33.891  -71.202  -8.128 0.3000000119
17803  -34.648  -71.833  -8.288 0.4000000060
118982  -36.176  -72.426  -7.927 0.4000000060
119751  -37.743  -72.538  -7.550 0.3000000119
19591  -32.570  -69.514  -5.890 0.3000000119
18690  -33.124  -70.344  -7.007 0.3000000119
16963  -36.012  -72.307  -7.145 0.4000000060
16964  -36.857  -72.443  -7.354 0.4000000060
16965  -37.493  -72.417  -6.856 0.3000000119
132343  -33.288  -67.481  -4.665 0.3000000119
21258  -32.848  -68.097  -5.154 0.3000000119
21265  -33.246  -67.401  -5.598 0.3000000119
22171  -34.341  -66.368  -4.577 0.3000000119
22170  -33.717  -66.788  -5.066 0.3000000119
23031  -34.790  -65.737  -4.976 0.3000000119
23058  -33.826  -66.168  -6.618 0.3000000119
23059  -34.127  -65.600  -6.671 0.3000000119
23953  -34.549  -64.822  -6.746 0.2000000030
23970  -34.561  -64.529  -7.608 0.1000000015
23971  -35.119  -63.823  -7.542 0.1000000015
24857  -36.238  -62.887  -7.058 0.1000000015
23985  -35.592  -64.154  -9.081 0.1000000015
125650  -37.174  -62.907  -7.891 0.1000000015
23986  -36.242  -63.934  -9.150 0.1000000015
23987  -37.531  -64.483  -9.040 0.1000000015
23117  -37.477  -65.344  -9.626 0.1000000015
22274  -38.334  -66.958  -9.975 0.2000000030
22252  -38.627  -66.719  -9.279 0.2000000030
21320  -38.955  -67.278  -9.448 0.2000000030
20494  -39.803  -68.492  -10.167 0.1000000015
21321  -39.632  -67.678  -9.046 0.1000000015
20495  -40.483  -68.908  -9.699 0.1000000015
19649  -42.200  -69.423  -9.961 0.1000000015
20478  -40.951  -68.756  -9.133 0.1000000015
20479  -41.840  -68.893  -9.187 0.1000000015
128336  -42.680  -68.998  -10.294 0.1000000015
20496  -42.404  -69.035  -9.762 0.1000000015
21364  -42.084  -67.236  -10.739 0.1000000015
24040  -41.120  -64.751  -11.255 0.1000000015
24018  -41.653  -64.514  -10.662 0.1000000015
24948  -41.296  -63.939  -11.259 0.1000000015
140442  -41.086  -62.487  -11.798 0.1000000015
26745  -41.724  -62.058  -11.720 0.1000000015
26762  -41.767  -61.115  -12.725 0.1000000015
27714  -41.811  -59.663  -14.556 0.1000000015
14309  -40.845  -74.133  -7.153 0.2000000030
14318  -41.070  -75.189  -7.646 0.2000000030
16952  -41.905  -72.534  -5.503 0.2000000030
16070  -40.263  -73.025  -7.502 0.3000000119
16939  -40.945  -72.161  -5.146 0.2000000030
16950  -39.765  -72.539  -6.326 0.3000000119
16966  -39.500  -72.643  -7.201 0.3000000119
17790  -34.590  -71.646  -7.363 0.3000000119
139013  -35.321  -72.064  -7.045 0.3000000119
18668  -32.768  -70.104  -5.330 0.3000000119
18675  -32.907  -70.242  -6.166 0.3000000119
18676  -33.503  -70.859  -6.391 0.3000000119
17776  -34.916  -71.930  -6.561 0.3000000119
16947  -35.696  -72.216  -6.484 0.3000000119
21246  -33.422  -67.674  -3.788 0.3000000119
20416  -32.755  -68.810  -4.053 0.3000000119
16946  -35.233  -72.175  -5.911 0.3000000119
16937  -36.069  -72.306  -5.759 0.3000000119
16948  -36.702  -72.336  -6.433 0.2000000030
16949  -37.801  -72.318  -6.086 0.2000000030
21248  -34.829  -66.881  -2.929 0.2000000030
21247  -34.044  -67.204  -3.294 0.2000000030
22159  -34.519  -66.575  -3.708 0.3000000119
22172  -35.048  -66.045  -4.167 0.3000000119
23943  -34.626  -65.502  -5.925 0.3000000119
23046  -35.232  -65.090  -5.345 0.2000000030
23954  -35.081  -64.052  -6.526 0.1000000015
23944  -36.069  -63.848  -5.263 0.2000000030
24846  -36.246  -62.998  -5.528 0.1000000015
25763  -36.071  -62.848  -6.250 0.1000000015
26675  -38.015  -61.776  -6.671 0.1000000015
26668  -39.224  -61.079  -5.513 0.1000000015
27605  -41.445  -60.507  -5.471 0.1000000015
25791  -37.566  -62.334  -7.254 0.1000000015
132377  -38.951  -61.612  -6.710 0.1000000015
26677  -39.732  -61.118  -6.399 0.1000000015
27613  -41.986  -60.766  -6.224 0.1000000015
27614  -42.974  -60.590  -6.171 0.1000000015
27615  -44.854  -60.371  -6.401 0.1000000015
24893  -37.554  -63.588  -8.492 0.1000000015
24877  -38.837  -63.125  -7.682 0.1000000015
25794  -40.230  -62.781  -7.088 0.1000000015
26680  -42.141  -61.507  -6.619 0.1000000015
136975  -43.825  -61.686  -6.766 0.1000000015
26682  -44.405  -61.086  -6.722 0.1000000015
23988  -38.362  -64.618  -8.328 0.1000000015
23095  -38.112  -65.246  -8.884 0.1000000015
22226  -38.862  -66.533  -8.629 0.2000000030
22227  -39.157  -67.125  -8.685 0.1000000015
21305  -39.916  -67.490  -8.280 0.1000000015
21323  -41.321  -68.298  -8.592 0.1000000015
20465  -41.817  -68.219  -8.554 0.1000000015
20480  -42.036  -68.476  -9.157 0.1000000015
128459  -42.189  -67.808  -9.098 0.1000000015
21344  -42.125  -67.251  -9.852 0.1000000015
22275  -41.775  -66.263  -10.457 0.1000000015
24000  -42.043  -64.980  -10.086 0.1000000015
23136  -41.560  -65.287  -10.568 0.1000000015
24925  -41.973  -63.806  -10.751 0.1000000015
25850  -42.511  -62.501  -11.409 0.1000000015
26746  -42.632  -61.730  -12.056 0.1000000015
16032  -38.168  -73.111  -2.995 0.2000000030
127292  -39.610  -72.236  -5.128 0.2000000030
119492  -38.502  -72.468  -6.805 0.3000000119
16031  -36.878  -72.978  -3.200 0.2000000030
16920  -38.688  -72.709  -3.638 0.2000000030
127293  -38.349  -72.283  -5.244 0.2000000030
120416  -38.943  -72.390  -5.851 0.3000000119
18665  -32.746  -69.992  -4.398 0.3000000119
17767  -33.574  -71.311  -4.887 0.3000000119
17768  -34.182  -71.810  -5.286 0.3000000119
16936  -34.790  -72.206  -5.277 0.3000000119
19572  -32.830  -69.432  -3.490 0.3000000119
130552  -32.939  -70.269  -3.634 0.3000000119
17764  -33.525  -71.557  -3.907 0.3000000119
16924  -34.188  -72.149  -4.483 0.3000000119
140921  -35.500  -72.347  -5.316 0.3000000119
21207  -35.745  -67.844  -1.665 0.2000000030
20404  -34.009  -68.375  -2.214 0.3000000119
16938  -37.121  -72.337  -5.377 0.2000000030
21231  -35.239  -67.290  -2.242 0.2000000030
22160  -35.316  -66.310  -3.380 0.2000000030
22146  -35.692  -66.671  -2.697 0.2000000030
23019  -35.759  -65.720  -3.811 0.3000000119
22161  -36.126  -66.089  -3.148 0.3000000119
23032  -35.455  -65.385  -4.548 0.3000000119
23926  -35.796  -64.645  -4.908 0.2000000030
23020  -36.501  -65.435  -3.540 0.3000000119
23907  -36.820  -64.700  -3.887 0.2000000030
23928  -37.110  -63.923  -4.228 0.2000000030
24837  -37.368  -63.107  -4.534 0.2000000030
25757  -38.592  -61.967  -4.548 0.1000000015
24879  -40.607  -63.923  -7.105 0.1000000015
25795  -40.918  -63.049  -6.938 0.1000000015
126902  -42.943  -63.008  -6.774 0.1000000015
126445  -43.744  -62.591  -6.816 0.1000000015
119566  -39.063  -65.250  -7.792 0.1000000015
125714  -39.968  -64.454  -7.282 0.1000000015
23974  -41.337  -64.805  -6.758 0.1000000015
24859  -42.841  -64.140  -6.673 0.1000000015
23097  -39.379  -65.984  -7.648 0.1000000015
23972  -39.822  -65.409  -7.290 0.1000000015
23077  -41.271  -65.715  -6.606 0.1000000015
23060  -42.091  -65.751  -6.493 0.1000000015
141927  -43.733  -65.907  -6.584 0.1000000015
23098  -40.105  -66.476  -7.297 0.1000000015
23078  -42.572  -66.818  -6.566 0.1000000015
22209  -42.198  -67.305  -6.767 0.1000000015
22228  -40.395  -67.249  -7.612 0.1000000015
21306  -40.819  -67.806  -8.070 0.1000000015
21292  -41.868  -67.690  -7.246 0.1000000015
22230  -42.594  -67.588  -7.196 0.1000000015
21308  -42.070  -67.918  -7.840 0.1000000015
140671  -42.033  -68.036  -8.528 0.1000000015
22253  -42.024  -65.812  -9.838 0.1000000015
139257  -42.202  -64.377  -10.347 0.1000000015
123536  -36.563  -74.560  -0.778 0.3000000119
16018  -36.075  -73.516  -1.992 0.3000000119
125812  -36.290  -73.205  -2.677 0.3000000119
16919  -37.421  -72.710  -3.859 0.2000000030
16927  -37.877  -72.407  -4.548 0.2000000030
16024  -35.383  -72.971  -2.368 0.3000000119
16030  -35.880  -72.902  -3.204 0.3000000119
126359  -36.275  -72.704  -4.045 0.3000000119
123149  -33.131  -70.208  -2.872 0.3000000119
17748  -33.790  -71.513  -2.134 0.3000000119
133369  -34.390  -72.447  -3.061 0.3000000119
16918  -35.414  -72.703  -3.743 0.3000000119
16926  -36.954  -72.497  -4.583 0.2000000030
20386  -35.244  -68.438  -1.480 0.2000000030
19552  -34.027  -69.922  -1.562 0.3000000119
18641  -34.031  -70.959  -1.463 0.3000000119
138231  -36.356  -68.134  -1.343 0.2000000030
21208  -36.624  -67.587  -1.652 0.2000000030
22123  -37.032  -67.000  -2.078 0.2000000030
22147  -36.575  -66.507  -2.569 0.2000000030
23004  -37.616  -65.595  -2.850 0.3000000119
23021  -37.248  -65.165  -3.322 0.2000000030
23908  -37.519  -64.405  -3.610 0.2000000030
22231  -43.504  -67.348  -6.934 0.1000000015
23099  -43.173  -67.207  -7.983 0.1000000015
22254  -42.659  -66.442  -9.073 0.1000000015
14239  -37.364  -75.461  0.427 0.1000000015
14232  -36.713  -74.916  0.643 0.2000000030
15104  -36.951  -75.064  -0.125 0.3000000119
15103  -35.759  -74.019  -0.368 0.3000000119
16009  -35.233  -73.403  -0.765 0.3000000119
16905  -34.318  -72.257  -1.778 0.3000000119
16016  -34.752  -72.803  -1.190 0.3000000119
19534  -34.943  -69.665  -1.082 0.3000000119
18642  -34.619  -70.535  -0.994 0.3000000119
17739  -34.560  -71.403  -0.865 0.3000000119
16897  -34.512  -72.223  -1.035 0.3000000119
19536  -36.809  -69.209  -0.409 0.2000000030
20388  -37.027  -68.062  -1.240 0.2000000030
21209  -37.448  -67.469  -1.603 0.1000000015
22148  -37.529  -66.301  -2.428 0.2000000030
21211  -39.250  -67.374  -1.440 0.1000000015
22125  -38.453  -66.444  -2.016 0.2000000030
23005  -38.282  -65.695  -2.517 0.2000000030
132043  -39.169  -66.307  -1.830 0.2000000030
22981  -39.035  -65.769  -2.145 0.3000000119
15096  -35.868  -73.991  0.246 0.3000000119
16004  -35.468  -73.297  0.044 0.3000000119
16898  -34.982  -72.711  -0.553 0.3000000119
18614  -36.757  -70.472  0.426 0.3000000119
17740  -35.268  -71.302  -0.254 0.3000000119
131115  -34.880  -72.005  -0.492 0.3000000119
19516  -37.177  -69.749  0.175 0.2000000030
19537  -37.684  -69.119  -0.206 0.2000000030
19538  -38.554  -69.051  -0.055 0.1000000015
129527  -38.740  -68.009  -1.162 0.1000000015
20390  -39.614  -68.015  -1.092 0.1000000015
15998  -36.572  -73.626  1.363 0.3000000119
16876  -37.163  -72.976  1.803 0.2000000030
16887  -35.846  -72.744  0.607 0.3000000119
16886  -35.406  -72.230  0.118 0.3000000119
125315  -36.109  -72.009  0.684 0.3000000119
137139  -37.577  -70.285  0.662 0.2000000030
17730  -37.199  -71.000  0.816 0.3000000119
17729  -35.805  -71.489  0.304 0.3000000119
18615  -38.418  -70.189  0.839 0.2000000030
18617  -40.154  -70.045  1.071 0.1000000015
19519  -39.788  -69.504  0.597 0.1000000015
18618  -41.102  -70.016  1.073 0.1000000015
19539  -39.428  -69.021  0.029 0.1000000015
20370  -39.963  -68.511  -0.508 0.1000000015
19540  -40.329  -69.033  0.037 0.1000000015
20391  -40.481  -68.012  -1.023 0.1000000015
21212  -40.955  -67.387  -1.260 0.1000000015
17713  -37.346  -72.082  1.514 0.2000000030
142038  -37.949  -70.858  1.076 0.2000000030
141461  -37.506  -71.419  1.221 0.2000000030
18596  -39.633  -70.615  1.511 0.1000000015
18595  -38.759  -70.738  1.348 0.2000000030
18597  -40.535  -70.537  1.575 0.1000000015
19520  -40.711  -69.478  0.618 0.1000000015
19541  -41.314  -69.067  -0.013 0.1000000015
20372  -41.915  -68.525  -0.469 0.1000000015
20392  -41.409  -68.000  -0.953 0.1000000015
18619  -42.189  -70.029  0.974 0.1000000015
19521  -41.758  -69.471  0.577 0.1000000015
19542  -42.476  -69.104  -0.099 0.1000000015
20373  -43.102  -68.567  -0.497 0.1000000015
18620  -43.492  -70.076  0.763 0.1000000015
19523  -44.420  -69.606  0.180 0.1000000015
11810  -40.922  -78.123  -13.137 0.4000000060
12608  -38.933  -77.131  -13.066 0.5000000000
13480  -38.428  -76.614  -12.646 0.5000000000
12609  -39.725  -77.366  -12.671 0.4000000060
12643  -39.099  -77.054  -13.846 0.5000000000
134154  -39.489  -77.381  -13.430 0.6000000238
12611  -41.632  -77.836  -12.417 0.5000000000
13464  -41.010  -76.505  -11.496 0.4000000060
9567  -44.036  -81.814  -12.184 0.5000000000
12595  -41.496  -77.075  -12.044 0.4000000060
11829  -41.142  -78.608  -13.691 0.5000000000
124662  -43.034  -79.640  -11.730 0.5000000000
10324  -42.972  -80.307  -13.423 0.5000000000
10312  -44.101  -81.472  -12.828 0.3000000119
135292  -45.718  -81.233  -13.269 0.5000000000
11051  -42.236  -79.403  -12.635 0.5000000000
9530  -44.032  -82.644  -10.604 0.5000000000
11067  -42.434  -79.920  -13.081 0.5000000000
125069  -38.475  -75.857  -14.163 0.4000000060
10325  -44.317  -80.641  -13.330 0.4000000060
12646  -47.288  -77.442  -14.187 0.5000000000
127290  -47.645  -75.878  -16.445 0.4000000060
13549  -48.574  -76.169  -17.324 0.4000000060
13547  -45.021  -75.265  -17.734 0.4000000060
11007  -43.675  -78.745  -8.405 0.2000000030
14358  -39.309  -75.636  -11.223 0.5000000000
12610  -40.689  -77.581  -12.600 0.4000000060
139510  -37.901  -74.367  -14.722 0.3000000119
129710  -39.502  -76.943  -14.531 0.4000000060
11847  -40.815  -78.222  -14.471 0.6000000238
18770  -34.832  -70.341  -12.488 0.3000000119
17045  -36.497  -72.569  -13.833 0.4000000060
16162  -37.276  -73.543  -14.461 0.4000000060
12662  -40.766  -77.714  -15.200 0.6000000238
11109  -42.152  -78.888  -15.054 0.6000000238
133809  -42.116  -79.648  -13.778 0.6000000238
11811  -41.588  -78.653  -12.889 0.6000000238
14406  -39.198  -75.272  -15.064 0.4000000060
128377  -40.459  -76.266  -15.500 0.5000000000
11868  -42.801  -78.374  -15.475 0.6000000238
139458  -42.022  -78.253  -15.510 0.5000000000
11088  -43.587  -79.823  -14.035 0.5000000000
11087  -42.479  -79.482  -14.288 0.5000000000
11112  -45.714  -78.938  -13.913 0.5000000000
120589  -37.949  -73.490  -14.702 0.4000000060
17898  -37.044  -72.103  -14.016 0.4000000060
14407  -40.053  -75.450  -15.356 0.5000000000
12663  -42.475  -77.627  -15.819 0.5000000000
17057  -38.649  -72.890  -14.528 0.4000000060
17900  -39.209  -72.055  -14.042 0.3000000119
16178  -40.369  -73.906  -15.158 0.5000000000
14408  -41.015  -75.455  -15.674 0.5000000000
12682  -44.258  -76.733  -16.314 0.4000000060
12666  -46.151  -76.806  -14.724 0.5000000000
134860  -41.520  -74.784  -15.670 0.5000000000
13535  -42.467  -75.936  -16.305 0.4000000060
13537  -44.202  -76.061  -17.097 0.4000000060
121927  -42.448  -73.652  -15.458 0.4000000060
14419  -42.283  -75.275  -16.008 0.4000000060
14421  -44.510  -75.167  -17.365 0.4000000060
14359  -40.486  -75.848  -11.050 0.4000000060
12596  -42.660  -77.209  -11.826 0.5000000000
129539  -33.653  -69.026  -10.409 0.3000000119
21340  -34.036  -67.272  -10.866 0.2000000030
20526  -34.718  -69.137  -12.166 0.3000000119
18784  -36.382  -70.313  -13.117 0.4000000060
20527  -35.654  -68.979  -12.385 0.3000000119
20509  -35.953  -68.103  -11.957 0.3000000119
20528  -37.483  -69.087  -12.440 0.3000000119
141548  -37.961  -70.255  -12.937 0.3000000119
17881  -38.705  -71.399  -13.649 0.3000000119
16166  -41.347  -73.227  -14.887 0.3000000119
17901  -40.293  -71.915  -13.979 0.3000000119
18787  -39.267  -70.743  -13.196 0.2000000030
17902  -41.359  -71.684  -14.016 0.3000000119
17060  -42.604  -72.737  -14.988 0.3000000119
17903  -42.305  -71.556  -13.979 0.2000000030
15281  -44.692  -73.550  -16.526 0.4000000060
17062  -45.341  -72.226  -14.769 0.2000000030
17063  -46.464  -72.011  -14.927 0.2000000030
20560  -43.481  -68.766  -15.160 0.1000000015
20543  -43.115  -68.589  -13.124 0.1000000015
130209  -37.985  -73.473  -9.230 0.4000000060
16103  -36.939  -73.472  -9.679 0.4000000060
15202  -39.062  -74.322  -9.893 0.5000000000
13465  -42.275  -76.472  -11.429 0.5000000000
16980  -34.717  -72.162  -9.094 0.5000000000
122932  -33.115  -69.238  -7.907 0.4000000060
139533  -33.390  -67.493  -9.356 0.3000000119
22225  -33.890  -66.032  -8.756 0.2000000030
22270  -34.507  -66.520  -10.627 0.2000000030
22250  -35.034  -65.826  -10.334 0.1000000015
23093  -34.383  -65.088  -8.421 0.1000000015
20510  -36.771  -67.944  -11.770 0.2000000030
22272  -36.417  -66.656  -10.942 0.2000000030
20512  -38.763  -68.354  -11.535 0.2000000030
18774  -39.756  -70.136  -12.712 0.2000000030
18789  -41.671  -70.626  -12.743 0.2000000030
19684  -40.131  -69.642  -12.079 0.1000000015
17884  -42.065  -71.070  -13.476 0.2000000030
18776  -41.942  -70.411  -11.697 0.1000000015
133978  -42.779  -70.742  -12.789 0.2000000030
129816  -43.555  -70.536  -12.601 0.1000000015
18778  -44.048  -70.258  -12.704 0.1000000015
19704  -45.119  -70.170  -14.629 0.1000000015
19668  -43.044  -69.739  -11.249 0.1000000015
19703  -44.323  -69.771  -13.724 0.1000000015
19669  -43.378  -69.336  -11.834 0.1000000015
21383  -42.779  -68.412  -11.975 0.1000000015
23161  -40.984  -65.574  -12.349 0.1000000015
14320  -42.978  -75.961  -7.724 0.3000000119
14329  -43.228  -75.796  -8.641 0.3000000119
15184  -40.627  -74.057  -8.867 0.3000000119
15186  -41.741  -75.054  -8.482 0.3000000119
14348  -42.045  -75.414  -10.067 0.3000000119
125539  -40.524  -74.383  -9.449 0.3000000119
16084  -39.851  -73.619  -8.763 0.3000000119
16104  -38.997  -73.762  -9.299 0.3000000119
14337  -40.972  -74.872  -9.866 0.3000000119
126188  -36.282  -72.641  -8.715 0.4000000060
16982  -37.046  -72.622  -8.157 0.4000000060
16082  -38.089  -72.819  -8.346 0.4000000060
19601  -32.970  -69.803  -7.543 0.4000000060
16981  -35.446  -72.334  -8.484 0.4000000060
19600  -32.757  -69.659  -6.730 0.4000000060
21274  -33.255  -67.387  -6.558 0.3000000119
22178  -34.234  -66.191  -5.460 0.3000000119
23076  -34.124  -65.236  -7.421 0.2000000030
24891  -35.704  -63.714  -8.491 0.1000000015
23998  -35.946  -64.499  -9.645 0.1000000015
23116  -36.447  -65.127  -10.075 0.1000000015
21342  -38.167  -67.351  -10.642 0.2000000030
22251  -37.924  -66.295  -9.854 0.2000000030
138425  -38.772  -67.415  -10.123 0.1000000015
20493  -39.002  -67.893  -10.711 0.1000000015
19665  -40.341  -69.400  -11.250 0.1000000015
20514  -40.458  -69.188  -10.351 0.1000000015
19633  -41.301  -69.283  -9.710 0.1000000015
19667  -42.483  -69.768  -10.714 0.1000000015
21365  -42.535  -68.292  -10.941 0.1000000015
23150  -41.247  -65.513  -11.348 0.1000000015
16071  -41.035  -73.295  -6.663 0.2000000030
16983  -39.208  -72.837  -7.977 0.3000000119
17775  -34.186  -71.465  -6.561 0.3000000119
17791  -35.365  -72.144  -7.685 0.4000000060
20428  -32.648  -68.747  -4.728 0.3000000119
20429  -32.975  -68.212  -4.312 0.3000000119
141688  -35.032  -64.793  -6.052 0.1000000015
24874  -35.927  -63.287  -7.731 0.1000000015
24856  -35.603  -63.338  -6.823 0.1000000015
25775  -37.168  -62.018  -6.443 0.1000000015
25790  -36.853  -62.542  -7.203 0.1000000015
24892  -36.584  -63.387  -8.469 0.1000000015
123593  -36.918  -63.864  -9.065 0.1000000015
24876  -37.961  -62.893  -7.848 0.1000000015
23118  -38.386  -65.958  -9.169 0.1000000015
21343  -39.386  -67.791  -9.847 0.1000000015
20477  -40.087  -68.317  -9.414 0.1000000015
21322  -40.462  -68.080  -8.731 0.1000000015
128016  -42.360  -68.277  -9.874 0.1000000015
16940  -41.949  -72.421  -5.257 0.2000000030
16951  -41.095  -72.451  -5.770 0.2000000030
16967  -40.638  -72.742  -6.613 0.3000000119
120415  -40.044  -72.349  -5.634 0.2000000030
19579  -32.662  -69.266  -4.327 0.3000000119
18669  -33.275  -70.744  -5.577 0.3000000119
17770  -33.855  -71.371  -5.782 0.3000000119
17771  -34.520  -71.852  -5.918 0.3000000119
20418  -33.677  -68.011  -2.986 0.3000000119
20417  -33.052  -68.482  -3.514 0.3000000119
21230  -34.377  -67.552  -2.524 0.3000000119
121233  -35.477  -64.305  -5.667 0.1000000015
23927  -36.455  -64.263  -4.569 0.2000000030
24836  -36.662  -63.418  -4.861 0.1000000015
25755  -36.909  -62.620  -5.173 0.1000000015
25765  -37.291  -61.984  -5.571 0.1000000015
26667  -38.555  -61.360  -5.731 0.1000000015
128788  -39.097  -61.133  -6.102 0.1000000015
27604  -40.510  -60.655  -5.670 0.1000000015
135547  -40.286  -60.806  -6.194 0.1000000015
27612  -40.996  -60.743  -6.194 0.1000000015
25792  -38.407  -62.268  -7.291 0.1000000015
25776  -39.914  -61.822  -6.791 0.1000000015
26678  -40.513  -61.217  -6.517 0.1000000015
25777  -40.857  -62.080  -6.798 0.1000000015
133696  -42.709  -61.062  -6.479 0.1000000015
26681  -43.484  -61.031  -6.534 0.1000000015
119885  -43.980  -60.412  -6.205 0.1000000015
26683  -45.269  -60.918  -6.816 0.1000000015
24894  -38.375  -63.651  -8.073 0.1000000015
25793  -39.335  -62.452  -7.226 0.1000000015
24878  -39.704  -63.496  -7.405 0.1000000015
121970  -41.618  -61.967  -6.747 0.1000000015
25779  -42.229  -62.394  -6.794 0.1000000015
25780  -43.008  -61.837  -6.746 0.1000000015
23989  -39.168  -64.287  -7.724 0.1000000015
23096  -38.776  -65.797  -8.304 0.1000000015
131689  -39.413  -66.756  -7.957 0.1000000015
21307  -41.585  -67.907  -7.943 0.1000000015
22276  -42.285  -66.842  -9.456 0.1000000015
16025  -37.335  -73.569  -2.424 0.2000000030
16928  -39.104  -72.442  -4.434 0.2000000030
18666  -33.114  -70.788  -4.175 0.3000000119
16925  -35.264  -72.509  -4.539 0.3000000119
20403  -33.250  -68.912  -2.673 0.3000000119
138442  -33.434  -70.965  -2.682 0.3000000119
16916  -33.953  -72.169  -3.469 0.3000000119
17759  -33.576  -71.617  -3.016 0.3000000119
16917  -34.648  -72.514  -3.739 0.3000000119
133180  -36.197  -72.443  -4.955 0.3000000119
20405  -34.838  -68.027  -1.904 0.3000000119
21232  -36.147  -67.127  -2.124 0.2000000030
19563  -33.791  -69.167  -2.023 0.3000000119
23003  -36.919  -65.841  -2.947 0.3000000119
23033  -36.149  -65.044  -4.215 0.2000000030
25756  -37.669  -62.293  -4.858 0.1000000015
24838  -38.192  -62.899  -4.253 0.2000000030
26659  -38.062  -61.700  -5.299 0.1000000015
24880  -41.438  -63.735  -6.891 0.1000000015
123787  -42.173  -63.406  -6.817 0.1000000015
23973  -40.589  -65.100  -6.904 0.1000000015
24858  -42.097  -64.505  -6.715 0.1000000015
23955  -42.716  -65.149  -6.589 0.1000000015
132131  -40.733  -66.096  -6.798 0.1000000015
121501  -41.690  -66.541  -6.573 0.1000000015
22208  -41.194  -67.060  -7.029 0.1000000015
22229  -41.198  -67.590  -7.522 0.1000000015
21324  -42.458  -67.532  -8.316 0.1000000015
15118  -36.818  -74.158  -1.655 0.3000000119
15112  -35.771  -73.926  -1.158 0.3000000119
16017  -35.216  -73.260  -1.499 0.3000000119
16913  -35.035  -72.694  -3.090 0.3000000119
18652  -33.559  -70.557  -2.118 0.3000000119
16911  -33.980  -72.173  -2.621 0.3000000119
16912  -34.587  -72.586  -2.429 0.3000000119
19554  -35.288  -68.972  -1.216 0.3000000119
19535  -35.850  -69.305  -0.733 0.3000000119
20366  -36.531  -68.630  -0.935 0.2000000030
22124  -37.778  -66.913  -1.952 0.2000000030
23894  -38.915  -65.041  -2.580 0.2000000030
23910  -38.819  -64.261  -3.095 0.2000000030
24828  -38.581  -63.523  -3.604 0.2000000030
14245  -37.885  -75.412  -0.354 0.1000000015
130675  -36.245  -74.537  0.078 0.3000000119
16023  -34.772  -72.779  -1.816 0.3000000119
18632  -36.317  -69.963  -0.130 0.3000000119
18631  -35.389  -70.331  -0.477 0.3000000119
20367  -37.349  -68.584  -0.759 0.2000000030
20389  -37.861  -68.022  -1.207 0.2000000030
21210  -38.360  -67.296  -1.584 0.1000000015
123622  -38.986  -66.809  -1.686 0.2000000030
15097  -36.307  -74.220  0.752 0.3000000119
16005  -36.053  -73.451  0.721 0.3000000119
18613  -35.989  -70.791  0.091 0.3000000119
19517  -38.039  -69.622  0.379 0.2000000030
20368  -38.211  -68.544  -0.656 0.1000000015
20369  -39.084  -68.526  -0.577 0.1000000015
19518  -38.906  -69.542  0.522 0.1000000015
128188  -40.095  -67.382  -1.361 0.1000000015
16875  -36.545  -72.657  1.122 0.3000000119
17712  -36.436  -71.235  0.589 0.3000000119
18616  -39.273  -70.116  0.978 0.1000000015
20371  -40.885  -68.507  -0.482 0.1000000015
17714  -38.710  -71.938  2.118 0.2000000030
124608  -38.186  -71.500  1.636 0.2000000030
17715  -40.035  -71.198  1.950 0.1000000015
19522  -43.021  -69.538  0.388 0.1000000015
9578  -45.195  -82.243  -13.738 0.3000000119
8808  -44.069  -83.602  -13.855 0.3000000119
8092  -38.773  -84.272  -17.481 0.2000000030
7406  -36.044  -84.398  -18.980 0.2000000030
132494  -42.785  -84.727  -13.662 0.4000000060
142225  -41.772  -83.959  -15.076 0.3000000119
8072  -42.387  -84.560  -14.312 0.3000000119
8075  -40.425  -83.672  -16.031 0.3000000119
9579  -45.694  -81.515  -13.634 0.4000000060
8816  -43.710  -83.410  -14.847 0.4000000060
8084  -40.904  -84.287  -16.659 0.3000000119
7397  -38.260  -84.709  -18.000 0.2000000030
9587  -45.085  -81.902  -14.637 0.4000000060
9586  -44.130  -82.454  -15.384 0.4000000060
131836  -41.273  -84.099  -16.507 0.4000000060
9588  -45.696  -80.919  -14.678 0.4000000060
10327  -46.544  -79.522  -14.130 0.4000000060
8086  -42.237  -83.801  -16.004 0.4000000060
7392  -40.638  -84.783  -17.348 0.3000000119
122302  -38.640  -85.423  -18.358 0.3000000119
142880  -45.034  -81.270  -15.348 0.4000000060
8826  -43.209  -83.095  -15.955 0.4000000060
8085  -41.428  -84.123  -16.701 0.3000000119
7398  -39.381  -85.351  -17.951 0.4000000060
11113  -47.084  -79.118  -14.635 0.4000000060
9603  -43.689  -81.951  -16.423 0.4000000060
7400  -40.677  -84.933  -17.608 0.3000000119
11872  -47.703  -77.941  -14.665 0.4000000060
10346  -45.061  -80.836  -16.134 0.4000000060
125425  -44.454  -81.540  -15.821 0.4000000060
8825  -42.559  -83.096  -16.630 0.4000000060
11128  -47.577  -78.603  -15.491 0.4000000060
8842  -42.970  -82.296  -16.914 0.4000000060
8094  -41.497  -83.922  -17.306 0.3000000119
11887  -48.381  -77.693  -15.892 0.4000000060
10369  -45.744  -80.262  -16.831 0.4000000060
9604  -44.247  -81.189  -16.896 0.4000000060
8841  -42.400  -82.638  -17.343 0.4000000060
11145  -46.327  -79.512  -17.340 0.4000000060
126927  -45.351  -80.211  -17.626 0.4000000060
138214  -44.286  -80.937  -17.706 0.4000000060
9626  -43.538  -81.479  -17.488 0.4000000060
8112  -41.259  -83.747  -18.105 0.3000000119
11146  -47.633  -78.648  -16.654 0.4000000060
10391  -43.878  -80.851  -18.097 0.4000000060
9647  -43.035  -81.343  -18.127 0.4000000060
9625  -42.817  -81.915  -17.679 0.3000000119
7424  -40.233  -84.726  -19.126 0.2000000030
11898  -48.490  -77.460  -17.181 0.3000000119
11897  -47.213  -78.390  -17.666 0.4000000060
11153  -45.977  -78.792  -18.091 0.4000000060
10404  -43.148  -80.514  -18.307 0.4000000060
8127  -41.005  -83.399  -18.969 0.2000000030
7446  -40.433  -84.114  -21.168 0.3000000119
12688  -47.528  -76.529  -18.061 0.3000000119
11908  -47.555  -77.312  -18.066 0.3000000119
11907  -46.624  -77.896  -18.330 0.3000000119
10403  -42.306  -81.038  -18.354 0.3000000119
8878  -40.917  -82.740  -19.456 0.2000000030
137701  -41.229  -82.895  -18.818 0.2000000030
7437  -40.604  -83.691  -20.379 0.2000000030
6820  -39.579  -85.137  -21.640 0.2000000030
121789  -46.376  -75.878  -18.333 0.3000000119
12701  -46.702  -77.027  -18.780 0.3000000119
10405  -44.120  -79.910  -18.312 0.4000000060
9651  -41.167  -82.155  -18.903 0.1000000015
13565  -45.526  -76.011  -18.959 0.3000000119
12700  -45.725  -76.768  -19.180 0.3000000119
124626  -43.629  -78.544  -18.555 0.2000000030
11150  -42.299  -80.040  -18.405 0.2000000030
128982  -41.285  -83.221  -21.326 0.1000000015
140475  -40.115  -84.915  -22.652 0.2000000030
11904  -42.947  -77.731  -19.112 0.2000000030
123614  -42.364  -78.877  -18.589 0.2000000030
11149  -41.503  -79.568  -18.597 0.1000000015
9650  -40.612  -81.931  -19.295 0.1000000015
8158  -41.531  -83.139  -21.844 0.1000000015
7456  -40.958  -84.167  -22.309 0.1000000015
14430  -45.074  -75.474  -18.810 0.2000000030
135730  -44.722  -76.666  -19.483 0.3000000119
12699  -43.710  -76.821  -19.580 0.3000000119
131348  -44.583  -74.341  -17.862 0.2000000030
14440  -44.369  -75.410  -19.014 0.1000000015
13564  -44.570  -76.042  -19.418 0.3000000119
9657  -40.278  -82.299  -19.840 0.1000000015
8172  -41.890  -83.009  -22.670 0.1000000015
7457  -41.769  -83.435  -23.012 0.1000000015
15312  -44.133  -74.824  -18.572 0.2000000030
14439  -43.173  -75.497  -18.956 0.2000000030
13563  -43.490  -76.222  -19.389 0.2000000030
11903  -41.921  -78.001  -19.018 0.1000000015
10401  -40.748  -80.043  -18.787 0.1000000015
9649  -39.886  -81.298  -19.533 0.1000000015
8894  -41.101  -82.906  -21.238 0.1000000015
8188  -41.847  -83.104  -23.604 0.1000000015
7488  -40.759  -84.428  -25.446 0.1000000015
119738  -42.508  -77.077  -19.352 0.2000000030
133876  -41.527  -77.509  -19.087 0.1000000015
11915  -40.114  -78.864  -19.107 0.1000000015
10414  -39.077  -81.041  -20.037 0.1000000015
8893  -40.241  -82.610  -21.410 0.1000000015
7489  -41.403  -83.812  -24.896 0.1000000015
6868  -40.186  -84.685  -26.217 0.1000000015
11902  -40.913  -78.224  -19.033 0.1000000015
9655  -38.778  -81.479  -20.590 0.1000000015
8936  -41.219  -82.964  -25.668 0.1000000015
7506  -40.869  -83.888  -26.816 0.1000000015
8892  -39.061  -82.260  -21.591 0.1000000015
23006  -39.671  -65.204  -2.177 0.2000000030
15305  -44.889  -73.771  -17.464 0.2000000030
142248  -44.546  -73.913  -17.768 0.1000000015
15311  -42.829  -74.803  -18.551 0.1000000015
12698  -41.619  -76.922  -19.092 0.1000000015
14438  -41.948  -75.506  -18.694 0.1000000015
12697  -40.649  -77.256  -18.943 0.1000000015
11158  -39.553  -79.510  -19.415 0.1000000015
8203  -41.512  -83.258  -24.695 0.1000000015
8905  -39.869  -82.562  -22.266 0.1000000015
11157  -38.845  -79.751  -19.824 0.1000000015
8073  -43.221  -84.220  -14.207 0.3000000119
8817  -44.578  -82.800  -14.310 0.4000000060
8083  -40.148  -84.213  -16.734 0.3000000119
130894  -41.678  -83.898  -15.861 0.3000000119
8078  -42.789  -83.984  -15.082 0.3000000119
8093  -39.839  -84.800  -17.333 0.3000000119
7393  -40.978  -84.548  -17.109 0.3000000119
130287  -45.923  -80.310  -15.643 0.4000000060
8095  -42.022  -83.581  -16.939 0.3000000119
11127  -46.728  -79.555  -15.900 0.4000000060
10393  -45.264  -79.800  -18.060 0.4000000060
8866  -41.584  -82.562  -18.386 0.2000000030
11152  -44.825  -78.770  -18.312 0.3000000119
13566  -46.514  -76.319  -18.561 0.3000000119
11905  -44.661  -77.616  -18.778 0.3000000119
10402  -41.492  -80.571  -18.523 0.2000000030
8887  -40.796  -82.896  -20.324 0.1000000015
11151  -43.093  -79.605  -18.401 0.4000000060
142460  -43.875  -77.404  -19.210 0.2000000030
9645  -40.732  -81.122  -18.856 0.1000000015
125587  -41.130  -84.376  -23.312 0.1000000015
11159  -40.818  -79.162  -18.926 0.1000000015
8886  -40.231  -82.548  -20.598 0.1000000015
8906  -41.364  -82.803  -22.227 0.1000000015
7473  -41.010  -84.509  -24.265 0.1000000015
130789  -43.670  -74.365  -18.280 0.1000000015
13562  -42.295  -76.285  -19.101 0.1000000015
142241  -40.238  -79.566  -19.090 0.1000000015
9656  -39.534  -81.871  -20.219 0.1000000015
10407  -39.361  -80.355  -19.696 0.1000000015
11901  -39.921  -78.029  -19.063 0.1000000015
13561  -41.076  -76.259  -18.775 0.1000000015
9528  -41.877  -82.727  -10.722 0.3000000119
8753  -41.172  -82.690  -11.534 0.3000000119
121462  -41.834  -83.424  -11.455 0.2000000030
10257  -44.680  -80.899  -9.024 0.4000000060
9508  -43.627  -82.478  -9.748 0.2000000030
9491  -44.249  -81.727  -9.382 0.4000000060
8742  -42.932  -82.985  -10.172 0.3000000119
9566  -40.339  -82.321  -12.880 0.2000000030
138055  -44.351  -82.095  -10.171 0.4000000060
8754  -42.733  -83.486  -10.798 0.2000000030
8801  -41.464  -83.954  -12.826 0.2000000030
8800  -40.965  -83.169  -13.330 0.2000000030
8799  -40.257  -82.366  -13.835 0.1000000015
8019  -43.360  -84.003  -11.729 0.3000000119
121086  -38.645  -81.350  -14.579 0.1000000015
9584  -38.430  -81.535  -15.367 0.1000000015
9602  -38.108  -81.896  -16.063 0.1000000015
8806  -40.053  -82.525  -14.721 0.1000000015
8823  -38.589  -82.739  -16.480 0.1000000015
9624  -36.451  -81.858  -17.338 0.1000000015
138996  -37.057  -81.914  -16.882 0.1000000015
8822  -37.739  -82.288  -16.721 0.1000000015
8864  -35.511  -82.566  -18.181 0.1000000015
8838  -37.232  -82.593  -17.480 0.1000000015
8756  -43.823  -83.417  -11.270 0.3000000119
8063  -42.151  -84.499  -12.749 0.2000000030
8807  -40.894  -83.209  -14.285 0.2000000030
8814  -39.783  -82.819  -15.517 0.2000000030
8865  -36.023  -83.152  -18.331 0.1000000015
8863  -34.611  -82.813  -18.300 0.1000000015
9568  -44.554  -82.687  -12.546 0.2000000030
8041  -43.636  -84.223  -12.436 0.3000000119
8062  -41.547  -84.271  -13.669 0.2000000030
8824  -39.492  -83.241  -16.231 0.2000000030
122677  -33.982  -83.425  -18.605 0.1000000015
128037  -35.302  -83.170  -18.407 0.1000000015
8065  -43.551  -84.411  -13.337 0.3000000119
8071  -41.873  -84.465  -14.346 0.3000000119
8082  -39.171  -83.747  -16.880 0.2000000030
8091  -37.790  -83.611  -17.813 0.1000000015
137497  -34.329  -83.897  -19.027 0.1000000015
8108  -35.622  -83.706  -18.697 0.1000000015
8110  -37.344  -84.130  -18.319 0.1000000015
7420  -34.254  -84.355  -19.610 0.1000000015
8802  -44.260  -83.653  -12.927 0.2000000030
7421  -35.748  -84.857  -19.495 0.1000000015
7407  -36.900  -84.666  -18.743 0.1000000015
7435  -34.124  -84.802  -20.406 0.1000000015
6803  -35.118  -85.023  -20.048 0.1000000015
9569  -45.229  -81.943  -13.088 0.2000000030
6792  -37.383  -85.516  -18.946 0.1000000015
7422  -36.492  -85.195  -19.211 0.1000000015
6806  -37.881  -86.163  -19.173 0.1000000015
7445  -33.316  -84.975  -21.473 0.1000000015
6813  -34.878  -85.649  -20.725 0.1000000015
6804  -35.994  -85.660  -19.727 0.1000000015
6805  -36.962  -86.194  -19.416 0.1000000015
6795  -39.886  -85.535  -18.353 0.3000000119
6257  -35.326  -86.874  -20.656 0.1000000015
9553  -44.196  -82.699  -11.615 0.3000000119
8743  -43.583  -83.107  -10.390 0.3000000119
8755  -43.271  -83.720  -11.068 0.2000000030
8064  -42.843  -84.831  -12.967 0.3000000119
8090  -36.880  -83.244  -18.123 0.1000000015
7405  -35.125  -84.219  -19.259 0.1000000015
8815  -40.687  -83.342  -15.197 0.2000000030
8018  -42.600  -83.945  -11.740 0.2000000030
8040  -42.884  -84.384  -12.314 0.3000000119
8839  -38.211  -83.154  -17.167 0.1000000015
7434  -33.144  -84.724  -20.639 0.1000000015
6812  -34.080  -85.153  -21.132 0.1000000015
6814  -35.582  -86.213  -20.228 0.1000000015
7444  -32.516  -84.754  -21.210 0.1000000015
6794  -39.170  -85.730  -18.636 0.2000000030
5675  -36.867  -88.129  -20.474 0.1000000015
5070  -35.807  -88.668  -21.665 0.1000000015
5688  -37.080  -88.457  -21.138 0.2000000030
5081  -35.354  -89.000  -22.456 0.1000000015
6260  -38.155  -87.238  -20.041 0.2000000030
5676  -37.590  -87.859  -20.546 0.2000000030
5082  -36.133  -88.926  -22.250 0.2000000030
4502  -35.597  -89.220  -22.940 0.1000000015
5083  -36.790  -88.634  -21.861 0.2000000030
5689  -37.763  -87.763  -21.377 0.1000000015
6253  -38.639  -86.154  -19.199 0.2000000030
5096  -36.866  -88.559  -22.686 0.1000000015
5701  -37.362  -88.198  -22.059 0.1000000015
6807  -39.358  -85.835  -18.938 0.2000000030
6254  -38.655  -86.410  -19.588 0.2000000030
6266  -38.216  -87.158  -20.779 0.1000000015
5702  -37.928  -87.352  -22.424 0.1000000015
6816  -39.238  -85.854  -19.637 0.1000000015
138484  -38.769  -86.176  -21.310 0.1000000015
7409  -40.437  -85.244  -18.100 0.2000000030
6796  -39.904  -85.518  -18.584 0.2000000030
7423  -39.705  -85.547  -19.110 0.2000000030
6819  -39.149  -85.821  -22.480 0.1000000015
140440  -39.039  -85.769  -20.940 0.1000000015
7410  -40.866  -84.805  -17.819 0.2000000030
6274  -38.518  -86.581  -22.752 0.1000000015
6252  -37.883  -86.819  -19.616 0.1000000015
6259  -37.405  -87.629  -20.078 0.1000000015
10268  -43.421  -81.730  -9.315 0.2000000030
9527  -40.793  -81.990  -11.240 0.1000000015
15168  -41.489  -75.133  -7.930 0.2000000030
13399  -41.348  -77.007  -7.056 0.1000000015
16026  -39.141  -73.639  -2.202 0.1000000015
16050  -42.043  -73.281  -4.826 0.1000000015
16058  -41.526  -73.170  -5.885 0.1000000015
16929  -40.509  -72.484  -4.391 0.1000000015
16059  -41.920  -72.704  -5.619 0.1000000015
15119  -38.249  -74.137  -1.810 0.2000000030
16043  -41.990  -73.645  -3.550 0.1000000015
16033  -39.844  -73.205  -2.635 0.1000000015
16922  -41.558  -72.999  -3.499 0.1000000015
16036  -41.985  -73.292  -4.064 0.1000000015
137774  -42.246  -73.086  -4.521 0.1000000015
10256  -44.204  -81.024  -8.882 0.2000000030
13400  -42.370  -76.416  -7.219 0.1000000015
16044  -42.337  -72.728  -4.939 0.1000000015
16930  -41.727  -72.596  -4.617 0.1000000015
16921  -40.182  -72.806  -3.436 0.1000000015
135935  -37.574  -74.575  -1.333 0.2000000030
125664  -41.612  -75.928  -7.373 0.1000000015
15148  -40.890  -73.733  -5.635 0.1000000015
16027  -41.164  -73.788  -1.897 0.1000000015
10255  -42.785  -80.644  -9.156 0.1000000015
9507  -42.553  -82.231  -9.931 0.1000000015
16858  -37.807  -73.258  2.377 0.1000000015
15999  -37.114  -73.916  2.030 0.1000000015
15090  -37.292  -74.847  2.006 0.1000000015
13294  -38.221  -76.245  1.431 0.1000000015
15089  -36.764  -74.520  1.382 0.1000000015
15990  -38.577  -74.122  3.166 0.1000000015
15083  -38.245  -74.946  3.008 0.1000000015
14208  -38.529  -75.652  3.375 0.1000000015
12428  -38.879  -76.845  2.953 0.1000000015
137134  -38.363  -73.502  2.827 0.1000000015
15989  -37.801  -74.239  2.635 0.1000000015
14225  -38.148  -75.711  2.700 0.1000000015
13285  -38.417  -76.373  2.276 0.1000000015
12453  -38.870  -76.704  1.378 0.1000000015
13260  -39.484  -76.801  4.136 0.1000000015
15067  -39.626  -74.735  3.922 0.1000000015
14209  -39.114  -75.530  3.925 0.1000000015
13272  -38.931  -76.411  3.702 0.1000000015
15974  -39.347  -74.029  3.549 0.1000000015
133573  -38.487  -76.260  3.047 0.1000000015
12445  -39.560  -77.554  2.597 0.1000000015
16859  -38.696  -72.674  2.615 0.1000000015
17698  -39.537  -71.936  2.414 0.1000000015
14196  -40.213  -75.720  4.674 0.1000000015
15043  -39.744  -75.365  4.282 0.1000000015
14195  -39.464  -76.116  4.332 0.1000000015
15044  -40.462  -74.741  4.384 0.1000000015
15068  -40.167  -73.997  3.868 0.1000000015
16860  -39.617  -72.702  2.943 0.1000000015
24830  -40.383  -62.940  -3.074 0.1000000015
16842  -40.397  -72.746  3.212 0.1000000015
129566  -39.139  -71.307  1.836 0.1000000015
22982  -39.693  -65.899  -1.812 0.1000000015
24827  -37.812  -63.656  -3.920 0.1000000015
25748  -39.016  -62.732  -3.844 0.1000000015
23895  -40.376  -64.659  -2.159 0.1000000015
26650  -41.806  -61.484  -3.414 0.1000000015
137417  -39.744  -62.636  -3.524 0.1000000015
25749  -40.321  -62.101  -3.562 0.1000000015
13262  -40.722  -76.168  5.183 0.1000000015
13261  -40.009  -76.757  4.714 0.1000000015
25758  -39.514  -61.966  -4.044 0.1000000015
129378  -37.802  -75.885  0.954 0.1000000015
14233  -37.200  -75.272  1.241 0.1000000015
16877  -38.002  -72.404  1.993 0.1000000015
24829  -39.503  -63.471  -3.185 0.1000000015
15082  -37.776  -75.115  2.489 0.1000000015
14224  -37.787  -75.666  1.887 0.1000000015
15991  -39.061  -73.361  3.128 0.1000000015
15975  -39.857  -73.328  3.445 0.1000000015
16186  -45.495  -73.260  -17.058 0.1000000015
17111  -45.805  -72.600  -17.133 0.1000000015
17097  -47.518  -71.941  -16.589 0.1000000015
11026  -39.087  -80.141  -10.907 0.1000000015
10279  -39.513  -80.804  -11.301 0.1000000015
11025  -38.590  -79.541  -10.449 0.1000000015
11035  -38.310  -79.906  -11.396 0.1000000015
11050  -37.853  -79.971  -12.103 0.1000000015
10266  -39.882  -80.470  -10.606 0.1000000015
11785  -37.540  -78.724  -10.309 0.1000000015
11013  -38.785  -79.222  -9.635 0.1000000015
11014  -39.481  -79.683  -9.999 0.1000000015
11796  -37.214  -78.914  -11.191 0.1000000015
11784  -36.855  -78.297  -10.725 0.1000000015
11786  -38.178  -79.044  -9.922 0.1000000015
12577  -36.448  -77.681  -10.234 0.1000000015
11772  -37.856  -78.591  -9.382 0.1000000015
10215  -33.489  -80.587  -6.418 0.1000000015
10986  -33.157  -79.770  -6.215 0.1000000015
10996  -31.910  -78.754  -7.671 0.1000000015
123665  -31.568  -78.731  -8.420 0.1000000015
11758  -31.289  -77.965  -8.524 0.1000000015
12552  -31.488  -77.332  -8.827 0.1000000015
10280  -40.306  -81.225  -10.936 0.1000000015
12565  -30.745  -77.666  -9.976 0.1000000015
13422  -31.948  -76.773  -9.261 0.1000000015
12592  -36.074  -77.903  -11.088 0.1000000015
9550  -39.701  -81.639  -12.440 0.1000000015
12573  -30.423  -77.365  -10.641 0.1000000015
118785  -31.995  -76.500  -10.927 0.1000000015
13459  -33.220  -76.478  -11.367 0.1000000015
12591  -35.281  -77.574  -11.332 0.1000000015
12576  -35.610  -77.340  -10.560 0.1000000015
12578  -37.200  -78.140  -9.821 0.1000000015
9565  -39.562  -81.727  -13.324 0.1000000015
11782  -29.804  -77.699  -11.057 0.1000000015
13476  -32.381  -76.351  -12.327 0.1000000015
12575  -34.817  -77.048  -10.879 0.1000000015
12567  -35.925  -77.162  -9.671 0.1000000015
10985  -32.665  -79.081  -6.512 0.1000000015
11750  -32.214  -78.687  -7.054 0.1000000015
11015  -40.519  -79.494  -9.257 0.1000000015
11027  -40.369  -80.138  -10.023 0.1000000015
143103  -31.531  -78.158  -7.893 0.1000000015
12539  -31.636  -77.413  -7.923 0.1000000015
9526  -39.933  -81.487  -11.659 0.1000000015
122862  -32.547  -76.531  -10.161 0.1000000015
13439  -33.418  -76.468  -10.701 0.1000000015
13440  -34.247  -76.613  -10.425 0.1000000015
12568  -36.770  -77.609  -9.307 0.1000000015
126148  -33.543  -76.414  -9.896 0.1000000015
13425  -34.380  -76.463  -9.569 0.1000000015
13441  -35.081  -76.782  -10.052 0.1000000015
10953  -33.582  -79.266  -4.934 0.1000000015
10971  -33.103  -79.151  -5.688 0.1000000015
10954  -34.189  -79.455  -4.195 0.1000000015
10943  -34.682  -79.171  -3.444 0.1000000015
10970  -32.532  -78.336  -5.831 0.1000000015
11774  -39.377  -79.020  -8.851 0.1000000015
11016  -41.954  -79.652  -9.031 0.1000000015
11745  -32.198  -78.307  -6.512 0.1000000015
11773  -38.537  -78.828  -9.056 0.1000000015
10254  -41.354  -80.302  -9.648 0.1000000015
11744  -31.800  -77.982  -7.137 0.1000000015
13391  -32.071  -76.719  -7.805 0.1000000015
13408  -32.397  -76.505  -8.495 0.1000000015
13423  -32.852  -76.392  -9.240 0.1000000015
13410  -35.266  -76.632  -9.016 0.1000000015
13424  -33.664  -76.302  -9.183 0.1000000015
13409  -34.257  -76.256  -8.714 0.1000000015
11775  -40.264  -78.790  -8.261 0.1000000015
11730  -33.686  -78.509  -4.384 0.1000000015
127581  -34.130  -78.651  -3.777 0.1000000015
120704  -35.156  -78.804  -2.666 0.1000000015
10931  -36.624  -79.573  -2.515 0.1000000015
11759  -38.277  -78.412  -8.513 0.1000000015
11760  -38.916  -78.601  -8.321 0.1000000015
12517  -33.254  -77.481  -4.502 0.1000000015
123576  -42.007  -81.233  -9.781 0.1000000015
12532  -32.164  -77.509  -6.224 0.1000000015
12525  -32.658  -77.514  -5.356 0.1000000015
13426  -36.285  -77.088  -8.764 0.1000000015
12569  -37.528  -78.078  -8.891 0.1000000015
12540  -31.987  -77.099  -7.067 0.1000000015
122014  -34.900  -76.328  -8.100 0.1000000015
125259  -32.629  -76.321  -7.879 0.1000000015
122015  -33.256  -76.177  -8.425 0.1000000015
11722  -34.384  -78.274  -3.163 0.1000000015
11721  -33.825  -77.849  -3.758 0.1000000015
12554  -37.956  -77.882  -8.115 0.1000000015
121610  -35.793  -76.698  -8.123 0.1000000015
13411  -36.651  -77.031  -8.010 0.1000000015
13392  -33.123  -76.045  -7.485 0.1000000015
13376  -32.405  -76.694  -6.353 0.1000000015
123569  -32.455  -76.464  -7.180 0.1000000015
13377  -32.894  -76.102  -6.591 0.1000000015
12542  -39.428  -77.485  -7.360 0.1000000015
13412  -37.474  -77.275  -7.812 0.1000000015
13394  -35.384  -76.299  -7.432 0.1000000015
119868  -36.992  -76.814  -7.503 0.1000000015
13393  -33.985  -75.995  -7.872 0.1000000015
141183  -34.586  -76.047  -7.423 0.1000000015
13366  -32.436  -76.879  -5.642 0.1000000015
14303  -33.375  -75.835  -6.117 0.1000000015
13378  -33.788  -75.874  -6.902 0.1000000015
12541  -38.398  -77.441  -7.593 0.1000000015
13381  -36.815  -76.382  -6.975 0.1000000015
12514  -34.173  -77.307  -3.137 0.1000000015
14305  -35.037  -75.553  -6.068 0.1000000015
13380  -35.835  -76.051  -6.725 0.1000000015
13379  -34.794  -75.866  -6.777 0.1000000015
13367  -32.863  -76.254  -5.653 0.1000000015
13397  -39.089  -76.437  -7.202 0.1000000015
13396  -37.739  -76.758  -7.276 0.1000000015
14306  -36.549  -75.818  -6.477 0.1000000015
14307  -37.450  -75.939  -6.657 0.1000000015
11711  -34.783  -77.731  -2.481 0.1000000015
14304  -34.125  -75.642  -6.108 0.1000000015
133545  -33.295  -76.683  -4.402 0.1000000015
124398  -38.354  -75.705  -6.722 0.1000000015
13353  -33.677  -76.949  -3.821 0.1000000015
10944  -35.417  -79.726  -3.206 0.1000000015
10933  -38.949  -80.528  -3.110 0.1000000015
10932  -37.726  -80.020  -2.848 0.1000000015
11714  -37.279  -79.191  -2.086 0.1000000015
13390  -31.850  -76.888  -8.438 0.1000000015
12574  -30.980  -77.172  -10.269 0.1000000015
13438  -31.603  -76.826  -10.196 0.1000000015
13456  -31.051  -76.775  -10.993 0.1000000015
13458  -32.545  -76.367  -11.572 0.1000000015
13460  -34.021  -76.751  -11.350 0.1000000015
12590  -34.672  -77.253  -11.555 0.1000000015
12607  -34.977  -77.864  -12.619 0.1000000015
12553  -37.117  -77.530  -8.458 0.1000000015
11738  -33.174  -78.359  -5.137 0.1000000015
12555  -38.933  -78.146  -7.743 0.1000000015
13395  -36.257  -76.576  -7.452 0.1000000015
128182  -38.607  -76.945  -7.330 0.1000000015
10160  -38.298  -81.256  -3.674 0.1000000015
3986  -27.792  -90.010  -22.278 0.1000000015
4493  -28.011  -89.702  -21.652 0.1000000015
4007  -23.162  -90.240  -24.467 0.1000000015
132138  -23.796  -90.451  -23.944 0.1000000015
4026  -25.017  -90.856  -25.445 0.1000000015
4009  -25.692  -90.714  -24.580 0.1000000015
3985  -26.877  -90.427  -22.446 0.1000000015
4025  -23.405  -90.095  -25.339 0.1000000015
4549  -22.329  -89.209  -26.064 0.1000000015
5138  -22.049  -88.629  -26.728 0.1000000015
124732  -27.903  -89.497  -23.051 0.1000000015
5092  -28.371  -88.930  -23.191 0.1000000015
5079  -27.956  -88.594  -22.702 0.1000000015
139050  -27.691  -89.752  -23.554 0.1000000015
128033  -26.474  -90.447  -23.912 0.1000000015
132776  -26.362  -90.339  -23.073 0.1000000015
3996  -27.270  -90.079  -23.221 0.1000000015
5069  -27.972  -89.362  -21.309 0.1000000015
122722  -24.082  -90.412  -24.943 0.1000000015
3535  -25.678  -90.643  -22.411 0.1000000015
3995  -25.410  -90.484  -23.463 0.1000000015
4035  -24.201  -90.587  -25.977 0.1000000015
5139  -23.020  -89.036  -26.708 0.1000000015
5159  -23.505  -88.859  -27.403 0.1000000015
5773  -23.364  -88.029  -27.801 0.1000000015
8184  -26.573  -83.152  -24.083 0.1000000015
6848  -25.235  -85.330  -24.679 0.1000000015
8185  -27.478  -82.876  -24.126 0.1000000015
5717  -29.141  -87.814  -23.748 0.1000000015
5716  -28.590  -87.609  -23.277 0.1000000015
122780  -28.021  -86.867  -23.274 0.1000000015
6285  -27.032  -86.469  -23.719 0.1000000015
6296  -26.026  -86.034  -24.275 0.1000000015
6861  -25.873  -84.817  -25.227 0.1000000015
5093  -28.839  -88.664  -23.774 0.1000000015
5715  -26.820  -87.086  -23.104 0.1000000015
4523  -28.282  -89.117  -24.442 0.1000000015
4010  -26.499  -90.639  -24.884 0.1000000015
122061  -27.276  -90.087  -24.191 0.1000000015
4550  -23.464  -89.876  -26.225 0.1000000015
121903  -27.943  -83.073  -23.280 0.1000000015
8197  -26.095  -83.580  -24.783 0.1000000015
121904  -27.086  -83.171  -23.280 0.1000000015
6286  -27.980  -86.455  -23.853 0.1000000015
6850  -27.215  -85.721  -25.239 0.1000000015
6849  -26.268  -85.496  -25.007 0.1000000015
6298  -28.106  -86.436  -24.632 0.1000000015
5729  -28.746  -86.929  -23.742 0.1000000015
132881  -25.878  -90.894  -25.369 0.1000000015
4036  -24.920  -91.095  -26.573 0.1000000015
4551  -24.324  -90.673  -26.912 0.1000000015
4011  -27.641  -89.770  -24.612 0.1000000015
8196  -25.213  -83.986  -24.585 0.1000000015
8210  -26.562  -83.847  -25.459 0.1000000015
4029  -27.570  -89.688  -25.522 0.1000000015
7484  -24.695  -84.667  -24.418 0.1000000015
5730  -28.757  -87.355  -24.560 0.1000000015
5122  -28.418  -88.124  -25.331 0.1000000015
8195  -24.543  -84.150  -24.131 0.1000000015
5744  -28.104  -88.062  -26.431 0.1000000015
135875  -28.610  -86.724  -27.445 0.1000000015
6334  -29.658  -86.629  -27.876 0.1000000015
7500  -26.370  -84.418  -25.512 0.1000000015
6863  -27.291  -85.269  -25.991 0.1000000015
6308  -27.771  -86.089  -25.618 0.1000000015
5745  -28.221  -87.265  -25.689 0.1000000015
6875  -28.309  -84.927  -26.938 0.1000000015
5758  -28.165  -87.082  -26.862 0.1000000015
6333  -28.981  -86.205  -27.576 0.1000000015
7501  -27.047  -84.360  -26.011 0.1000000015
6874  -27.625  -84.798  -26.477 0.1000000015
6876  -29.068  -84.758  -27.315 0.1000000015
6309  -27.993  -86.468  -26.161 0.1000000015
6348  -29.009  -87.268  -27.958 0.1000000015
6322  -28.412  -86.023  -26.994 0.1000000015
4008  -24.740  -90.590  -24.322 0.1000000015
4027  -25.696  -91.092  -26.131 0.1000000015
4501  -27.953  -89.275  -22.291 0.1000000015
4509  -28.109  -89.418  -23.791 0.1000000015
4511  -34.998  -89.495  -23.174 0.1000000015
4564  -24.611  -90.456  -27.660 0.1000000015
5071  -36.426  -88.643  -21.520 0.2000000030
5080  -34.740  -89.040  -22.865 0.1000000015
5106  -28.917  -88.321  -24.425 0.1000000015
5158  -22.737  -88.358  -27.286 0.1000000015
5687  -36.301  -88.436  -20.995 0.2000000030
5700  -27.562  -87.676  -22.775 0.1000000015
5720  -38.236  -86.914  -23.341 0.1000000015
6284  -25.868  -86.723  -23.626 0.1000000015
6297  -27.127  -86.070  -24.455 0.1000000015
6299  -28.146  -86.779  -25.239 0.1000000015
6384  -34.148  -85.829  -30.158 0.1000000015
6793  -38.304  -85.764  -18.774 0.3000000119
6815  -36.229  -86.522  -19.820 0.1000000015
6862  -26.594  -85.013  -25.620 0.1000000015
6864  -27.851  -85.585  -26.439 0.1000000015
6886  -28.821  -85.444  -27.339 0.1000000015
6896  -37.956  -84.491  -30.090 0.1000000015
6938  -36.170  -84.200  -31.185 0.1000000015
7399  -40.325  -85.264  -17.825 0.3000000119
7401  -41.047  -84.561  -17.360 0.3000000119
7408  -37.791  -85.060  -18.486 0.1000000015
7447  -41.654  -83.257  -22.061 0.1000000015
7454  -32.796  -84.881  -21.836 0.1000000015
7474  -41.714  -83.725  -23.990 0.1000000015
7485  -25.349  -84.585  -24.848 0.1000000015
7505  -40.066  -84.347  -27.175 0.1000000015
7521  -41.009  -83.161  -27.150 0.1000000015
7529  -39.063  -83.661  -28.824 0.1000000015
7538  -38.504  -84.191  -29.304 0.1000000015
7539  -38.765  -83.667  -28.865 0.1000000015
7572  -34.524  -84.410  -31.454 0.1000000015
8070  -41.460  -83.910  -14.703 0.3000000119
8076  -41.281  -83.844  -15.768 0.3000000119
8077  -42.072  -84.134  -15.057 0.3000000119
8109  -36.470  -83.841  -18.565 0.1000000015
8111  -40.770  -84.308  -18.562 0.2000000030
8126  -40.729  -83.431  -19.718 0.2000000030
8141  -41.050  -83.104  -20.951 0.1000000015
8209  -25.856  -84.198  -25.148 0.1000000015
8218  -41.126  -82.925  -26.790 0.1000000015
8240  -38.534  -83.460  -28.691 0.1000000015
8781  -41.116  -83.101  -12.308 0.2000000030
8782  -41.817  -83.853  -12.195 0.2000000030
8783  -44.123  -83.459  -12.090 0.3000000119
8803  -44.663  -82.830  -13.376 0.3000000119
8813  -38.903  -82.346  -15.776 0.1000000015
8837  -36.329  -82.500  -17.921 0.1000000015
8840  -41.783  -83.055  -17.668 0.3000000119
8867  -42.223  -82.015  -18.067 0.2000000030
8885  -39.328  -82.171  -20.894 0.1000000015
8891  -38.188  -81.967  -21.692 0.2000000030
8917  -36.223  -82.019  -23.544 0.1000000015
8931  -35.101  -82.022  -24.502 0.1000000015
8935  -40.554  -82.703  -25.344 0.1000000015
8948  -39.966  -82.623  -26.398 0.1000000015
8967  -34.116  -82.124  -27.806 0.1000000015
9013  -35.273  -82.475  -33.038 0.1000000015
9509  -44.204  -82.368  -9.852 0.4000000060
9551  -40.441  -82.213  -12.003 0.3000000119
9552  -43.862  -81.713  -11.836 0.5000000000
9577  -39.426  -81.811  -14.234 0.1000000015
9585  -39.222  -81.984  -15.066 0.1000000015
9646  -41.608  -81.584  -18.556 0.3000000119
9653  -37.174  -80.998  -20.986 0.1000000015
9654  -37.991  -81.222  -20.795 0.2000000030
9690  -33.853  -81.349  -25.312 0.1000000015
9703  -33.896  -81.592  -27.206 0.1000000015
9759  -35.050  -81.644  -32.367 0.1000000015
10267  -40.801  -80.843  -10.266 0.1000000015
10347  -46.425  -79.995  -14.615 0.4000000060
10368  -44.905  -80.677  -17.381 0.4000000060
10392  -44.696  -80.522  -17.991 0.4000000060
10406  -38.791  -80.356  -20.044 0.1000000015
10426  -34.939  -80.961  -22.169 0.1000000015
10449  -33.651  -80.550  -24.267 0.1000000015
10464  -33.833  -80.426  -26.105 0.1000000015
10930  -35.823  -79.459  -2.690 0.1000000015
11162  -35.347  -79.268  -20.588 0.1000000015
11167  -33.958  -79.611  -22.143 0.1000000015
11168  -34.294  -79.549  -21.579 0.1000000015
11188  -33.790  -79.604  -22.710 0.1000000015
11270  -34.534  -79.862  -27.517 0.1000000015
11787  -44.904  -78.581  -9.533 0.4000000060
11828  -40.618  -78.145  -13.783 0.5000000000
11849  -47.041  -78.416  -14.095 0.5000000000
11873  -48.651  -76.939  -15.331 0.4000000060
11888  -49.091  -76.652  -16.277 0.5000000000
11906  -45.660  -77.784  -18.536 0.3000000119
11921  -34.729  -78.215  -21.077 0.1000000015
11981  -34.483  -78.832  -24.369 0.1000000015
11983  -36.248  -78.165  -25.351 0.1000000015
12024  -37.054  -78.149  -26.783 0.1000000015
12044  -36.478  -78.286  -28.271 0.1000000015
12057  -35.641  -78.613  -29.678 0.1000000015
12516  -32.801  -76.755  -4.957 0.1000000015
12545  -42.504  -77.059  -7.049 0.1000000015
12566  -31.301  -77.274  -9.628 0.1000000015
12627  -40.165  -77.748  -13.409 0.6000000238
12665  -44.670  -77.340  -15.402 0.5000000000
12689  -48.355  -76.734  -17.619 0.3000000119
12690  -49.052  -76.469  -17.109 0.4000000060
12728  -34.725  -77.559  -21.461 0.1000000015
12749  -34.474  -77.769  -22.347 0.1000000015
12762  -34.556  -77.929  -23.195 0.1000000015
12780  -37.985  -77.229  -24.709 0.1000000015
12781  -38.632  -77.239  -24.945 0.1000000015
12822  -39.012  -77.507  -26.771 0.1000000015
12858  -35.889  -77.477  -31.073 0.1000000015
13401  -43.109  -76.612  -7.349 0.3000000119
13414  -44.095  -77.023  -8.423 0.2000000030
13445  -44.284  -76.958  -9.291 0.5000000000
13479  -37.857  -75.994  -13.020 0.5000000000
13494  -37.950  -75.630  -13.812 0.4000000060
13522  -48.310  -75.927  -15.385 0.5000000000
13523  -49.229  -75.979  -16.515 0.5000000000
13536  -43.285  -76.033  -16.712 0.4000000060
13539  -46.961  -75.997  -15.428 0.4000000060
13540  -48.625  -75.863  -16.557 0.4000000060
13590  -34.886  -76.823  -21.578 0.1000000015
13635  -38.561  -76.197  -24.089 0.1000000015
13650  -39.946  -76.864  -25.008 0.1000000015
13653  -43.170  -76.258  -25.255 0.1000000015
13668  -43.654  -76.346  -25.866 0.1000000015
13703  -40.358  -77.062  -27.241 0.1000000015
13712  -39.536  -76.871  -28.837 0.1000000015
13724  -38.359  -76.610  -30.168 0.1000000015
14319  -42.180  -75.592  -7.744 0.2000000030
14328  -42.479  -75.413  -8.487 0.3000000119
14380  -36.781  -75.164  -12.949 0.5000000000
14394  -38.140  -75.241  -14.485 0.4000000060
14395  -38.809  -75.633  -14.653 0.4000000060
15066  -38.891  -74.828  3.503 0.1000000015
15292  -45.102  -73.555  -17.075 0.4000000060
15335  -35.702  -74.317  -21.015 0.1000000015
15336  -36.140  -74.447  -21.765 0.1000000015
15354  -38.564  -74.099  -22.840 0.1000000015
15370  -39.008  -74.666  -23.301 0.1000000015
15373  -43.717  -74.530  -23.867 0.1000000015
16051  -42.322  -72.772  -5.151 0.1000000015
16052  -42.200  -72.589  -5.234 0.1000000015
16164  -39.430  -73.363  -14.761 0.4000000060
16177  -39.454  -73.970  -15.093 0.4000000060
16244  -36.800  -73.856  -22.096 0.1000000015
16260  -42.675  -73.979  -23.227 0.1000000015
16262  -44.677  -73.792  -24.141 0.1000000015
16968  -41.471  -72.717  -5.962 0.2000000030
17024  -35.250  -72.311  -11.885 0.5000000000
17044  -35.880  -72.323  -13.299 0.3000000119
17055  -36.949  -72.892  -14.244 0.4000000060
17079  -47.334  -72.105  -15.982 0.2000000030
17096  -46.606  -72.458  -16.607 0.1000000015
17112  -47.079  -71.868  -17.044 0.1000000015
17154  -38.227  -71.926  -22.101 0.1000000015
17169  -42.122  -72.685  -22.432 0.1000000015
17749  -34.182  -71.714  -1.441 0.3000000119
17906  -46.181  -71.445  -14.510 0.2000000030
17993  -35.715  -71.289  -20.537 0.1000000015
18756  -34.381  -70.291  -11.920 0.3000000119
18771  -35.487  -70.343  -12.916 0.3000000119
18800  -45.874  -70.869  -14.341 0.1000000015
18868  -36.084  -70.524  -20.822 0.1000000015
18899  -41.689  -70.833  -22.107 0.1000000015
19553  -34.551  -68.916  -1.580 0.3000000119
19585  -32.595  -69.394  -5.038 0.3000000119
19632  -33.351  -69.184  -9.068 0.4000000060
19663  -34.592  -69.791  -12.208 0.3000000119
19680  -35.137  -69.709  -12.527 0.3000000119
19682  -38.191  -69.646  -12.630 0.3000000119
19784  -37.030  -69.114  -20.829 0.1000000015
19792  -36.561  -69.798  -20.925 0.1000000015
19806  -43.590  -69.812  -22.372 0.1000000015
20387  -35.836  -68.549  -1.221 0.2000000030
20436  -32.556  -68.771  -5.561 0.3000000119
20613  -38.175  -68.222  -21.021 0.1000000015
20621  -38.808  -68.754  -21.518 0.1000000015
21259  -33.840  -66.964  -4.153 0.3000000119
21470  -39.403  -67.511  -21.464 0.1000000015
22126  -39.713  -66.659  -1.618 0.1000000015
22190  -34.112  -66.037  -6.145 0.3000000119
22207  -33.511  -66.625  -6.978 0.3000000119
22248  -33.654  -66.681  -9.314 0.2000000030
22400  -41.024  -66.687  -22.129 0.1000000015
22402  -42.500  -66.676  -22.864 0.1000000015
23114  -34.652  -65.453  -9.472 0.1000000015
23115  -35.529  -65.160  -10.010 0.1000000015
23893  -38.090  -64.922  -3.073 0.2000000030
23909  -38.145  -64.133  -3.420 0.2000000030
23999  -36.744  -64.466  -9.531 0.1000000015
24845  -35.668  -63.478  -5.968 0.1000000015
24875  -36.556  -62.971  -7.727 0.1000000015
24949  -41.724  -63.042  -11.349 0.1000000015
25042  -38.439  -63.922  -20.594 0.1000000015
25764  -36.612  -62.378  -5.873 0.1000000015
25774  -36.560  -62.501  -6.548 0.1000000015
25778  -41.528  -62.756  -6.851 0.1000000015
25954  -41.900  -62.626  -22.852 0.1000000015
26666  -37.853  -61.593  -5.992 0.1000000015
26676  -38.465  -61.447  -6.239 0.1000000015
26679  -41.342  -61.291  -6.524 0.1000000015
26843  -40.093  -61.166  -20.958 0.1000000015
26850  -41.232  -61.094  -21.870 0.1000000015
26854  -41.583  -61.423  -22.294 0.1000000015
27603  -39.771  -60.814  -5.893 0.1000000015
27703  -41.449  -60.395  -13.797 0.1000000015
27782  -39.359  -60.810  -20.372 0.1000000015
29670  -41.442  -57.744  -21.111 0.1000000015
29681  -42.010  -58.076  -21.740 0.1000000015
29703  -43.875  -57.907  -22.763 0.1000000015
30670  -42.607  -57.239  -21.490 0.1000000015
30671  -43.005  -57.659  -21.981 0.1000000015
30688  -43.289  -57.518  -22.246 0.1000000015
31664  -43.106  -56.692  -22.523 0.1000000015
32575  -41.497  -55.698  -19.683 0.1000000015
32585  -42.008  -55.888  -20.188 0.1000000015
33526  -41.682  -54.644  -20.289 0.1000000015
34585  -41.791  -53.479  -21.457 0.1000000015
34600  -42.140  -53.172  -22.133 0.1000000015
35524  -41.322  -52.828  -21.077 0.1000000015
118987  -34.960  -77.632  -11.944 0.1000000015
120673  -38.776  -86.442  -20.262 0.1000000015
121090  -34.706  -72.324  -10.398 0.5000000000
121256  -41.484  -78.764  -18.797 0.1000000015
121290  -42.187  -84.784  -13.598 0.2000000030
121630  -41.563  -77.671  -15.626 0.5000000000
122211  -36.423  -73.613  -13.206 0.5000000000
122542  -41.712  -82.935  -23.152 0.1000000015
122636  -38.902  -66.183  -21.263 0.1000000015
123579  -42.463  -70.306  -22.069 0.1000000015
124423  -44.298  -65.082  -23.620 0.1000000015
124426  -33.241  -70.908  -3.365 0.3000000119
125244  -43.900  -73.926  -17.994 0.1000000015
125746  -40.271  -66.189  -21.912 0.1000000015
125866  -45.011  -61.611  -6.958 0.1000000015
126033  -41.796  -64.822  -22.940 0.1000000015
126036  -41.245  -83.368  -26.016 0.1000000015
126326  -34.392  -81.119  -31.028 0.1000000015
126507  -40.759  -82.908  -27.577 0.1000000015
126525  -37.804  -82.284  -23.055 0.2000000030
126740  -36.399  -81.643  -22.278 0.1000000015
127661  -35.485  -72.855  -10.107 0.5000000000
128253  -43.169  -66.253  -23.229 0.1000000015
128364  -34.679  -82.465  -29.369 0.1000000015
129436  -33.247  -69.005  -8.426 0.4000000060
129502  -34.709  -64.226  -7.081 0.1000000015
129665  -42.877  -67.322  -6.779 0.1000000015
130205  -34.085  -79.133  -21.743 0.1000000015
130427  -33.379  -69.720  -2.280 0.3000000119
130940  -32.728  -76.450  -10.947 0.1000000015
131206  -36.242  -71.780  -13.605 0.3000000119
131288  -33.048  -70.596  -4.875 0.3000000119
131305  -35.667  -78.219  -30.508 0.1000000015
132771  -39.607  -68.880  -21.813 0.1000000015
132858  -28.518  -87.443  -27.655 0.1000000015
132895  -38.290  -86.761  -21.847 0.1000000015
133581  -40.067  -80.299  -19.224 0.1000000015
133922  -36.620  -87.688  -20.128 0.1000000015
135444  -36.883  -71.739  0.965 0.2000000030
136023  -34.818  -83.553  -18.672 0.1000000015
136164  -26.340  -90.892  -25.675 0.1000000015
136209  -39.261  -72.734  -22.480 0.1000000015
136278  -43.769  -58.661  -22.170 0.1000000015
138394  -37.718  -67.798  -20.604 0.1000000015
138600  -43.774  -83.793  -11.873 0.3000000119
138860  -40.972  -70.598  -22.158 0.1000000015
138963  -38.019  -76.002  -12.212 0.5000000000
139068  -37.251  -83.436  -29.414 0.1000000015
139607  -48.964  -75.913  -15.992 0.5000000000
139737  -28.767  -88.306  -23.340 0.1000000015
140435  -39.891  -76.461  -29.586 0.1000000015
140987  -36.454  -78.909  -19.963 0.1000000015
141667  -34.930  -81.615  -33.204 0.1000000015
141867  -33.994  -69.666  -11.110 0.4000000060
142099  -37.573  -77.875  -27.000 0.1000000015
142259  -34.940  -70.891  -0.616 0.3000000119
142291  -39.867  -77.277  -14.624 0.4000000060
142674  -39.730  -75.880  -30.387 0.1000000015
143082  -33.088  -69.570  -2.796 0.3000000119
143122  -38.413  -75.730  -11.611 0.5000000000
143288  -39.387  -63.424  -21.203 0.1000000015
143307  -42.581  -75.446  -9.277 0.3000000119
