#!ascii label  , from subject sub-v1s21x0050388_ses-1 vox2ras=TkReg
352
68806  -27.371  -16.242  -30.248 0.0000000000
71661  -25.182  -12.874  -35.032 0.0000000000
117952  -26.555  0.292  -36.282 0.0000000000
80778  -26.904  -3.299  -34.962 0.0000000000
76955  -28.266  -7.289  -33.621 0.0000000000
73500  -29.713  -11.491  -30.725 0.0000000000
134473  -25.950  2.916  -36.633 0.0000000000
78888  -27.298  -5.509  -34.371 0.0000000000
76981  -25.634  -7.705  -35.149 0.0000000000
70578  -26.547  -14.519  -32.493 0.0000000000
73538  -27.565  -11.729  -33.473 0.0000000000
71598  -28.745  -13.626  -30.863 0.0000000000
134549  -23.655  -20.343  -29.665 0.0000000000
68829  -24.806  -16.648  -32.628 0.0000000000
90303  -23.806  7.415  -38.417 0.0000000000
89559  -25.863  7.403  -36.993 0.0000000000
88751  -27.923  6.081  -36.457 0.0000000000
133673  -28.433  3.876  -34.513 0.0000000000
118301  -28.934  2.078  -33.915 0.0000000000
117940  -26.925  -0.812  -35.496 0.0000000000
118179  -29.286  -0.138  -33.172 0.0000000000
81688  -29.155  -2.539  -33.341 0.0000000000
79754  -29.878  -4.754  -33.057 0.0000000000
76905  -30.230  -7.498  -32.038 0.0000000000
74335  -26.981  -10.431  -34.583 0.0000000000
74315  -29.139  -9.737  -32.267 0.0000000000
77942  -25.386  -6.796  -35.307 0.0000000000
128101  -23.904  -7.732  -35.664 0.0000000000
69661  -26.735  -15.618  -31.604 0.0000000000
70567  -27.583  -14.435  -31.541 0.0000000000
70554  -27.981  -14.706  -30.913 0.0000000000
62361  -23.819  -23.693  -25.863 0.0000000000
62362  -24.016  -22.942  -26.094 0.0000000000
64262  -23.904  -21.828  -26.922 0.0000000000
68838  -24.272  -15.908  -32.896 0.0000000000
68828  -23.492  -16.359  -32.835 0.0000000000
89560  -27.516  6.768  -36.580 0.0000000000
134240  -26.696  2.054  -35.951 0.0000000000
87055  -27.155  3.632  -35.116 0.0000000000
118199  -27.360  2.116  -35.138 0.0000000000
87049  -28.559  2.989  -34.330 0.0000000000
134369  -27.677  1.475  -34.622 0.0000000000
117919  -26.731  -2.525  -35.265 0.0000000000
118137  -27.868  -0.753  -34.209 0.0000000000
81687  -28.505  -2.134  -33.806 0.0000000000
82634  -29.085  -1.651  -33.313 0.0000000000
131306  -28.603  -3.032  -33.791 0.0000000000
77901  -28.147  -6.415  -33.782 0.0000000000
78869  -29.222  -5.282  -33.397 0.0000000000
129789  -28.853  -6.092  -33.436 0.0000000000
78849  -30.370  -5.840  -32.412 0.0000000000
76932  -29.596  -7.234  -32.658 0.0000000000
73571  -24.627  -11.049  -35.968 0.0000000000
74348  -25.532  -10.106  -35.414 0.0000000000
73574  -27.689  -11.846  -35.819 0.0000000000
73514  -28.649  -11.777  -31.917 0.0000000000
73527  -28.311  -11.156  -32.620 0.0000000000
74304  -29.305  -10.455  -31.752 0.0000000000
75117  -30.247  -8.986  -31.342 0.0000000000
74282  -30.513  -10.170  -30.335 0.0000000000
117890  -24.915  -20.093  -28.180 0.0000000000
65213  -23.815  -19.829  -30.238 0.0000000000
66208  -25.084  -19.473  -29.033 0.0000000000
67084  -25.510  -18.596  -29.521 0.0000000000
79827  -26.156  -4.660  -35.186 0.0000000000
79805  -27.359  -4.678  -34.436 0.0000000000
78909  -26.056  -5.488  -35.140 0.0000000000
77943  -26.147  -6.941  -34.965 0.0000000000
76968  -27.136  -7.841  -34.292 0.0000000000
70608  -25.738  -13.646  -33.725 0.0000000000
72728  -27.525  -12.149  -35.593 0.0000000000
71634  -26.995  -12.886  -33.202 0.0000000000
137744  -27.883  -13.098  -32.155 0.0000000000
72686  -29.019  -12.851  -31.062 0.0000000000
134366  -24.284  -21.165  -27.168 0.0000000000
71646  -23.860  -13.724  -34.692 0.0000000000
70592  -24.576  -14.678  -33.639 0.0000000000
69674  -25.694  -15.655  -32.486 0.0000000000
68819  -26.472  -16.390  -31.396 0.0000000000
91660  -23.212  9.764  -39.092 0.0000000000
90289  -24.044  6.847  -38.164 0.0000000000
137334  -25.437  7.746  -37.908 0.0000000000
91010  -27.241  8.863  -37.556 0.0000000000
90292  -28.169  7.505  -36.724 0.0000000000
88752  -28.986  6.201  -36.178 0.0000000000
87054  -26.801  4.256  -35.526 0.0000000000
87928  -27.553  4.800  -35.441 0.0000000000
88733  -29.379  5.605  -35.652 0.0000000000
87930  -29.736  4.876  -35.209 0.0000000000
86228  -29.945  2.850  -34.129 0.0000000000
131729  -29.889  2.169  -33.761 0.0000000000
118976  -26.926  -0.138  -35.756 0.0000000000
140421  -27.619  0.374  -34.390 0.0000000000
134552  -28.672  0.392  -33.546 0.0000000000
85340  -30.228  1.395  -33.403 0.0000000000
134535  -30.068  -0.025  -32.888 0.0000000000
81673  -30.356  -2.404  -32.511 0.0000000000
80736  -28.636  -3.892  -33.768 0.0000000000
79780  -29.955  -3.937  -32.967 0.0000000000
121982  -24.410  -9.054  -35.440 0.0000000000
75153  -26.439  -9.388  -34.722 0.0000000000
76059  -27.411  -8.638  -34.081 0.0000000000
128943  -27.398  -11.660  -34.531 0.0000000000
75143  -28.119  -9.968  -33.390 0.0000000000
129202  -28.726  -8.713  -33.037 0.0000000000
125298  -29.681  -8.154  -32.328 0.0000000000
76906  -30.731  -7.700  -31.378 0.0000000000
67955  -24.722  -17.971  -32.059 0.0000000000
67943  -25.834  -17.636  -30.693 0.0000000000
67935  -27.183  -16.945  -29.069 0.0000000000
69647  -27.129  -15.946  -30.957 0.0000000000
69662  -27.393  -15.181  -31.229 0.0000000000
69648  -27.793  -15.453  -30.429 0.0000000000
69637  -28.390  -15.375  -29.665 0.0000000000
69636  -27.872  -15.974  -29.710 0.0000000000
61410  -24.525  -24.067  -25.393 0.0000000000
139513  -24.396  -23.321  -25.668 0.0000000000
118394  -26.521  1.231  -36.269 0.0000000000
134472  -27.131  1.337  -35.427 0.0000000000
118472  -26.205  -2.964  -35.534 0.0000000000
81708  -27.332  -2.524  -34.780 0.0000000000
81709  -28.011  -2.683  -34.294 0.0000000000
123346  -27.583  -3.173  -34.563 0.0000000000
77902  -28.683  -6.750  -33.441 0.0000000000
77903  -29.204  -6.609  -33.106 0.0000000000
76956  -28.882  -7.347  -33.187 0.0000000000
73562  -24.754  -11.477  -35.357 0.0000000000
73572  -25.424  -11.248  -35.394 0.0000000000
72752  -25.883  -11.888  -35.118 0.0000000000
73515  -29.272  -11.219  -31.434 0.0000000000
74303  -28.856  -11.019  -31.988 0.0000000000
74281  -29.923  -10.532  -30.975 0.0000000000
73501  -30.386  -10.976  -30.064 0.0000000000
122871  -25.590  -5.014  -35.375 0.0000000000
78908  -25.274  -5.793  -35.426 0.0000000000
127612  -26.872  -7.018  -34.497 0.0000000000
76982  -26.407  -7.771  -34.719 0.0000000000
70594  -26.133  -14.143  -33.097 0.0000000000
71633  -26.446  -13.225  -33.521 0.0000000000
71620  -26.781  -13.727  -32.794 0.0000000000
70568  -28.176  -14.027  -31.263 0.0000000000
71608  -27.759  -13.714  -31.846 0.0000000000
71609  -28.372  -13.218  -31.570 0.0000000000
71599  -29.398  -13.205  -30.377 0.0000000000
71585  -29.011  -14.098  -30.133 0.0000000000
61408  -23.016  -24.968  -25.786 0.0000000000
130992  -22.981  -25.598  -25.502 0.0000000000
134274  -24.818  -20.535  -27.318 0.0000000000
70606  -24.254  -14.207  -34.169 0.0000000000
69673  -25.067  -15.881  -32.729 0.0000000000
68830  -25.491  -16.453  -32.362 0.0000000000
68831  -26.103  -16.071  -31.999 0.0000000000
68818  -25.916  -16.919  -31.897 0.0000000000
138613  -23.557  8.075  -38.439 0.0000000000
91017  -23.404  8.910  -38.532 0.0000000000
91007  -24.124  8.102  -38.600 0.0000000000
91018  -23.949  9.050  -38.625 0.0000000000
140803  -25.411  6.774  -37.051 0.0000000000
90290  -24.913  7.074  -37.800 0.0000000000
90305  -26.514  8.134  -37.247 0.0000000000
89561  -28.613  6.820  -36.517 0.0000000000
87064  -26.328  3.730  -35.995 0.0000000000
87921  -27.579  4.147  -34.845 0.0000000000
143160  -28.223  4.454  -34.829 0.0000000000
87929  -28.683  4.967  -35.229 0.0000000000
87922  -29.072  4.357  -34.687 0.0000000000
87057  -29.408  3.489  -34.339 0.0000000000
86222  -29.354  2.715  -34.070 0.0000000000
118397  -26.251  -2.106  -35.854 0.0000000000
117933  -26.511  -1.301  -36.004 0.0000000000
134370  -27.291  -0.127  -34.827 0.0000000000
134261  -28.533  -0.420  -33.588 0.0000000000
137547  -27.914  0.053  -34.009 0.0000000000
134443  -29.587  0.727  -33.265 0.0000000000
140852  -29.560  -1.278  -32.901 0.0000000000
82620  -29.648  -2.024  -32.822 0.0000000000
80716  -29.796  -2.966  -32.880 0.0000000000
79806  -27.999  -4.286  -34.100 0.0000000000
78867  -27.910  -5.086  -34.052 0.0000000000
79779  -29.287  -4.350  -33.427 0.0000000000
140654  -30.239  -4.452  -32.791 0.0000000000
77878  -30.272  -6.664  -32.269 0.0000000000
121676  -30.796  -6.895  -31.679 0.0000000000
75167  -23.663  -9.012  -35.536 0.0000000000
74349  -26.224  -10.028  -35.065 0.0000000000
75169  -25.695  -9.349  -35.136 0.0000000000
76058  -26.745  -8.583  -34.498 0.0000000000
75154  -27.125  -9.463  -34.314 0.0000000000
139129  -27.221  -12.211  -33.690 0.0000000000
136514  -27.389  -11.941  -34.873 0.0000000000
128885  -28.476  -10.274  -32.809 0.0000000000
73539  -27.856  -10.910  -33.448 0.0000000000
75134  -28.644  -9.425  -32.907 0.0000000000
122489  -28.276  -9.067  -33.375 0.0000000000
76931  -29.082  -8.070  -32.866 0.0000000000
76032  -29.175  -8.843  -32.577 0.0000000000
76006  -30.625  -8.387  -31.160 0.0000000000
67085  -26.060  -18.036  -29.037 0.0000000000
67933  -25.951  -17.893  -29.944 0.0000000000
67934  -26.543  -17.436  -29.494 0.0000000000
67944  -26.394  -17.275  -30.318 0.0000000000
77941  -24.584  -6.512  -35.552 0.0000000000
76980  -24.686  -7.546  -35.453 0.0000000000
70566  -26.962  -14.852  -31.863 0.0000000000
70579  -27.180  -14.109  -32.163 0.0000000000
70555  -28.469  -14.277  -30.703 0.0000000000
69649  -28.413  -14.791  -30.250 0.0000000000
70525  -29.046  -15.344  -28.883 0.0000000000
61409  -23.719  -24.491  -25.616 0.0000000000
63341  -23.243  -22.129  -27.334 0.0000000000
132741  -24.262  -22.209  -26.290 0.0000000000
63325  -24.638  -22.638  -25.727 0.0000000000
120482  -24.198  -15.186  -33.323 0.0000000000
69685  -23.408  -15.445  -33.240 0.0000000000
133595  -24.148  -16.728  -32.720 0.0000000000
134115  -26.342  6.792  -36.733 0.0000000000
88750  -26.711  6.021  -36.668 0.0000000000
88731  -27.170  5.392  -36.372 0.0000000000
134342  -26.863  2.902  -35.544 0.0000000000
86227  -27.663  2.887  -34.802 0.0000000000
87056  -27.884  3.542  -34.646 0.0000000000
134260  -28.088  2.209  -34.425 0.0000000000
134442  -28.325  1.572  -34.114 0.0000000000
118263  -26.946  -1.717  -35.217 0.0000000000
118139  -27.317  -1.025  -34.804 0.0000000000
134302  -27.772  -1.723  -34.411 0.0000000000
134371  -28.500  -1.244  -33.768 0.0000000000
134444  -29.123  -0.878  -33.234 0.0000000000
139368  -27.836  -5.777  -34.036 0.0000000000
78868  -28.429  -5.561  -33.736 0.0000000000
136595  -29.395  -5.954  -33.127 0.0000000000
78848  -29.869  -5.509  -32.902 0.0000000000
77877  -29.786  -6.297  -32.746 0.0000000000
75177  -24.851  -10.141  -35.669 0.0000000000
74357  -25.299  -10.686  -35.794 0.0000000000
74358  -26.283  -10.659  -35.267 0.0000000000
139833  -26.933  -10.839  -34.978 0.0000000000
73526  -28.044  -11.942  -32.546 0.0000000000
74314  -28.812  -10.524  -32.283 0.0000000000
75116  -29.795  -9.721  -31.545 0.0000000000
75085  -30.358  -9.637  -30.847 0.0000000000
74256  -30.924  -9.494  -30.127 0.0000000000
118289  -24.376  -20.226  -28.974 0.0000000000
66207  -24.355  -19.729  -29.750 0.0000000000
67083  -24.837  -19.045  -30.047 0.0000000000
67095  -24.592  -18.866  -30.941 0.0000000000
67073  -25.781  -18.792  -28.466 0.0000000000
80777  -26.191  -3.811  -35.306 0.0000000000
79804  -26.778  -4.231  -34.825 0.0000000000
80758  -27.454  -3.856  -34.506 0.0000000000
78887  -26.694  -5.108  -34.756 0.0000000000
133246  -25.900  -6.227  -35.134 0.0000000000
77925  -26.593  -6.084  -34.686 0.0000000000
129140  -27.397  -6.324  -34.252 0.0000000000
77926  -27.605  -7.137  -34.059 0.0000000000
76969  -27.777  -7.943  -33.821 0.0000000000
71648  -25.468  -13.254  -34.410 0.0000000000
71662  -26.724  -12.214  -34.759 0.0000000000
72727  -26.374  -12.665  -34.333 0.0000000000
72717  -26.889  -12.342  -34.226 0.0000000000
72707  -27.586  -12.534  -32.772 0.0000000000
71621  -27.375  -13.364  -32.473 0.0000000000
72708  -28.224  -12.535  -32.097 0.0000000000
72697  -28.684  -12.497  -31.576 0.0000000000
72698  -29.143  -12.040  -31.216 0.0000000000
73476  -30.073  -11.841  -30.144 0.0000000000
72687  -29.568  -12.348  -30.555 0.0000000000
70544  -29.434  -14.324  -29.381 0.0000000000
59522  -23.305  -26.083  -25.070 0.0000000000
134228  -23.147  -20.991  -29.287 0.0000000000
64277  -23.651  -21.473  -27.700 0.0000000000
118185  -23.416  -21.244  -28.554 0.0000000000
118395  -24.194  -20.785  -28.132 0.0000000000
118232  -25.308  -20.345  -26.561 0.0000000000
71660  -24.281  -13.104  -35.110 0.0000000000
71647  -24.682  -13.595  -34.580 0.0000000000
70607  -25.006  -14.038  -33.982 0.0000000000
70593  -25.348  -14.592  -33.332 0.0000000000
69686  -24.790  -15.241  -33.129 0.0000000000
69687  -25.340  -15.261  -32.888 0.0000000000
69688  -25.899  -14.926  -32.770 0.0000000000
69675  -26.325  -15.284  -32.215 0.0000000000
68805  -26.761  -16.633  -30.672 0.0000000000
91006  -23.109  8.692  -38.163 0.0000000000
89557  -23.615  6.407  -37.480 0.0000000000
139465  -24.500  7.436  -38.340 0.0000000000
90304  -24.972  8.023  -38.325 0.0000000000
91009  -25.961  8.700  -37.847 0.0000000000
90291  -27.021  7.507  -36.720 0.0000000000
90306  -27.716  8.195  -37.087 0.0000000000
91011  -28.390  8.814  -37.656 0.0000000000
90307  -28.787  8.111  -37.208 0.0000000000
90293  -29.194  7.464  -36.786 0.0000000000
89562  -29.606  6.840  -36.452 0.0000000000
87927  -26.691  4.804  -36.276 0.0000000000
88732  -28.273  5.527  -35.894 0.0000000000
88753  -29.990  6.237  -36.041 0.0000000000
87931  -30.670  4.632  -35.290 0.0000000000
87923  -30.046  4.165  -34.698 0.0000000000
118457  -26.569  -0.523  -36.187 0.0000000000
117941  -27.013  0.534  -35.619 0.0000000000
134321  -27.401  0.739  -34.789 0.0000000000
118088  -28.041  0.840  -34.114 0.0000000000
134500  -28.834  1.206  -33.683 0.0000000000
141448  -29.492  1.526  -33.563 0.0000000000
118251  -29.780  -0.705  -32.840 0.0000000000
83538  -30.477  -0.662  -32.603 0.0000000000
83530  -30.981  -1.228  -32.338 0.0000000000
82610  -30.850  -1.901  -32.334 0.0000000000
80759  -28.068  -3.486  -34.187 0.0000000000
80737  -29.257  -3.462  -33.384 0.0000000000
79778  -28.593  -4.741  -33.755 0.0000000000
80717  -30.492  -3.320  -32.527 0.0000000000
76071  -24.197  -8.376  -35.518 0.0000000000
76072  -25.092  -8.587  -35.291 0.0000000000
75168  -24.955  -9.495  -35.438 0.0000000000
76073  -25.995  -8.551  -34.923 0.0000000000
72743  -27.328  -12.301  -35.994 0.0000000000
73547  -27.907  -12.000  -35.840 0.0000000000
74336  -27.300  -11.390  -34.836 0.0000000000
74325  -27.580  -10.675  -33.964 0.0000000000
137066  -27.347  -10.327  -34.235 0.0000000000
75142  -27.699  -9.517  -33.828 0.0000000000
76048  -27.918  -8.655  -33.671 0.0000000000
76049  -28.435  -8.152  -33.382 0.0000000000
76033  -29.722  -8.959  -31.986 0.0000000000
76005  -30.212  -8.288  -31.729 0.0000000000
67965  -24.433  -17.354  -32.496 0.0000000000
67096  -25.304  -18.311  -30.594 0.0000000000
67956  -25.462  -17.685  -31.504 0.0000000000
67966  -25.226  -17.255  -32.269 0.0000000000
67957  -26.165  -17.103  -31.125 0.0000000000
68796  -27.463  -16.483  -29.637 0.0000000000
60451  -24.278  -24.803  -25.252 0.0000000000
68795  -26.995  -16.857  -29.932 0.0000000000
71663  -26.649  -12.003  -35.059 0.0000000000
71671  -25.882  -12.363  -35.059 0.0000000000
72742  -25.080  -11.990  -35.114 0.0000000000
72753  -26.453  -11.729  -35.063 0.0000000000
72754  -27.014  -12.000  -36.263 0.0000000000
72758  -26.821  -11.337  -34.898 0.0000000000
73563  -27.625  -11.942  -36.077 0.0000000000
73573  -26.034  -11.352  -35.147 0.0000000000
74350  -27.675  -11.692  -35.847 0.0000000000
74359  -27.544  -11.572  -35.772 0.0000000000
74366  -26.218  -10.894  -35.370 0.0000000000
74367  -27.103  -11.040  -35.105 0.0000000000
79826  -25.510  -4.272  -35.522 0.0000000000
125114  -30.592  -4.130  -32.521 0.0000000000
127323  -25.914  -12.746  -34.805 0.0000000000
134692  -23.771  -20.731  -28.941 0.0000000000
140774  -24.421  -21.565  -26.531 0.0000000000
