#!ascii label  , from subject sub-v1s21x0050388_ses-1 vox2ras=TkReg
1531
34353  32.999  -50.414  -22.743 0.8999999762
34381  33.436  -50.781  -23.347 0.8000000119
33392  32.796  -52.076  -23.910 0.6999999881
33404  33.378  -51.373  -24.234 0.8000000119
35359  32.494  -49.908  -22.536 0.8999999762
35381  33.645  -49.911  -23.010 1.0000000000
35380  34.168  -49.479  -23.363 1.0000000000
34380  34.023  -50.084  -23.681 0.8999999762
33415  33.267  -51.386  -25.444 0.8000000119
34394  33.782  -50.699  -24.886 0.8999999762
136411  32.636  -52.033  -25.756 0.8000000119
132126  32.758  -51.609  -26.384 0.6999999881
32423  32.092  -52.315  -26.608 0.6999999881
130782  31.796  -49.337  -22.422 0.8000000119
36355  32.696  -48.907  -22.406 0.8999999762
139726  32.056  -48.748  -22.360 0.8999999762
140866  30.765  -48.554  -22.614 0.8999999762
35357  33.911  -49.128  -22.878 0.8999999762
36370  34.569  -48.781  -23.368 1.0000000000
34393  34.170  -50.089  -24.493 0.8999999762
36384  34.847  -48.937  -24.813 1.0000000000
35407  34.461  -49.237  -25.629 0.8999999762
34409  33.709  -50.594  -25.760 0.8999999762
128632  32.291  -51.721  -27.159 0.6999999881
131741  34.319  -47.080  -22.106 0.8999999762
37347  33.152  -47.918  -22.210 0.8999999762
37348  32.359  -47.418  -22.156 0.8999999762
37349  31.445  -47.491  -22.543 0.8999999762
128670  30.702  -47.986  -22.753 0.8999999762
36354  33.581  -48.614  -22.525 0.8999999762
36353  34.226  -48.482  -22.730 0.8999999762
137463  34.945  -48.720  -24.101 1.0000000000
140072  33.993  -49.887  -26.081 0.8000000119
34420  33.481  -50.411  -26.553 0.8000000119
34433  33.140  -50.149  -27.344 0.8000000119
35430  32.715  -49.789  -28.249 0.8000000119
34442  31.992  -50.571  -28.654 0.8000000119
130237  32.087  -49.909  -29.053 0.8000000119
38315  32.468  -46.658  -21.937 0.8999999762
125692  30.596  -47.108  -23.117 0.8999999762
37367  29.875  -46.863  -23.696 0.8999999762
38314  34.123  -46.551  -21.741 0.8999999762
38317  31.148  -46.520  -22.864 0.8999999762
38333  30.409  -46.210  -23.497 0.8000000119
37346  34.780  -47.272  -22.549 0.8999999762
39305  30.174  -45.226  -23.807 0.6999999881
38334  29.687  -46.020  -24.124 0.6999999881
38350  28.551  -46.583  -24.834 0.6999999881
38312  35.226  -46.673  -22.840 0.8999999762
39306  29.312  -45.262  -24.320 0.6999999881
39323  28.261  -45.811  -24.826 0.6999999881
38332  35.463  -46.722  -23.648 1.0000000000
132114  28.101  -45.209  -24.393 0.6000000238
37382  35.397  -47.450  -24.098 1.0000000000
38348  35.328  -46.635  -24.568 1.0000000000
37393  35.091  -47.393  -25.008 1.0000000000
36395  34.804  -48.225  -25.509 1.0000000000
38362  35.014  -46.585  -25.462 1.0000000000
129249  34.509  -47.814  -26.282 0.8999999762
36410  34.326  -48.570  -26.285 0.8000000119
36411  33.825  -48.869  -26.878 0.8000000119
35429  33.361  -49.311  -27.491 0.8000000119
35438  33.176  -48.824  -28.242 0.8000000119
35439  32.446  -49.080  -29.089 0.8000000119
36433  32.963  -48.183  -28.901 0.8000000119
37426  31.783  -47.538  -29.828 0.8000000119
38299  33.308  -46.571  -21.674 0.8999999762
38316  31.821  -46.808  -22.371 0.8999999762
39280  33.691  -45.784  -21.489 0.8999999762
39281  32.683  -45.884  -21.679 0.8999999762
39293  31.749  -45.939  -22.349 0.8999999762
39294  30.938  -45.603  -23.137 0.8999999762
38313  34.782  -46.578  -22.157 0.8999999762
39291  35.302  -45.863  -22.425 0.8999999762
40268  29.504  -44.520  -23.909 0.6000000238
39307  28.717  -44.742  -24.223 0.6000000238
133523  35.479  -46.101  -23.239 1.0000000000
39295  27.228  -45.301  -22.796 0.5000000000
129477  35.548  -45.936  -24.047 1.0000000000
40258  27.420  -44.505  -22.451 0.5000000000
131569  35.292  -45.713  -25.115 1.0000000000
37394  34.801  -47.276  -25.867 1.0000000000
37408  34.507  -47.042  -26.695 0.8999999762
136164  33.607  -48.572  -27.530 0.8000000119
37417  34.070  -47.086  -27.589 0.8999999762
36432  33.599  -47.892  -28.084 0.8000000119
38397  33.932  -46.313  -28.044 0.8999999762
132075  33.642  -47.020  -28.417 0.8000000119
39372  33.569  -45.634  -28.498 0.8999999762
38410  32.599  -46.556  -29.313 0.8000000119
38411  31.861  -46.808  -29.762 0.8000000119
39381  31.406  -46.159  -29.970 0.8000000119
38418  31.534  -46.945  -30.082 0.8000000119
39282  32.139  -45.101  -21.963 0.8999999762
39279  34.280  -45.150  -21.493 0.8999999762
130241  30.780  -44.847  -23.330 0.6999999881
40255  30.305  -44.319  -23.544 0.8000000119
133442  35.549  -45.082  -22.442 0.8999999762
137961  35.118  -45.175  -21.819 0.8999999762
40256  29.665  -43.670  -23.379 0.6999999881
40269  28.797  -44.062  -23.627 0.6000000238
40270  27.956  -44.660  -23.510 0.6000000238
138361  28.815  -43.452  -22.916 0.6000000238
40257  28.140  -43.989  -22.749 0.5000000000
41244  27.591  -43.744  -22.226 0.5000000000
40244  26.911  -44.129  -22.062 0.5000000000
39322  35.588  -45.065  -24.373 1.0000000000
39348  34.971  -45.082  -25.933 1.0000000000
39349  34.868  -45.942  -26.000 1.0000000000
38396  34.328  -46.276  -27.221 0.8999999762
40303  35.192  -44.188  -25.946 1.0000000000
40304  34.633  -44.483  -26.608 0.8999999762
39362  34.516  -45.456  -26.747 0.8999999762
39363  34.108  -45.529  -27.676 0.8999999762
40322  34.212  -44.706  -27.378 0.8999999762
132545  33.743  -44.858  -28.214 0.8999999762
132121  32.986  -45.041  -28.935 0.8999999762
131688  32.159  -45.330  -29.345 0.8999999762
40323  33.902  -44.092  -27.987 0.8999999762
40333  33.208  -44.267  -28.658 0.8999999762
40335  31.256  -45.226  -29.722 0.8999999762
134757  31.568  -43.749  -29.156 0.8999999762
130835  33.003  -45.133  -21.467 0.8999999762
40243  31.713  -44.278  -22.297 0.8999999762
40242  32.535  -44.355  -21.622 0.8999999762
41223  32.133  -43.469  -21.854 1.0000000000
41240  31.300  -43.549  -22.601 0.8000000119
40241  33.579  -44.483  -21.382 0.8999999762
128722  30.546  -43.598  -23.152 0.6999999881
39304  35.645  -45.289  -23.307 0.8999999762
40253  35.544  -44.485  -22.036 0.8999999762
41241  30.109  -43.095  -23.023 0.6999999881
41242  29.398  -42.835  -22.757 0.6999999881
41243  28.515  -42.906  -22.414 0.5000000000
40280  35.832  -44.420  -23.820 1.0000000000
41224  27.819  -43.076  -22.148 0.5000000000
41225  27.138  -43.322  -22.029 0.5000000000
141423  35.785  -44.338  -24.666 1.0000000000
41267  35.958  -43.228  -25.285 1.0000000000
121829  35.742  -43.905  -25.304 1.0000000000
41275  35.455  -43.244  -25.962 1.0000000000
42230  35.902  -42.574  -25.602 1.0000000000
41276  34.819  -43.597  -26.594 0.8999999762
41296  33.962  -43.304  -27.874 0.8999999762
43163  34.444  -41.688  -31.567 0.6999999881
43164  33.574  -41.715  -31.263 0.8000000119
42302  33.038  -42.296  -31.288 0.8000000119
42290  32.220  -42.299  -30.934 0.8000000119
40240  34.726  -44.336  -21.488 0.8999999762
41221  33.956  -43.622  -21.311 1.0000000000
41222  32.995  -43.648  -21.398 1.0000000000
143811  31.581  -42.905  -22.229 0.6999999881
40267  35.830  -44.511  -22.869 0.8999999762
41239  35.383  -43.763  -21.748 0.8999999762
138349  30.094  -42.558  -22.757 0.6999999881
41262  36.075  -43.551  -24.429 1.0000000000
41255  36.077  -43.796  -23.342 0.8999999762
41238  35.878  -43.849  -22.451 0.8999999762
42191  26.550  -42.793  -22.127 0.4000000060
42236  35.458  -42.401  -26.208 1.0000000000
137057  34.609  -42.288  -27.238 1.0000000000
43109  35.074  -41.783  -26.780 1.0000000000
42291  29.662  -43.321  -29.850 0.8999999762
44031  36.435  -40.844  -29.849 0.6000000238
43149  34.865  -41.080  -31.092 0.6000000238
43150  33.960  -41.161  -30.986 0.8000000119
43151  32.615  -41.655  -30.839 0.8000000119
42303  31.331  -42.821  -30.730 0.8999999762
41324  29.942  -43.500  -30.149 0.8999999762
141049  34.743  -43.536  -21.422 0.8999999762
125858  30.785  -42.860  -22.675 0.6999999881
42205  29.657  -42.061  -22.494 0.6999999881
43072  29.196  -41.408  -22.286 0.6000000238
43074  27.529  -41.596  -22.255 0.4000000060
41254  36.263  -43.167  -23.653 1.0000000000
41261  36.373  -42.812  -24.193 1.0000000000
42229  36.294  -42.749  -24.914 1.0000000000
43100  35.814  -41.689  -25.920 1.0000000000
132832  35.277  -40.810  -26.517 1.0000000000
132380  34.541  -40.362  -26.953 1.0000000000
42281  29.676  -43.196  -29.705 0.8999999762
43132  28.329  -42.260  -28.790 0.8999999762
42282  29.113  -42.587  -29.406 0.8999999762
43153  29.835  -41.882  -30.423 0.8999999762
42305  29.817  -42.873  -30.231 0.8999999762
44901  37.084  -39.532  -28.878 0.6000000238
44022  36.814  -40.213  -29.267 0.6000000238
44042  35.421  -40.801  -30.594 0.6000000238
130246  34.871  -40.613  -30.497 0.8000000119
127177  33.228  -41.235  -30.814 0.8000000119
141674  30.924  -41.589  -30.623 0.8999999762
42187  33.339  -42.853  -21.348 0.8999999762
42188  32.332  -42.458  -21.717 0.6999999881
126426  33.965  -42.150  -21.265 0.8999999762
123247  33.157  -42.079  -21.384 0.8999999762
42204  30.487  -42.093  -22.511 0.6000000238
42201  35.857  -43.203  -22.036 1.0000000000
136405  35.720  -42.611  -21.670 1.0000000000
42202  35.204  -43.047  -21.501 1.0000000000
43071  30.074  -41.414  -22.414 0.6000000238
43073  28.344  -41.452  -22.228 0.5000000000
42217  36.534  -42.503  -23.403 1.0000000000
41237  36.217  -43.206  -22.846 1.0000000000
43084  36.876  -41.777  -23.645 1.0000000000
42224  36.662  -42.107  -24.447 1.0000000000
43099  36.596  -41.320  -25.176 1.0000000000
132797  35.993  -40.832  -25.841 1.0000000000
44003  33.924  -40.740  -27.365 1.0000000000
44004  33.197  -40.171  -27.404 1.0000000000
128370  33.131  -40.819  -27.668 1.0000000000
44005  32.297  -40.523  -27.707 1.0000000000
43119  31.612  -41.281  -28.222 0.8999999762
43118  32.622  -41.338  -28.047 0.8999999762
42271  30.093  -42.900  -29.248 0.8999999762
43154  29.119  -42.493  -29.756 0.8999999762
44046  30.723  -40.768  -30.532 0.8999999762
124834  39.658  -37.757  -28.357 0.6000000238
132496  38.226  -38.650  -28.455 0.6000000238
128422  36.612  -38.963  -28.799 0.6000000238
44910  35.741  -39.808  -29.467 0.6000000238
44926  33.696  -40.066  -29.877 0.8000000119
44045  32.539  -40.938  -30.526 0.8000000119
43059  32.671  -41.509  -21.551 0.6999999881
43060  31.815  -41.543  -21.938 0.6000000238
43061  31.374  -40.801  -22.093 0.6000000238
43069  36.023  -41.970  -21.656 0.8999999762
43954  30.532  -40.795  -22.318 0.6000000238
43955  29.691  -40.733  -22.325 0.5000000000
43068  36.675  -41.739  -22.633 1.0000000000
43093  37.044  -41.289  -24.275 1.0000000000
43977  37.076  -40.702  -24.758 1.0000000000
140314  36.585  -40.254  -25.435 1.0000000000
43984  35.701  -40.085  -26.142 1.0000000000
44872  35.235  -39.304  -26.389 1.0000000000
43993  34.928  -39.943  -26.633 1.0000000000
43994  33.923  -39.889  -27.094 1.0000000000
44886  32.552  -39.652  -27.427 1.0000000000
44006  31.304  -40.638  -27.896 1.0000000000
43121  29.042  -41.440  -28.221 0.8999999762
43131  29.404  -42.263  -28.766 0.8999999762
43140  27.667  -41.994  -28.965 0.8999999762
44048  28.392  -40.856  -29.859 0.8999999762
125042  38.646  -37.835  -28.446 0.6000000238
45781  37.667  -38.002  -28.561 0.6000000238
45791  36.047  -39.177  -28.984 0.6000000238
130475  34.642  -38.735  -29.142 0.6999999881
134444  33.230  -39.196  -29.535 0.6999999881
142379  32.473  -40.390  -30.185 0.6999999881
44929  30.074  -39.898  -30.371 0.8999999762
46668  40.836  -36.989  -28.814 0.6000000238
44913  32.314  -39.119  -29.598 0.6999999881
44927  31.967  -39.843  -29.903 0.8000000119
44928  31.089  -39.842  -30.158 0.8999999762
124282  32.203  -40.790  -21.715 0.6999999881
43945  30.920  -40.109  -22.218 0.6000000238
43056  35.423  -41.333  -21.403 0.8999999762
43057  34.448  -41.409  -21.286 0.8000000119
43942  33.912  -40.679  -21.304 0.6999999881
43067  36.900  -40.825  -22.479 0.8999999762
134283  35.792  -40.562  -21.491 0.8000000119
43083  37.104  -41.082  -23.390 1.0000000000
44857  37.638  -39.700  -23.956 0.8999999762
132933  37.408  -40.193  -23.138 0.8000000119
44867  36.102  -39.376  -25.900 1.0000000000
45753  35.597  -38.618  -26.199 1.0000000000
45759  34.769  -38.556  -26.526 1.0000000000
129674  33.571  -38.944  -27.031 1.0000000000
44885  33.322  -39.486  -27.228 1.0000000000
44887  31.549  -39.850  -27.575 1.0000000000
134678  30.433  -40.387  -27.787 0.8999999762
44008  28.373  -40.701  -27.974 0.8999999762
43122  27.821  -41.625  -28.580 0.8999999762
44049  27.354  -40.918  -29.301 0.8999999762
45782  36.839  -38.172  -28.638 0.6000000238
44912  34.125  -39.377  -29.486 0.6999999881
44930  29.056  -39.912  -30.270 0.8999999762
47634  40.646  -36.217  -29.096 0.6000000238
46669  39.168  -36.927  -28.473 0.6000000238
44914  31.412  -39.114  -29.686 0.6999999881
125974  33.046  -40.743  -21.436 0.6999999881
43944  31.739  -40.064  -21.847 0.6000000238
43941  34.849  -40.621  -21.319 0.8000000119
128186  33.403  -40.027  -21.385 0.6999999881
43943  32.590  -40.038  -21.551 0.6999999881
43940  36.493  -40.503  -21.853 0.6999999881
44839  37.310  -39.441  -22.586 0.6999999881
44847  37.614  -39.389  -23.244 0.6999999881
45745  37.603  -39.021  -24.665 0.8000000119
45746  37.236  -38.598  -25.361 0.8000000119
44866  36.963  -39.330  -25.344 0.8000000119
45752  36.484  -38.605  -25.791 0.8999999762
46643  35.946  -37.857  -26.138 0.8999999762
45760  33.959  -38.391  -26.744 1.0000000000
44875  32.027  -39.005  -27.441 1.0000000000
45763  31.535  -38.380  -27.319 1.0000000000
45761  33.173  -38.255  -26.989 1.0000000000
44874  32.845  -38.921  -27.245 1.0000000000
142197  30.872  -39.697  -27.567 1.0000000000
44888  30.234  -39.485  -27.563 1.0000000000
44007  29.422  -40.341  -27.781 0.8999999762
132559  27.881  -39.954  -27.899 0.8999999762
44009  27.479  -40.754  -28.467 0.8999999762
44024  26.942  -40.426  -28.890 0.8999999762
47622  38.320  -36.324  -28.607 0.6000000238
46671  37.127  -37.368  -28.584 0.6000000238
45783  36.018  -38.338  -28.759 0.6000000238
136558  35.167  -38.112  -28.870 0.6999999881
44931  28.035  -39.786  -29.710 0.8999999762
44916  29.583  -39.142  -29.988 0.8999999762
45794  32.704  -38.233  -29.388 0.6999999881
45795  31.780  -38.229  -29.511 0.6999999881
44915  30.510  -39.135  -29.846 0.8999999762
45798  29.022  -38.307  -29.798 0.8999999762
127986  34.759  -39.075  -21.384 0.6999999881
44824  34.233  -39.844  -21.328 0.6000000238
44825  33.047  -39.279  -21.457 0.6000000238
127126  36.495  -38.991  -21.737 0.6999999881
44821  36.866  -39.434  -22.035 0.6999999881
45729  37.610  -38.630  -22.805 0.6999999881
45739  37.840  -38.895  -23.762 0.6999999881
46641  37.826  -37.260  -25.234 0.8000000119
46642  37.039  -37.772  -25.721 0.8000000119
47596  36.280  -36.989  -26.119 0.8000000119
46647  35.165  -37.987  -26.384 0.8000000119
46648  34.446  -37.762  -26.538 1.0000000000
46644  35.167  -37.138  -26.407 0.8000000119
129115  32.723  -37.501  -26.986 1.0000000000
45762  32.363  -38.263  -27.195 1.0000000000
134445  30.703  -38.579  -27.436 1.0000000000
46649  31.853  -37.618  -27.162 1.0000000000
130637  31.035  -37.826  -27.255 1.0000000000
45764  30.255  -38.025  -27.461 1.0000000000
46652  29.019  -37.701  -27.819 1.0000000000
44890  28.356  -39.080  -27.897 1.0000000000
44891  27.490  -39.261  -28.371 0.8999999762
46672  36.387  -37.513  -28.634 0.6000000238
44932  27.250  -39.080  -29.302 0.8999999762
47621  39.206  -35.981  -28.713 0.6000000238
47623  37.397  -36.553  -28.610 0.6000000238
46673  35.652  -37.333  -28.728 0.6999999881
45799  28.053  -38.670  -29.716 0.8999999762
136188  34.759  -37.230  -28.893 0.6999999881
125796  32.121  -37.183  -29.401 0.6999999881
45797  30.005  -38.373  -29.714 0.8999999762
45714  32.451  -38.546  -21.508 0.5000000000
45711  35.244  -38.331  -21.438 0.6000000238
45712  34.236  -38.216  -21.425 0.5000000000
143988  36.750  -38.376  -21.822 0.6999999881
45710  36.118  -38.349  -21.562 0.6999999881
45709  37.247  -38.056  -22.128 0.6999999881
128037  37.965  -38.060  -23.507 0.6999999881
47576  37.698  -37.644  -22.675 0.6999999881
46631  38.112  -37.522  -24.295 0.6999999881
133405  37.270  -36.777  -25.784 0.8000000119
47599  35.627  -36.232  -26.369 0.8000000119
47600  34.670  -36.256  -26.515 0.8000000119
47601  33.928  -36.219  -26.649 0.8999999762
127810  33.594  -37.572  -26.728 1.0000000000
47602  33.226  -36.647  -26.800 0.8999999762
46650  31.300  -37.101  -27.214 1.0000000000
135484  30.515  -37.312  -27.413 1.0000000000
46659  28.207  -37.631  -28.114 1.0000000000
46660  27.235  -37.653  -28.568 0.8999999762
45784  26.751  -38.712  -28.887 0.8999999762
45800  26.615  -38.437  -28.962 0.8999999762
132727  26.658  -37.865  -28.970 0.8999999762
45807  27.159  -38.108  -29.406 0.8999999762
48657  38.445  -35.640  -28.844 0.6000000238
47624  36.560  -36.743  -28.641 0.6000000238
46679  33.912  -37.252  -29.067 0.6999999881
127933  31.210  -37.371  -29.519 0.8000000119
46681  28.991  -37.297  -29.743 0.8999999762
48674  39.028  -35.256  -29.204 0.6000000238
47636  34.195  -36.329  -29.090 0.6999999881
124810  32.627  -36.550  -29.413 0.6999999881
131529  29.826  -36.880  -29.766 0.8000000119
47641  28.306  -36.879  -29.631 0.8999999762
47638  31.444  -36.417  -29.615 0.6999999881
47640  29.098  -36.275  -29.977 0.8999999762
143978  34.180  -37.423  -21.429 0.5000000000
46593  36.593  -37.612  -21.727 0.6999999881
46595  34.878  -37.571  -21.452 0.5000000000
46592  37.240  -37.163  -22.117 0.6999999881
47564  37.734  -36.745  -22.600 0.6999999881
46624  38.062  -37.170  -23.283 0.6999999881
46623  38.241  -36.762  -23.889 0.6999999881
48626  38.121  -35.663  -25.280 0.6999999881
47595  37.956  -36.432  -25.318 0.6999999881
48628  36.672  -36.124  -26.179 0.8000000119
119925  36.059  -35.428  -26.465 0.8000000119
48633  35.088  -35.522  -26.585 0.8000000119
129057  34.245  -35.604  -26.702 0.8000000119
48635  32.669  -35.931  -27.020 0.8999999762
47603  32.151  -36.738  -27.066 1.0000000000
47604  30.745  -36.628  -27.418 1.0000000000
47605  29.854  -36.788  -27.641 1.0000000000
49627  34.625  -34.948  -26.879 0.8000000119
48634  33.476  -35.760  -26.841 0.8000000119
127494  31.438  -36.486  -27.257 0.8999999762
47611  30.146  -36.089  -27.708 1.0000000000
47612  29.084  -36.257  -27.884 1.0000000000
48637  31.061  -35.997  -27.462 0.8999999762
141783  28.253  -36.462  -28.091 1.0000000000
47613  27.777  -36.955  -28.270 1.0000000000
47626  27.654  -36.449  -28.746 1.0000000000
139165  27.939  -36.640  -29.474 0.8999999762
47635  35.113  -36.419  -28.865 0.6999999881
122754  27.740  -36.206  -29.059 0.8999999762
48658  37.644  -35.754  -28.777 0.6000000238
48677  36.221  -35.422  -29.085 0.6000000238
129079  28.322  -36.118  -29.666 0.8999999762
48678  35.576  -35.781  -28.976 0.6999999881
123634  33.311  -36.408  -29.303 0.6999999881
48680  32.608  -35.708  -29.716 0.6999999881
120410  30.658  -36.620  -29.698 0.6999999881
47639  30.132  -36.026  -30.081 0.8000000119
48681  31.756  -35.685  -29.907 0.6999999881
48700  28.610  -35.403  -30.190 0.8000000119
49694  28.059  -34.520  -30.237 0.8999999762
48698  30.552  -35.286  -30.466 0.6999999881
46594  35.741  -37.625  -21.508 0.6000000238
47546  35.378  -36.911  -21.525 0.5000000000
47544  37.173  -36.214  -22.193 0.6999999881
47545  36.611  -36.679  -21.827 0.5000000000
48608  38.286  -35.415  -23.446 0.6999999881
47563  38.128  -36.238  -23.162 0.6999999881
48617  38.381  -35.298  -24.431 0.6999999881
136888  38.279  -36.069  -24.813 0.6999999881
48627  37.555  -35.953  -25.820 0.6999999881
49620  37.758  -34.653  -25.965 0.6999999881
48632  37.130  -35.262  -26.255 0.6999999881
49626  35.498  -34.818  -26.781 0.8000000119
49625  36.454  -34.668  -26.639 0.8000000119
49628  33.816  -35.074  -26.961 0.8000000119
50584  35.476  -33.672  -27.593 0.8000000119
49638  34.224  -34.489  -27.326 0.8000000119
48642  33.052  -35.220  -27.108 0.8000000119
48644  31.481  -35.387  -27.550 0.8999999762
48645  30.576  -35.414  -27.786 0.8999999762
48646  29.429  -35.479  -28.093 1.0000000000
50586  33.832  -34.052  -27.859 0.8000000119
50587  33.020  -34.169  -27.906 0.8000000119
48648  28.083  -35.805  -28.599 1.0000000000
48647  28.564  -35.254  -28.538 1.0000000000
48676  37.015  -35.184  -29.133 0.6000000238
48662  28.053  -35.417  -29.127 1.0000000000
133453  34.628  -35.446  -29.372 0.6999999881
48679  33.572  -35.541  -29.578 0.6999999881
48701  28.113  -35.316  -29.733 0.8999999762
49672  27.907  -34.412  -29.755 1.0000000000
48696  32.152  -35.102  -30.305 0.6999999881
48697  31.392  -35.176  -30.401 0.8000000119
48699  29.559  -35.411  -30.420 0.8000000119
49603  38.337  -34.593  -23.550 0.6999999881
50551  38.320  -33.733  -23.605 0.6999999881
49612  38.451  -34.303  -24.327 0.6999999881
49619  38.225  -34.762  -25.238 0.6999999881
49624  38.189  -33.981  -25.636 0.6999999881
125618  37.754  -33.977  -26.309 0.6999999881
50577  36.983  -33.937  -26.873 0.6999999881
50576  37.705  -33.440  -26.685 0.6999999881
49636  35.941  -34.146  -27.092 0.8000000119
50585  34.642  -33.873  -27.737 0.8000000119
50596  35.925  -33.019  -28.003 0.8000000119
50598  34.244  -33.426  -28.310 0.8000000119
49652  31.603  -34.135  -28.177 0.8999999762
49641  31.089  -34.778  -27.917 0.8999999762
50600  32.404  -33.672  -28.414 0.8000000119
50601  31.059  -33.707  -28.545 0.8999999762
49642  30.158  -34.778  -28.157 0.8999999762
49668  36.284  -34.680  -29.568 0.6000000238
51488  30.959  -33.045  -28.988 0.8999999762
49654  29.843  -34.138  -28.511 0.8999999762
49644  28.464  -34.399  -28.955 1.0000000000
49667  37.200  -34.461  -29.661 0.6000000238
49656  28.066  -34.414  -29.467 0.8999999762
48695  32.976  -34.972  -30.189 0.6999999881
50610  27.595  -33.694  -29.919 0.8999999762
49691  31.037  -34.569  -30.803 0.8000000119
49693  28.897  -34.684  -30.675 0.8999999762
49710  27.821  -33.781  -30.416 0.8000000119
50562  38.505  -33.415  -24.321 0.6999999881
121490  38.426  -33.945  -24.948 0.6999999881
50575  38.274  -33.194  -26.060 0.6999999881
50582  37.301  -33.201  -27.251 0.6999999881
51464  37.973  -32.800  -26.789 0.6999999881
51471  36.854  -32.826  -27.871 0.6999999881
50599  33.376  -33.562  -28.403 0.8000000119
51486  32.887  -33.004  -29.028 0.8000000119
51500  32.371  -32.238  -29.478 0.8000000119
49655  29.102  -34.054  -28.736 0.8999999762
49669  35.457  -34.990  -29.477 0.6000000238
51487  31.942  -32.983  -29.021 0.8000000119
51501  31.376  -32.233  -29.375 0.8999999762
50603  29.461  -33.535  -28.878 0.8999999762
50604  28.616  -33.600  -29.157 0.8999999762
49686  36.472  -34.117  -30.235 0.6000000238
49671  33.902  -34.852  -30.039 0.6999999881
51490  28.062  -33.015  -29.630 0.8999999762
49690  32.481  -34.592  -30.749 0.6999999881
50640  27.519  -33.227  -30.341 0.8000000119
49708  30.245  -34.114  -31.155 0.6999999881
128728  28.558  -33.967  -30.908 0.8000000119
50569  38.520  -33.253  -25.131 0.6999999881
51463  38.411  -32.289  -26.206 0.6999999881
51469  38.186  -32.146  -26.915 0.6999999881
51485  33.816  -32.924  -28.930 0.8000000119
51499  33.358  -32.273  -29.515 0.8000000119
130734  29.906  -32.903  -29.085 0.8999999762
51489  29.283  -32.132  -29.397 0.8999999762
49687  35.426  -34.396  -30.240 0.6000000238
139175  28.932  -32.899  -29.284 0.8999999762
49688  34.394  -34.518  -30.646 0.6999999881
49689  33.402  -34.520  -30.899 0.6999999881
52333  28.312  -32.258  -29.673 0.8999999762
49707  31.113  -33.890  -31.236 0.6999999881
50638  29.248  -33.380  -31.295 0.8000000119
51526  27.647  -32.593  -30.536 0.8000000119
121381  30.969  -33.211  -31.563 0.6999999881
51525  29.149  -32.394  -31.422 0.8000000119
50639  28.084  -33.172  -30.924 0.8000000119
51524  30.069  -32.835  -31.545 0.8000000119
52313  38.623  -31.572  -25.531 0.6999999881
50619  35.842  -33.916  -31.047 0.6000000238
52343  31.750  -31.397  -29.648 0.8000000119
52332  29.654  -31.324  -29.498 0.8999999762
52344  28.631  -31.412  -29.774 0.8999999762
50620  34.935  -34.177  -31.285 0.6000000238
49706  32.720  -34.200  -31.240 0.8000000119
52352  27.896  -31.830  -30.562 0.8999999762
52366  28.528  -31.505  -31.256 0.8000000119
51523  31.497  -32.671  -31.781 0.6999999881
52365  29.752  -31.781  -31.645 0.8000000119
52378  28.450  -30.619  -31.184 0.8000000119
49704  34.116  -34.243  -31.453 0.6999999881
53197  31.079  -30.666  -29.737 0.8000000119
127519  34.009  -33.936  -31.903 0.5000000000
49705  33.423  -34.073  -31.554 0.6000000238
50634  33.590  -33.548  -31.960 0.6000000238
50635  32.785  -33.664  -31.620 0.6999999881
53214  28.381  -30.811  -30.542 0.8000000119
51522  32.390  -32.926  -31.856 0.6000000238
51537  32.045  -31.981  -32.074 0.6000000238
52377  29.061  -30.709  -31.566 0.8000000119
52367  28.092  -31.073  -30.911 0.8000000119
52364  30.889  -31.623  -31.961 0.6000000238
53198  30.099  -30.596  -29.607 0.8000000119
53212  29.612  -29.925  -29.933 0.8000000119
53213  28.862  -29.872  -30.405 0.8999999762
50656  34.344  -33.462  -32.286 0.6000000238
53248  28.665  -29.896  -31.400 0.8000000119
53234  28.318  -30.188  -31.015 0.8000000119
53225  28.498  -29.659  -30.905 0.8000000119
53232  30.527  -30.478  -32.272 0.6000000238
54149  30.783  -29.410  -30.165 0.8000000119
55088  29.270  -28.809  -30.560 0.8000000119
51521  33.114  -33.093  -32.012 0.6000000238
51536  32.973  -32.298  -32.200 0.6000000238
54189  28.750  -28.946  -31.534 0.8000000119
52375  31.663  -30.949  -32.318 0.6000000238
54188  29.274  -28.720  -32.157 0.6999999881
55114  28.817  -28.291  -31.213 0.8000000119
53246  31.195  -29.935  -32.629 0.6000000238
138524  30.104  -29.539  -32.469 0.6000000238
52374  32.709  -31.297  -32.420 0.6000000238
53245  32.305  -30.349  -32.740 0.6000000238
55101  31.467  -27.869  -30.757 0.8000000119
55087  29.975  -28.621  -30.473 0.8000000119
51535  33.830  -32.729  -32.414 0.6000000238
54166  31.033  -28.675  -30.433 0.8000000119
51544  34.969  -32.131  -33.488 0.5000000000
55113  29.143  -27.703  -31.339 0.8000000119
55103  29.156  -28.133  -30.856 0.8000000119
52372  34.382  -31.935  -32.991 0.6000000238
52373  33.606  -31.662  -32.646 0.6000000238
55127  29.349  -27.643  -32.073 0.6000000238
52388  34.791  -31.259  -33.846 0.5000000000
53244  33.362  -30.634  -33.059 0.6000000238
126418  30.332  -28.731  -32.803 0.6000000238
54186  32.746  -29.864  -33.283 0.6000000238
54187  31.783  -29.429  -33.117 0.6000000238
54199  31.207  -28.363  -33.389 0.6000000238
55102  29.921  -27.668  -30.850 0.8000000119
141557  32.259  -27.700  -30.876 0.8000000119
56091  31.641  -27.148  -31.127 0.6999999881
56092  30.414  -26.948  -31.204 0.6999999881
53243  34.087  -31.177  -33.256 0.6000000238
133900  30.081  -27.573  -32.786 0.6000000238
126164  29.995  -26.785  -32.316 0.6000000238
55112  29.602  -27.023  -31.504 0.6999999881
53259  34.258  -30.418  -33.869 0.5000000000
55137  30.680  -27.235  -33.329 0.6000000238
54197  33.498  -29.799  -33.790 0.5000000000
54198  32.579  -29.037  -33.835 0.6000000238
55136  31.878  -27.962  -34.043 0.6000000238
54196  34.592  -29.212  -34.266 0.5000000000
57081  32.147  -26.666  -31.425 0.6999999881
57082  30.905  -26.512  -31.571 0.6000000238
57106  30.484  -26.216  -32.417 0.6000000238
56101  30.175  -26.508  -31.781 0.6000000238
133730  30.753  -25.984  -33.132 0.6000000238
58025  30.851  -26.047  -32.287 0.6000000238
120744  33.707  -29.117  -34.269 0.5000000000
55135  33.119  -28.307  -34.372 0.6000000238
56112  30.614  -26.357  -33.121 0.6000000238
58036  30.874  -25.833  -32.824 0.6000000238
56121  32.550  -27.468  -34.503 0.6000000238
55134  34.185  -28.431  -34.266 0.5000000000
56119  34.792  -27.617  -33.829 0.4000000060
57118  34.019  -26.793  -34.282 0.5000000000
57096  31.439  -26.129  -31.898 0.6000000238
58024  31.501  -25.655  -32.418 0.6000000238
56122  31.352  -26.905  -34.090 0.6000000238
57121  30.979  -26.103  -33.867 0.6000000238
56130  32.077  -26.807  -34.725 0.6000000238
57132  32.179  -26.267  -34.965 0.6000000238
56120  33.664  -27.586  -34.381 0.5000000000
57119  32.978  -26.865  -34.677 0.6000000238
57117  35.076  -26.610  -33.699 0.4000000060
58047  34.402  -25.844  -34.241 0.4000000060
58062  31.197  -25.791  -34.361 0.6000000238
58035  31.242  -25.320  -33.259 0.5000000000
58928  32.041  -24.987  -32.699 0.5000000000
58023  32.467  -25.459  -32.066 0.5000000000
57120  31.509  -26.244  -34.602 0.6000000238
58048  31.276  -25.282  -34.312 0.5000000000
57131  33.149  -26.154  -34.802 0.5000000000
58941  32.528  -24.154  -32.933 0.4000000060
58061  31.576  -25.717  -34.893 0.6000000238
58964  31.663  -25.075  -35.029 0.5000000000
58060  32.244  -25.610  -35.135 0.4000000060
58952  31.553  -24.429  -34.574 0.4000000060
58059  33.364  -25.348  -34.961 0.4000000060
58963  32.408  -24.809  -35.267 0.4000000060
59919  31.774  -23.545  -34.331 0.4000000060
58973  31.764  -24.273  -35.242 0.4000000060
58058  34.450  -25.026  -34.555 0.4000000060
59910  33.377  -23.499  -32.995 0.4000000060
59911  32.432  -23.472  -33.531 0.4000000060
59931  31.649  -23.679  -35.146 0.4000000060
140237  32.941  -23.313  -36.056 0.4000000060
58972  32.507  -23.903  -35.621 0.4000000060
59944  32.005  -23.190  -36.083 0.4000000060
136570  31.710  -23.504  -35.626 0.4000000060
61009  33.100  -22.989  -33.408 0.4000000060
61021  32.387  -22.783  -34.017 0.4000000060
61046  32.836  -22.684  -36.460 0.3000000119
144000  31.594  -23.159  -35.630 0.4000000060
61022  31.636  -22.905  -35.026 0.4000000060
128751  33.372  -22.466  -33.647 0.4000000060
62069  32.276  -22.156  -34.698 0.4000000060
121479  32.328  -42.977  -31.107 0.8000000119
41337  31.453  -43.701  -30.707 0.8999999762
41323  30.028  -44.004  -29.961 0.8999999762
40369  30.664  -44.323  -30.218 0.8999999762
40356  30.961  -45.027  -30.111 0.8999999762
128541  34.473  -43.021  -27.261 0.8999999762
43110  34.343  -41.597  -27.404 1.0000000000
126127  34.679  -41.042  -27.060 1.0000000000
40334  32.107  -44.532  -29.203 0.8999999762
41305  33.453  -43.630  -28.375 0.8999999762
42268  33.284  -42.970  -28.372 0.8999999762
43117  33.535  -41.472  -27.801 1.0000000000
135629  31.021  -44.455  -29.571 0.8999999762
42269  32.317  -42.896  -28.737 0.8999999762
42270  31.155  -42.935  -29.041 0.8999999762
42253  32.996  -42.141  -28.265 1.0000000000
40346  30.570  -44.547  -29.871 0.8999999762
42255  30.784  -42.090  -28.776 0.8999999762
58942  31.529  -24.639  -33.587 0.4000000060
58927  33.239  -24.835  -32.123 0.4000000060
35358  33.241  -49.498  -22.652 0.8999999762
35395  34.524  -49.409  -24.095 1.0000000000
34421  32.828  -51.017  -27.098 0.8000000119
36356  31.420  -48.483  -22.466 0.8999999762
37365  35.212  -47.396  -23.250 1.0000000000
39292  34.637  -45.894  -21.727 0.8999999762
38381  34.602  -46.256  -26.561 0.8999999762
36423  34.077  -47.972  -27.040 0.8000000119
37424  33.271  -47.502  -28.805 0.8000000119
37425  32.558  -47.399  -29.348 0.8000000119
40290  35.477  -44.725  -25.253 1.0000000000
38409  33.355  -46.364  -28.786 0.8999999762
39374  31.898  -46.017  -29.616 0.8000000119
40345  30.972  -45.137  -30.010 0.8000000119
41295  34.334  -43.868  -27.254 0.8999999762
142447  32.691  -43.101  -21.531 1.0000000000
42207  27.409  -42.470  -22.126 0.4000000060
43062  28.035  -42.059  -22.189 0.4000000060
42237  34.996  -42.722  -26.691 1.0000000000
42252  33.970  -42.371  -27.836 0.8999999762
124113  33.329  -43.077  -31.588 0.6999999881
133160  31.723  -41.197  -30.563 0.8000000119
42186  34.365  -42.902  -21.316 0.8999999762
41316  30.029  -44.012  -29.940 0.8999999762
43148  35.642  -41.357  -31.020 0.6000000238
43165  30.627  -42.361  -30.558 0.8999999762
40336  30.417  -43.820  -29.567 0.8999999762
127487  28.756  -41.799  -29.831 0.8999999762
44047  29.441  -40.857  -30.404 0.8999999762
44911  34.954  -39.586  -29.493 0.6999999881
44925  34.520  -40.172  -29.933 0.6999999881
43058  33.525  -41.431  -21.342 0.8000000119
43070  35.023  -42.205  -21.333 0.8999999762
44873  34.316  -39.277  -26.805 1.0000000000
42254  31.968  -42.045  -28.602 0.8999999762
43120  30.435  -41.324  -28.307 0.8999999762
43155  27.770  -41.730  -29.253 0.8999999762
43953  36.295  -41.174  -21.779 0.8000000119
43976  37.370  -40.520  -24.060 1.0000000000
44033  27.070  -41.564  -28.966 0.8999999762
43939  36.953  -40.057  -22.235 0.6999999881
133462  37.324  -39.959  -24.730 0.8999999762
45793  33.727  -38.309  -29.218 0.6999999881
44917  28.788  -39.153  -29.929 0.8999999762
45796  30.886  -38.317  -29.599 0.8000000119
44826  32.112  -39.311  -21.623 0.6000000238
44823  35.277  -39.842  -21.393 0.8000000119
126030  33.860  -39.072  -21.406 0.6000000238
137190  37.943  -38.359  -24.297 0.6999999881
46632  37.767  -38.131  -25.022 0.6999999881
44878  29.123  -38.797  -27.694 1.0000000000
46682  28.089  -37.750  -29.690 0.8999999762
45713  33.294  -38.408  -21.440 0.6000000238
129565  34.147  -36.921  -26.557 0.8999999762
46596  33.510  -37.582  -21.432 0.5000000000
47642  27.155  -37.112  -28.965 0.8999999762
139328  36.077  -37.001  -21.585 0.6000000238
47528  35.055  -36.218  -21.557 0.5000000000
133746  37.717  -36.020  -22.572 0.6999999881
48643  32.286  -35.339  -27.331 0.8999999762
49637  35.048  -34.334  -27.238 0.8000000119
49639  33.432  -34.618  -27.397 0.8000000119
49695  27.627  -33.935  -30.136 0.8999999762
47527  35.877  -36.235  -21.672 0.5000000000
48596  37.372  -35.478  -22.406 0.6999999881
138313  37.245  -34.511  -26.434 0.6999999881
50583  36.391  -33.479  -27.459 0.8000000119
132250  32.680  -34.728  -27.518 0.8999999762
49653  30.700  -34.195  -28.314 0.8999999762
49709  29.409  -34.234  -31.041 0.8000000119
51484  34.674  -32.751  -28.753 0.8000000119
51509  27.599  -32.616  -30.191 0.8999999762
51459  38.581  -32.419  -25.336 0.6999999881
132758  30.345  -32.185  -29.332 0.8999999762
52303  38.542  -31.699  -24.661 0.6000000238
141219  30.672  -32.461  -31.712 0.6999999881
53199  29.093  -30.574  -29.843 0.8999999762
53247  29.344  -29.850  -32.005 0.6999999881
55128  28.917  -28.153  -31.651 0.8000000119
58049  31.022  -25.727  -33.642 0.6000000238
59912  31.794  -24.003  -33.756 0.4000000060
59945  31.541  -22.955  -35.978 0.4000000060
40357  30.455  -44.476  -29.985 0.8999999762
26809  26.932  -58.987  -24.494 0.4000000060
27771  26.642  -58.632  -23.906 0.4000000060
27757  26.295  -58.330  -22.821 0.4000000060
28622  27.137  -57.013  -25.388 0.4000000060
29562  27.440  -56.451  -23.175 0.4000000060
28602  26.961  -56.769  -22.405 0.4000000060
29575  27.616  -56.137  -24.922 0.3000000119
29561  28.015  -55.870  -23.674 0.4000000060
29574  28.125  -55.568  -25.430 0.4000000060
29591  27.990  -55.728  -26.472 0.4000000060
30569  28.437  -55.260  -27.189 0.4000000060
31510  29.308  -54.410  -27.564 0.4000000060
29548  28.071  -55.429  -22.485 0.5000000000
29549  27.459  -55.933  -22.025 0.4000000060
30538  28.512  -55.375  -24.205 0.4000000060
30518  28.708  -55.104  -23.101 0.4000000060
30536  29.658  -54.395  -25.131 0.5000000000
30553  28.688  -55.000  -25.905 0.4000000060
30552  29.410  -54.467  -26.323 0.4000000060
31509  30.669  -53.408  -27.121 0.5000000000
31517  30.612  -53.137  -28.152 0.5000000000
140897  31.076  -52.572  -28.173 0.6000000238
32448  30.072  -53.334  -28.837 0.5000000000
32453  30.564  -52.591  -29.570 0.6000000238
137762  30.865  -51.767  -29.743 0.4000000060
30508  28.578  -54.711  -22.360 0.5000000000
29526  27.677  -55.201  -21.817 0.5000000000
29527  27.149  -55.388  -21.573 0.5000000000
29528  26.403  -55.523  -21.372 0.5000000000
30517  29.277  -54.641  -23.559 0.6000000238
30516  29.923  -54.237  -24.006 0.5000000000
31459  30.835  -53.619  -23.594 0.6000000238
136943  30.408  -53.948  -24.513 0.5000000000
31482  30.346  -53.940  -25.466 0.5000000000
31498  31.130  -53.367  -25.743 0.4000000060
32435  31.472  -52.894  -26.433 0.6000000238
122130  31.281  -52.749  -27.342 0.6000000238
32434  31.665  -52.143  -27.665 0.6000000238
32446  31.202  -52.029  -28.597 0.6000000238
132642  31.262  -51.306  -29.179 0.6000000238
34443  31.519  -50.419  -29.476 0.6000000238
32447  30.531  -52.679  -28.908 0.6000000238
142635  30.862  -52.088  -29.272 0.6000000238
33444  31.124  -50.925  -29.841 0.6000000238
34453  31.570  -49.895  -30.095 0.6000000238
133007  28.645  -54.090  -21.957 0.5000000000
30489  27.452  -54.633  -21.545 0.5000000000
30490  26.733  -54.681  -21.372 0.5000000000
30491  25.930  -54.698  -21.342 0.5000000000
31442  30.000  -53.909  -22.945 0.6000000238
30507  29.156  -54.340  -22.638 0.6000000238
141090  31.557  -53.235  -23.847 0.6000000238
31440  31.560  -52.979  -23.150 0.6000000238
31481  31.068  -53.562  -24.587 0.5000000000
32424  32.095  -52.644  -25.495 0.6000000238
33437  31.929  -51.334  -28.034 0.6000000238
34447  31.445  -50.115  -29.910 0.6000000238
35448  31.742  -49.061  -30.160 0.6999999881
131633  28.436  -53.344  -21.730 0.6000000238
31425  27.576  -53.257  -21.448 0.5000000000
130362  26.324  -53.917  -21.329 0.5000000000
31441  30.745  -53.096  -22.690 0.6000000238
31443  29.337  -53.485  -22.233 0.6000000238
32363  26.342  -52.449  -21.581 0.5000000000
31444  25.274  -53.246  -22.019 0.5000000000
140729  30.018  -53.310  -22.521 0.6000000238
33405  32.799  -52.028  -24.857 0.6000000238
36442  31.600  -48.305  -30.029 0.6999999881
32377  28.887  -52.636  -22.008 0.6000000238
32361  28.036  -52.595  -21.692 0.6000000238
32362  27.180  -52.499  -21.519 0.6000000238
32376  29.867  -52.618  -22.315 0.6000000238
33358  28.394  -52.009  -21.991 0.6000000238
33359  27.647  -51.848  -21.829 0.6000000238
33360  26.802  -51.735  -21.798 0.6000000238
33361  26.053  -51.773  -22.071 0.6000000238
137381  30.046  -51.769  -22.322 0.6000000238
127785  25.485  -51.941  -22.845 0.5000000000
32374  31.499  -52.380  -22.685 0.6000000238
33393  25.477  -51.307  -23.671 0.6000000238
37441  31.633  -47.653  -30.114 0.6999999881
128390  29.155  -51.717  -22.196 0.6000000238
33375  27.319  -51.060  -22.081 0.6000000238
130177  30.638  -51.294  -22.406 0.6000000238
133222  29.796  -51.009  -22.340 0.6000000238
126285  28.899  -50.663  -22.350 0.6000000238
33376  26.497  -50.988  -22.327 0.6000000238
33377  25.853  -51.300  -22.716 0.6000000238
32375  30.747  -52.162  -22.457 0.6000000238
34360  26.520  -50.202  -22.844 0.6000000238
33372  32.143  -51.806  -22.697 0.6000000238
33391  33.043  -51.545  -23.436 0.6000000238
134133  31.433  -46.733  -30.141 0.6999999881
132156  31.682  -46.437  -30.317 0.6999999881
34355  31.287  -50.735  -22.450 0.6000000238
34357  29.635  -50.138  -22.523 0.6999999881
34358  27.865  -50.271  -22.420 0.6999999881
34354  32.193  -50.892  -22.561 0.6000000238
135937  31.795  -50.180  -22.465 0.6999999881
34356  30.455  -50.454  -22.452 0.6999999881
35362  29.586  -49.375  -22.729 0.6999999881
126180  27.881  -49.453  -22.881 0.6999999881
34359  27.042  -50.414  -22.400 0.6000000238
35364  27.124  -49.728  -22.876 0.6999999881
35383  27.460  -48.997  -23.505 0.6000000238
126006  26.710  -49.325  -23.686 0.5000000000
41336  32.466  -43.841  -31.189 0.8000000119
126980  30.897  -49.094  -22.497 0.6999999881
35361  30.285  -49.609  -22.553 0.6999999881
36358  29.141  -48.789  -23.078 0.6999999881
35382  28.292  -48.840  -23.292 0.6999999881
36374  27.001  -48.566  -24.587 0.5000000000
36372  28.717  -48.082  -23.788 0.6999999881
36373  27.868  -48.294  -24.111 0.6000000238
36385  28.224  -47.748  -24.536 0.6000000238
50597  35.073  -33.237  -28.164 0.6999999881
51498  34.270  -32.248  -29.385 0.6999999881
51470  37.660  -32.455  -27.448 0.6000000238
51481  37.335  -32.054  -28.148 0.6000000238
52341  33.890  -31.574  -29.868 0.6999999881
53211  31.954  -30.528  -29.887 0.6999999881
52321  38.153  -31.576  -27.475 0.6000000238
51482  36.416  -32.362  -28.459 0.6000000238
51483  35.521  -32.565  -28.608 0.6999999881
130699  34.673  -31.615  -29.667 0.6999999881
53187  38.665  -30.788  -26.833 0.6000000238
52342  32.835  -31.304  -29.875 0.6999999881
53210  32.863  -30.089  -30.129 0.6999999881
133816  31.743  -29.641  -30.146 0.6999999881
131130  36.426  -31.190  -29.295 0.6000000238
52340  35.493  -31.158  -29.652 0.6999999881
53209  34.530  -30.895  -30.060 0.6999999881
54165  32.278  -28.981  -30.416 0.6999999881
52329  37.737  -31.164  -28.340 0.6000000238
53196  37.254  -30.684  -29.099 0.5000000000
53207  36.370  -30.498  -29.582 0.6000000238
54162  35.389  -29.517  -30.187 0.5000000000
53224  33.977  -30.102  -30.246 0.6999999881
55099  34.082  -28.474  -30.535 0.6999999881
55100  32.889  -28.257  -30.645 0.6999999881
59929  35.939  -23.693  -35.135 0.3000000119
59930  34.831  -23.877  -35.175 0.3000000119
58962  33.824  -24.430  -35.152 0.3000000119
25771  26.908  -59.597  -24.147 0.4000000060
25772  26.424  -59.686  -23.814 0.3000000119
25760  25.800  -59.827  -23.191 0.4000000060
26817  27.139  -58.394  -25.017 0.3000000119
26799  25.886  -58.979  -22.926 0.4000000060
29592  27.506  -56.488  -26.157 0.4000000060
27740  25.979  -58.009  -21.849 0.4000000060
29607  27.873  -56.231  -27.235 0.4000000060
29606  28.193  -55.760  -27.879 0.4000000060
30584  28.656  -55.168  -28.164 0.4000000060
31518  29.870  -53.793  -28.203 0.5000000000
31531  30.785  -53.459  -29.911 0.4000000060
28589  26.101  -56.442  -21.371 0.4000000060
33451  31.205  -51.437  -30.143 0.5000000000
29529  25.418  -55.593  -21.338 0.5000000000
35457  32.313  -49.010  -30.671 0.6000000238
30492  25.079  -54.568  -21.709 0.5000000000
31428  25.601  -53.914  -21.586 0.5000000000
142158  25.044  -53.913  -22.157 0.5000000000
36451  31.905  -48.329  -30.352 0.6000000238
31445  24.872  -53.535  -22.915 0.5000000000
32395  24.842  -53.145  -24.014 0.4000000060
38435  32.284  -46.985  -30.733 0.6999999881
34382  26.048  -49.855  -23.720 0.5000000000
39402  31.733  -45.546  -30.576 0.6999999881
35384  26.194  -49.235  -24.693 0.5000000000
40367  32.624  -44.758  -31.184 0.8000000119
41335  33.587  -44.009  -31.728 0.6999999881
35396  26.307  -48.614  -25.519 0.5000000000
36387  26.924  -48.080  -25.431 0.6000000238
48595  37.938  -35.438  -22.782 0.6000000238
50532  38.065  -34.125  -22.978 0.6000000238
52318  38.526  -31.534  -26.481 0.6000000238
52328  38.403  -30.654  -27.723 0.5000000000
54137  37.764  -29.798  -29.108 0.5000000000
54147  37.269  -29.287  -29.571 0.5000000000
55086  35.981  -28.879  -30.219 0.5000000000
55098  35.090  -28.753  -30.391 0.5000000000
121745  34.862  -28.073  -30.575 0.5000000000
57080  33.407  -26.745  -31.204 0.5000000000
61034  36.660  -23.081  -35.461 0.3000000119
59941  35.850  -23.076  -35.743 0.3000000119
59943  33.873  -23.640  -35.588 0.3000000119
33370  32.769  -51.275  -22.887 0.6000000238
32373  32.058  -52.429  -22.946 0.6000000238
32410  32.379  -52.519  -24.470 0.6000000238
37350  29.981  -47.688  -23.196 0.8000000119
35440  31.731  -49.594  -29.622 0.6999999881
37433  31.643  -47.582  -30.129 0.6999999881
39390  31.263  -45.910  -29.974 0.6999999881
139608  31.256  -30.067  -29.946 0.6999999881
56090  32.893  -27.453  -30.969 0.6000000238
40368  31.528  -44.589  -30.644 0.8000000119
51497  35.116  -32.071  -29.225 0.6999999881
28612  27.086  -57.297  -24.389 0.4000000060
28611  27.448  -56.579  -24.323 0.4000000060
30537  29.033  -54.840  -24.685 0.5000000000
28588  26.831  -56.219  -21.683 0.5000000000
30583  29.250  -54.510  -28.579 0.3000000119
32460  30.953  -52.444  -30.036 0.4000000060
28590  25.169  -56.723  -21.332 0.5000000000
131069  33.625  -30.826  -30.130 0.6999999881
52330  35.994  -31.880  -29.079 0.6999999881
128341  36.890  -31.600  -28.813 0.6000000238
143707  35.125  -30.622  -29.994 0.6999999881
132356  37.027  -29.990  -29.468 0.5000000000
53208  35.596  -30.263  -29.933 0.6000000238
53223  34.852  -30.133  -30.165 0.6999999881
54164  33.452  -29.230  -30.383 0.6999999881
53195  38.108  -30.293  -28.489 0.5000000000
54148  36.337  -29.629  -29.869 0.5000000000
54163  34.482  -29.377  -30.327 0.5000000000
56089  34.110  -27.552  -30.784 0.5000000000
143294  33.530  -27.953  -30.704 0.6999999881
53188  38.667  -29.850  -27.785 0.5000000000
55085  36.726  -28.900  -29.941 0.5000000000
57079  34.571  -26.715  -31.054 0.5000000000
137570  32.807  -45.519  -31.170 0.6000000238
40366  33.924  -45.048  -31.674 0.6000000238
42299  35.611  -42.419  -31.812 0.5000000000
41334  34.702  -44.288  -32.132 0.6000000238
126533  34.503  -43.247  -32.052 0.6000000238
43138  36.747  -41.470  -29.677 0.5000000000
42289  35.924  -42.060  -31.328 0.5000000000
42300  34.912  -42.358  -31.990 0.6000000238
39324  27.600  -45.735  -24.703 0.5000000000
42301  33.978  -42.335  -31.760 0.6000000238
43129  37.783  -40.763  -28.452 0.5000000000
43147  36.193  -41.589  -30.510 0.5000000000
44020  38.281  -40.084  -28.244 0.5000000000
39308  27.446  -45.384  -23.865 0.4000000060
39309  26.915  -45.963  -23.138 0.4000000060
136469  26.646  -45.754  -22.487 0.4000000060
44021  37.129  -40.806  -29.198 0.5000000000
137462  39.690  -39.023  -28.182 0.5000000000
131518  37.490  -40.133  -28.783 0.5000000000
40259  26.647  -45.054  -22.189 0.4000000060
45780  39.208  -38.507  -28.308 0.5000000000
44900  37.857  -39.414  -28.512 0.5000000000
40245  26.148  -44.417  -21.990 0.4000000060
43946  30.195  -40.209  -22.358 0.4000000060
44829  29.503  -39.900  -22.389 0.4000000060
43956  28.741  -40.618  -22.285 0.4000000060
43957  27.826  -40.835  -22.308 0.3000000119
137321  33.797  -36.834  -21.385 0.4000000060
126398  32.924  -36.854  -21.335 0.4000000060
44827  31.222  -39.286  -21.913 0.4000000060
44828  30.313  -39.461  -22.264 0.4000000060
131338  33.441  -36.103  -21.242 0.4000000060
45715  31.102  -38.086  -21.680 0.4000000060
143460  29.733  -39.301  -22.388 0.4000000060
45716  30.303  -38.024  -21.865 0.4000000060
45717  29.852  -38.688  -22.235 0.4000000060
44840  28.607  -39.718  -22.422 0.4000000060
121455  32.701  -37.746  -21.425 0.4000000060
46597  32.139  -37.185  -21.278 0.4000000060
130544  31.909  -37.919  -21.511 0.4000000060
133072  34.264  -36.136  -21.416 0.4000000060
47547  32.201  -36.426  -21.020 0.4000000060
46576  31.652  -36.766  -21.020 0.4000000060
46598  31.407  -37.352  -21.319 0.4000000060
46577  30.992  -36.756  -20.954 0.4000000060
46600  29.882  -37.384  -21.607 0.4000000060
47548  30.115  -36.666  -21.028 0.4000000060
46601  29.196  -37.430  -21.920 0.4000000060
45730  29.197  -39.137  -22.454 0.4000000060
47526  36.474  -35.880  -21.966 0.4000000060
48579  33.947  -35.275  -21.347 0.4000000060
48580  32.994  -35.382  -21.101 0.4000000060
48581  32.243  -35.622  -20.853 0.4000000060
48578  36.845  -35.544  -22.167 0.5000000000
48558  35.942  -35.476  -21.861 0.4000000060
48559  35.433  -35.681  -21.691 0.4000000060
49571  34.682  -34.901  -21.581 0.4000000060
49573  32.379  -34.775  -21.053 0.4000000060
48582  31.595  -35.065  -20.789 0.4000000060
47529  31.465  -36.042  -20.708 0.4000000060
47530  30.677  -36.162  -20.708 0.4000000060
47531  30.056  -35.790  -20.700 0.4000000060
131384  29.423  -36.860  -21.427 0.4000000060
49591  37.566  -34.692  -22.577 0.5000000000
49568  36.891  -34.971  -22.262 0.5000000000
49569  36.331  -34.657  -22.166 0.5000000000
49570  35.760  -34.484  -22.012 0.4000000060
134689  34.478  -33.792  -21.866 0.4000000060
121750  34.172  -34.396  -21.530 0.4000000060
49572  33.256  -34.542  -21.293 0.4000000060
48561  30.792  -35.384  -20.695 0.4000000060
49592  36.838  -34.277  -22.367 0.5000000000
139277  35.029  -33.861  -21.994 0.4000000060
50515  33.552  -33.781  -21.692 0.4000000060
50516  32.457  -33.912  -21.524 0.4000000060
50513  36.173  -34.041  -22.202 0.4000000060
50536  35.003  -33.325  -22.201 0.4000000060
50538  32.901  -33.133  -22.240 0.4000000060
51444  35.996  -32.141  -22.962 0.4000000060
132653  35.027  -31.962  -22.892 0.4000000060
51445  34.066  -31.956  -23.004 0.4000000060
51446  33.201  -32.021  -23.177 0.4000000060
51423  37.903  -33.315  -23.167 0.5000000000
52290  37.403  -31.663  -23.459 0.5000000000
52293  34.422  -31.248  -23.467 0.4000000060
52294  32.791  -31.427  -23.628 0.3000000119
51452  38.548  -32.531  -24.419 0.5000000000
50553  36.368  -32.827  -22.672 0.5000000000
50535  35.881  -33.378  -22.339 0.4000000060
51425  34.553  -32.577  -22.515 0.4000000060
50537  34.026  -33.189  -22.170 0.4000000060
139961  32.776  -32.463  -22.807 0.4000000060
51424  35.500  -32.677  -22.541 0.4000000060
51426  33.600  -32.534  -22.598 0.4000000060
51442  37.713  -32.477  -23.347 0.5000000000
52291  36.489  -31.567  -23.308 0.5000000000
52292  35.551  -31.444  -23.307 0.4000000060
52306  35.189  -30.662  -23.715 0.4000000060
53150  33.408  -30.886  -23.839 0.3000000119
137701  38.267  -31.182  -24.307 0.5000000000
139079  36.052  -30.978  -23.545 0.4000000060
53166  34.179  -30.434  -24.048 0.4000000060
53151  32.402  -30.719  -24.191 0.3000000119
53163  38.037  -30.509  -24.387 0.5000000000
53177  38.564  -30.810  -24.938 0.4000000060
53165  36.059  -30.243  -23.990 0.3000000119
121739  34.931  -29.951  -24.250 0.4000000060
54096  33.975  -29.741  -24.517 0.3000000119
53167  33.254  -30.224  -24.364 0.3000000119
54098  32.466  -29.905  -24.657 0.3000000119
53168  31.651  -30.216  -24.607 0.3000000119
53164  37.204  -30.351  -24.105 0.3000000119
133201  38.689  -30.157  -25.423 0.4000000060
138098  38.780  -30.140  -27.129 0.4000000060
54095  35.605  -29.574  -24.421 0.3000000119
54097  33.172  -29.606  -24.701 0.3000000119
54099  31.011  -29.755  -24.910 0.3000000119
53169  30.853  -30.383  -24.547 0.3000000119
54094  36.566  -29.558  -24.426 0.3000000119
129588  31.776  -29.505  -24.950 0.3000000119
54119  30.345  -29.341  -25.237 0.3000000119
53178  38.334  -29.902  -24.861 0.3000000119
54126  38.824  -29.160  -26.219 0.3000000119
54130  38.887  -29.440  -26.968 0.4000000060
54136  38.425  -29.433  -28.483 0.4000000060
55084  37.481  -28.383  -29.701 0.4000000060
143637  29.947  -29.637  -25.026 0.3000000119
54113  36.557  -28.881  -24.719 0.3000000119
54093  37.604  -29.729  -24.516 0.3000000119
54112  38.014  -29.001  -24.878 0.3000000119
55053  38.480  -28.523  -25.722 0.3000000119
54135  38.873  -29.033  -27.690 0.4000000060
56062  38.776  -27.753  -28.071 0.3000000119
55077  38.656  -28.576  -28.389 0.4000000060
56063  38.378  -27.925  -29.067 0.4000000060
132073  36.608  -28.225  -30.182 0.4000000060
56074  36.522  -27.259  -30.509 0.4000000060
56075  35.721  -28.112  -30.447 0.4000000060
56088  35.255  -27.405  -30.733 0.4000000060
129345  38.582  -27.070  -28.504 0.3000000119
57065  37.566  -26.955  -30.026 0.4000000060
143462  37.113  -26.646  -30.397 0.4000000060
57078  35.696  -26.606  -30.979 0.4000000060
139199  35.995  -25.926  -31.217 0.4000000060
58008  35.020  -25.900  -31.381 0.4000000060
57094  33.873  -26.036  -31.432 0.4000000060
57054  38.470  -26.343  -27.936 0.3000000119
57063  38.430  -26.334  -28.836 0.3000000119
57064  38.048  -26.237  -29.546 0.3000000119
57076  37.495  -26.134  -30.170 0.4000000060
58006  36.584  -25.340  -30.994 0.4000000060
58021  34.986  -25.194  -31.682 0.4000000060
58022  34.150  -25.336  -31.663 0.3000000119
132372  33.294  -25.509  -31.734 0.3000000119
57095  32.673  -26.023  -31.642 0.4000000060
57985  38.381  -25.801  -28.463 0.3000000119
57997  38.286  -25.593  -29.050 0.3000000119
57998  37.859  -25.429  -29.699 0.3000000119
58005  37.318  -25.367  -30.395 0.3000000119
58912  37.108  -24.574  -30.670 0.3000000119
58913  36.391  -24.638  -31.364 0.3000000119
58925  35.495  -24.663  -31.831 0.3000000119
58926  34.460  -24.672  -31.980 0.3000000119
59895  35.098  -24.015  -32.395 0.3000000119
58891  38.260  -25.196  -28.500 0.3000000119
59885  36.888  -23.818  -31.086 0.3000000119
58924  36.155  -24.000  -31.893 0.3000000119
130599  35.888  -23.455  -32.369 0.3000000119
139065  34.331  -23.553  -32.771 0.3000000119
58940  33.836  -24.096  -32.482 0.3000000119
59909  35.163  -23.216  -32.782 0.3000000119
61008  34.148  -22.917  -33.194 0.3000000119
61020  34.355  -22.125  -33.504 0.3000000119
50533  37.401  -33.807  -22.680 0.5000000000
39401  32.462  -46.228  -30.948 0.6000000238
39400  33.588  -46.009  -31.494 0.5000000000
39399  34.747  -45.833  -32.000 0.5000000000
41345  35.933  -43.784  -32.079 0.5000000000
40378  35.760  -44.565  -32.169 0.5000000000
44002  38.564  -40.782  -27.792 0.5000000000
42280  36.592  -42.753  -29.960 0.5000000000
41332  36.150  -43.007  -31.608 0.5000000000
37369  28.732  -47.343  -24.455 0.6000000238
37383  28.094  -47.208  -24.965 0.6000000238
38351  27.737  -46.430  -25.128 0.6000000238
38364  26.950  -46.795  -25.397 0.5000000000
38365  26.162  -46.974  -25.319 0.5000000000
38352  26.652  -46.469  -24.769 0.5000000000
38337  25.972  -46.956  -24.385 0.5000000000
38318  26.298  -46.421  -22.628 0.4000000060
39296  26.119  -45.846  -22.069 0.4000000060
39283  25.964  -45.165  -21.914 0.4000000060
42208  26.553  -41.807  -22.334 0.3000000119
43958  26.944  -40.903  -22.438 0.3000000119
129515  27.309  -40.185  -22.531 0.4000000060
46612  28.484  -37.479  -22.255 0.4000000060
45731  28.351  -38.922  -22.576 0.4000000060
47550  28.674  -36.711  -21.661 0.4000000060
49574  31.748  -34.371  -21.187 0.4000000060
47549  29.271  -36.099  -20.993 0.4000000060
48583  28.823  -35.218  -20.961 0.4000000060
49546  30.865  -34.432  -21.089 0.4000000060
49547  30.083  -34.953  -20.786 0.4000000060
50539  31.950  -33.338  -22.140 0.4000000060
49575  29.861  -34.193  -21.295 0.4000000060
51447  32.351  -32.041  -23.299 0.4000000060
52295  31.927  -31.428  -23.747 0.3000000119
53152  31.425  -30.874  -24.203 0.3000000119
53153  30.628  -30.934  -24.114 0.3000000119
44019  39.184  -40.178  -27.811 0.5000000000
42192  25.893  -43.094  -22.202 0.4000000060
47565  28.053  -36.926  -22.184 0.4000000060
131221  28.500  -35.924  -21.244 0.4000000060
132031  31.435  -33.776  -21.654 0.4000000060
41226  26.390  -43.610  -22.065 0.4000000060
43162  35.286  -41.769  -31.597 0.5000000000
129653  34.572  -36.863  -21.466 0.4000000060
51441  38.293  -32.842  -23.705 0.5000000000
127074  38.729  -30.788  -25.852 0.5000000000
48560  34.802  -35.533  -21.558 0.4000000060
54146  38.092  -28.921  -29.127 0.4000000060
41346  35.385  -43.911  -32.220 0.6000000238
142650  36.526  -42.057  -30.090 0.5000000000
43130  37.326  -41.447  -28.878 0.5000000000
125299  29.658  -37.949  -22.047 0.4000000060
45718  28.994  -38.252  -22.363 0.4000000060
48557  36.392  -35.233  -22.091 0.5000000000
49545  35.402  -35.036  -21.773 0.4000000060
50514  35.505  -33.908  -22.077 0.4000000060
50534  36.641  -33.551  -22.502 0.5000000000
51443  36.880  -32.287  -23.091 0.5000000000
50552  37.169  -33.030  -22.885 0.5000000000
52304  37.756  -31.056  -23.874 0.5000000000
52289  38.215  -31.862  -23.850 0.5000000000
52305  36.863  -30.918  -23.630 0.4000000060
54111  38.633  -29.419  -25.495 0.3000000119
53182  38.868  -29.962  -26.238 0.4000000060
56073  37.821  -27.604  -29.664 0.4000000060
55054  37.799  -28.277  -25.261 0.3000000119
57077  36.713  -26.198  -30.716 0.4000000060
56072  38.245  -27.025  -29.334 0.3000000119
58007  35.762  -25.310  -31.470 0.3000000119
58903  38.053  -24.744  -29.142 0.3000000119
58911  37.653  -24.613  -29.933 0.3000000119
127131  37.437  -23.779  -30.252 0.3000000119
61007  35.219  -22.447  -33.075 0.3000000119
48562  29.524  -35.368  -20.795 0.4000000060
32394  25.153  -52.220  -24.205 0.4000000060
33406  25.404  -51.407  -25.129 0.4000000060
33416  25.163  -51.310  -26.436 0.4000000060
34410  25.187  -50.377  -26.758 0.3000000119
34395  25.443  -50.540  -25.701 0.4000000060
137320  25.298  -49.617  -26.555 0.3000000119
35456  32.816  -49.695  -30.991 0.5000000000
36397  26.400  -48.051  -25.815 0.5000000000
36398  25.768  -48.043  -26.123 0.3000000119
36450  32.600  -48.326  -30.939 0.5000000000
36449  33.519  -48.319  -31.530 0.5000000000
130894  33.145  -49.028  -31.296 0.5000000000
36396  26.986  -47.562  -25.514 0.5000000000
37395  26.362  -47.446  -25.738 0.4000000060
37452  32.919  -47.617  -31.196 0.5000000000
36448  34.437  -48.371  -32.020 0.5000000000
37450  34.971  -47.239  -32.349 0.3000000119
38434  33.254  -46.839  -31.355 0.5000000000
37451  34.084  -47.579  -31.827 0.4000000060
37459  35.981  -46.727  -32.410 0.3000000119
38444  35.440  -46.520  -32.335 0.3000000119
38432  36.321  -46.250  -31.853 0.3000000119
38443  35.852  -46.072  -32.329 0.3000000119
40355  36.514  -44.449  -30.447 0.3000000119
132218  36.373  -45.037  -31.035 0.3000000119
39410  35.839  -45.147  -32.121 0.4000000060
39412  35.540  -45.763  -32.242 0.4000000060
38319  25.777  -47.243  -23.076 0.3000000119
41315  36.964  -42.785  -28.982 0.4000000060
139777  36.730  -43.363  -29.409 0.4000000060
40364  36.301  -44.433  -31.464 0.4000000060
38300  25.482  -46.665  -22.055 0.3000000119
41227  25.546  -43.732  -22.080 0.3000000119
44841  27.744  -39.527  -22.567 0.3000000119
131027  28.087  -38.150  -22.601 0.3000000119
45732  27.476  -38.735  -22.785 0.3000000119
133645  27.401  -38.028  -22.920 0.3000000119
46613  27.765  -37.469  -22.605 0.3000000119
48584  27.997  -35.366  -21.225 0.3000000119
132740  29.442  -34.801  -20.912 0.3000000119
120740  28.983  -34.365  -21.155 0.3000000119
49576  28.186  -34.586  -21.162 0.3000000119
128157  26.714  -35.438  -22.197 0.3000000119
50540  31.095  -33.111  -22.398 0.3000000119
140282  29.873  -33.538  -21.860 0.3000000119
50518  29.243  -33.656  -21.621 0.3000000119
50519  28.425  -33.778  -21.423 0.3000000119
51427  31.946  -32.658  -22.751 0.3000000119
51428  31.166  -32.490  -22.965 0.3000000119
51410  30.207  -33.113  -22.350 0.3000000119
51411  29.503  -33.102  -22.190 0.3000000119
51412  28.778  -33.103  -21.950 0.3000000119
51430  29.756  -32.523  -22.684 0.3000000119
132703  29.128  -32.584  -22.429 0.3000000119
51448  31.540  -32.038  -23.346 0.3000000119
51429  30.508  -32.541  -22.839 0.3000000119
52278  30.036  -31.979  -23.206 0.3000000119
33458  31.791  -50.615  -30.413 0.5000000000
131481  36.534  -43.584  -30.178 0.4000000060
39284  25.362  -45.608  -21.783 0.3000000119
50517  30.548  -33.668  -21.767 0.3000000119
48585  27.311  -35.436  -21.702 0.3000000119
37396  25.559  -47.487  -25.774 0.3000000119
37385  25.304  -47.168  -25.167 0.3000000119
37370  25.178  -47.426  -24.102 0.3000000119
26782  24.735  -58.321  -21.417 0.4000000060
128540  23.597  -59.136  -21.410 0.4000000060
124885  23.796  -58.317  -21.520 0.4000000060
26802  22.619  -58.802  -22.953 0.4000000060
27758  23.181  -57.253  -23.013 0.3000000119
28591  24.205  -56.634  -21.644 0.4000000060
28604  23.579  -56.550  -22.612 0.4000000060
29551  24.018  -55.848  -22.346 0.4000000060
32454  30.135  -53.288  -29.340 0.3000000119
29530  24.469  -55.172  -21.988 0.4000000060
30519  24.172  -54.580  -24.083 0.3000000119
30539  24.213  -54.168  -24.906 0.3000000119
29550  24.050  -55.128  -23.171 0.4000000060
31484  23.992  -53.984  -25.843 0.3000000119
30540  23.725  -54.715  -25.368 0.3000000119
32413  24.616  -52.628  -26.164 0.3000000119
31460  24.551  -53.908  -23.952 0.4000000060
31483  24.500  -53.590  -25.054 0.3000000119
32412  25.078  -52.158  -25.813 0.3000000119
26783  23.035  -58.929  -21.777 0.4000000060
27743  23.658  -57.353  -21.869 0.4000000060
33417  24.667  -51.953  -26.714 0.3000000119
26781  25.456  -58.541  -21.743 0.3000000119
32425  24.112  -52.720  -26.474 0.3000000119
26801  23.118  -58.065  -22.316 0.4000000060
26810  26.521  -59.152  -23.856 0.3000000119
27741  25.309  -57.706  -21.404 0.4000000060
27742  24.485  -57.502  -21.452 0.5000000000
27756  26.633  -57.789  -23.092 0.4000000060
27770  26.865  -58.220  -24.431 0.4000000060
27786  27.129  -57.764  -25.185 0.3000000119
28603  26.450  -57.246  -21.910 0.4000000060
30488  28.089  -54.663  -21.872 0.5000000000
30509  24.519  -54.357  -22.793 0.4000000060
30520  23.823  -55.160  -24.293 0.3000000119
31424  27.911  -53.984  -21.557 0.5000000000
31426  26.720  -53.192  -21.331 0.6000000238
31427  25.908  -53.163  -21.466 0.5000000000
31499  30.180  -53.936  -26.604 0.4000000060
31500  24.309  -53.255  -26.012 0.3000000119
31524  29.679  -53.884  -29.021 0.3000000119
32364  25.611  -52.496  -21.982 0.5000000000
32378  25.178  -52.748  -22.934 0.5000000000
32393  32.166  -52.668  -23.655 0.6999999881
32411  31.790  -53.048  -24.607 0.5000000000
33371  32.574  -52.023  -23.151 0.6000000238
33373  31.462  -51.584  -22.515 0.6000000238
33374  28.203  -51.247  -22.113 0.6000000238
33427  33.288  -51.045  -26.260 0.8000000119
34361  25.932  -50.647  -23.155 0.6000000238
34383  25.569  -50.551  -24.323 0.5000000000
34408  34.145  -50.024  -25.311 0.8999999762
34434  32.523  -50.580  -27.862 0.8000000119
34461  32.032  -49.730  -30.478 0.6000000238
35360  31.091  -49.912  -22.472 0.6999999881
35363  28.762  -49.638  -22.719 0.6999999881
35385  25.682  -49.864  -24.828 0.5000000000
35397  25.635  -49.531  -25.863 0.5000000000
35408  25.714  -48.770  -26.069 0.5000000000
35420  33.659  -49.651  -26.777 0.8000000119
35443  31.603  -49.159  -29.944 0.6999999881
36357  30.081  -48.656  -22.793 0.8999999762
36369  35.165  -48.134  -23.673 1.0000000000
36371  29.434  -48.137  -23.306 0.8000000119
36383  35.153  -48.182  -24.533 1.0000000000
36386  27.575  -47.808  -25.038 0.6000000238
36412  25.244  -48.832  -26.393 0.3000000119
36434  32.185  -48.223  -29.500 0.8000000119
36438  31.676  -48.250  -29.904 0.8000000119
37332  33.026  -47.180  -21.889 0.8999999762
37366  34.767  -48.015  -22.910 1.0000000000
37368  29.332  -47.479  -23.802 0.6999999881
37384  27.490  -47.164  -25.277 0.5000000000
37453  32.166  -47.738  -30.602 0.6000000238
38335  29.237  -46.720  -24.340 0.6999999881
38336  26.491  -46.539  -23.622 0.4000000060
38349  28.980  -45.932  -24.613 0.6999999881
38363  34.772  -46.612  -26.133 1.0000000000
38426  31.550  -47.196  -30.001 0.6999999881
38433  34.368  -46.666  -31.907 0.4000000060
38436  31.563  -47.124  -30.215 0.6999999881
38442  36.018  -45.989  -32.292 0.3000000119
39325  27.036  -45.956  -24.254 0.5000000000
39373  32.771  -45.810  -29.118 0.8999999762
39398  36.165  -45.284  -31.816 0.4000000060
39411  35.702  -45.360  -32.199 0.5000000000
40254  31.031  -44.237  -23.055 0.8000000119
40365  35.119  -45.125  -32.186 0.4000000060
40377  36.050  -44.475  -32.006 0.4000000060
40379  35.422  -44.643  -32.195 0.5000000000
41306  32.680  -43.650  -28.789 0.8999999762
41322  36.430  -43.075  -30.786 0.4000000060
41333  35.487  -43.078  -32.088 0.6000000238
41338  30.546  -43.624  -30.372 0.8999999762
42189  30.951  -41.469  -22.330 0.6000000238
42190  28.109  -42.541  -22.202 0.6000000238
42200  36.256  -42.561  -22.325 1.0000000000
42203  31.335  -42.217  -22.254 0.6000000238
42206  28.749  -42.174  -22.310 0.6000000238
42267  37.408  -42.165  -28.483 0.5000000000
42272  29.014  -42.591  -29.162 0.8999999762
42279  36.947  -42.103  -29.394 0.5000000000
42288  36.304  -42.406  -30.774 0.5000000000
42304  30.408  -43.056  -30.434 0.8999999762
43139  28.374  -42.281  -29.245 0.8999999762
43152  31.606  -41.938  -30.738 0.8999999762
44010  27.248  -40.017  -28.485 0.8999999762
44023  27.026  -41.417  -28.948 0.8999999762
44032  35.844  -40.524  -30.025 0.6000000238
44034  26.883  -40.824  -29.003 0.8999999762
44041  35.944  -41.003  -30.486 0.6000000238
44043  34.221  -40.645  -30.495 0.8000000119
44044  33.289  -40.644  -30.402 0.8000000119
44822  36.280  -39.799  -21.644 0.6999999881
44876  31.181  -39.135  -27.505 1.0000000000
44877  29.845  -38.770  -27.572 1.0000000000
44889  29.027  -39.589  -27.683 0.8999999762
44899  38.880  -39.351  -28.198 0.5000000000
44902  26.577  -39.495  -28.886 0.8999999762
44909  36.427  -39.659  -29.174 0.6000000238
44918  26.772  -39.575  -28.875 0.8999999762
44924  35.228  -40.313  -29.997 0.6999999881
45765  29.495  -38.182  -27.662 1.0000000000
45766  28.727  -38.304  -27.924 1.0000000000
45772  27.806  -38.397  -28.272 0.8999999762
45773  26.869  -38.506  -28.769 0.8999999762
45792  35.421  -38.994  -29.021 0.6999999881
46599  30.633  -37.374  -21.416 0.4000000060
46651  29.693  -37.494  -27.628 1.0000000000
46670  38.045  -37.172  -28.536 0.6000000238
46680  30.377  -37.535  -29.624 0.8000000119
46683  26.786  -37.781  -29.106 0.8999999762
46689  27.449  -37.242  -29.315 0.8999999762
47584  38.319  -36.101  -24.083 0.6999999881
47585  38.197  -36.715  -24.651 0.6999999881
47620  40.049  -36.421  -28.651 0.6000000238
47625  35.882  -36.578  -28.734 0.6999999881
47637  32.093  -36.262  -29.572 0.6999999881
47656  27.813  -36.302  -29.279 0.8999999762
48636  31.848  -35.969  -27.215 0.8999999762
48659  36.822  -35.943  -28.739 0.6000000238
48660  36.207  -36.089  -28.767 0.6000000238
48661  28.228  -35.087  -28.924 1.0000000000
48682  30.988  -35.806  -29.997 0.6999999881
48683  28.059  -35.351  -29.462 0.8999999762
48694  39.614  -34.874  -29.779 0.6000000238
49544  35.977  -34.956  -21.992 0.4000000060
49590  38.114  -34.826  -22.972 0.6000000238
49640  31.929  -34.782  -27.720 0.8999999762
49643  29.236  -34.676  -28.460 0.8999999762
49670  34.727  -34.748  -29.898 0.6999999881
49692  29.994  -34.745  -30.808 0.8000000119
50602  30.340  -33.595  -28.700 0.8999999762
50621  27.445  -33.483  -30.119 0.8000000119
50636  31.883  -33.548  -31.483 0.6999999881
50637  30.374  -33.531  -31.391 0.6999999881
51491  27.944  -33.695  -29.603 0.8999999762
51502  27.706  -32.566  -29.935 0.8999999762
51503  27.440  -33.148  -29.982 0.8999999762
51510  27.403  -33.122  -30.147 0.8000000119
52331  30.739  -31.397  -29.526 0.8000000119
52345  27.929  -31.882  -30.114 0.8999999762
52376  29.877  -30.893  -31.957 0.6000000238
53233  28.495  -29.450  -31.189 0.8000000119
54100  30.301  -29.917  -24.824 0.3000000119
54150  29.928  -29.352  -30.168 0.8000000119
54151  29.271  -29.391  -30.330 0.8000000119
54167  28.787  -29.127  -30.720 0.8000000119
54175  28.618  -28.898  -31.082 0.8000000119
55073  38.870  -28.296  -27.591 0.4000000060
55104  28.802  -28.539  -30.898 0.8000000119
57097  30.613  -26.233  -31.967 0.6000000238
61035  31.524  -22.715  -35.860 0.4000000060
121424  27.851  -34.454  -29.922 0.8999999762
122664  36.257  -40.224  -29.569 0.6000000238
123931  30.493  -29.995  -29.845 0.8000000119
124607  31.927  -34.203  -31.059 0.8000000119
124718  27.884  -31.835  -30.903 0.8000000119
124743  37.220  -27.701  -30.061 0.4000000060
125745  33.557  -31.491  -23.444 0.4000000060
126010  32.219  -48.185  -22.290 0.8999999762
126049  37.091  -38.829  -22.140 0.6999999881
126238  28.411  -35.939  -28.218 1.0000000000
126471  30.656  -38.711  -21.966 0.4000000060
126839  33.060  -37.322  -29.243 0.6999999881
126965  34.494  -49.566  -24.892 0.8999999762
127072  25.860  -57.226  -21.448 0.4000000060
127362  24.347  -59.042  -21.384 0.4000000060
127445  27.579  -33.787  -29.987 0.8999999762
127570  28.233  -32.448  -31.142 0.8000000119
128352  37.346  -38.792  -28.626 0.6000000238
128355  27.295  -37.130  -28.689 1.0000000000
128582  32.757  -36.083  -21.084 0.4000000060
129045  26.929  -57.317  -23.469 0.4000000060
129060  33.826  -50.643  -24.090 0.8000000119
129341  35.718  -39.079  -21.467 0.8000000119
129753  36.415  -43.714  -31.109 0.4000000060
129967  31.310  -50.593  -30.055 0.6000000238
130363  35.034  -34.337  -21.822 0.4000000060
131019  36.132  -37.060  -28.656 0.6999999881
131486  34.194  -29.697  -34.171 0.5000000000
131488  24.811  -52.885  -25.264 0.3000000119
131519  31.803  -34.690  -30.663 0.6999999881
131758  36.218  -43.847  -31.769 0.5000000000
131843  27.170  -46.141  -25.004 0.5000000000
131901  33.185  -46.957  -29.030 0.8000000119
132347  28.774  -36.985  -27.817 1.0000000000
132365  27.121  -53.937  -21.338 0.5000000000
132444  36.328  -42.111  -25.241 1.0000000000
132461  31.384  -44.989  -22.729 0.8999999762
132612  35.126  -47.976  -32.395 0.3000000119
132738  34.130  -47.825  -22.327 0.8999999762
132898  28.027  -40.172  -22.377 0.4000000060
132996  28.388  -42.372  -28.983 0.8999999762
133200  33.704  -47.187  -21.947 0.8999999762
133387  37.196  -29.138  -24.631 0.3000000119
134635  40.091  -37.144  -28.454 0.6000000238
134704  32.821  -39.931  -29.847 0.6999999881
136196  24.622  -55.976  -21.550 0.4000000060
136356  33.632  -39.561  -21.390 0.6000000238
136668  31.760  -40.479  -30.320 0.8000000119
136995  29.649  -37.684  -29.699 0.8999999762
137870  31.652  -38.635  -21.654 0.4000000060
138463  27.846  -36.471  -28.406 1.0000000000
138770  37.792  -35.279  -25.732 0.6999999881
139506  27.138  -40.070  -29.227 0.8999999762
139603  31.839  -48.859  -29.691 0.6999999881
139618  32.516  -50.272  -30.758 0.5000000000
139759  27.451  -33.367  -30.103 0.8999999762
139899  32.338  -34.299  -27.922 0.8999999762
140234  31.605  -33.516  -28.615 0.8000000119
140860  30.008  -53.899  -27.398 0.4000000060
141445  32.022  -25.835  -32.015 0.5000000000
141524  34.448  -37.940  -28.985 0.6999999881
141528  34.096  -49.256  -26.337 0.8000000119
141534  33.641  -45.140  -21.431 0.8999999762
142157  28.265  -34.258  -30.583 0.8000000119
142211  31.155  -38.678  -21.786 0.4000000060
142337  28.168  -43.432  -22.433 0.5000000000
142366  32.858  -22.302  -34.067 0.4000000060
142822  26.592  -49.769  -23.198 0.6000000238
143033  32.345  -33.940  -31.336 0.8000000119
143340  28.671  -45.352  -24.548 0.6999999881
143742  34.417  -39.856  -26.870 1.0000000000
143745  33.787  -39.392  -27.058 1.0000000000
