#!ascii label  , from subject sub-v1s21x0050402_ses-1 vox2ras=TkReg
758
11032  26.885  -74.283  1.847 0.3000000119
17220  25.033  -65.779  6.904 0.6000000238
19035  25.281  -63.876  3.760 0.6999999881
19036  25.055  -63.552  2.774 0.6999999881
10169  26.338  -74.685  2.102 0.4000000060
12594  26.054  -71.580  7.430 0.4000000060
11013  27.594  -74.029  2.380 0.5000000000
11012  28.442  -73.642  1.973 0.5000000000
16444  25.246  -65.835  7.537 0.6999999881
17266  25.357  -65.644  5.467 0.6999999881
17241  25.310  -65.630  6.278 0.5000000000
18122  25.766  -64.155  4.583 0.6000000238
19943  25.682  -63.052  3.423 0.6999999881
19950  25.344  -62.707  2.403 0.6999999881
10999  27.056  -74.299  3.618 0.5000000000
12604  26.355  -71.926  6.759 0.4000000060
11014  26.951  -74.400  2.704 0.6000000238
13344  26.104  -70.179  8.335 0.4000000060
14167  26.083  -69.315  8.710 0.5000000000
121807  27.585  -73.625  4.250 0.6000000238
119564  25.375  -68.790  8.953 0.6000000238
14935  25.574  -67.935  8.841 0.6000000238
10998  27.690  -73.887  3.355 0.6000000238
127487  25.855  -66.122  8.182 0.6000000238
17240  25.975  -65.076  6.079 0.6000000238
18107  26.289  -64.211  5.505 0.6000000238
20789  26.643  -62.189  4.315 0.6999999881
129592  25.897  -63.541  4.161 0.6999999881
126516  26.222  -62.469  3.691 0.6999999881
20802  26.540  -61.800  3.500 0.6999999881
19949  25.728  -62.030  2.087 0.6999999881
20801  27.012  -61.023  3.128 0.6999999881
20811  26.461  -61.602  2.519 0.6999999881
21645  27.320  -60.356  3.689 0.6999999881
10149  26.530  -74.643  3.932 0.5000000000
116283  26.884  -73.662  5.480 0.5000000000
10935  26.415  -73.187  6.139 0.5000000000
128995  26.140  -70.971  7.883 0.4000000060
11826  28.370  -72.421  4.618 0.6000000238
122265  28.010  -73.028  4.763 0.5000000000
12615  28.296  -71.756  5.303 0.5000000000
17219  25.936  -65.424  7.653 0.6999999881
118357  25.433  -65.208  6.998 0.6999999881
19010  26.680  -63.463  5.492 0.6000000238
19935  27.096  -61.911  5.011 0.6000000238
114720  26.288  -63.528  4.847 0.6000000238
21634  27.489  -60.475  4.616 0.6000000238
123159  27.052  -61.267  4.234 0.6999999881
20810  26.967  -60.809  2.034 0.6999999881
115869  27.623  -59.556  3.182 0.6999999881
21654  27.377  -60.186  2.599 0.6999999881
113848  27.591  -59.675  4.098 0.6999999881
12593  26.689  -71.284  7.312 0.4000000060
10979  27.080  -74.044  4.580 0.5000000000
11807  26.557  -72.466  6.335 0.4000000060
14187  26.812  -69.762  8.276 0.5000000000
14934  26.476  -67.917  8.770 0.6000000238
11828  27.152  -72.681  5.821 0.4000000060
15709  25.900  -66.986  8.671 0.6000000238
11827  27.906  -72.482  5.335 0.4000000060
12603  27.199  -71.636  6.574 0.4000000060
12616  27.607  -72.056  5.915 0.4000000060
132641  27.788  -71.345  6.741 0.4000000060
112462  26.230  -64.891  7.063 0.6000000238
18989  26.819  -63.757  6.033 0.6000000238
19919  27.143  -62.309  5.606 0.6000000238
18988  27.158  -63.024  5.979 0.6000000238
20772  27.375  -61.179  5.126 0.6000000238
22561  27.607  -59.395  2.141 0.6999999881
23396  27.890  -58.802  2.842 0.6999999881
23395  28.116  -58.397  3.573 0.6000000238
122612  28.268  -57.828  3.248 0.6000000238
127768  27.314  -70.135  7.792 0.4000000060
16425  26.663  -66.353  8.530 0.6999999881
12592  27.471  -70.901  7.269 0.4000000060
132201  26.495  -65.728  8.182 0.8000000119
13376  28.467  -70.916  6.906 0.5000000000
18090  27.164  -63.688  6.813 0.6000000238
122261  27.340  -61.690  5.680 0.5000000000
23407  27.803  -58.165  2.066 0.6999999881
22539  28.174  -58.915  5.272 0.6000000238
22540  27.914  -59.751  5.050 0.6000000238
23403  28.070  -58.137  2.679 0.8000000119
23404  27.725  -58.733  2.012 0.8000000119
23388  28.247  -58.198  4.689 0.6000000238
24218  28.273  -57.811  3.918 0.6000000238
117943  27.545  -69.495  8.217 0.5000000000
117313  26.928  -68.856  8.614 0.6000000238
14954  29.188  -68.900  8.186 0.6999999881
14165  28.392  -69.319  8.126 0.4000000060
129632  26.834  -65.250  7.698 0.6999999881
18068  26.966  -64.488  7.311 0.6999999881
114791  27.354  -62.181  6.257 0.6000000238
21606  27.645  -60.721  6.240 0.6000000238
126110  27.603  -57.410  2.173 0.6000000238
21622  27.620  -60.555  5.447 0.6000000238
25096  28.060  -56.617  2.710 0.6999999881
25994  28.277  -55.261  2.050 0.6999999881
25091  28.275  -56.486  4.422 0.6999999881
111603  28.217  -57.161  3.635 0.6999999881
115366  28.130  -55.873  2.875 0.6999999881
14166  27.794  -68.854  8.533 0.5000000000
112837  27.572  -68.054  8.814 0.6000000238
115201  26.966  -67.139  8.777 0.6000000238
117100  28.830  -67.296  8.677 0.6999999881
14933  28.417  -68.497  8.534 0.6000000238
17206  27.282  -65.656  8.392 0.6999999881
15707  29.670  -67.522  8.433 0.6999999881
17218  27.525  -64.884  8.081 0.6999999881
18067  27.491  -64.040  7.698 0.6999999881
20743  27.628  -61.902  7.096 0.5000000000
18963  27.553  -63.258  7.528 0.6000000238
25101  26.923  -56.563  2.197 0.5000000000
22505  27.972  -59.452  6.621 0.6000000238
21590  27.603  -60.975  7.014 0.6000000238
25995  27.623  -55.674  2.269 0.6000000238
26858  28.496  -54.466  1.194 0.5000000000
130749  28.319  -58.226  5.652 0.6000000238
22524  27.762  -59.978  6.010 0.6000000238
26848  28.591  -54.750  1.582 0.6000000238
111175  28.505  -56.758  0.205 0.5000000000
26003  28.263  -57.689  -0.361 0.5000000000
25085  28.579  -56.718  5.289 0.6999999881
111099  28.286  -57.292  4.623 0.6999999881
27715  28.832  -54.166  3.341 0.6999999881
26844  28.597  -54.566  2.482 0.6999999881
108719  29.539  -55.927  0.724 0.5000000000
26830  28.613  -54.437  3.927 0.6999999881
27740  29.546  -54.301  1.364 0.6000000238
16424  27.545  -66.421  8.615 0.6000000238
16423  28.432  -66.507  8.717 0.6999999881
15708  27.949  -67.196  8.812 0.6000000238
16422  29.435  -66.592  8.577 0.6999999881
132473  27.750  -65.288  8.495 0.6999999881
19883  27.671  -62.572  7.532 0.6000000238
115492  26.940  -54.804  2.173 0.4000000060
26864  28.044  -56.509  -0.417 0.4000000060
24211  28.444  -57.532  5.496 0.6000000238
23365  28.285  -58.705  6.287 0.6000000238
112544  29.660  -57.057  0.245 0.5000000000
109457  28.756  -57.783  0.123 0.5000000000
109821  30.010  -54.784  0.743 0.5000000000
109877  31.151  -56.459  -0.575 0.4000000060
130516  28.986  -54.535  4.450 0.6000000238
118083  29.477  -53.454  2.391 0.6999999881
27725  29.148  -53.800  2.823 0.6000000238
122731  30.015  -53.663  1.070 0.5000000000
120487  28.848  -65.901  8.666 0.6000000238
115809  28.075  -65.666  8.688 0.6999999881
18049  30.104  -64.830  8.527 0.6999999881
18050  29.358  -64.782  8.641 0.6999999881
18051  27.915  -64.160  8.380 0.6000000238
19866  27.898  -62.923  8.071 0.6000000238
22490  28.174  -59.681  7.248 0.6000000238
20742  27.928  -61.378  7.536 0.5000000000
22506  27.720  -60.165  6.872 0.6000000238
25069  28.920  -57.057  6.102 0.6000000238
24199  28.661  -57.875  6.264 0.6000000238
108718  30.525  -57.829  -0.444 0.4000000060
118188  29.334  -58.773  -1.684 0.5000000000
26007  28.304  -57.549  -1.234 0.4000000060
25983  29.224  -54.975  4.947 0.6000000238
25115  31.911  -58.405  -2.282 0.4000000060
27714  29.405  -53.628  3.598 0.6000000238
28685  30.048  -52.833  1.499 0.5000000000
17204  28.751  -65.168  8.655 0.6999999881
112624  28.694  -64.258  8.628 0.6000000238
114283  29.647  -64.083  8.637 0.6999999881
18937  29.094  -63.369  8.617 0.6000000238
18938  28.271  -63.481  8.429 0.6000000238
117328  30.508  -64.100  8.429 0.6999999881
19865  28.540  -62.727  8.404 0.5000000000
22489  28.940  -59.245  7.368 0.6000000238
21589  28.901  -60.048  7.621 0.6000000238
23350  28.390  -59.048  6.974 0.6000000238
24198  29.467  -57.587  6.622 0.5000000000
25084  29.277  -56.342  5.716 0.6000000238
27705  29.241  -54.025  4.147 0.6000000238
28679  29.891  -52.851  2.244 0.5000000000
19863  30.237  -62.221  8.518 0.6999999881
19864  29.368  -62.524  8.558 0.6999999881
21570  29.070  -60.809  7.963 0.6000000238
24181  30.072  -58.050  7.174 0.6000000238
111855  29.825  -58.840  7.470 0.6000000238
25083  30.186  -56.106  5.992 0.6000000238
26820  30.105  -54.812  5.231 0.6000000238
28652  30.000  -53.105  3.653 0.5000000000
13393  29.480  -70.777  5.396 0.5000000000
14200  29.983  -70.152  6.893 0.5000000000
13374  30.068  -70.336  5.881 0.5000000000
111509  29.903  -68.919  7.793 0.6999999881
15728  31.046  -68.066  7.639 0.6999999881
14185  30.553  -69.385  7.304 0.5000000000
14199  30.757  -69.870  6.365 0.5000000000
117209  29.810  -68.306  8.191 0.6999999881
14953  30.515  -68.536  7.741 0.6999999881
130355  30.237  -66.238  8.422 0.6999999881
11052  27.028  -74.231  0.824 0.3000000119
17265  25.606  -64.924  5.080 0.6000000238
114995  25.969  -62.291  2.910 0.6999999881
21656  27.591  -60.142  1.293 0.6999999881
129495  28.775  -69.973  7.554 0.6000000238
129326  27.489  -61.122  5.750 0.6000000238
25094  28.128  -56.261  3.527 0.6999999881
25097  27.745  -56.599  2.414 0.6000000238
25990  28.256  -55.241  2.657 0.6999999881
26838  28.453  -54.691  3.226 0.6999999881
108720  28.454  -55.609  0.585 0.5000000000
117690  28.619  -54.621  0.138 0.5000000000
20728  28.058  -62.101  7.951 0.5000000000
20727  28.537  -61.416  7.987 0.5000000000
25977  29.653  -55.567  5.459 0.6000000238
127718  29.678  -54.330  4.655 0.6000000238
115928  28.762  -62.053  8.364 0.6000000238
20726  29.459  -61.613  8.389 0.5000000000
15727  31.736  -67.838  7.110 0.6000000238
123719  33.698  -64.730  5.641 0.6000000238
18106  33.870  -64.047  5.654 0.4000000060
17239  32.512  -65.594  6.356 0.5000000000
115537  31.596  -66.975  7.367 0.6000000238
15711  24.219  -67.673  8.446 0.5000000000
18105  34.886  -63.984  5.737 0.4000000060
15710  24.937  -67.324  8.602 0.5000000000
125569  24.467  -66.245  7.225 0.5000000000
16457  32.466  -66.369  6.158 0.5000000000
19916  36.096  -62.824  5.750 0.4000000060
16427  24.266  -66.873  7.964 0.5000000000
16459  25.029  -66.088  5.633 0.5000000000
18088  33.129  -64.288  5.871 0.6000000238
16460  24.740  -66.160  6.226 0.5000000000
16458  31.875  -66.159  7.036 0.5000000000
16443  31.093  -67.364  7.807 0.6000000238
19915  37.300  -63.019  5.202 0.4000000060
19009  34.065  -63.177  5.688 0.4000000060
15774  24.420  -67.188  4.007 0.5000000000
18089  32.553  -64.751  6.388 0.5000000000
16498  24.895  -66.238  5.078 0.5000000000
133755  24.548  -66.416  3.551 0.5000000000
17217  31.519  -65.604  7.585 0.6000000238
16442  31.122  -66.327  7.974 0.6000000238
16421  30.358  -67.003  8.290 0.6000000238
17285  25.052  -65.580  4.651 0.5000000000
17306  24.631  -65.190  2.433 0.5000000000
16510  24.526  -66.114  2.765 0.4000000060
18065  32.051  -64.360  7.001 0.5000000000
18066  31.493  -64.810  7.694 0.6000000238
17202  31.136  -65.448  8.013 0.6000000238
18048  30.866  -64.836  8.244 0.6000000238
16420  30.544  -65.562  8.340 0.6000000238
19008  35.038  -63.041  5.816 0.4000000060
16517  24.572  -65.911  1.770 0.5000000000
16524  24.641  -66.707  1.137 0.4000000060
18131  24.952  -64.524  3.104 0.6000000238
16518  24.528  -66.830  2.137 0.4000000060
18987  32.587  -63.894  6.384 0.6000000238
18961  32.120  -63.547  7.025 0.6000000238
119828  31.602  -63.946  7.602 0.6000000238
18962  31.665  -63.261  7.551 0.6000000238
20767  37.835  -62.151  5.401 0.4000000060
17312  24.697  -65.062  1.472 0.5000000000
16523  24.762  -65.831  0.823 0.4000000060
15797  25.310  -66.628  -0.634 0.4000000060
19917  34.275  -62.234  5.604 0.6000000238
116552  32.918  -62.669  6.044 0.6000000238
18986  33.189  -63.360  5.870 0.6000000238
113827  32.577  -63.109  6.459 0.5000000000
19881  32.115  -62.717  7.121 0.6000000238
19899  32.584  -62.488  6.462 0.5000000000
18935  31.085  -63.433  8.169 0.6000000238
120017  38.675  -61.675  5.008 0.4000000060
18146  25.461  -63.941  1.045 0.6000000238
18152  26.404  -64.437  0.012 0.5000000000
17322  26.393  -66.207  -0.893 0.5000000000
16534  26.145  -66.486  -1.342 0.5000000000
128246  35.040  -62.143  5.628 0.4000000060
20770  34.564  -61.179  5.394 0.5000000000
115947  32.896  -61.936  6.023 0.5000000000
20751  33.147  -60.975  5.737 0.5000000000
19882  31.800  -61.956  7.486 0.6000000238
116723  31.421  -62.643  7.845 0.6000000238
19862  30.800  -62.669  8.320 0.6000000238
21619  36.930  -61.097  6.117 0.4000000060
20768  36.618  -62.010  5.919 0.4000000060
21618  37.851  -60.860  5.703 0.4000000060
21617  38.651  -60.571  5.368 0.4000000060
20818  26.572  -61.513  1.705 0.6000000238
19055  26.528  -63.507  0.325 0.6000000238
18151  27.442  -64.813  -0.808 0.5000000000
16533  26.698  -66.166  -1.529 0.4000000060
20750  35.019  -60.685  5.377 0.4000000060
20771  33.674  -61.551  5.533 0.5000000000
20752  32.561  -61.325  6.474 0.5000000000
116139  32.290  -60.904  7.043 0.6000000238
20724  31.085  -61.844  8.200 0.6000000238
21568  30.799  -60.944  8.135 0.6000000238
22521  37.892  -59.829  5.783 0.4000000060
20817  27.528  -61.003  1.017 0.6000000238
19965  26.912  -62.645  0.513 0.6000000238
19054  27.163  -63.962  -0.417 0.5000000000
17334  26.023  -65.644  -1.967 0.5000000000
21601  36.046  -60.282  6.239 0.4000000060
21620  34.515  -60.036  4.908 0.5000000000
20741  31.623  -61.063  7.598 0.5000000000
20822  27.815  -61.389  0.213 0.6000000238
20825  27.904  -61.339  -0.084 0.5000000000
19972  27.638  -63.487  -0.989 0.5000000000
21621  33.924  -60.516  5.136 0.5000000000
21604  33.373  -60.047  5.238 0.4000000060
21586  32.131  -60.100  7.195 0.4000000060
21587  31.211  -60.182  7.809 0.4000000060
125071  29.587  -60.330  7.907 0.4000000060
23377  38.052  -58.940  5.903 0.4000000060
21600  37.104  -60.135  6.206 0.4000000060
123359  27.670  -59.549  1.052 0.6000000238
22501  36.413  -59.524  6.427 0.4000000060
23408  27.579  -58.827  1.440 0.5000000000
114729  27.559  -61.939  -0.178 0.5000000000
19968  27.024  -62.167  -0.478 0.4000000060
21662  27.912  -60.663  -0.085 0.4000000060
22522  34.058  -59.541  4.408 0.5000000000
22503  33.450  -59.133  4.604 0.6000000238
22487  31.493  -59.382  7.501 0.4000000060
22488  30.617  -59.394  7.710 0.4000000060
23364  32.821  -58.592  5.961 0.5000000000
24228  27.353  -58.050  1.632 0.5000000000
23412  27.482  -59.275  0.581 0.6000000238
23409  26.974  -58.546  1.020 0.4000000060
23347  31.505  -58.513  7.315 0.5000000000
119428  29.688  -59.670  7.708 0.5000000000
23363  33.505  -58.078  4.390 0.5000000000
22504  32.770  -59.592  6.035 0.5000000000
22486  32.233  -59.055  6.984 0.5000000000
22500  37.285  -59.284  6.310 0.4000000060
24180  30.979  -57.827  7.246 0.5000000000
24195  32.623  -57.705  6.013 0.5000000000
129952  33.202  -57.362  4.902 0.5000000000
25996  26.437  -55.587  2.303 0.4000000060
25976  30.597  -55.418  5.639 0.4000000060
25975  31.526  -55.399  5.529 0.4000000060
25067  30.759  -56.631  6.465 0.5000000000
25066  31.799  -56.602  6.150 0.5000000000
24196  31.290  -57.211  6.772 0.5000000000
120291  32.003  -57.241  6.420 0.5000000000
25081  32.717  -56.505  5.198 0.5000000000
25082  32.051  -56.012  5.522 0.4000000060
18123  25.157  -64.736  4.162 0.5000000000
19045  25.074  -63.203  1.861 0.6000000238
19958  25.412  -62.503  1.815 0.6000000238
14936  24.807  -68.223  8.811 0.5000000000
20725  30.331  -61.504  8.358 0.6000000238
21588  30.322  -60.219  8.004 0.4000000060
16499  24.676  -66.309  4.307 0.5000000000
17299  24.715  -65.527  3.590 0.5000000000
126612  24.928  -66.590  0.308 0.4000000060
19918  33.462  -62.479  5.730 0.6000000238
17317  25.335  -65.010  0.582 0.6000000238
112647  25.545  -66.045  -0.003 0.4000000060
20749  35.751  -60.988  6.026 0.4000000060
19049  25.820  -62.936  1.167 0.6000000238
17316  26.484  -65.456  -0.389 0.5000000000
16537  26.135  -66.364  -1.817 0.5000000000
15804  25.321  -66.685  -1.353 0.5000000000
17329  26.730  -65.738  -1.866 0.5000000000
123493  27.246  -63.205  -0.340 0.5000000000
18157  27.619  -64.564  -1.271 0.5000000000
19061  27.727  -63.870  -0.965 0.5000000000
21605  32.666  -60.519  6.226 0.5000000000
19067  27.340  -63.795  -1.293 0.5000000000
21659  27.906  -60.678  0.273 0.6000000238
119432  31.080  -58.922  7.569 0.3000000119
7935  29.346  -77.958  2.348 0.3000000119
7942  28.330  -77.334  2.104 0.3000000119
8529  29.258  -76.914  2.403 0.3000000119
9325  28.987  -75.977  0.741 0.3000000119
8541  28.499  -76.533  1.603 0.3000000119
9324  29.640  -75.688  1.330 0.3000000119
9337  28.977  -75.806  -0.658 0.3000000119
9336  29.621  -75.495  -0.184 0.3000000119
10147  33.814  -74.315  2.883 0.3000000119
10167  31.417  -74.486  2.071 0.3000000119
10199  30.973  -74.713  -0.197 0.3000000119
9351  30.254  -75.031  -1.059 0.3000000119
11010  32.068  -74.394  2.352 0.3000000119
10995  33.925  -73.317  2.811 0.3000000119
11009  32.729  -73.658  2.263 0.3000000119
10184  31.641  -74.453  0.600 0.4000000060
121379  30.822  -74.348  -0.962 0.4000000060
119914  31.217  -74.129  -0.939 0.3000000119
11873  34.280  -72.413  2.107 0.3000000119
11027  33.445  -73.534  0.984 0.4000000060
11047  34.682  -73.769  -0.937 0.4000000060
10198  32.068  -74.324  -0.810 0.4000000060
11863  34.704  -72.455  2.638 0.3000000119
10208  32.933  -73.983  -1.429 0.4000000060
12643  36.287  -71.478  2.578 0.4000000060
11871  35.534  -71.648  2.236 0.4000000060
10223  30.149  -74.472  -1.871 0.4000000060
125817  31.300  -73.180  -1.392 0.3000000119
11026  35.178  -72.872  -0.314 0.3000000119
11062  35.388  -73.477  -2.573 0.5000000000
11063  34.340  -73.959  -2.261 0.4000000060
133039  28.213  -73.725  2.816 0.5000000000
12660  36.294  -70.797  1.346 0.4000000060
11051  28.118  -73.990  -0.064 0.3000000119
11030  28.955  -73.554  0.618 0.4000000060
12708  29.438  -70.546  -2.353 0.3000000119
14168  25.229  -69.774  8.890 0.4000000060
113467  24.608  -69.079  9.048 0.4000000060
13394  28.737  -71.198  5.784 0.4000000060
11881  35.134  -71.888  0.374 0.4000000060
11046  36.135  -73.242  -1.682 0.5000000000
12626  28.738  -71.767  4.645 0.4000000060
125667  28.546  -72.746  3.933 0.4000000060
11872  35.127  -71.467  1.368 0.4000000060
11076  33.195  -73.282  -2.235 0.4000000060
11011  29.399  -73.221  1.713 0.5000000000
11913  31.661  -71.825  -1.877 0.5000000000
11029  29.695  -72.712  0.679 0.4000000060
11050  28.563  -72.997  -0.662 0.4000000060
12707  30.360  -70.456  -2.234 0.3000000119
11049  29.150  -72.434  -0.321 0.4000000060
13362  29.275  -70.357  7.160 0.4000000060
12674  35.213  -71.505  0.527 0.4000000060
11892  35.781  -72.321  -0.897 0.4000000060
12625  29.450  -71.628  4.329 0.4000000060
11865  29.048  -72.774  3.397 0.5000000000
11905  35.768  -72.606  -2.686 0.4000000060
12645  29.969  -72.197  3.445 0.5000000000
13451  34.911  -71.346  1.154 0.4000000060
12683  35.164  -71.576  -0.311 0.4000000060
12695  35.607  -71.862  -1.810 0.4000000060
12704  35.116  -71.845  -2.740 0.5000000000
12705  34.018  -71.403  -2.460 0.5000000000
11864  30.823  -72.041  2.286 0.5000000000
13435  35.053  -70.625  1.529 0.4000000060
12706  32.037  -70.893  -1.801 0.5000000000
11884  30.196  -72.519  1.514 0.4000000060
12698  29.212  -70.294  -2.081 0.4000000060
11906  29.013  -71.065  -1.363 0.4000000060
124260  29.689  -71.654  -0.247 0.4000000060
13409  29.905  -71.059  4.693 0.4000000060
14216  30.899  -70.008  5.398 0.3000000119
12684  33.798  -70.901  -1.001 0.4000000060
12696  34.090  -70.911  -2.100 0.4000000060
12624  30.584  -71.342  3.799 0.4000000060
15802  24.581  -67.322  -0.796 0.4000000060
130220  34.054  -70.606  1.357 0.4000000060
13452  34.048  -70.831  0.657 0.4000000060
13489  32.308  -70.439  -1.612 0.5000000000
13490  30.672  -69.807  -1.869 0.5000000000
13420  31.325  -70.389  3.305 0.5000000000
13436  32.924  -69.881  1.129 0.4000000060
12697  29.883  -69.757  -1.815 0.4000000060
11894  30.181  -71.984  0.616 0.4000000060
12687  29.620  -70.343  -1.280 0.4000000060
11893  30.290  -70.923  -0.122 0.4000000060
14198  31.426  -69.366  5.750 0.4000000060
13408  30.870  -70.619  4.296 0.3000000119
13464  33.506  -70.653  -0.087 0.4000000060
13478  32.255  -70.214  -1.222 0.4000000060
13407  31.297  -69.698  3.727 0.3000000119
13453  32.500  -69.821  0.356 0.4000000060
13465  32.230  -69.889  -0.464 0.4000000060
13479  31.239  -69.654  -1.395 0.4000000060
13467  30.635  -69.609  -1.300 0.5000000000
14281  31.874  -69.051  0.920 0.4000000060
12685  30.892  -69.588  -0.670 0.4000000060
12676  30.995  -70.231  0.133 0.4000000060
12663  31.204  -70.869  1.421 0.4000000060
13466  31.257  -69.515  -0.728 0.4000000060
132968  24.986  -74.416  -3.779 0.3000000119
10146  34.508  -74.616  2.852 0.3000000119
113044  35.082  -72.757  3.096 0.3000000119
12673  37.185  -70.203  0.589 0.4000000060
12661  35.688  -71.010  1.155 0.4000000060
13434  36.264  -70.306  1.316 0.4000000060
14215  31.360  -69.264  4.714 0.3000000119
14271  33.624  -69.878  2.014 0.4000000060
124000  31.279  -69.107  3.966 0.4000000060
14272  32.243  -68.794  1.425 0.4000000060
112732  31.620  -69.482  0.467 0.4000000060
116877  31.653  -68.927  1.357 0.4000000060
12675  31.525  -69.652  0.259 0.4000000060
13419  31.344  -69.729  2.264 0.3000000119
12644  31.304  -71.011  2.568 0.4000000060
10996  28.854  -73.271  2.701 0.4000000060
129167  31.831  -68.572  6.273 0.4000000060
8542  27.731  -76.978  1.339 0.3000000119
9311  29.996  -76.330  2.483 0.3000000119
8551  28.245  -76.294  0.475 0.3000000119
8603  24.220  -75.540  -3.512 0.3000000119
9382  25.250  -75.708  -3.331 0.3000000119
9335  30.294  -75.227  0.495 0.3000000119
10148  33.237  -74.038  2.727 0.3000000119
10185  30.893  -74.918  1.307 0.4000000060
11008  33.539  -73.251  2.447 0.3000000119
11048  32.740  -73.896  -0.003 0.4000000060
11064  33.817  -74.082  -1.437 0.4000000060
11861  36.537  -72.383  3.531 0.3000000119
12659  37.146  -70.637  1.139 0.4000000060
11087  35.014  -72.480  -3.152 0.4000000060
12709  28.919  -70.839  -2.268 0.3000000119
11912  33.528  -72.112  -2.514 0.5000000000
12686  30.355  -69.849  -0.989 0.4000000060
131086  31.276  -70.033  0.801 0.4000000060
16480  32.729  -66.549  5.121 0.4000000060
17263  33.781  -65.328  5.387 0.4000000060
17238  33.128  -65.111  5.882 0.5000000000
127293  32.340  -66.911  5.840 0.4000000060
15736  32.000  -67.000  6.611 0.4000000060
17260  37.561  -66.504  4.785 0.3000000119
16476  37.482  -66.379  4.090 0.3000000119
19026  38.202  -64.539  4.089 0.3000000119
18103  36.839  -64.728  4.479 0.3000000119
19006  37.025  -63.892  4.890 0.3000000119
19007  35.931  -63.855  5.366 0.3000000119
17280  37.679  -65.831  3.897 0.3000000119
17258  38.138  -65.458  4.110 0.3000000119
18118  38.191  -64.681  4.076 0.3000000119
18102  38.480  -65.648  4.996 0.3000000119
19005  37.917  -63.887  4.346 0.3000000119
19914  38.150  -63.233  4.528 0.3000000119
19025  38.662  -63.878  4.075 0.3000000119
19934  38.681  -63.813  4.070 0.3000000119
18084  39.419  -64.552  5.253 0.3000000119
18101  38.738  -65.039  4.801 0.3000000119
19024  39.490  -63.580  3.989 0.3000000119
19004  39.954  -64.160  4.791 0.3000000119
19003  40.306  -63.578  4.299 0.3000000119
18085  38.696  -64.741  5.655 0.3000000119
19933  39.197  -63.408  3.902 0.3000000119
20765  39.411  -62.243  4.109 0.3000000119
18983  39.767  -63.819  5.725 0.3000000119
21633  39.925  -61.378  3.904 0.3000000119
19913  40.492  -63.623  5.194 0.3000000119
19023  40.051  -63.143  3.678 0.3000000119
19932  39.632  -63.062  3.766 0.3000000119
20800  40.121  -62.630  3.587 0.3000000119
130544  39.249  -61.268  4.753 0.3000000119
21616  39.501  -60.409  4.930 0.3000000119
22520  38.720  -59.577  5.451 0.3000000119
23376  38.865  -58.616  5.485 0.3000000119
23360  38.256  -58.034  6.021 0.3000000119
23361  37.467  -58.420  6.466 0.3000000119
116671  34.592  -64.872  5.406 0.3000000119
17264  33.031  -65.835  5.553 0.4000000060
20766  38.851  -62.889  4.188 0.3000000119
115488  32.770  -66.235  4.395 0.5000000000
17259  38.014  -66.102  4.368 0.3000000119
19027  37.803  -64.801  4.022 0.3000000119
18100  39.098  -64.341  4.366 0.3000000119
19931  40.600  -63.125  3.954 0.3000000119
19941  40.846  -62.100  3.407 0.3000000119
20788  39.485  -62.998  3.782 0.3000000119
20786  40.391  -61.817  3.510 0.3000000119
121695  31.347  -69.404  2.921 0.3000000119
14258  31.332  -68.604  2.192 0.4000000060
126454  31.842  -66.609  2.319 0.4000000060
15782  31.449  -65.915  2.729 0.4000000060
120574  31.037  -68.042  3.752 0.3000000119
16508  31.641  -65.186  2.806 0.4000000060
16507  32.545  -65.429  3.092 0.3000000119
129076  30.859  -67.469  3.011 0.4000000060
16509  31.366  -65.276  2.904 0.4000000060
16495  33.004  -66.184  4.098 0.3000000119
15760  31.224  -66.145  3.470 0.3000000119
15773  31.099  -65.867  2.980 0.4000000060
16496  32.013  -64.924  3.195 0.4000000060
15746  31.923  -67.022  4.867 0.3000000119
16481  31.817  -65.730  3.794 0.4000000060
16479  33.654  -66.080  5.181 0.4000000060
14969  31.287  -67.354  4.253 0.3000000119
14960  32.136  -67.603  6.084 0.3000000119
121141  31.552  -68.506  5.013 0.3000000119
16497  31.292  -65.081  2.916 0.4000000060
112387  31.008  -66.886  2.760 0.4000000060
12642  37.142  -71.313  2.731 0.3000000119
14273  31.508  -68.349  1.851 0.3000000119
11840  40.660  -72.580  4.353 0.3000000119
11858  39.437  -71.824  3.831 0.3000000119
126771  38.836  -71.205  3.182 0.3000000119
14282  31.691  -68.451  1.617 0.3000000119
13416  42.935  -70.278  3.343 0.3000000119
12640  39.903  -70.553  2.659 0.3000000119
12639  40.991  -70.669  3.120 0.3000000119
12658  38.060  -70.598  1.095 0.3000000119
12672  37.870  -70.072  0.215 0.3000000119
15005  31.427  -67.744  2.191 0.3000000119
13386  41.825  -70.550  4.830 0.3000000119
13432  42.353  -69.539  2.905 0.3000000119
14230  43.143  -69.328  3.666 0.3000000119
12656  39.488  -69.804  1.672 0.3000000119
13418  41.039  -69.746  2.408 0.3000000119
13433  38.515  -69.864  0.542 0.3000000119
14231  41.966  -69.205  3.462 0.3000000119
14251  41.206  -69.290  2.745 0.3000000119
14266  39.059  -69.700  1.306 0.3000000119
122137  40.428  -69.763  2.144 0.3000000119
13450  37.168  -69.803  0.683 0.3000000119
14269  36.567  -69.526  1.524 0.3000000119
14270  35.221  -69.867  1.983 0.3000000119
13403  41.227  -69.573  4.261 0.3000000119
14280  38.067  -69.610  0.223 0.3000000119
14267  38.242  -69.375  0.523 0.3000000119
15004  31.864  -67.681  1.914 0.3000000119
14232  40.634  -69.287  3.253 0.3000000119
13404  39.746  -69.654  4.224 0.3000000119
14252  39.858  -69.476  2.303 0.3000000119
14268  37.556  -69.197  0.868 0.3000000119
14257  32.789  -68.552  2.326 0.3000000119
14992  32.467  -67.075  2.467 0.3000000119
13437  31.529  -69.046  1.340 0.3000000119
14234  37.918  -69.247  3.235 0.3000000119
123482  37.946  -68.897  0.912 0.3000000119
14256  34.056  -69.263  2.910 0.3000000119
12657  38.917  -70.354  1.751 0.3000000119
127659  40.457  -71.412  3.658 0.3000000119
7934  30.510  -77.981  2.438 0.3000000119
8540  29.110  -76.127  1.984 0.3000000119
10954  26.136  -74.010  5.830 0.5000000000
10978  27.534  -73.277  5.112 0.4000000060
10997  28.394  -73.307  3.403 0.5000000000
11028  32.199  -74.027  1.522 0.3000000119
11031  27.801  -73.974  1.351 0.3000000119
11061  35.305  -72.870  -3.069 0.4000000060
11075  34.634  -73.020  -2.980 0.4000000060
11088  34.641  -72.194  -2.960 0.4000000060
11806  26.955  -72.062  6.241 0.4000000060
11843  28.953  -72.194  4.060 0.4000000060
11844  28.125  -73.186  4.092 0.6000000238
11862  35.711  -72.538  3.310 0.3000000119
11874  29.762  -72.807  2.590 0.5000000000
11882  33.907  -72.801  1.604 0.3000000119
11883  30.745  -71.545  0.993 0.4000000060
11911  35.250  -72.347  -3.035 0.4000000060
12602  28.052  -71.633  6.233 0.4000000060
12614  28.939  -71.224  4.948 0.4000000060
12641  38.031  -71.215  2.975 0.3000000119
12662  31.327  -69.912  1.426 0.4000000060
13375  29.314  -70.640  6.326 0.5000000000
13391  31.139  -69.979  4.569 0.3000000119
13392  30.384  -70.525  5.065 0.4000000060
13402  42.711  -69.700  4.312 0.3000000119
13417  42.029  -70.375  3.284 0.3000000119
13431  43.191  -69.708  3.254 0.3000000119
13449  37.876  -69.725  0.214 0.3000000119
13491  29.693  -69.977  -2.164 0.4000000060
14169  24.333  -69.954  9.303 0.4000000060
14184  31.324  -69.287  6.699 0.5000000000
14186  29.542  -69.616  7.584 0.4000000060
14229  43.770  -69.819  3.797 0.3000000119
14237  31.120  -68.449  3.105 0.3000000119
14248  43.608  -69.824  3.560 0.3000000119
14249  43.112  -69.484  3.294 0.3000000119
14250  42.287  -69.237  3.020 0.3000000119
14265  41.502  -69.538  2.681 0.3000000119
14932  29.078  -68.080  8.555 0.6999999881
14952  31.323  -68.704  7.247 0.6999999881
14978  30.893  -66.867  3.207 0.4000000060
14993  31.188  -67.780  2.492 0.4000000060
15706  30.422  -67.809  8.064 0.6999999881
15772  32.183  -65.815  2.599 0.4000000060
15805  24.462  -67.136  -1.510 0.5000000000
16426  25.047  -66.476  8.111 0.6999999881
16536  26.666  -66.056  -1.923 0.5000000000
17203  29.614  -65.588  8.592 0.6999999881
17205  28.081  -64.886  8.592 0.6000000238
17216  31.970  -65.210  6.991 0.5000000000
17284  31.265  -65.075  2.834 0.4000000060
17298  30.981  -65.501  2.906 0.4000000060
17320  27.432  -65.199  -1.274 0.4000000060
17321  27.116  -65.691  -1.107 0.5000000000
17325  27.042  -65.707  -1.600 0.4000000060
17328  27.254  -65.148  -1.591 0.5000000000
18091  26.575  -64.340  6.464 0.6000000238
18139  24.729  -64.192  1.976 0.6000000238
18158  27.370  -64.523  -1.452 0.5000000000
18159  26.345  -64.429  -1.625 0.5000000000
18164  26.706  -65.182  -1.790 0.5000000000
18936  30.129  -63.197  8.576 0.6999999881
18939  27.801  -63.566  8.085 0.6000000238
19066  27.672  -64.035  -1.162 0.5000000000
19900  27.397  -62.764  6.875 0.6000000238
19920  26.766  -62.769  5.078 0.6000000238
19942  40.478  -62.760  3.614 0.3000000119
19956  27.247  -61.806  0.784 0.6000000238
19957  26.284  -62.254  1.480 0.6000000238
19967  27.331  -62.822  -0.456 0.5000000000
19973  27.225  -63.032  -1.023 0.4000000060
20740  32.178  -61.458  7.157 0.6000000238
20753  27.519  -61.438  6.339 0.6000000238
20769  35.454  -61.608  5.769 0.4000000060
20787  39.847  -62.503  3.666 0.3000000119
20826  27.604  -61.288  -0.261 0.5000000000
21569  29.936  -60.891  8.199 0.5000000000
21571  28.130  -60.596  7.519 0.5000000000
22523  27.986  -59.354  5.825 0.6000000238
22551  27.979  -58.998  4.367 0.6000000238
22552  27.833  -59.052  3.611 0.6000000238
22566  27.772  -60.077  0.216 0.6000000238
23346  32.190  -58.312  6.753 0.5000000000
23348  30.687  -58.556  7.468 0.5000000000
23349  29.032  -58.422  6.963 0.6000000238
23423  32.114  -58.178  -2.170 0.4000000060
24179  31.755  -57.782  6.872 0.5000000000
24197  30.389  -57.348  6.810 0.6000000238
24221  28.145  -57.390  2.827 0.6999999881
24224  27.957  -57.674  2.422 0.8000000119
24238  31.790  -57.964  -1.627 0.4000000060
25068  29.783  -56.810  6.361 0.6000000238
25110  31.160  -58.584  -1.130 0.4000000060
25111  32.206  -57.479  -1.971 0.4000000060
25112  30.791  -58.796  -2.490 0.4000000060
25113  30.050  -59.449  -1.517 0.5000000000
25114  32.169  -57.680  -2.112 0.4000000060
25968  31.159  -55.967  6.018 0.4000000060
25978  28.753  -55.816  4.992 0.6000000238
25984  28.551  -55.065  4.429 0.6999999881
25987  28.206  -55.258  3.605 0.6999999881
25991  28.006  -55.866  2.428 0.6999999881
26819  31.034  -54.740  5.324 0.4000000060
26843  29.100  -54.201  1.910 0.6000000238
27731  29.651  -53.530  1.763 0.6000000238
28667  29.738  -53.045  2.987 0.5000000000
109368  29.402  -58.549  -0.056 0.5000000000
109545  28.975  -56.508  0.729 0.5000000000
109591  31.293  -59.006  -1.792 0.4000000060
109663  28.785  -55.638  0.962 0.5000000000
110401  28.774  -59.004  -0.589 0.5000000000
110851  26.283  -62.956  4.244 0.6999999881
112551  27.974  -70.106  7.606 0.4000000060
113681  27.503  -62.264  -0.114 0.5000000000
113858  26.954  -57.369  1.812 0.5000000000
115121  32.377  -61.990  6.803 0.6000000238
115234  28.260  -55.741  4.252 0.6999999881
115701  31.792  -57.526  -2.343 0.4000000060
116904  26.773  -70.528  7.784 0.4000000060
117316  31.435  -66.973  2.360 0.4000000060
119476  27.962  -54.993  1.686 0.6000000238
124898  29.198  -55.234  1.196 0.5000000000
125238  30.214  -59.293  -0.723 0.4000000060
125953  34.914  -72.015  -3.019 0.5000000000
126237  31.801  -67.841  5.373 0.3000000119
126650  35.111  -73.884  -1.911 0.5000000000
127323  31.136  -64.224  8.095 0.6000000238
127712  27.428  -63.246  -0.680 0.5000000000
129648  38.099  -69.372  0.338 0.3000000119
129770  26.079  -68.530  8.799 0.5000000000
131146  30.133  -77.087  2.527 0.3000000119
131279  29.006  -54.027  3.789 0.6000000238
131308  24.985  -64.532  1.310 0.5000000000
131361  27.804  -60.123  0.520 0.6000000238
131614  28.376  -67.831  8.701 0.6999999881
131853  28.633  -71.720  -1.259 0.4000000060
132016  30.857  -71.802  3.103 0.4000000060
133202  28.194  -56.881  3.096 0.6999999881
133336  27.893  -57.171  2.494 0.6999999881
133367  28.985  -69.450  7.901 0.6000000238
