#!ascii label  , from subject sub-v1s21x0050422_ses-1 vox2ras=TkReg
2010
133326  -38.793  -15.318  46.691 0.0000000000
66932  -52.270  -5.608  22.571 0.0000000000
61014  -41.165  -11.945  31.323 0.0000000000
49429  -8.124  -23.875  47.654 0.0000000000
55145  -24.652  -17.131  47.002 0.0000000000
57033  -10.694  -16.129  47.114 0.0000000000
57852  -13.926  -14.183  55.041 0.0000000000
61100  -48.579  -11.267  25.511 0.0000000000
57122  -6.804  -15.843  38.752 0.0000000000
47306  -5.743  -25.512  56.138 0.0000000000
55210  -37.694  -17.063  40.117 0.0000000000
135937  -33.312  -16.426  44.572 0.0000000000
57899  -30.844  -14.986  48.280 0.0000000000
69635  -54.622  -2.773  19.125 0.0000000000
58974  -44.717  -13.535  28.279 0.0000000000
50459  -19.677  -22.074  44.158 0.0000000000
138333  -8.922  -11.702  43.164 0.0000000000
135923  -12.559  -19.263  46.731 0.0000000000
52370  -13.336  -20.014  41.709 0.0000000000
49483  -9.327  -24.356  42.971 0.0000000000
50346  -15.295  -22.226  56.401 0.0000000000
51278  -12.381  -21.000  59.055 0.0000000000
117539  -39.130  -12.934  35.466 0.0000000000
59706  -28.933  -12.241  53.336 0.0000000000
118584  -26.417  -14.509  43.850 0.0000000000
121888  -11.904  -14.759  51.068 0.0000000000
53278  -10.978  -18.819  51.316 0.0000000000
120385  -49.911  -6.399  26.855 0.0000000000
117618  -16.877  -23.979  52.605 0.0000000000
49431  -17.805  -22.941  47.917 0.0000000000
55173  -8.477  -17.413  42.879 0.0000000000
52409  -9.274  -19.527  37.381 0.0000000000
119732  -14.594  -13.989  59.637 0.0000000000
54222  -10.609  -19.246  56.049 0.0000000000
49391  -7.101  -24.283  51.786 0.0000000000
57071  -41.661  -15.234  44.998 0.0000000000
55157  -38.166  -17.447  43.872 0.0000000000
56151  -40.183  -16.950  42.953 0.0000000000
140726  -35.742  -16.264  45.639 0.0000000000
55184  -35.805  -17.979  42.922 0.0000000000
118990  -34.472  -14.752  47.586 0.0000000000
68728  -53.781  -4.068  20.858 0.0000000000
66047  -49.567  -6.214  21.504 0.0000000000
66951  -51.008  -5.962  19.387 0.0000000000
68759  -52.149  -3.507  17.864 0.0000000000
61041  -42.580  -11.855  29.446 0.0000000000
60997  -37.834  -11.957  32.044 0.0000000000
116956  -39.009  -11.298  28.818 0.0000000000
61080  -41.471  -11.793  26.514 0.0000000000
51377  -9.967  -20.979  47.074 0.0000000000
50445  -11.232  -22.155  45.070 0.0000000000
48421  -8.469  -24.957  45.459 0.0000000000
46523  -7.309  -26.452  43.562 0.0000000000
46512  -6.355  -26.115  44.627 0.0000000000
47325  -13.432  -24.495  54.413 0.0000000000
47308  -12.393  -24.980  56.437 0.0000000000
60933  -39.489  -11.620  38.424 0.0000000000
58858  -37.416  -13.547  42.500 0.0000000000
57115  -35.624  -15.826  40.397 0.0000000000
60908  -37.006  -12.192  40.246 0.0000000000
59840  -36.474  -12.541  37.503 0.0000000000
62779  -29.745  -9.984  51.831 0.0000000000
57059  -30.551  -15.034  44.556 0.0000000000
121794  -28.676  -13.522  46.243 0.0000000000
131418  -54.647  0.435  15.707 0.0000000000
74097  -55.933  2.588  15.228 0.0000000000
130767  -13.309  -14.414  52.823 0.0000000000
56054  -13.851  -16.712  51.163 0.0000000000
55106  -13.614  -17.025  53.367 0.0000000000
64115  -49.518  -8.676  27.247 0.0000000000
59050  -44.317  -13.326  24.401 0.0000000000
62117  -45.659  -10.488  24.296 0.0000000000
65089  -45.669  -7.914  25.159 0.0000000000
52294  -16.770  -20.329  53.168 0.0000000000
52313  -18.458  -20.424  51.761 0.0000000000
127230  -7.947  -15.647  47.442 0.0000000000
137816  -7.635  -15.476  44.923 0.0000000000
127186  -9.787  -17.095  45.323 0.0000000000
50524  -9.221  -22.080  40.810 0.0000000000
53356  -11.286  -19.539  38.687 0.0000000000
52382  -6.948  -21.223  38.735 0.0000000000
57839  -16.827  -14.548  60.115 0.0000000000
49335  -9.448  -23.154  58.068 0.0000000000
133143  -11.227  -19.608  58.152 0.0000000000
130041  -7.424  -21.910  56.726 0.0000000000
52283  -8.551  -21.334  54.287 0.0000000000
48326  -6.933  -25.132  54.132 0.0000000000
57097  -39.429  -15.592  42.182 0.0000000000
60796  -32.148  -11.664  50.776 0.0000000000
58798  -32.872  -13.539  49.212 0.0000000000
57044  -32.455  -15.668  46.477 0.0000000000
131238  -55.946  -0.606  18.338 0.0000000000
123041  -53.615  -1.455  17.227 0.0000000000
59963  -47.615  -13.472  26.561 0.0000000000
58073  -42.738  -13.112  25.760 0.0000000000
54294  -23.705  -18.367  44.063 0.0000000000
52360  -22.885  -19.582  45.129 0.0000000000
58863  -5.599  -13.681  41.190 0.0000000000
56078  -14.510  -16.454  46.761 0.0000000000
56113  -13.722  -16.467  44.258 0.0000000000
52357  -13.184  -20.192  44.329 0.0000000000
50484  -10.329  -22.533  42.294 0.0000000000
49520  -8.448  -23.761  40.917 0.0000000000
54224  -16.650  -18.722  57.034 0.0000000000
54214  -15.491  -18.749  59.073 0.0000000000
51289  -14.414  -21.753  57.744 0.0000000000
48301  -11.072  -24.310  57.781 0.0000000000
59879  -40.118  -12.287  33.536 0.0000000000
59865  -37.013  -12.612  34.113 0.0000000000
58791  -26.655  -13.599  50.096 0.0000000000
59730  -29.870  -12.860  50.771 0.0000000000
59775  -27.494  -12.538  48.106 0.0000000000
56098  -25.389  -15.734  45.553 0.0000000000
57005  -7.682  -15.357  49.412 0.0000000000
56974  -7.832  -16.356  52.089 0.0000000000
56997  -10.627  -15.656  49.290 0.0000000000
55124  -14.194  -16.968  49.211 0.0000000000
53296  -12.075  -18.623  48.992 0.0000000000
51358  -9.106  -21.376  49.289 0.0000000000
66911  -50.957  -4.731  24.653 0.0000000000
66039  -47.831  -5.800  23.558 0.0000000000
53260  -16.479  -19.447  55.486 0.0000000000
49358  -15.523  -22.970  54.995 0.0000000000
47343  -14.028  -23.513  51.383 0.0000000000
51390  -22.122  -20.912  46.831 0.0000000000
51369  -21.746  -21.702  49.275 0.0000000000
50388  -20.465  -21.864  51.347 0.0000000000
48360  -17.457  -23.561  50.646 0.0000000000
47356  -14.612  -25.045  49.603 0.0000000000
135315  -8.837  -12.193  44.739 0.0000000000
57940  -5.965  -14.571  43.525 0.0000000000
56171  -6.986  -16.323  40.570 0.0000000000
55189  -12.277  -17.169  41.216 0.0000000000
55203  -9.781  -17.304  39.813 0.0000000000
55238  -8.406  -17.236  37.845 0.0000000000
57846  -14.455  -14.285  57.112 0.0000000000
56025  -14.121  -16.615  59.245 0.0000000000
56033  -13.509  -16.624  58.362 0.0000000000
55096  -13.325  -17.184  55.753 0.0000000000
54235  -10.516  -18.611  54.133 0.0000000000
52301  -8.994  -21.280  52.008 0.0000000000
138265  -6.462  -23.349  49.335 0.0000000000
44484  -4.244  -29.393  54.605 0.0000000000
44502  -5.575  -28.244  51.725 0.0000000000
121281  -6.961  -26.830  47.413 0.0000000000
57927  -40.145  -14.770  46.481 0.0000000000
58824  -39.559  -13.977  47.098 0.0000000000
56105  -39.200  -16.325  44.881 0.0000000000
56106  -40.363  -16.098  44.707 0.0000000000
57067  -37.349  -16.163  45.666 0.0000000000
56103  -36.856  -16.510  45.009 0.0000000000
57916  -37.811  -14.370  47.694 0.0000000000
57924  -36.242  -15.321  46.866 0.0000000000
66934  -53.716  -5.235  22.415 0.0000000000
66931  -51.271  -5.665  22.300 0.0000000000
66063  -50.712  -6.530  20.516 0.0000000000
66945  -52.073  -5.805  20.904 0.0000000000
66953  -52.233  -5.424  20.022 0.0000000000
61030  -42.188  -11.954  30.376 0.0000000000
59920  -42.927  -12.411  30.399 0.0000000000
132580  -42.604  -12.424  31.045 0.0000000000
61026  -38.379  -11.562  30.756 0.0000000000
61028  -40.517  -11.688  30.571 0.0000000000
120824  -40.636  -11.581  29.678 0.0000000000
50422  -9.187  -22.487  47.382 0.0000000000
49447  -9.246  -23.667  46.273 0.0000000000
49446  -8.538  -24.181  46.836 0.0000000000
48420  -8.040  -25.379  46.006 0.0000000000
48419  -7.804  -25.587  46.337 0.0000000000
138082  -12.015  -24.655  52.323 0.0000000000
47323  -11.702  -25.080  53.896 0.0000000000
60886  -38.021  -11.658  42.203 0.0000000000
59821  -36.647  -12.637  41.404 0.0000000000
60910  -38.402  -11.098  40.687 0.0000000000
60920  -37.964  -11.691  39.327 0.0000000000
114132  -56.291  0.994  17.100 0.0000000000
114126  -54.958  1.689  14.649 0.0000000000
115776  -56.724  3.239  17.028 0.0000000000
57859  -13.172  -13.978  53.550 0.0000000000
56970  -14.059  -15.343  52.899 0.0000000000
56964  -14.519  -15.483  53.927 0.0000000000
62104  -49.309  -9.895  25.943 0.0000000000
63093  -50.927  -9.419  27.201 0.0000000000
61098  -46.952  -11.884  24.903 0.0000000000
60007  -45.508  -12.252  24.110 0.0000000000
61119  -47.070  -10.878  24.903 0.0000000000
63116  -46.691  -9.085  25.911 0.0000000000
53280  -17.365  -19.387  51.232 0.0000000000
52324  -18.158  -20.061  50.817 0.0000000000
56068  -25.669  -15.977  49.134 0.0000000000
140294  -24.575  -17.513  48.144 0.0000000000
119517  -7.191  -14.459  39.522 0.0000000000
56076  -8.846  -16.551  47.127 0.0000000000
56085  -8.640  -16.825  46.339 0.0000000000
56087  -9.988  -17.015  46.083 0.0000000000
50522  -7.586  -22.484  40.060 0.0000000000
51463  -7.817  -21.307  39.372 0.0000000000
50551  -6.552  -22.152  39.016 0.0000000000
58738  -18.151  -13.142  59.280 0.0000000000
56950  -17.595  -14.840  59.425 0.0000000000
48296  -6.763  -23.804  58.169 0.0000000000
50336  -8.195  -22.633  57.559 0.0000000000
122617  -6.560  -22.971  57.150 0.0000000000
49356  -7.273  -23.807  55.570 0.0000000000
137734  -6.531  -25.402  55.542 0.0000000000
57946  -41.984  -15.220  43.869 0.0000000000
57098  -40.231  -15.961  42.593 0.0000000000
57945  -40.546  -14.487  43.544 0.0000000000
58852  -40.185  -13.476  43.613 0.0000000000
57064  -34.275  -16.108  45.863 0.0000000000
57045  -33.218  -15.786  46.585 0.0000000000
56099  -32.891  -16.123  45.655 0.0000000000
56117  -32.170  -15.959  44.681 0.0000000000
70536  -55.594  -1.768  19.169 0.0000000000
118058  -53.543  -3.585  18.727 0.0000000000
69654  -52.361  -2.682  17.329 0.0000000000
69656  -54.050  -2.247  17.881 0.0000000000
70561  -54.640  -1.498  17.708 0.0000000000
58987  -45.974  -14.114  27.230 0.0000000000
58977  -47.769  -13.654  28.058 0.0000000000
58976  -46.940  -13.891  28.540 0.0000000000
59940  -42.686  -12.258  26.802 0.0000000000
59961  -41.893  -12.420  25.785 0.0000000000
58985  -43.510  -13.429  26.929 0.0000000000
58076  -44.660  -13.975  26.454 0.0000000000
60875  -8.777  -11.392  42.507 0.0000000000
59819  -6.461  -12.144  41.223 0.0000000000
59814  -7.293  -12.222  42.431 0.0000000000
54282  -13.878  -18.396  46.767 0.0000000000
54287  -14.456  -18.286  45.369 0.0000000000
53316  -13.644  -19.364  45.636 0.0000000000
49471  -10.613  -23.280  44.318 0.0000000000
125987  -11.452  -22.055  43.600 0.0000000000
49500  -9.754  -23.579  42.615 0.0000000000
50483  -9.884  -22.958  41.957 0.0000000000
48485  -8.950  -23.992  41.654 0.0000000000
48466  -8.174  -25.197  42.261 0.0000000000
52268  -15.769  -20.871  56.876 0.0000000000
52264  -15.801  -20.233  57.521 0.0000000000
51290  -14.987  -21.775  57.293 0.0000000000
125188  -10.605  -25.804  56.354 0.0000000000
47290  -11.908  -24.873  57.603 0.0000000000
132591  -10.407  -25.961  57.103 0.0000000000
46360  -9.451  -25.457  57.547 0.0000000000
59878  -39.467  -12.575  34.259 0.0000000000
59847  -38.028  -12.290  36.434 0.0000000000
59856  -36.650  -12.630  35.534 0.0000000000
59858  -38.336  -12.631  35.319 0.0000000000
59877  -38.508  -12.425  33.979 0.0000000000
60758  -27.660  -12.102  54.726 0.0000000000
136999  -26.481  -12.929  52.464 0.0000000000
125248  -27.578  -12.457  51.316 0.0000000000
59745  -31.757  -13.182  50.161 0.0000000000
60794  -30.996  -12.239  51.426 0.0000000000
59760  -30.245  -13.838  49.468 0.0000000000
58845  -27.582  -13.574  44.745 0.0000000000
58832  -28.220  -12.842  46.820 0.0000000000
58837  -26.791  -13.601  45.821 0.0000000000
57921  -26.222  -14.369  46.264 0.0000000000
57076  -25.938  -15.306  45.066 0.0000000000
55164  -24.984  -17.335  43.871 0.0000000000
57876  -10.432  -15.139  52.001 0.0000000000
56976  -9.879  -15.605  51.355 0.0000000000
56985  -9.200  -16.050  50.704 0.0000000000
56998  -11.570  -15.369  49.689 0.0000000000
57010  -12.933  -15.460  48.645 0.0000000000
56988  -13.108  -15.365  50.053 0.0000000000
54248  -12.977  -17.572  50.951 0.0000000000
54252  -13.167  -17.762  50.130 0.0000000000
54258  -11.835  -18.435  50.163 0.0000000000
140077  -10.729  -19.564  48.735 0.0000000000
53285  -10.601  -19.873  50.238 0.0000000000
66900  -50.549  -5.212  25.389 0.0000000000
66886  -52.710  -5.527  26.397 0.0000000000
66006  -52.345  -6.178  26.843 0.0000000000
65092  -47.960  -6.890  25.900 0.0000000000
66024  -46.478  -6.624  24.565 0.0000000000
123482  -48.163  -6.178  25.155 0.0000000000
66909  -49.358  -5.170  24.411 0.0000000000
54234  -16.685  -17.779  54.609 0.0000000000
51318  -17.467  -21.550  53.229 0.0000000000
51309  -16.598  -21.500  53.958 0.0000000000
49368  -16.644  -23.281  53.472 0.0000000000
48336  -15.573  -23.869  53.461 0.0000000000
117043  -16.152  -24.001  52.679 0.0000000000
51409  -21.085  -21.343  44.416 0.0000000000
52355  -22.474  -20.327  46.423 0.0000000000
51399  -21.023  -21.091  45.384 0.0000000000
50424  -18.397  -22.523  47.329 0.0000000000
50426  -20.528  -22.180  47.842 0.0000000000
136839  -19.922  -22.743  48.877 0.0000000000
50397  -21.124  -21.974  50.300 0.0000000000
49409  -20.373  -23.006  50.065 0.0000000000
49393  -19.572  -22.972  50.815 0.0000000000
49406  -17.444  -23.281  49.551 0.0000000000
118236  -15.159  -24.665  48.654 0.0000000000
124674  -8.878  -11.854  46.144 0.0000000000
56107  -7.859  -16.777  44.289 0.0000000000
57083  -6.354  -15.627  44.134 0.0000000000
56125  -6.180  -16.240  43.412 0.0000000000
56153  -6.437  -16.053  42.321 0.0000000000
56142  -7.737  -17.041  42.349 0.0000000000
54301  -14.224  -18.484  42.351 0.0000000000
139137  -13.111  -16.700  42.453 0.0000000000
54323  -13.472  -18.349  40.845 0.0000000000
53374  -10.952  -19.064  38.053 0.0000000000
55223  -11.647  -18.457  39.097 0.0000000000
55240  -10.305  -18.006  38.136 0.0000000000
55220  -8.586  -17.257  38.616 0.0000000000
54361  -9.574  -18.321  37.261 0.0000000000
54376  -7.877  -18.261  36.205 0.0000000000
126384  -14.490  -14.197  58.817 0.0000000000
52256  -14.122  -20.020  59.394 0.0000000000
54213  -14.829  -18.226  59.449 0.0000000000
54211  -13.266  -18.737  59.275 0.0000000000
54219  -11.070  -19.090  56.816 0.0000000000
55087  -12.845  -17.745  58.244 0.0000000000
55090  -11.877  -17.987  56.694 0.0000000000
55092  -13.040  -17.004  56.797 0.0000000000
55094  -11.983  -17.815  55.862 0.0000000000
55099  -11.815  -17.923  54.936 0.0000000000
54231  -10.400  -18.954  54.950 0.0000000000
51326  -8.001  -22.853  53.395 0.0000000000
52300  -8.806  -21.601  52.732 0.0000000000
51336  -7.984  -22.963  52.179 0.0000000000
51355  -7.494  -22.817  50.218 0.0000000000
49397  -6.075  -23.881  50.345 0.0000000000
42650  -4.703  -30.113  53.259 0.0000000000
44493  -4.594  -28.041  53.020 0.0000000000
58847  -42.372  -13.910  44.124 0.0000000000
54299  -38.437  -18.473  42.835 0.0000000000
54300  -39.174  -18.284  42.553 0.0000000000
55158  -39.349  -17.415  43.723 0.0000000000
57080  -41.329  -15.785  44.526 0.0000000000
56101  -34.507  -16.302  45.247 0.0000000000
56120  -35.632  -16.665  44.466 0.0000000000
55168  -36.821  -17.721  43.445 0.0000000000
57923  -35.368  -15.685  46.760 0.0000000000
68729  -54.224  -3.463  20.329 0.0000000000
66950  -50.269  -5.984  19.079 0.0000000000
67828  -50.174  -4.678  18.037 0.0000000000
139385  -50.625  -4.104  17.658 0.0000000000
67829  -51.602  -4.670  18.739 0.0000000000
68738  -53.235  -4.321  19.005 0.0000000000
59930  -43.804  -12.252  28.350 0.0000000000
59922  -45.159  -13.439  29.103 0.0000000000
59921  -44.347  -12.888  29.224 0.0000000000
59910  -44.352  -13.269  30.449 0.0000000000
59886  -36.658  -12.647  32.308 0.0000000000
61009  -36.932  -12.036  31.036 0.0000000000
133356  -37.340  -11.485  29.585 0.0000000000
61050  -38.063  -11.328  28.150 0.0000000000
117250  -38.820  -11.324  27.569 0.0000000000
61051  -39.810  -11.209  28.030 0.0000000000
61052  -42.215  -11.464  28.247 0.0000000000
52343  -11.225  -19.868  47.099 0.0000000000
52352  -11.592  -20.556  45.759 0.0000000000
51395  -10.706  -21.887  45.693 0.0000000000
49461  -10.289  -23.507  45.031 0.0000000000
48438  -9.419  -24.664  43.907 0.0000000000
48451  -8.209  -25.455  43.078 0.0000000000
47433  -8.220  -25.812  44.013 0.0000000000
47448  -5.954  -25.980  43.818 0.0000000000
48319  -14.382  -24.051  55.536 0.0000000000
49350  -14.571  -23.302  56.869 0.0000000000
119226  -12.909  -24.634  54.935 0.0000000000
60958  -38.993  -12.444  36.845 0.0000000000
57960  -37.523  -15.087  41.877 0.0000000000
56178  -36.430  -16.538  40.201 0.0000000000
57959  -36.563  -14.683  41.427 0.0000000000
58861  -35.776  -13.804  40.868 0.0000000000
58870  -35.454  -13.369  39.560 0.0000000000
129477  -36.771  -12.428  39.151 0.0000000000
60932  -37.979  -11.882  37.943 0.0000000000
61809  -29.144  -11.424  52.846 0.0000000000
57922  -30.105  -14.959  46.525 0.0000000000
57908  -29.840  -14.242  47.283 0.0000000000
57931  -29.212  -14.229  44.931 0.0000000000
58850  -28.442  -14.049  43.775 0.0000000000
131490  -53.937  0.684  14.052 0.0000000000
115914  -54.329  1.629  13.428 0.0000000000
75024  -53.868  3.113  14.430 0.0000000000
75017  -52.781  3.706  15.357 0.0000000000
57878  -12.581  -14.654  51.458 0.0000000000
56989  -13.460  -15.398  50.726 0.0000000000
129613  -13.992  -15.608  52.121 0.0000000000
56051  -13.814  -16.733  51.915 0.0000000000
54242  -11.947  -17.575  52.085 0.0000000000
65066  -49.986  -7.259  27.473 0.0000000000
140465  -51.261  -8.098  27.477 0.0000000000
60019  -44.026  -11.789  23.474 0.0000000000
62127  -44.368  -10.621  23.516 0.0000000000
140239  -44.284  -8.610  23.607 0.0000000000
63129  -45.442  -9.478  24.691 0.0000000000
64128  -46.956  -8.175  26.133 0.0000000000
54243  -16.598  -18.886  53.005 0.0000000000
53279  -16.819  -19.134  52.072 0.0000000000
132791  -17.232  -20.395  52.458 0.0000000000
51319  -18.230  -21.960  52.900 0.0000000000
49448  -17.172  -23.209  45.923 0.0000000000
49416  -16.184  -23.898  47.977 0.0000000000
135438  -7.611  -14.384  47.340 0.0000000000
58826  -7.970  -13.460  46.228 0.0000000000
57031  -7.854  -15.890  46.558 0.0000000000
56108  -8.578  -17.099  44.889 0.0000000000
56127  -9.523  -17.368  43.938 0.0000000000
51443  -10.798  -21.480  40.908 0.0000000000
52376  -12.377  -20.068  40.117 0.0000000000
51464  -10.043  -20.743  39.686 0.0000000000
52383  -8.800  -20.733  38.958 0.0000000000
52408  -8.181  -20.119  37.519 0.0000000000
61756  -16.521  -10.200  59.217 0.0000000000
59656  -16.813  -11.990  60.293 0.0000000000
57835  -14.918  -14.179  60.314 0.0000000000
51276  -11.074  -21.701  58.747 0.0000000000
53246  -11.723  -20.020  58.865 0.0000000000
135363  -10.402  -21.329  58.132 0.0000000000
51288  -10.040  -20.919  57.360 0.0000000000
53255  -9.788  -20.126  55.974 0.0000000000
53261  -9.350  -20.311  54.980 0.0000000000
51300  -7.870  -21.897  55.591 0.0000000000
50371  -7.731  -23.368  54.020 0.0000000000
49373  -6.714  -24.762  53.041 0.0000000000
55211  -38.905  -17.862  40.075 0.0000000000
55185  -39.703  -17.665  41.935 0.0000000000
56166  -39.583  -17.196  41.368 0.0000000000
57108  -39.177  -16.328  41.629 0.0000000000
118453  -38.368  -14.173  42.722 0.0000000000
59817  -38.679  -12.205  43.132 0.0000000000
58806  -32.097  -14.287  48.957 0.0000000000
58819  -34.355  -13.917  48.205 0.0000000000
124779  -32.520  -14.996  48.000 0.0000000000
57910  -31.347  -15.208  47.307 0.0000000000
57061  -31.588  -15.652  45.960 0.0000000000
123639  -52.251  -1.267  16.334 0.0000000000
131681  -53.610  -0.581  16.470 0.0000000000
139437  -55.445  -0.197  17.362 0.0000000000
59986  -47.540  -12.639  25.641 0.0000000000
61082  -49.894  -11.663  26.566 0.0000000000
59944  -49.189  -12.859  27.501 0.0000000000
61078  -39.666  -11.901  25.894 0.0000000000
58087  -43.368  -13.531  25.884 0.0000000000
59984  -45.716  -13.450  24.988 0.0000000000
54292  -24.292  -17.712  45.174 0.0000000000
53319  -24.054  -19.020  46.095 0.0000000000
53321  -22.644  -19.428  44.216 0.0000000000
51421  -21.652  -21.045  43.182 0.0000000000
58864  -6.056  -13.599  40.678 0.0000000000
57110  -6.273  -15.230  39.855 0.0000000000
57035  -12.492  -15.583  46.569 0.0000000000
57055  -12.690  -15.846  45.732 0.0000000000
57057  -14.154  -16.234  45.423 0.0000000000
54293  -14.501  -18.168  43.769 0.0000000000
52366  -13.496  -20.081  42.573 0.0000000000
51407  -12.374  -20.824  44.347 0.0000000000
51418  -12.087  -21.292  43.652 0.0000000000
51432  -12.269  -21.171  42.152 0.0000000000
50505  -10.325  -21.971  41.682 0.0000000000
55085  -16.996  -17.214  58.609 0.0000000000
53250  -16.000  -19.124  58.433 0.0000000000
52259  -14.769  -20.185  58.811 0.0000000000
51279  -13.286  -21.079  58.856 0.0000000000
49346  -13.759  -23.664  57.878 0.0000000000
139655  -12.765  -23.458  58.361 0.0000000000
49338  -11.853  -22.873  58.439 0.0000000000
48294  -10.156  -23.702  58.020 0.0000000000
47285  -8.055  -25.294  58.331 0.0000000000
135237  -6.543  -26.129  56.720 0.0000000000
61001  -40.765  -12.023  32.027 0.0000000000
59890  -41.885  -12.550  32.355 0.0000000000
59889  -41.131  -12.410  33.068 0.0000000000
55228  -36.723  -17.079  38.797 0.0000000000
59864  -36.117  -12.984  33.814 0.0000000000
60998  -38.497  -11.910  32.599 0.0000000000
140161  -26.044  -14.850  51.069 0.0000000000
56075  -25.834  -15.740  48.550 0.0000000000
62781  -31.003  -10.344  51.098 0.0000000000
60783  -30.275  -11.842  51.754 0.0000000000
59718  -29.684  -12.244  51.627 0.0000000000
59777  -29.179  -13.161  48.663 0.0000000000
59759  -28.892  -12.821  49.273 0.0000000000
60804  -28.083  -12.158  50.043 0.0000000000
58795  -26.810  -13.266  49.085 0.0000000000
126024  -26.409  -14.626  47.944 0.0000000000
55148  -24.602  -16.715  46.200 0.0000000000
54296  -24.422  -17.671  44.246 0.0000000000
75999  -52.601  5.167  14.854 0.0000000000
76940  -52.999  6.036  13.944 0.0000000000
76964  -54.349  5.873  12.431 0.0000000000
57016  -7.917  -15.358  48.394 0.0000000000
57007  -9.008  -15.815  48.525 0.0000000000
56994  -7.395  -15.662  50.406 0.0000000000
117587  -9.717  -15.846  48.935 0.0000000000
57020  -11.373  -15.532  47.675 0.0000000000
57021  -12.461  -15.388  47.862 0.0000000000
121549  -14.465  -16.556  47.693 0.0000000000
54276  -13.689  -18.208  47.617 0.0000000000
55116  -13.943  -16.710  50.179 0.0000000000
54260  -13.358  -17.945  49.306 0.0000000000
53303  -12.071  -18.615  48.226 0.0000000000
52338  -10.882  -19.554  47.980 0.0000000000
51368  -9.812  -20.751  47.897 0.0000000000
51375  -8.828  -22.174  48.093 0.0000000000
67790  -51.598  -4.507  23.971 0.0000000000
64149  -44.565  -7.933  23.671 0.0000000000
65118  -46.104  -7.022  22.573 0.0000000000
65119  -47.120  -6.878  22.116 0.0000000000
66046  -48.519  -6.000  22.050 0.0000000000
117398  -50.284  -5.014  22.895 0.0000000000
53257  -16.422  -19.627  56.511 0.0000000000
51294  -15.783  -21.510  56.171 0.0000000000
53264  -16.481  -19.415  54.542 0.0000000000
51308  -15.983  -21.649  54.975 0.0000000000
50356  -15.155  -22.623  55.851 0.0000000000
118049  -13.582  -23.497  52.255 0.0000000000
53315  -23.947  -19.071  46.941 0.0000000000
130870  -22.855  -20.244  47.432 0.0000000000
124713  -22.924  -19.955  48.965 0.0000000000
138899  -20.713  -21.518  46.643 0.0000000000
128090  -21.890  -21.602  47.925 0.0000000000
133320  -22.428  -20.589  50.100 0.0000000000
53283  -21.917  -20.093  51.116 0.0000000000
53290  -20.664  -19.564  51.062 0.0000000000
53289  -19.591  -19.786  50.712 0.0000000000
52305  -19.819  -21.148  52.336 0.0000000000
50381  -19.377  -22.305  52.133 0.0000000000
48345  -17.181  -23.853  51.785 0.0000000000
48381  -16.561  -23.857  49.099 0.0000000000
140383  -16.332  -24.119  50.185 0.0000000000
47351  -16.106  -24.076  51.318 0.0000000000
121453  -14.472  -24.773  50.226 0.0000000000
59801  -8.720  -12.194  44.031 0.0000000000
129935  -7.846  -13.988  44.628 0.0000000000
120339  -7.701  -13.474  43.853 0.0000000000
58849  -7.027  -13.592  43.261 0.0000000000
57947  -5.614  -14.503  42.658 0.0000000000
57100  -6.154  -15.231  40.785 0.0000000000
56185  -6.420  -15.842  40.010 0.0000000000
56111  -11.489  -16.541  44.629 0.0000000000
56143  -10.900  -17.087  42.924 0.0000000000
55175  -10.375  -17.289  42.116 0.0000000000
55224  -12.325  -18.064  39.787 0.0000000000
55204  -10.770  -17.316  40.307 0.0000000000
125195  -9.478  -17.296  41.596 0.0000000000
56173  -8.738  -17.155  40.087 0.0000000000
56187  -7.884  -17.045  39.279 0.0000000000
56198  -7.343  -16.317  38.181 0.0000000000
55251  -8.065  -16.824  36.741 0.0000000000
56028  -16.564  -16.216  59.665 0.0000000000
56948  -14.728  -15.687  60.237 0.0000000000
56947  -14.262  -15.596  59.828 0.0000000000
54216  -13.007  -18.123  58.689 0.0000000000
122936  -13.595  -16.846  58.583 0.0000000000
56951  -13.945  -16.124  59.009 0.0000000000
56034  -13.815  -15.931  57.907 0.0000000000
56038  -14.087  -15.873  56.647 0.0000000000
56961  -14.509  -15.619  54.958 0.0000000000
55101  -13.846  -17.214  54.262 0.0000000000
55105  -12.766  -17.286  53.300 0.0000000000
54245  -10.733  -18.600  52.140 0.0000000000
53266  -9.574  -19.731  53.982 0.0000000000
53271  -9.969  -19.907  52.513 0.0000000000
140705  -10.382  -19.994  51.520 0.0000000000
51350  -9.000  -21.365  50.141 0.0000000000
51365  -7.873  -22.503  49.271 0.0000000000
50410  -7.018  -23.578  48.415 0.0000000000
44468  -6.143  -27.744  55.475 0.0000000000
44466  -4.239  -29.450  55.647 0.0000000000
45472  -6.206  -27.069  55.233 0.0000000000
46398  -4.939  -26.849  53.772 0.0000000000
47331  -5.071  -26.171  52.808 0.0000000000
47340  -5.298  -25.883  52.018 0.0000000000
45519  -5.875  -27.304  50.599 0.0000000000
124932  -5.669  -24.808  50.868 0.0000000000
48368  -6.177  -24.766  49.416 0.0000000000
48390  -7.122  -25.016  48.511 0.0000000000
47392  -7.548  -25.410  47.736 0.0000000000
139654  -7.067  -26.294  46.125 0.0000000000
117744  -5.310  -26.942  44.881 0.0000000000
57051  -39.582  -15.368  46.280 0.0000000000
57917  -39.252  -14.907  47.099 0.0000000000
57068  -38.601  -15.814  45.698 0.0000000000
57069  -39.727  -15.784  45.385 0.0000000000
57050  -37.821  -15.454  46.352 0.0000000000
57926  -38.337  -14.940  47.212 0.0000000000
137505  -38.685  -14.235  47.545 0.0000000000
66933  -53.323  -5.445  22.927 0.0000000000
67800  -54.201  -4.984  23.168 0.0000000000
67799  -53.286  -4.848  23.540 0.0000000000
66056  -51.818  -5.878  21.707 0.0000000000
66938  -52.803  -5.517  21.847 0.0000000000
61029  -41.328  -11.774  30.447 0.0000000000
61015  -42.006  -12.143  31.257 0.0000000000
133560  -40.438  -11.753  31.275 0.0000000000
61027  -39.823  -11.611  30.866 0.0000000000
50431  -8.877  -23.426  47.146 0.0000000000
49445  -8.010  -24.456  47.393 0.0000000000
49458  -8.307  -24.757  46.507 0.0000000000
46419  -11.241  -26.097  52.550 0.0000000000
60900  -37.762  -11.541  41.238 0.0000000000
57860  -13.645  -14.148  54.247 0.0000000000
56963  -13.891  -14.673  53.642 0.0000000000
57853  -14.259  -14.806  54.528 0.0000000000
62103  -48.599  -10.303  25.557 0.0000000000
61101  -49.329  -10.954  25.872 0.0000000000
61099  -47.794  -11.579  25.221 0.0000000000
62102  -47.889  -10.572  25.142 0.0000000000
54262  -18.385  -18.741  49.161 0.0000000000
54261  -17.776  -18.932  49.763 0.0000000000
132509  -18.082  -19.307  49.649 0.0000000000
56074  -25.108  -15.948  48.567 0.0000000000
135906  -24.580  -16.704  48.297 0.0000000000
55142  -24.594  -17.346  47.706 0.0000000000
57966  -6.530  -15.298  39.264 0.0000000000
120600  -7.327  -15.201  38.678 0.0000000000
56077  -9.693  -16.538  47.236 0.0000000000
140217  -10.135  -16.741  46.727 0.0000000000
57053  -11.008  -16.341  46.266 0.0000000000
50539  -6.765  -22.088  39.540 0.0000000000
56953  -18.000  -15.003  58.576 0.0000000000
47294  -6.316  -25.224  57.003 0.0000000000
49345  -6.492  -23.582  57.561 0.0000000000
135904  -6.058  -24.797  56.234 0.0000000000
116735  -6.509  -24.345  56.116 0.0000000000
48310  -5.802  -25.402  55.935 0.0000000000
58854  -42.120  -14.308  43.733 0.0000000000
135589  -41.503  -14.732  43.669 0.0000000000
58853  -41.364  -13.871  43.626 0.0000000000
56100  -33.718  -16.250  45.519 0.0000000000
57063  -33.481  -15.973  46.008 0.0000000000
56119  -33.439  -16.368  45.198 0.0000000000
70535  -55.130  -2.343  19.392 0.0000000000
68748  -54.060  -3.197  18.871 0.0000000000
69644  -53.568  -2.995  18.202 0.0000000000
69645  -54.238  -2.699  18.481 0.0000000000
70547  -54.878  -2.183  18.496 0.0000000000
120231  -45.320  -14.077  27.796 0.0000000000
118994  -46.229  -14.092  27.935 0.0000000000
58975  -45.775  -13.900  28.583 0.0000000000
59942  -43.843  -12.861  27.665 0.0000000000
58984  -43.050  -12.798  26.927 0.0000000000
58986  -44.356  -13.781  27.439 0.0000000000
58066  -44.962  -14.143  27.096 0.0000000000
60860  -9.618  -11.422  43.224 0.0000000000
139456  -8.174  -11.810  42.905 0.0000000000
60874  -7.780  -11.614  42.099 0.0000000000
54286  -14.124  -18.730  45.978 0.0000000000
53312  -12.861  -19.672  46.008 0.0000000000
49484  -9.774  -24.039  43.431 0.0000000000
49485  -10.197  -23.478  43.433 0.0000000000
49499  -9.308  -24.040  42.236 0.0000000000
48467  -8.785  -24.685  42.424 0.0000000000
51293  -15.430  -21.693  56.840 0.0000000000
49348  -15.070  -22.415  56.920 0.0000000000
46385  -11.093  -26.009  57.021 0.0000000000
59868  -39.779  -12.929  35.105 0.0000000000
59859  -39.867  -12.876  35.901 0.0000000000
134707  -38.005  -17.512  39.617 0.0000000000
139157  -38.261  -12.459  35.875 0.0000000000
59867  -38.845  -12.793  34.769 0.0000000000
60760  -28.662  -12.052  53.639 0.0000000000
59696  -28.488  -12.286  54.381 0.0000000000
59705  -27.757  -12.257  53.290 0.0000000000
59716  -28.083  -12.213  52.170 0.0000000000
58796  -30.962  -13.800  49.647 0.0000000000
58804  -30.544  -14.374  48.966 0.0000000000
57935  -26.827  -13.989  44.403 0.0000000000
58844  -26.929  -13.663  45.107 0.0000000000
140421  -26.263  -14.652  44.569 0.0000000000
57930  -26.343  -14.360  45.249 0.0000000000
125314  -25.886  -15.212  44.333 0.0000000000
56134  -25.486  -15.876  43.943 0.0000000000
57084  -25.482  -15.677  43.097 0.0000000000
57877  -11.565  -14.640  51.830 0.0000000000
56977  -10.974  -15.001  51.130 0.0000000000
56986  -10.504  -15.554  50.313 0.0000000000
56987  -11.665  -15.101  50.465 0.0000000000
136681  -12.324  -15.228  50.049 0.0000000000
57885  -12.661  -14.935  50.673 0.0000000000
54247  -12.141  -17.770  51.273 0.0000000000
54251  -12.351  -17.978  50.482 0.0000000000
54250  -11.605  -18.296  50.846 0.0000000000
53286  -11.190  -19.014  50.364 0.0000000000
120323  -10.699  -19.669  51.081 0.0000000000
66017  -50.192  -5.749  26.080 0.0000000000
66884  -50.990  -5.645  26.148 0.0000000000
66005  -51.408  -6.306  26.827 0.0000000000
66003  -49.122  -6.504  26.679 0.0000000000
66015  -48.628  -6.314  26.064 0.0000000000
66016  -49.387  -5.925  26.083 0.0000000000
66898  -48.923  -5.709  25.237 0.0000000000
49369  -17.461  -23.263  52.984 0.0000000000
50366  -17.189  -22.767  53.283 0.0000000000
133023  -16.879  -23.699  53.131 0.0000000000
48337  -16.267  -23.819  53.366 0.0000000000
51408  -20.206  -21.511  44.683 0.0000000000
50413  -19.035  -22.714  48.313 0.0000000000
50404  -20.266  -22.959  49.497 0.0000000000
49419  -19.302  -23.001  49.278 0.0000000000
49407  -18.532  -23.231  49.823 0.0000000000
49418  -18.146  -22.902  49.002 0.0000000000
59781  -8.376  -12.701  46.241 0.0000000000
55150  -8.085  -17.132  43.848 0.0000000000
56126  -7.313  -16.576  43.590 0.0000000000
55172  -7.830  -17.072  43.182 0.0000000000
56141  -7.106  -16.449  42.828 0.0000000000
53327  -13.869  -19.310  42.166 0.0000000000
140316  -13.814  -17.961  41.387 0.0000000000
53333  -13.546  -19.213  41.211 0.0000000000
53373  -10.078  -19.264  37.732 0.0000000000
54362  -10.236  -18.587  37.744 0.0000000000
55253  -9.703  -18.007  37.585 0.0000000000
53391  -9.501  -18.865  37.092 0.0000000000
53403  -8.669  -18.811  36.582 0.0000000000
53390  -8.680  -19.419  36.831 0.0000000000
58737  -14.826  -12.905  59.811 0.0000000000
52255  -12.994  -20.444  59.304 0.0000000000
53244  -14.034  -19.160  59.562 0.0000000000
53243  -13.308  -19.739  59.446 0.0000000000
54220  -11.684  -18.463  57.245 0.0000000000
54223  -11.213  -18.736  56.350 0.0000000000
54228  -11.371  -18.359  55.796 0.0000000000
54227  -10.739  -18.946  55.614 0.0000000000
50380  -7.589  -23.700  52.637 0.0000000000
50387  -7.478  -23.547  51.454 0.0000000000
50386  -6.871  -23.919  50.832 0.0000000000
136213  -4.632  -32.009  51.450 0.0000000000
41736  -4.862  -31.079  52.959 0.0000000000
41744  -4.898  -31.072  52.005 0.0000000000
57933  -42.181  -14.681  44.500 0.0000000000
55169  -37.743  -17.859  43.393 0.0000000000
55170  -38.757  -17.825  43.159 0.0000000000
57070  -40.674  -15.444  45.506 0.0000000000
56124  -40.756  -16.343  44.016 0.0000000000
57081  -42.056  -15.442  44.258 0.0000000000
57065  -35.125  -16.210  45.596 0.0000000000
136554  -35.162  -16.332  44.932 0.0000000000
56102  -35.863  -16.351  45.057 0.0000000000
56122  -37.502  -16.956  44.447 0.0000000000
55156  -37.092  -17.308  43.916 0.0000000000
57048  -35.762  -16.083  46.213 0.0000000000
124936  -54.424  -3.611  21.197 0.0000000000
66053  -48.610  -6.571  21.333 0.0000000000
65127  -48.576  -6.890  20.807 0.0000000000
66054  -49.252  -6.660  20.851 0.0000000000
66944  -51.434  -6.139  20.113 0.0000000000
66072  -50.587  -6.474  19.767 0.0000000000
126232  -50.000  -5.409  18.512 0.0000000000
66959  -50.809  -5.218  18.753 0.0000000000
68745  -50.993  -4.386  18.218 0.0000000000
66952  -51.595  -5.405  19.366 0.0000000000
67813  -53.336  -4.651  20.515 0.0000000000
124566  -52.992  -4.868  19.832 0.0000000000
67821  -53.581  -4.205  19.946 0.0000000000
61042  -43.089  -11.720  28.310 0.0000000000
129296  -43.527  -12.409  29.532 0.0000000000
132862  -43.581  -12.875  30.625 0.0000000000
59898  -37.141  -12.187  31.838 0.0000000000
61010  -37.687  -11.809  31.329 0.0000000000
116959  -38.723  -11.423  29.878 0.0000000000
116960  -37.991  -11.445  29.985 0.0000000000
116957  -38.066  -11.425  29.162 0.0000000000
116955  -39.989  -11.431  29.034 0.0000000000
61040  -41.582  -11.598  29.384 0.0000000000
138561  -41.527  -11.391  28.509 0.0000000000
61053  -42.733  -11.677  27.429 0.0000000000
52347  -10.624  -20.570  46.697 0.0000000000
51387  -10.867  -20.930  45.969 0.0000000000
51386  -10.306  -21.378  46.390 0.0000000000
49459  -8.820  -24.343  45.871 0.0000000000
50443  -10.048  -23.103  45.795 0.0000000000
49460  -9.568  -23.881  45.356 0.0000000000
49470  -9.921  -23.969  44.329 0.0000000000
49469  -9.179  -24.531  44.897 0.0000000000
48437  -8.747  -25.190  44.460 0.0000000000
47418  -7.403  -25.977  45.355 0.0000000000
47432  -7.203  -26.209  44.395 0.0000000000
46522  -5.563  -26.331  43.882 0.0000000000
46511  -5.498  -26.305  44.450 0.0000000000
48318  -13.855  -24.510  55.129 0.0000000000
60944  -38.965  -11.950  37.620 0.0000000000
126255  -37.637  -14.405  42.385 0.0000000000
57106  -37.043  -15.482  41.070 0.0000000000
57951  -36.881  -14.198  42.116 0.0000000000
59825  -36.515  -12.557  40.618 0.0000000000
59820  -36.085  -13.177  40.999 0.0000000000
129303  -35.578  -13.596  40.326 0.0000000000
59824  -36.008  -12.985  40.139 0.0000000000
59829  -36.145  -12.835  39.286 0.0000000000
117118  -38.421  -11.694  38.501 0.0000000000
62773  -29.061  -10.271  52.539 0.0000000000
61811  -29.627  -10.845  52.292 0.0000000000
57932  -30.101  -14.985  45.473 0.0000000000
57938  -29.823  -14.678  44.538 0.0000000000
114966  -53.926  0.368  15.147 0.0000000000
115211  -54.474  0.981  14.852 0.0000000000
114128  -55.684  1.890  15.101 0.0000000000
73224  -54.656  2.069  14.096 0.0000000000
74104  -54.292  2.271  13.788 0.0000000000
75018  -54.650  3.229  15.052 0.0000000000
75019  -55.440  2.883  14.986 0.0000000000
117817  -12.502  -14.384  52.235 0.0000000000
57868  -13.423  -14.870  51.983 0.0000000000
56048  -14.484  -16.128  53.324 0.0000000000
56971  -14.295  -16.041  52.549 0.0000000000
56047  -14.017  -16.534  52.740 0.0000000000
55110  -13.315  -17.056  52.427 0.0000000000
64106  -49.244  -7.778  27.461 0.0000000000
65067  -50.840  -7.641  27.450 0.0000000000
64107  -50.083  -8.152  27.589 0.0000000000
60005  -43.810  -12.879  23.856 0.0000000000
61117  -45.694  -11.384  24.099 0.0000000000
61116  -44.943  -11.548  23.801 0.0000000000
62116  -45.138  -10.787  23.909 0.0000000000
63128  -44.804  -9.899  24.029 0.0000000000
64129  -47.867  -8.758  26.269 0.0000000000
64114  -48.587  -8.272  27.014 0.0000000000
64113  -47.858  -7.828  26.378 0.0000000000
54249  -17.180  -18.518  51.501 0.0000000000
52312  -17.720  -20.041  51.232 0.0000000000
53274  -17.204  -19.868  51.890 0.0000000000
123913  -18.101  -20.779  52.449 0.0000000000
51329  -18.333  -21.305  52.797 0.0000000000
48409  -16.565  -23.734  46.186 0.0000000000
57903  -7.677  -15.123  47.024 0.0000000000
56093  -9.072  -17.150  45.717 0.0000000000
56092  -8.511  -16.921  45.670 0.0000000000
56109  -9.244  -17.267  44.787 0.0000000000
52374  -10.799  -20.779  40.017 0.0000000000
51455  -9.743  -21.352  40.394 0.0000000000
52395  -7.927  -20.682  38.444 0.0000000000
51469  -6.754  -21.204  38.297 0.0000000000
57840  -17.575  -13.920  59.688 0.0000000000
58735  -16.377  -12.983  60.378 0.0000000000
58734  -15.454  -12.999  60.356 0.0000000000
57836  -15.920  -14.094  60.416 0.0000000000
51275  -10.483  -22.384  58.317 0.0000000000
51281  -10.541  -21.923  58.422 0.0000000000
50338  -9.857  -22.512  58.066 0.0000000000
51286  -7.194  -21.910  57.691 0.0000000000
51287  -9.197  -21.655  57.008 0.0000000000
52261  -8.395  -21.556  56.212 0.0000000000
52262  -9.414  -20.776  56.430 0.0000000000
52266  -8.364  -21.470  55.620 0.0000000000
51292  -7.404  -21.795  56.170 0.0000000000
48317  -7.118  -24.794  55.352 0.0000000000
50363  -7.658  -23.138  54.930 0.0000000000
49366  -7.484  -24.241  54.456 0.0000000000
49374  -7.402  -24.169  53.477 0.0000000000
48335  -7.001  -24.795  53.662 0.0000000000
55231  -39.051  -18.538  40.063 0.0000000000
55212  -39.784  -18.534  40.417 0.0000000000
55171  -39.643  -17.614  42.751 0.0000000000
54310  -39.643  -18.534  41.966 0.0000000000
57109  -39.699  -16.555  42.008 0.0000000000
57096  -38.533  -15.606  41.874 0.0000000000
57953  -39.190  -14.773  42.579 0.0000000000
58851  -39.215  -13.109  43.548 0.0000000000
126881  -34.916  -17.541  43.069 0.0000000000
59746  -32.579  -12.988  49.918 0.0000000000
58820  -35.214  -13.949  47.935 0.0000000000
57029  -32.724  -15.428  47.291 0.0000000000
57028  -32.021  -15.326  46.936 0.0000000000
57911  -31.960  -15.129  47.587 0.0000000000
57043  -31.761  -15.485  46.457 0.0000000000
57042  -31.027  -15.345  46.634 0.0000000000
57089  -31.638  -15.597  44.190 0.0000000000
114866  -56.266  0.245  18.447 0.0000000000
68758  -51.267  -3.780  17.701 0.0000000000
68768  -50.689  -3.522  17.013 0.0000000000
69653  -51.562  -3.111  17.155 0.0000000000
70568  -52.679  -1.843  16.962 0.0000000000
133097  -52.958  -1.130  16.648 0.0000000000
71463  -52.783  -0.653  16.013 0.0000000000
70562  -55.279  -0.715  17.605 0.0000000000
115319  -55.792  -0.078  17.762 0.0000000000
123582  -48.343  -12.890  26.260 0.0000000000
118110  -48.549  -13.229  26.953 0.0000000000
139644  -48.216  -13.248  28.432 0.0000000000
127427  -48.741  -12.728  28.369 0.0000000000
120735  -45.832  -13.712  30.058 0.0000000000
58964  -46.345  -13.761  29.348 0.0000000000
61062  -39.639  -11.431  26.870 0.0000000000
121212  -38.709  -11.479  26.402 0.0000000000
61079  -40.434  -11.692  26.335 0.0000000000
58998  -42.311  -12.815  25.499 0.0000000000
128256  -41.704  -12.858  24.871 0.0000000000
58086  -42.856  -13.281  25.695 0.0000000000
59000  -45.630  -14.054  26.469 0.0000000000
58089  -45.265  -13.840  25.727 0.0000000000
59962  -46.893  -13.370  25.922 0.0000000000
53322  -23.496  -18.944  44.718 0.0000000000
53326  -23.108  -18.809  43.758 0.0000000000
60889  -7.300  -11.544  41.286 0.0000000000
59818  -5.749  -12.912  41.224 0.0000000000
57961  -5.993  -14.429  40.617 0.0000000000
57036  -13.422  -15.635  46.394 0.0000000000
57037  -14.180  -15.937  46.195 0.0000000000
120644  -13.804  -19.534  44.820 0.0000000000
54290  -14.542  -18.125  44.622 0.0000000000
53320  -13.932  -19.603  43.932 0.0000000000
53325  -14.284  -18.989  43.510 0.0000000000
52362  -13.451  -20.147  43.400 0.0000000000
51396  -11.355  -21.350  45.349 0.0000000000
51397  -11.996  -20.845  45.073 0.0000000000
51406  -11.673  -21.606  44.504 0.0000000000
50471  -10.743  -22.823  43.354 0.0000000000
51417  -11.826  -21.590  42.871 0.0000000000
51431  -11.544  -21.723  42.123 0.0000000000
51430  -11.119  -21.768  41.611 0.0000000000
132813  -10.900  -22.110  42.108 0.0000000000
132136  -8.965  -23.424  41.158 0.0000000000
50503  -9.245  -22.838  41.091 0.0000000000
47449  -7.701  -26.032  43.714 0.0000000000
47465  -7.693  -25.882  43.056 0.0000000000
127418  -16.525  -18.630  57.954 0.0000000000
51284  -14.763  -20.937  57.992 0.0000000000
52260  -15.348  -20.234  58.116 0.0000000000
138943  -14.320  -21.210  58.199 0.0000000000
52258  -14.140  -20.754  58.789 0.0000000000
51283  -13.896  -21.531  58.252 0.0000000000
48307  -14.023  -23.761  57.305 0.0000000000
48306  -13.362  -24.133  57.743 0.0000000000
47289  -11.258  -25.027  57.681 0.0000000000
119421  -12.390  -23.816  58.270 0.0000000000
50339  -12.677  -22.580  58.450 0.0000000000
49342  -11.545  -23.669  58.110 0.0000000000
133897  -11.176  -23.107  58.253 0.0000000000
48300  -10.317  -24.315  57.824 0.0000000000
46371  -8.493  -26.144  57.312 0.0000000000
47286  -9.077  -25.108  57.989 0.0000000000
46358  -8.110  -25.949  57.787 0.0000000000
47295  -7.157  -25.777  57.782 0.0000000000
61000  -40.088  -11.950  32.541 0.0000000000
139092  -35.665  -16.338  40.054 0.0000000000
56194  -35.865  -16.693  39.488 0.0000000000
117641  -37.313  -12.568  34.969 0.0000000000
121629  -36.412  -12.785  34.732 0.0000000000
60989  -39.012  -12.181  33.415 0.0000000000
137111  -39.380  -11.924  32.853 0.0000000000
130135  -26.832  -13.000  51.671 0.0000000000
119038  -26.179  -13.717  52.097 0.0000000000
58787  -26.444  -13.984  51.185 0.0000000000
57004  -26.143  -15.377  49.665 0.0000000000
57894  -26.404  -14.371  49.403 0.0000000000
59731  -30.715  -12.910  50.942 0.0000000000
59719  -30.326  -12.490  51.343 0.0000000000
136617  -29.418  -14.074  46.578 0.0000000000
58817  -29.516  -13.619  47.956 0.0000000000
58833  -29.077  -13.389  47.044 0.0000000000
138831  -27.687  -12.722  47.022 0.0000000000
59776  -28.415  -12.479  48.519 0.0000000000
59758  -27.896  -12.213  48.612 0.0000000000
60793  -28.467  -12.362  50.313 0.0000000000
59741  -27.812  -12.218  49.434 0.0000000000
59757  -27.405  -12.537  48.812 0.0000000000
57058  -25.703  -15.148  45.891 0.0000000000
57907  -26.273  -14.469  47.196 0.0000000000
57041  -25.683  -15.112  46.963 0.0000000000
56090  -25.179  -15.606  46.629 0.0000000000
55149  -24.924  -16.033  46.099 0.0000000000
122044  -24.397  -17.052  45.508 0.0000000000
56097  -24.878  -16.347  45.281 0.0000000000
55178  -24.706  -17.624  42.610 0.0000000000
55163  -24.671  -17.701  43.418 0.0000000000
74998  -53.123  4.066  16.025 0.0000000000
74997  -52.561  4.227  15.346 0.0000000000
75979  -53.790  4.822  16.203 0.0000000000
76963  -53.350  6.011  12.744 0.0000000000
76941  -54.034  6.361  13.320 0.0000000000
57006  -8.329  -15.633  48.942 0.0000000000
57017  -8.482  -15.803  47.834 0.0000000000
56968  -8.505  -16.127  52.412 0.0000000000
56984  -8.070  -16.234  50.980 0.0000000000
119766  -9.587  -16.027  49.781 0.0000000000
57008  -10.573  -15.653  48.422 0.0000000000
57009  -11.732  -15.404  48.694 0.0000000000
57011  -13.784  -15.864  48.661 0.0000000000
56070  -14.222  -16.497  48.561 0.0000000000
134332  -14.473  -17.329  47.730 0.0000000000
55131  -14.402  -17.132  48.401 0.0000000000
118502  -13.938  -16.124  50.933 0.0000000000
55115  -13.626  -17.220  50.599 0.0000000000
54259  -12.474  -18.284  49.639 0.0000000000
54267  -12.754  -18.373  48.793 0.0000000000
53308  -11.568  -19.138  47.728 0.0000000000
53302  -11.365  -18.998  48.648 0.0000000000
52336  -9.710  -20.720  48.819 0.0000000000
52337  -10.281  -20.094  48.346 0.0000000000
51367  -9.278  -21.414  48.407 0.0000000000
51366  -8.607  -22.033  48.890 0.0000000000
66922  -50.667  -4.701  23.803 0.0000000000
67776  -51.719  -4.543  24.819 0.0000000000
59899  -42.688  -12.895  31.834 0.0000000000
64139  -45.135  -8.437  24.652 0.0000000000
65103  -45.236  -7.665  24.394 0.0000000000
66038  -47.077  -6.165  23.834 0.0000000000
66037  -46.141  -6.557  23.691 0.0000000000
66044  -46.735  -6.404  22.936 0.0000000000
65120  -47.851  -6.590  21.732 0.0000000000
66045  -47.553  -6.009  22.675 0.0000000000
66910  -50.150  -4.916  24.554 0.0000000000
66921  -49.175  -4.955  23.386 0.0000000000
54229  -16.734  -18.695  56.079 0.0000000000
52275  -16.146  -20.569  56.361 0.0000000000
139924  -16.393  -20.158  55.811 0.0000000000
54238  -16.605  -18.689  54.053 0.0000000000
53268  -16.583  -19.549  53.575 0.0000000000
50364  -15.891  -22.516  54.660 0.0000000000
120585  -16.422  -20.842  54.546 0.0000000000
50347  -15.542  -22.296  55.622 0.0000000000
117878  -15.048  -23.842  55.003 0.0000000000
138090  -15.413  -23.525  54.720 0.0000000000
138979  -14.457  -23.423  52.170 0.0000000000
47335  -14.515  -23.845  53.276 0.0000000000
47341  -12.550  -23.910  52.213 0.0000000000
47342  -13.269  -24.291  51.250 0.0000000000
53318  -23.571  -19.284  45.626 0.0000000000
52356  -22.960  -19.757  46.013 0.0000000000
52351  -22.963  -20.017  46.804 0.0000000000
52350  -22.590  -20.654  47.207 0.0000000000
52345  -23.011  -19.869  48.042 0.0000000000
52344  -22.582  -20.863  47.981 0.0000000000
51398  -20.243  -21.482  45.842 0.0000000000
50435  -19.275  -21.834  46.124 0.0000000000
51378  -21.346  -22.054  48.332 0.0000000000
119683  -21.836  -21.707  48.620 0.0000000000
51370  -22.215  -21.187  48.791 0.0000000000
51360  -22.117  -21.088  49.685 0.0000000000
52326  -22.428  -20.198  50.611 0.0000000000
51351  -22.113  -20.863  50.459 0.0000000000
50389  -20.909  -21.719  50.845 0.0000000000
52316  -21.404  -20.697  51.263 0.0000000000
53282  -21.163  -20.134  51.430 0.0000000000
53299  -20.074  -19.295  50.055 0.0000000000
53281  -20.292  -20.200  51.505 0.0000000000
123320  -19.628  -20.137  51.398 0.0000000000
51339  -20.325  -21.449  51.981 0.0000000000
49392  -18.872  -23.365  51.025 0.0000000000
127921  -19.138  -22.931  51.452 0.0000000000
48361  -18.094  -23.560  50.903 0.0000000000
49383  -18.454  -23.305  51.641 0.0000000000
48351  -17.311  -23.664  51.097 0.0000000000
137927  -15.650  -24.331  47.923 0.0000000000
48380  -15.724  -24.334  48.628 0.0000000000
47369  -14.918  -24.859  49.089 0.0000000000
128064  -15.471  -24.559  49.264 0.0000000000
137426  -15.227  -24.706  49.608 0.0000000000
47358  -16.060  -24.202  50.634 0.0000000000
47357  -15.280  -24.579  50.114 0.0000000000
47350  -15.306  -24.147  50.866 0.0000000000
60840  -9.155  -11.756  45.319 0.0000000000
60851  -9.280  -11.777  44.510 0.0000000000
57929  -7.689  -14.902  45.181 0.0000000000
58835  -7.778  -14.094  45.671 0.0000000000
57934  -7.241  -14.419  43.859 0.0000000000
58855  -5.844  -13.512  42.666 0.0000000000
56154  -7.073  -16.383  41.815 0.0000000000
129762  -6.097  -15.521  41.691 0.0000000000
56170  -6.619  -15.833  41.219 0.0000000000
56112  -13.129  -16.224  44.421 0.0000000000
128595  -12.432  -16.185  44.871 0.0000000000
56130  -12.338  -16.381  43.837 0.0000000000
56158  -12.623  -16.827  42.106 0.0000000000
56144  -11.925  -16.686  42.897 0.0000000000
56157  -11.568  -16.986  42.047 0.0000000000
52385  -11.655  -20.101  39.499 0.0000000000
53340  -12.867  -19.340  39.962 0.0000000000
54337  -12.396  -18.813  39.554 0.0000000000
134616  -10.624  -17.551  39.449 0.0000000000
124944  -11.470  -17.758  39.557 0.0000000000
140460  -10.341  -17.187  41.185 0.0000000000
55187  -9.659  -17.163  40.683 0.0000000000
56156  -8.639  -17.058  41.000 0.0000000000
55219  -7.569  -16.910  38.404 0.0000000000
55237  -7.891  -16.782  37.580 0.0000000000
128406  -14.393  -14.503  56.346 0.0000000000
55084  -16.283  -17.683  58.942 0.0000000000
123012  -16.387  -16.993  59.266 0.0000000000
55080  -14.099  -17.657  59.320 0.0000000000
55081  -14.779  -17.246  59.615 0.0000000000
56026  -14.372  -16.197  59.709 0.0000000000
129500  -11.948  -19.195  58.549 0.0000000000
53247  -12.586  -18.847  58.882 0.0000000000
55088  -13.052  -17.214  58.086 0.0000000000
56030  -13.894  -16.440  58.923 0.0000000000
56954  -14.130  -15.445  58.342 0.0000000000
56037  -13.861  -16.554  55.984 0.0000000000
126069  -14.348  -16.000  55.686 0.0000000000
56041  -14.403  -16.422  55.050 0.0000000000
55097  -14.017  -17.044  55.075 0.0000000000
136844  -11.240  -18.129  54.279 0.0000000000
55104  -11.917  -17.625  53.855 0.0000000000
54236  -11.168  -17.973  53.449 0.0000000000
54237  -11.869  -17.497  52.939 0.0000000000
54240  -10.698  -18.645  53.079 0.0000000000
52284  -8.905  -20.740  54.640 0.0000000000
53265  -9.300  -20.202  54.419 0.0000000000
52292  -9.049  -20.622  53.893 0.0000000000
51328  -8.677  -21.966  52.157 0.0000000000
122918  -9.155  -21.007  52.959 0.0000000000
52302  -9.519  -20.573  52.327 0.0000000000
52311  -9.528  -20.809  51.493 0.0000000000
52322  -9.556  -20.874  50.588 0.0000000000
52310  -9.024  -21.428  51.035 0.0000000000
50402  -6.795  -23.160  49.786 0.0000000000
51356  -7.852  -22.414  49.994 0.0000000000
50403  -7.245  -22.749  49.501 0.0000000000
50411  -7.275  -22.896  48.761 0.0000000000
122774  -6.693  -23.067  49.056 0.0000000000
44457  -5.601  -28.854  55.637 0.0000000000
42637  -3.947  -30.428  54.355 0.0000000000
42636  -3.092  -30.650  54.851 0.0000000000
138694  -4.223  -29.455  55.144 0.0000000000
136219  -5.006  -28.750  55.209 0.0000000000
44475  -4.606  -28.717  54.656 0.0000000000
45480  -5.923  -26.782  54.571 0.0000000000
121156  -4.531  -27.659  53.928 0.0000000000
45500  -5.087  -27.708  52.318 0.0000000000
45499  -4.560  -27.236  53.013 0.0000000000
46418  -5.019  -26.706  52.352 0.0000000000
120562  -5.813  -26.539  50.300 0.0000000000
128230  -5.708  -25.767  50.344 0.0000000000
47355  -5.760  -24.940  50.183 0.0000000000
47367  -6.071  -25.441  49.563 0.0000000000
46461  -6.753  -26.278  48.488 0.0000000000
47391  -7.150  -25.870  48.185 0.0000000000
47408  -7.315  -26.232  47.078 0.0000000000
47409  -7.596  -25.818  46.678 0.0000000000
57928  -41.081  -14.657  45.768 0.0000000000
58834  -40.482  -13.797  46.370 0.0000000000
56123  -38.702  -17.044  44.437 0.0000000000
57066  -36.347  -16.274  45.657 0.0000000000
56104  -37.989  -16.548  45.025 0.0000000000
57915  -36.729  -14.334  47.586 0.0000000000
57925  -37.282  -14.999  46.976 0.0000000000
57049  -36.783  -15.768  46.275 0.0000000000
58823  -38.151  -13.662  47.801 0.0000000000
67805  -53.575  -4.850  21.409 0.0000000000
67806  -54.369  -4.226  21.697 0.0000000000
127209  -54.284  -4.852  22.367 0.0000000000
66048  -50.398  -5.806  21.945 0.0000000000
140135  -50.074  -6.616  20.864 0.0000000000
137973  -51.115  -6.058  21.616 0.0000000000
66064  -51.335  -6.249  20.995 0.0000000000
67812  -52.826  -5.214  20.725 0.0000000000
59909  -43.224  -12.933  31.275 0.0000000000
61012  -39.166  -11.596  31.275 0.0000000000
139518  -39.172  -11.523  30.545 0.0000000000
117201  -39.704  -11.536  29.917 0.0000000000
51385  -9.790  -21.879  46.873 0.0000000000
50432  -9.577  -22.813  46.623 0.0000000000
47417  -7.153  -26.092  45.687 0.0000000000
47333  -12.205  -24.463  53.080 0.0000000000
47324  -12.669  -24.665  54.084 0.0000000000
46412  -11.527  -25.144  52.836 0.0000000000
46411  -10.929  -25.708  53.344 0.0000000000
59816  -37.698  -12.590  42.537 0.0000000000
59815  -36.919  -12.895  42.099 0.0000000000
59822  -37.300  -12.196  41.754 0.0000000000
60899  -37.095  -12.090  40.927 0.0000000000
60919  -37.234  -12.116  39.577 0.0000000000
60909  -37.659  -11.709  40.264 0.0000000000
60921  -38.862  -11.432  39.185 0.0000000000
62780  -30.391  -9.722  51.253 0.0000000000
57087  -29.917  -14.855  43.750 0.0000000000
135165  -55.345  0.727  15.888 0.0000000000
116003  -55.160  1.161  15.320 0.0000000000
115524  -55.841  1.316  15.728 0.0000000000
114134  -56.333  2.089  15.641 0.0000000000
116046  -57.111  3.374  17.946 0.0000000000
63101  -48.905  -9.017  26.618 0.0000000000
64116  -50.340  -8.760  27.231 0.0000000000
63102  -49.860  -9.481  26.480 0.0000000000
62092  -50.602  -10.049  26.752 0.0000000000
136110  -45.884  -12.791  24.529 0.0000000000
60008  -46.201  -12.069  24.455 0.0000000000
61118  -46.346  -11.143  24.529 0.0000000000
62118  -46.333  -10.227  24.743 0.0000000000
62119  -47.060  -9.978  25.152 0.0000000000
127133  -47.779  -9.656  25.605 0.0000000000
54253  -17.479  -18.824  50.581 0.0000000000
53287  -17.808  -19.559  50.371 0.0000000000
57003  -25.742  -15.848  49.793 0.0000000000
58866  -6.938  -13.630  40.134 0.0000000000
58867  -7.964  -13.601  39.691 0.0000000000
57032  -8.278  -16.309  46.882 0.0000000000
56086  -9.327  -16.942  46.580 0.0000000000
50523  -8.330  -22.349  40.396 0.0000000000
51454  -8.530  -21.706  40.143 0.0000000000
51453  -7.314  -21.941  39.878 0.0000000000
51462  -6.813  -21.704  39.352 0.0000000000
129601  -6.587  -21.667  38.961 0.0000000000
57841  -18.373  -14.080  59.050 0.0000000000
49341  -8.576  -23.674  58.286 0.0000000000
50337  -9.057  -22.858  57.795 0.0000000000
49340  -7.500  -23.180  58.306 0.0000000000
51285  -6.823  -22.055  57.730 0.0000000000
50345  -6.762  -22.240  56.678 0.0000000000
51299  -7.019  -21.813  56.081 0.0000000000
49349  -6.740  -23.351  56.250 0.0000000000
47314  -6.972  -25.506  55.007 0.0000000000
56152  -40.660  -16.303  43.154 0.0000000000
57099  -40.877  -15.467  43.543 0.0000000000
57954  -40.035  -15.085  42.832 0.0000000000
57944  -39.332  -14.126  43.397 0.0000000000
54297  -36.643  -18.147  42.976 0.0000000000
57046  -34.041  -15.931  46.567 0.0000000000
57030  -33.751  -15.598  47.288 0.0000000000
119807  -32.843  -15.882  46.053 0.0000000000
57062  -32.275  -15.874  45.977 0.0000000000
57079  -32.265  -15.978  45.569 0.0000000000
131568  -55.991  -1.091  18.967 0.0000000000
68747  -52.982  -3.644  18.341 0.0000000000
69643  -52.861  -3.063  17.826 0.0000000000
69655  -53.173  -2.364  17.585 0.0000000000
70548  -55.458  -1.387  18.305 0.0000000000
59001  -46.583  -13.871  26.555 0.0000000000
58989  -47.938  -13.597  27.347 0.0000000000
58988  -47.062  -13.966  27.457 0.0000000000
134094  -47.751  -13.498  28.750 0.0000000000
59939  -42.278  -12.218  26.421 0.0000000000
58983  -42.546  -12.562  26.312 0.0000000000
58999  -42.862  -13.013  26.141 0.0000000000
58074  -43.224  -13.360  26.311 0.0000000000
58065  -44.019  -13.817  26.856 0.0000000000
128239  -22.993  -18.988  42.935 0.0000000000
130177  -6.940  -11.969  41.764 0.0000000000
59813  -6.057  -12.576  41.941 0.0000000000
139692  -14.525  -17.499  46.808 0.0000000000
55147  -14.586  -17.423  45.722 0.0000000000
54283  -14.450  -17.923  46.347 0.0000000000
133020  -14.183  -19.000  45.274 0.0000000000
50457  -11.160  -22.544  44.397 0.0000000000
133426  -10.128  -22.999  42.707 0.0000000000
50482  -9.422  -23.479  41.755 0.0000000000
48484  -8.467  -24.530  41.593 0.0000000000
121997  -7.974  -25.137  41.420 0.0000000000
52265  -16.070  -20.162  56.980 0.0000000000
53254  -16.231  -19.484  57.554 0.0000000000
124866  -15.369  -20.950  57.386 0.0000000000
47307  -11.428  -25.347  56.147 0.0000000000
47297  -11.816  -25.292  57.073 0.0000000000
47296  -11.336  -25.450  57.407 0.0000000000
47288  -10.587  -25.013  57.665 0.0000000000
47287  -9.811  -24.935  57.697 0.0000000000
127488  -9.936  -25.698  57.192 0.0000000000
121011  -9.194  -25.880  57.275 0.0000000000
116336  -40.631  -12.812  34.613 0.0000000000
57114  -34.932  -15.388  40.217 0.0000000000
118312  -37.185  -12.304  37.028 0.0000000000
59857  -37.597  -12.428  35.699 0.0000000000
59866  -37.950  -12.468  34.474 0.0000000000
59695  -27.318  -12.139  54.311 0.0000000000
59715  -27.235  -12.491  52.346 0.0000000000
59727  -27.089  -12.929  50.725 0.0000000000
59732  -31.610  -12.594  50.953 0.0000000000
60795  -31.572  -11.765  51.218 0.0000000000
140558  -31.055  -13.244  50.405 0.0000000000
59744  -30.294  -13.403  50.167 0.0000000000
58839  -28.388  -13.571  45.330 0.0000000000
129967  -28.012  -13.164  46.023 0.0000000000
58831  -27.416  -13.015  46.399 0.0000000000
58830  -26.743  -13.571  46.708 0.0000000000
56116  -25.504  -15.891  44.811 0.0000000000
56115  -25.137  -16.601  44.328 0.0000000000
56133  -25.275  -16.645  43.335 0.0000000000
115346  -53.727  1.192  12.344 0.0000000000
56975  -8.769  -16.291  51.762 0.0000000000
56999  -12.542  -15.377  49.401 0.0000000000
57000  -13.420  -15.690  49.366 0.0000000000
56064  -13.965  -16.336  49.364 0.0000000000
55113  -13.468  -17.133  51.452 0.0000000000
53295  -11.637  -18.753  49.543 0.0000000000
53294  -10.953  -19.335  49.458 0.0000000000
52331  -10.269  -20.111  49.341 0.0000000000
52330  -9.593  -20.767  49.702 0.0000000000
129298  -51.412  -5.010  25.508 0.0000000000
66885  -51.833  -5.583  26.288 0.0000000000
65090  -46.440  -7.357  25.423 0.0000000000
65104  -45.777  -7.073  24.548 0.0000000000
66025  -47.263  -6.561  25.084 0.0000000000
66026  -47.777  -6.061  24.363 0.0000000000
66908  -48.470  -5.566  24.149 0.0000000000
66899  -49.747  -5.418  25.307 0.0000000000
54233  -16.481  -18.572  55.080 0.0000000000
52286  -16.801  -20.904  53.610 0.0000000000
51310  -16.906  -22.137  53.524 0.0000000000
50365  -16.470  -22.706  53.860 0.0000000000
49367  -15.984  -23.548  53.957 0.0000000000
48327  -15.591  -23.764  54.167 0.0000000000
47344  -15.275  -23.698  52.494 0.0000000000
117749  -14.897  -23.651  51.497 0.0000000000
52358  -21.592  -20.589  44.994 0.0000000000
52359  -22.280  -20.088  45.534 0.0000000000
51400  -21.748  -20.583  45.969 0.0000000000
118414  -21.260  -21.176  46.478 0.0000000000
50434  -18.425  -22.234  46.458 0.0000000000
50425  -19.429  -22.282  47.308 0.0000000000
50414  -19.964  -22.477  48.269 0.0000000000
50415  -20.749  -22.597  48.817 0.0000000000
50406  -21.257  -22.225  49.669 0.0000000000
50405  -20.918  -22.725  49.580 0.0000000000
50396  -20.783  -22.608  50.073 0.0000000000
128295  -20.587  -22.294  50.609 0.0000000000
135334  -19.926  -22.434  51.196 0.0000000000
49400  -19.656  -23.140  50.513 0.0000000000
49399  -18.740  -23.436  50.518 0.0000000000
49398  -17.819  -23.391  50.262 0.0000000000
47396  -15.243  -24.613  47.918 0.0000000000
47368  -14.501  -25.261  48.972 0.0000000000
46442  -14.046  -25.600  49.313 0.0000000000
59792  -8.643  -12.435  45.382 0.0000000000
57072  -7.568  -16.008  44.586 0.0000000000
132220  -7.411  -15.041  44.556 0.0000000000
120153  -6.770  -16.216  43.902 0.0000000000
132830  -5.915  -16.184  43.881 0.0000000000
57082  -5.812  -15.607  43.524 0.0000000000
56146  -14.149  -17.059  42.961 0.0000000000
56145  -13.563  -16.744  42.811 0.0000000000
55176  -13.989  -17.245  42.319 0.0000000000
55191  -13.686  -17.472  41.674 0.0000000000
55190  -13.096  -17.245  41.408 0.0000000000
54350  -11.424  -18.954  38.526 0.0000000000
55241  -10.988  -18.528  38.335 0.0000000000
55222  -10.930  -17.924  38.798 0.0000000000
55221  -9.834  -17.531  38.830 0.0000000000
55239  -9.371  -17.604  38.032 0.0000000000
136263  -9.083  -17.609  37.473 0.0000000000
55252  -8.519  -17.264  37.135 0.0000000000
54377  -8.954  -18.262  36.787 0.0000000000
53245  -14.803  -18.991  59.350 0.0000000000
128744  -15.535  -17.988  59.242 0.0000000000
134289  -14.292  -18.501  59.476 0.0000000000
53251  -10.935  -19.405  57.323 0.0000000000
53252  -11.535  -19.002  57.711 0.0000000000
55086  -12.406  -17.847  57.641 0.0000000000
55091  -12.552  -17.414  57.305 0.0000000000
135703  -12.979  -16.971  57.707 0.0000000000
55095  -12.521  -17.485  56.342 0.0000000000
124278  -12.659  -17.553  55.364 0.0000000000
54232  -10.951  -18.533  55.000 0.0000000000
51317  -8.274  -21.996  53.917 0.0000000000
52291  -8.692  -21.465  53.502 0.0000000000
51327  -8.468  -22.230  52.859 0.0000000000
51337  -8.330  -22.486  51.716 0.0000000000
51338  -8.613  -21.990  51.368 0.0000000000
51347  -7.813  -22.936  51.062 0.0000000000
50395  -7.228  -23.342  50.540 0.0000000000
50401  -6.232  -23.679  49.617 0.0000000000
130052  -4.377  -31.023  53.940 0.0000000000
43594  -4.277  -29.476  53.982 0.0000000000
44485  -4.375  -28.445  53.832 0.0000000000
43605  -4.743  -28.996  53.116 0.0000000000
43606  -5.259  -29.589  52.366 0.0000000000
132635  -5.647  -29.181  51.443 0.0000000000
118811  -6.346  -26.857  48.860 0.0000000000
54308  -38.298  -19.105  42.460 0.0000000000
53331  -39.049  -19.536  41.895 0.0000000000
56139  -40.249  -16.995  43.561 0.0000000000
127572  -39.900  -16.830  44.246 0.0000000000
56140  -40.676  -16.489  43.548 0.0000000000
57090  -41.290  -15.899  43.917 0.0000000000
57939  -42.336  -14.653  44.004 0.0000000000
129872  -34.074  -16.460  45.056 0.0000000000
139485  -34.842  -16.557  44.563 0.0000000000
55154  -35.534  -17.024  43.979 0.0000000000
56121  -36.466  -16.791  44.440 0.0000000000
55155  -36.211  -17.178  43.956 0.0000000000
55167  -36.062  -17.617  43.520 0.0000000000
54298  -37.505  -18.381  42.966 0.0000000000
57914  -35.507  -14.775  47.304 0.0000000000
57913  -34.661  -15.657  47.046 0.0000000000
57047  -34.854  -16.017  46.392 0.0000000000
68740  -54.338  -3.183  19.564 0.0000000000
69621  -54.828  -2.663  20.143 0.0000000000
66062  -49.846  -6.727  20.221 0.0000000000
66071  -49.690  -6.489  19.492 0.0000000000
66082  -49.318  -5.955  18.717 0.0000000000
68746  -51.640  -4.072  18.245 0.0000000000
67820  -52.382  -4.867  19.226 0.0000000000
67830  -52.345  -4.185  18.560 0.0000000000
68739  -53.835  -3.667  19.395 0.0000000000
59931  -44.318  -12.915  28.542 0.0000000000
126978  -44.959  -13.508  29.915 0.0000000000
61025  -37.496  -11.633  30.489 0.0000000000
116958  -37.347  -11.380  28.615 0.0000000000
61049  -37.392  -11.270  27.663 0.0000000000
136625  -40.809  -11.338  28.564 0.0000000000
118264  -41.521  -11.351  27.673 0.0000000000
59941  -43.245  -12.112  27.427 0.0000000000
60859  -9.197  -11.783  43.728 0.0000000000
135262  -11.889  -19.386  47.058 0.0000000000
52349  -11.943  -19.887  46.355 0.0000000000
52348  -11.230  -20.332  46.360 0.0000000000
50433  -10.147  -22.219  46.197 0.0000000000
140191  -10.422  -22.510  45.730 0.0000000000
50444  -10.775  -22.832  45.192 0.0000000000
48452  -8.842  -25.118  43.449 0.0000000000
48436  -7.964  -25.632  44.977 0.0000000000
116660  -7.082  -26.561  44.000 0.0000000000
124172  -6.221  -26.449  43.760 0.0000000000
48320  -14.613  -23.356  55.935 0.0000000000
48312  -14.197  -23.823  56.448 0.0000000000
118600  -13.806  -24.242  55.938 0.0000000000
47317  -13.091  -24.631  55.894 0.0000000000
137137  -12.127  -24.759  54.653 0.0000000000
47316  -12.196  -24.840  55.492 0.0000000000
59848  -38.951  -12.755  36.128 0.0000000000
59849  -39.790  -12.652  36.594 0.0000000000
57116  -37.402  -16.283  40.597 0.0000000000
135073  -36.482  -15.865  40.618 0.0000000000
57105  -36.130  -15.168  40.814 0.0000000000
58862  -36.227  -13.828  41.535 0.0000000000
57958  -35.875  -14.403  40.929 0.0000000000
57964  -35.329  -14.941  40.571 0.0000000000
57963  -34.763  -14.646  40.117 0.0000000000
132608  -34.903  -13.932  39.872 0.0000000000
120070  -34.739  -13.734  38.885 0.0000000000
136796  -35.589  -13.133  38.664 0.0000000000
59834  -36.477  -12.596  38.416 0.0000000000
59841  -37.253  -12.254  37.811 0.0000000000
59835  -37.431  -12.106  38.672 0.0000000000
60943  -38.063  -12.110  37.263 0.0000000000
61808  -28.599  -11.043  53.345 0.0000000000
60771  -28.974  -12.036  52.950 0.0000000000
57909  -30.561  -14.961  47.404 0.0000000000
58818  -30.212  -14.463  48.214 0.0000000000
58840  -29.325  -14.259  45.837 0.0000000000
57937  -29.161  -14.265  44.085 0.0000000000
58846  -28.421  -13.811  44.428 0.0000000000
57936  -27.691  -13.840  43.974 0.0000000000
125626  -27.091  -14.138  43.634 0.0000000000
131553  -54.338  0.328  12.912 0.0000000000
116006  -54.297  1.451  14.044 0.0000000000
136396  -54.375  1.054  13.277 0.0000000000
131590  -54.339  1.147  12.807 0.0000000000
74113  -53.729  1.979  12.889 0.0000000000
120453  -53.623  2.551  13.633 0.0000000000
75023  -52.577  3.260  14.454 0.0000000000
128307  -53.492  3.609  15.709 0.0000000000
75001  -55.961  3.143  15.685 0.0000000000
136752  -13.740  -15.508  51.451 0.0000000000
136102  -14.115  -16.262  51.834 0.0000000000
55112  -12.761  -17.408  51.770 0.0000000000
54246  -11.300  -18.005  51.636 0.0000000000
65080  -49.314  -6.992  27.198 0.0000000000
66004  -50.676  -6.735  27.211 0.0000000000
64108  -50.921  -8.548  27.377 0.0000000000
60006  -44.678  -12.493  23.945 0.0000000000
60018  -43.314  -12.511  23.368 0.0000000000
63139  -44.218  -9.356  23.426 0.0000000000
64138  -44.509  -8.856  24.131 0.0000000000
63130  -46.249  -9.532  25.204 0.0000000000
63115  -45.828  -8.801  25.391 0.0000000000
64127  -46.191  -8.306  25.816 0.0000000000
65079  -48.609  -7.207  26.811 0.0000000000
54244  -16.936  -18.226  52.462 0.0000000000
53273  -16.741  -19.714  52.653 0.0000000000
52295  -17.463  -20.944  52.923 0.0000000000
129819  -17.592  -22.210  53.181 0.0000000000
50372  -17.890  -22.644  52.920 0.0000000000
50472  -19.812  -22.835  43.467 0.0000000000
50458  -19.009  -22.504  44.114 0.0000000000
50446  -18.383  -22.489  44.891 0.0000000000
49449  -17.850  -22.517  45.759 0.0000000000
50423  -17.487  -22.748  46.765 0.0000000000
49430  -16.842  -23.322  47.463 0.0000000000
49417  -17.087  -23.319  48.548 0.0000000000
48393  -15.690  -24.308  47.269 0.0000000000
58811  -8.011  -13.275  47.215 0.0000000000
58825  -7.719  -14.222  46.603 0.0000000000
57918  -7.658  -15.049  46.114 0.0000000000
57052  -7.780  -15.896  45.538 0.0000000000
56084  -8.140  -16.560  46.086 0.0000000000
56091  -8.131  -16.673  45.207 0.0000000000
137629  -8.376  -17.132  44.282 0.0000000000
55151  -8.749  -17.316  44.111 0.0000000000
55160  -9.012  -17.496  43.396 0.0000000000
136129  -12.358  -20.520  40.814 0.0000000000
53332  -13.012  -19.885  40.757 0.0000000000
52375  -11.658  -20.711  40.445 0.0000000000
52384  -10.766  -20.278  39.140 0.0000000000
134009  -9.132  -21.059  39.628 0.0000000000
52397  -10.433  -19.770  38.425 0.0000000000
52396  -9.262  -20.103  38.185 0.0000000000
60718  -16.566  -10.496  59.998 0.0000000000
60717  -15.681  -10.380  60.326 0.0000000000
59654  -15.142  -11.796  60.391 0.0000000000
58733  -15.011  -12.918  60.156 0.0000000000
130004  -14.762  -13.873  60.062 0.0000000000
51277  -11.609  -21.303  58.871 0.0000000000
130860  -12.458  -20.079  59.233 0.0000000000
52253  -11.349  -20.885  58.876 0.0000000000
51282  -10.842  -21.203  58.648 0.0000000000
52257  -10.541  -20.753  58.105 0.0000000000
51280  -9.094  -22.407  57.516 0.0000000000
52263  -10.555  -20.019  57.531 0.0000000000
137429  -10.069  -20.186  56.697 0.0000000000
53256  -10.438  -19.607  56.561 0.0000000000
135092  -10.202  -19.650  55.834 0.0000000000
53259  -9.838  -19.957  55.372 0.0000000000
53258  -9.407  -20.388  55.469 0.0000000000
52274  -8.918  -20.822  55.258 0.0000000000
51307  -8.180  -21.904  54.775 0.0000000000
51306  -7.720  -22.320  55.331 0.0000000000
51316  -7.974  -22.513  54.393 0.0000000000
49382  -7.097  -24.386  52.679 0.0000000000
54319  -39.641  -19.233  41.522 0.0000000000
54320  -39.940  -18.616  41.246 0.0000000000
128290  -40.003  -16.783  42.426 0.0000000000
140069  -39.655  -17.280  41.730 0.0000000000
55199  -40.068  -18.445  40.775 0.0000000000
56180  -39.658  -17.713  40.696 0.0000000000
56165  -39.150  -16.856  41.069 0.0000000000
56179  -38.600  -16.923  40.556 0.0000000000
57107  -38.228  -16.041  41.207 0.0000000000
58859  -38.360  -13.277  43.120 0.0000000000
59733  -32.403  -12.407  50.474 0.0000000000
58797  -31.884  -13.712  49.444 0.0000000000
58805  -31.316  -14.617  48.957 0.0000000000
127462  -33.599  -13.762  48.626 0.0000000000
57912  -33.433  -14.708  47.960 0.0000000000
57902  -32.717  -14.344  48.525 0.0000000000
57901  -31.966  -14.860  48.425 0.0000000000
57900  -31.425  -15.065  48.162 0.0000000000
57060  -30.788  -15.393  46.090 0.0000000000
138462  -31.063  -15.348  45.329 0.0000000000
57078  -31.702  -15.691  45.104 0.0000000000
57077  -31.212  -15.314  44.388 0.0000000000
69663  -51.729  -2.149  16.641 0.0000000000
129781  -50.802  -2.056  16.173 0.0000000000
131602  -53.368  -0.174  15.567 0.0000000000
115097  -53.990  -0.035  15.882 0.0000000000
71452  -54.408  -0.746  17.098 0.0000000000
115481  -54.443  -0.135  16.457 0.0000000000
114130  -55.139  0.302  16.443 0.0000000000
131725  -55.689  0.283  17.123 0.0000000000
131831  -56.115  0.669  17.821 0.0000000000
59987  -48.508  -12.198  25.769 0.0000000000
140311  -49.165  -11.794  25.977 0.0000000000
61081  -49.153  -12.521  26.554 0.0000000000
59945  -49.781  -12.324  27.245 0.0000000000
59943  -48.471  -13.311  27.765 0.0000000000
59932  -47.378  -13.505  29.377 0.0000000000
59021  -43.784  -13.672  25.142 0.0000000000
58088  -44.281  -13.785  25.806 0.0000000000
59022  -44.812  -13.656  25.019 0.0000000000
59985  -46.499  -12.867  25.138 0.0000000000
54289  -24.432  -17.690  46.201 0.0000000000
54285  -24.570  -18.005  47.142 0.0000000000
118621  -24.215  -18.416  45.686 0.0000000000
53323  -23.974  -18.821  45.384 0.0000000000
52365  -22.522  -19.518  43.286 0.0000000000
52364  -22.018  -20.144  43.675 0.0000000000
136421  -22.095  -20.027  44.601 0.0000000000
52363  -21.602  -20.814  44.076 0.0000000000
51420  -21.245  -21.645  43.561 0.0000000000
51419  -20.491  -22.055  43.719 0.0000000000
60902  -7.047  -11.805  40.721 0.0000000000
57962  -6.333  -14.517  39.945 0.0000000000
57034  -11.628  -15.729  46.817 0.0000000000
57054  -11.918  -15.845  46.160 0.0000000000
57073  -13.149  -16.054  45.121 0.0000000000
57075  -14.075  -16.468  44.789 0.0000000000
56096  -14.440  -16.890  45.072 0.0000000000
55152  -14.457  -17.478  44.394 0.0000000000
55162  -14.327  -17.297  43.601 0.0000000000
122204  -14.372  -18.499  43.035 0.0000000000
53328  -14.187  -18.999  42.812 0.0000000000
52353  -12.355  -20.227  45.572 0.0000000000
134776  -12.624  -20.434  44.922 0.0000000000
52361  -12.797  -20.682  43.599 0.0000000000
140002  -13.077  -20.537  42.941 0.0000000000
118795  -12.945  -20.613  42.276 0.0000000000
52369  -12.680  -20.607  41.486 0.0000000000
51444  -11.817  -21.193  41.348 0.0000000000
51442  -9.896  -21.831  41.144 0.0000000000
50504  -9.808  -22.360  41.521 0.0000000000
55089  -16.768  -17.905  58.297 0.0000000000
54218  -16.152  -18.387  58.711 0.0000000000
53253  -15.825  -19.744  58.149 0.0000000000
53249  -15.332  -19.539  58.805 0.0000000000
53248  -14.655  -19.599  59.281 0.0000000000
134118  -13.575  -20.409  59.293 0.0000000000
139241  -14.795  -22.920  57.057 0.0000000000
50342  -14.578  -22.635  57.395 0.0000000000
50341  -13.990  -22.505  57.895 0.0000000000
48302  -12.598  -24.316  57.988 0.0000000000
48303  -13.149  -23.885  58.255 0.0000000000
49343  -13.453  -23.262  58.181 0.0000000000
50340  -13.320  -22.107  58.288 0.0000000000
50335  -12.701  -21.689  58.626 0.0000000000
50333  -11.403  -21.993  58.684 0.0000000000
50332  -10.626  -22.643  58.304 0.0000000000
48293  -9.467  -23.770  58.136 0.0000000000
48299  -9.581  -24.389  57.980 0.0000000000
48298  -8.786  -24.462  58.316 0.0000000000
48297  -7.698  -24.233  58.420 0.0000000000
47284  -6.881  -24.836  58.074 0.0000000000
130599  -41.121  -12.723  33.959 0.0000000000
56195  -37.004  -17.098  39.633 0.0000000000
56204  -35.751  -16.855  38.442 0.0000000000
59874  -36.108  -13.062  32.764 0.0000000000
59887  -37.525  -12.282  32.682 0.0000000000
59888  -38.210  -12.183  33.259 0.0000000000
60999  -39.244  -11.722  32.112 0.0000000000
61013  -39.920  -11.716  31.673 0.0000000000
58783  -25.726  -13.297  52.818 0.0000000000
57883  -25.895  -14.570  51.703 0.0000000000
56993  -25.919  -15.346  50.478 0.0000000000
56069  -26.017  -15.843  49.173 0.0000000000
56083  -25.194  -15.658  48.077 0.0000000000
61813  -31.042  -11.323  51.434 0.0000000000
61812  -30.299  -10.820  51.734 0.0000000000
60772  -29.646  -11.597  52.315 0.0000000000
60782  -29.589  -11.932  52.283 0.0000000000
59707  -29.304  -12.014  52.557 0.0000000000
58803  -29.902  -13.895  48.870 0.0000000000
59743  -29.631  -13.391  49.572 0.0000000000
58816  -28.721  -12.821  47.710 0.0000000000
59742  -29.133  -12.815  50.105 0.0000000000
59729  -29.091  -12.517  50.994 0.0000000000
59717  -28.992  -12.253  52.003 0.0000000000
59728  -27.718  -12.320  50.306 0.0000000000
59740  -27.258  -12.669  49.711 0.0000000000
125806  -26.683  -13.676  47.584 0.0000000000
57898  -26.530  -13.993  48.451 0.0000000000
57027  -26.088  -15.311  47.862 0.0000000000
128341  -24.951  -15.712  47.409 0.0000000000
55146  -24.758  -16.246  46.866 0.0000000000
54295  -24.164  -17.970  43.766 0.0000000000
75016  -52.036  3.820  14.804 0.0000000000
75998  -51.988  4.477  14.565 0.0000000000
76962  -52.446  5.586  13.128 0.0000000000
136273  -54.616  5.211  11.680 0.0000000000
57895  -7.444  -14.822  48.642 0.0000000000
57018  -9.259  -16.043  47.788 0.0000000000
57019  -10.220  -15.899  47.752 0.0000000000
56995  -8.105  -15.948  49.886 0.0000000000
132379  -8.710  -16.119  50.150 0.0000000000
56996  -8.877  -15.940  49.375 0.0000000000
134076  -9.731  -15.815  48.273 0.0000000000
122202  -12.211  -15.471  47.205 0.0000000000
121588  -13.049  -15.443  47.168 0.0000000000
57023  -14.028  -15.755  47.152 0.0000000000
57022  -13.449  -15.558  47.914 0.0000000000
55137  -14.640  -17.158  47.141 0.0000000000
134001  -13.071  -18.672  47.126 0.0000000000
124044  -13.724  -15.941  50.124 0.0000000000
55123  -13.832  -17.346  49.731 0.0000000000
55130  -14.015  -17.561  48.894 0.0000000000
54268  -13.537  -18.084  48.476 0.0000000000
53304  -12.864  -18.447  47.940 0.0000000000
53309  -12.278  -18.861  47.454 0.0000000000
52342  -10.431  -20.251  47.493 0.0000000000
51376  -9.475  -21.572  47.602 0.0000000000
50421  -8.437  -23.032  47.835 0.0000000000
66923  -52.474  -5.143  23.319 0.0000000000
67791  -52.362  -4.366  23.863 0.0000000000
61066  -50.672  -11.068  26.934 0.0000000000
64154  -44.184  -8.534  22.983 0.0000000000
64155  -44.751  -7.993  22.393 0.0000000000
65114  -45.411  -7.190  23.632 0.0000000000
126211  -45.200  -7.480  22.813 0.0000000000
64162  -45.310  -8.254  21.282 0.0000000000
64156  -45.719  -7.731  21.810 0.0000000000
65124  -46.725  -7.495  21.364 0.0000000000
64172  -46.896  -7.844  20.411 0.0000000000
65125  -47.459  -7.172  21.398 0.0000000000
66920  -48.391  -5.454  22.971 0.0000000000
66930  -49.340  -5.463  22.408 0.0000000000
116600  -51.481  -5.168  23.121 0.0000000000
54239  -16.857  -17.961  53.542 0.0000000000
52285  -16.588  -20.189  54.074 0.0000000000
125855  -16.391  -20.134  54.990 0.0000000000
129393  -16.213  -20.829  55.504 0.0000000000
49357  -15.071  -23.145  55.494 0.0000000000
126329  -14.563  -24.245  54.881 0.0000000000
47326  -14.165  -24.268  54.328 0.0000000000
118946  -14.974  -24.044  54.256 0.0000000000
47334  -13.329  -24.160  53.441 0.0000000000
46421  -12.443  -24.935  51.666 0.0000000000
54284  -24.317  -18.670  47.404 0.0000000000
54280  -24.324  -18.725  48.052 0.0000000000
53310  -23.336  -19.598  47.229 0.0000000000
53311  -23.820  -19.142  47.711 0.0000000000
53300  -23.283  -19.389  49.395 0.0000000000
50436  -20.234  -21.848  46.861 0.0000000000
51388  -21.138  -21.657  47.356 0.0000000000
120856  -22.291  -21.176  47.598 0.0000000000
51379  -22.225  -21.358  48.203 0.0000000000
124953  -22.499  -20.637  49.387 0.0000000000
53293  -22.917  -19.412  50.246 0.0000000000
53292  -22.346  -19.285  50.785 0.0000000000
123620  -21.805  -18.728  50.898 0.0000000000
52317  -22.014  -20.661  50.923 0.0000000000
53291  -21.564  -19.394  51.137 0.0000000000
53288  -18.510  -19.693  50.143 0.0000000000
52325  -18.937  -20.115  51.137 0.0000000000
52304  -19.012  -20.955  52.473 0.0000000000
50382  -20.047  -21.952  51.904 0.0000000000
51331  -19.783  -21.652  52.273 0.0000000000
51330  -19.087  -21.646  52.573 0.0000000000
50373  -18.596  -22.444  52.651 0.0000000000
49375  -18.105  -23.035  52.685 0.0000000000
48370  -16.843  -23.628  50.071 0.0000000000
48369  -16.109  -24.205  49.558 0.0000000000
48359  -16.752  -23.815  50.658 0.0000000000
48350  -16.643  -23.920  51.237 0.0000000000
48344  -16.509  -24.066  51.929 0.0000000000
48343  -15.778  -23.906  51.809 0.0000000000
121650  -14.273  -24.225  50.798 0.0000000000
46436  -13.857  -25.427  49.939 0.0000000000
46429  -13.654  -25.149  50.510 0.0000000000
60852  -9.822  -11.409  44.140 0.0000000000
59806  -8.601  -11.984  43.440 0.0000000000
58836  -8.168  -13.231  45.425 0.0000000000
58843  -8.316  -12.874  44.450 0.0000000000
59800  -7.876  -12.587  43.360 0.0000000000
58856  -6.846  -12.895  42.657 0.0000000000
58860  -5.434  -13.480  41.839 0.0000000000
57091  -5.755  -15.537  42.574 0.0000000000
57955  -5.605  -14.568  41.602 0.0000000000
57121  -6.433  -15.772  39.288 0.0000000000
56095  -11.716  -16.192  45.492 0.0000000000
56094  -10.724  -16.718  45.383 0.0000000000
56110  -10.317  -17.032  44.492 0.0000000000
56129  -11.246  -16.847  43.735 0.0000000000
56128  -10.351  -17.204  43.647 0.0000000000
55161  -9.857  -17.426  43.129 0.0000000000
55174  -9.250  -17.480  42.569 0.0000000000
53341  -13.283  -19.058  40.460 0.0000000000
54322  -12.973  -18.506  40.083 0.0000000000
55206  -12.895  -17.696  40.565 0.0000000000
55205  -11.917  -17.461  40.350 0.0000000000
55188  -11.240  -17.173  41.182 0.0000000000
55186  -8.510  -17.331  41.997 0.0000000000
56155  -7.722  -16.852  41.327 0.0000000000
56172  -7.685  -16.844  40.210 0.0000000000
56188  -8.921  -17.270  39.346 0.0000000000
56186  -6.838  -16.402  39.205 0.0000000000
56208  -8.035  -16.320  37.206 0.0000000000
56218  -7.924  -16.482  36.230 0.0000000000
55264  -8.320  -17.580  36.650 0.0000000000
55263  -7.626  -17.251  36.026 0.0000000000
56952  -17.675  -15.925  58.542 0.0000000000
56029  -17.433  -15.729  59.197 0.0000000000
56949  -16.771  -15.391  59.873 0.0000000000
55082  -15.668  -17.333  59.423 0.0000000000
56027  -15.411  -16.540  59.954 0.0000000000
56024  -15.775  -15.675  60.234 0.0000000000
56945  -15.218  -14.979  60.434 0.0000000000
56944  -14.505  -15.098  60.272 0.0000000000
57838  -14.412  -14.792  60.091 0.0000000000
53242  -12.766  -19.353  59.242 0.0000000000
54217  -13.521  -17.818  59.027 0.0000000000
54215  -12.305  -18.428  58.159 0.0000000000
55083  -13.363  -17.390  58.568 0.0000000000
120235  -13.783  -17.012  58.919 0.0000000000
56031  -14.131  -16.062  59.328 0.0000000000
132998  -14.152  -15.855  59.502 0.0000000000
57842  -14.197  -15.139  59.686 0.0000000000
119606  -14.108  -15.366  59.131 0.0000000000
57844  -14.443  -14.613  58.002 0.0000000000
56957  -14.358  -15.105  57.177 0.0000000000
122110  -13.458  -16.453  57.308 0.0000000000
56959  -14.346  -15.329  56.025 0.0000000000
119424  -14.318  -14.719  55.443 0.0000000000
56044  -14.588  -16.237  54.229 0.0000000000
55107  -14.260  -16.719  53.728 0.0000000000
55100  -12.837  -17.455  54.310 0.0000000000
137386  -13.304  -17.263  53.791 0.0000000000
54241  -11.144  -17.854  52.510 0.0000000000
53262  -9.718  -19.785  54.747 0.0000000000
53263  -9.956  -19.153  54.439 0.0000000000
53267  -10.039  -19.075  53.623 0.0000000000
52293  -9.590  -20.297  53.189 0.0000000000
124237  -9.961  -19.663  53.249 0.0000000000
53272  -10.388  -19.261  52.744 0.0000000000
118899  -10.437  -19.463  51.915 0.0000000000
53284  -10.214  -20.399  51.018 0.0000000000
51349  -8.465  -21.953  50.524 0.0000000000
51357  -8.458  -21.939  49.699 0.0000000000
50412  -8.118  -22.742  48.542 0.0000000000
50420  -7.653  -23.403  48.215 0.0000000000
49428  -7.559  -24.016  47.962 0.0000000000
139592  -6.369  -26.683  56.159 0.0000000000
116239  -5.869  -26.804  55.732 0.0000000000
42621  -2.802  -31.209  55.669 0.0000000000
43547  -4.453  -29.914  56.173 0.0000000000
136453  -4.908  -29.015  55.509 0.0000000000
44467  -5.550  -28.237  55.201 0.0000000000
46381  -5.622  -26.111  55.643 0.0000000000
46390  -6.018  -26.368  55.412 0.0000000000
120768  -6.583  -26.064  54.750 0.0000000000
47322  -6.174  -25.718  53.784 0.0000000000
45490  -4.594  -27.148  53.491 0.0000000000
46409  -5.326  -26.155  53.350 0.0000000000
138137  -5.784  -25.680  53.293 0.0000000000
47332  -5.594  -25.605  52.779 0.0000000000
132836  -6.111  -25.062  52.648 0.0000000000
48342  -5.763  -25.085  51.794 0.0000000000
45509  -5.510  -27.416  51.536 0.0000000000
119292  -5.411  -26.361  51.196 0.0000000000
47349  -5.458  -25.449  51.039 0.0000000000
117789  -6.155  -24.359  51.137 0.0000000000
48358  -5.805  -24.407  50.421 0.0000000000
118102  -5.926  -24.288  49.811 0.0000000000
49415  -6.284  -24.202  49.181 0.0000000000
46450  -6.397  -25.958  49.073 0.0000000000
47378  -6.637  -25.381  48.926 0.0000000000
49405  -6.491  -23.666  48.966 0.0000000000
48379  -6.898  -24.249  48.585 0.0000000000
49427  -7.345  -24.122  48.123 0.0000000000
49444  -7.749  -24.451  47.713 0.0000000000
48405  -7.837  -25.066  47.307 0.0000000000
127533  -5.307  -26.757  44.195 0.0000000000
40849  -2.796  -31.938  55.564 0.0000000000
41714  -3.341  -31.418  56.042 0.0000000000
41723  -2.522  -31.641  55.306 0.0000000000
42610  -3.249  -30.597  56.053 0.0000000000
42622  -2.970  -30.526  55.526 0.0000000000
42635  -2.451  -31.296  55.003 0.0000000000
43546  -3.794  -30.104  56.148 0.0000000000
43564  -3.532  -29.983  55.907 0.0000000000
43579  -3.669  -29.943  55.281 0.0000000000
43593  -3.867  -29.997  54.692 0.0000000000
44456  -4.534  -29.384  55.880 0.0000000000
44494  -5.250  -28.626  52.337 0.0000000000
45461  -6.537  -27.391  56.034 0.0000000000
45471  -5.247  -27.723  54.572 0.0000000000
45583  -5.402  -27.487  44.508 0.0000000000
46359  -8.784  -25.711  57.780 0.0000000000
46361  -10.099  -25.363  57.453 0.0000000000
46369  -5.217  -25.764  55.924 0.0000000000
46372  -10.827  -25.742  57.396 0.0000000000
46382  -5.693  -26.170  55.982 0.0000000000
46384  -10.159  -25.927  56.652 0.0000000000
46399  -5.724  -26.268  53.986 0.0000000000
46408  -4.754  -26.657  53.178 0.0000000000
46440  -6.039  -26.245  49.619 0.0000000000
47293  -4.982  -25.914  55.943 0.0000000000
47304  -5.222  -25.957  55.832 0.0000000000
47305  -5.618  -25.843  55.806 0.0000000000
47313  -5.969  -25.956  55.599 0.0000000000
47370  -15.794  -24.458  49.907 0.0000000000
47431  -5.487  -25.998  43.950 0.0000000000
48295  -10.832  -23.634  57.929 0.0000000000
48304  -6.363  -24.354  57.247 0.0000000000
48305  -12.641  -24.654  57.235 0.0000000000
48334  -6.260  -25.246  53.307 0.0000000000
48352  -17.941  -23.580  51.444 0.0000000000
48378  -6.643  -24.705  48.958 0.0000000000
48391  -7.483  -24.611  48.051 0.0000000000
48394  -16.288  -23.862  46.971 0.0000000000
48406  -8.059  -24.928  46.994 0.0000000000
49336  -10.131  -23.175  58.136 0.0000000000
49337  -10.677  -23.076  58.184 0.0000000000
49339  -6.768  -22.783  58.092 0.0000000000
49344  -14.061  -23.151  57.776 0.0000000000
49347  -14.316  -23.243  57.402 0.0000000000
49351  -14.908  -22.787  56.439 0.0000000000
49381  -6.516  -24.684  52.183 0.0000000000
49384  -18.586  -22.958  52.192 0.0000000000
49401  -20.201  -22.764  50.448 0.0000000000
49408  -19.584  -23.249  49.995 0.0000000000
50334  -12.028  -21.864  58.661 0.0000000000
50355  -7.163  -22.713  55.798 0.0000000000
50394  -6.622  -23.568  50.204 0.0000000000
50416  -21.388  -22.266  49.075 0.0000000000
50485  -11.150  -22.222  42.742 0.0000000000
51291  -6.953  -21.783  56.939 0.0000000000
51340  -20.906  -21.299  51.383 0.0000000000
51341  -21.549  -21.231  50.795 0.0000000000
51348  -8.093  -22.479  50.763 0.0000000000
51359  -21.682  -21.518  50.034 0.0000000000
51389  -21.823  -21.315  47.263 0.0000000000
52254  -11.886  -20.641  59.017 0.0000000000
52267  -9.035  -20.798  55.777 0.0000000000
52273  -8.475  -21.395  55.008 0.0000000000
52303  -17.709  -20.367  51.929 0.0000000000
52314  -19.623  -20.565  51.928 0.0000000000
52315  -20.559  -20.800  51.790 0.0000000000
52323  -10.039  -20.413  50.157 0.0000000000
52332  -22.818  -20.097  49.904 0.0000000000
52339  -22.615  -20.606  48.629 0.0000000000
52354  -13.107  -19.944  45.241 0.0000000000
52368  -22.591  -19.670  42.394 0.0000000000
52386  -12.287  -19.548  39.597 0.0000000000
53277  -9.933  -20.164  51.818 0.0000000000
53298  -19.201  -19.415  49.668 0.0000000000
53313  -13.399  -19.064  46.388 0.0000000000
53314  -23.496  -19.451  46.451 0.0000000000
53317  -14.340  -18.857  44.483 0.0000000000
53324  -13.947  -19.573  43.053 0.0000000000
53357  -11.868  -19.242  39.083 0.0000000000
54212  -13.824  -18.369  59.368 0.0000000000
54226  -10.211  -19.385  55.288 0.0000000000
54269  -14.170  -17.720  48.094 0.0000000000
54277  -14.320  -17.755  47.224 0.0000000000
54281  -24.574  -18.137  47.806 0.0000000000
54288  -24.305  -18.542  46.586 0.0000000000
54303  -24.232  -17.972  42.861 0.0000000000
54307  -37.332  -18.807  42.469 0.0000000000
54309  -39.154  -19.078  42.262 0.0000000000
54311  -14.161  -17.864  41.933 0.0000000000
55102  -14.324  -16.786  54.459 0.0000000000
55109  -12.525  -17.325  52.494 0.0000000000
55143  -24.645  -16.341  47.714 0.0000000000
55144  -14.630  -17.179  46.474 0.0000000000
55153  -24.533  -17.057  44.674 0.0000000000
55159  -8.452  -17.336  43.516 0.0000000000
55177  -14.368  -17.754  42.800 0.0000000000
55207  -13.438  -17.713  41.123 0.0000000000
55265  -9.127  -17.836  37.089 0.0000000000
56032  -17.242  -16.529  58.977 0.0000000000
56088  -14.500  -16.621  45.939 0.0000000000
56114  -14.197  -16.831  44.260 0.0000000000
56131  -13.278  -16.417  43.603 0.0000000000
56132  -13.922  -16.741  43.554 0.0000000000
56159  -13.384  -16.963  42.084 0.0000000000
56177  -35.036  -16.076  39.779 0.0000000000
56946  -16.104  -14.980  60.324 0.0000000000
57015  -26.245  -15.223  48.712 0.0000000000
57056  -13.637  -15.881  45.615 0.0000000000
57074  -13.681  -16.204  44.948 0.0000000000
57085  -25.901  -15.033  43.422 0.0000000000
57837  -16.830  -13.754  60.238 0.0000000000
57889  -26.277  -14.681  50.377 0.0000000000
57890  -7.184  -14.734  49.383 0.0000000000
57952  -38.411  -14.949  42.298 0.0000000000
58075  -43.848  -13.724  26.392 0.0000000000
58736  -17.324  -12.992  60.012 0.0000000000
58802  -26.968  -13.006  48.186 0.0000000000
58815  -27.244  -12.891  47.343 0.0000000000
58838  -27.490  -13.339  45.526 0.0000000000
58857  -36.699  -13.498  42.063 0.0000000000
58865  -35.297  -14.185  40.471 0.0000000000
59023  -46.152  -13.725  25.744 0.0000000000
59051  -45.222  -13.057  24.418 0.0000000000
59655  -15.846  -11.965  60.537 0.0000000000
59658  -17.623  -12.088  59.504 0.0000000000
59704  -26.541  -12.476  53.356 0.0000000000
59788  -27.942  -12.433  47.673 0.0000000000
59809  -39.851  -12.498  43.432 0.0000000000
59830  -36.586  -12.495  39.839 0.0000000000
60713  -15.413  -11.094  60.495 0.0000000000
60714  -16.215  -11.091  60.349 0.0000000000
60715  -16.999  -11.182  60.002 0.0000000000
60749  -27.609  -12.027  54.967 0.0000000000
60770  -28.811  -12.298  53.825 0.0000000000
60781  -28.258  -12.254  51.002 0.0000000000
60805  -28.274  -12.298  49.447 0.0000000000
61064  -42.217  -11.679  27.076 0.0000000000
61748  -16.742  -10.411  59.525 0.0000000000
62091  -50.022  -10.542  26.323 0.0000000000
63117  -48.534  -9.483  25.889 0.0000000000
65091  -47.283  -7.350  25.816 0.0000000000
65133  -48.182  -7.305  20.455 0.0000000000
66055  -50.595  -6.352  21.236 0.0000000000
73221  -55.277  2.381  14.685 0.0000000000
74103  -52.499  2.750  13.605 0.0000000000
74114  -54.190  1.881  13.218 0.0000000000
75978  -53.106  4.877  15.693 0.0000000000
76981  -53.720  5.564  11.846 0.0000000000
77886  -54.670  6.553  13.810 0.0000000000
115091  -55.063  -0.220  17.000 0.0000000000
115906  -55.802  0.808  16.432 0.0000000000
116383  -9.766  -20.438  39.033 0.0000000000
118577  -8.491  -23.077  57.994 0.0000000000
119001  -49.871  -4.784  23.785 0.0000000000
119222  -11.821  -24.318  57.926 0.0000000000
120226  -9.872  -21.836  57.845 0.0000000000
120807  -6.372  -23.913  56.635 0.0000000000
123989  -13.896  -18.518  41.609 0.0000000000
124217  -16.337  -23.842  45.816 0.0000000000
124316  -18.069  -23.528  50.645 0.0000000000
125471  -17.727  -23.551  52.356 0.0000000000
125573  -25.522  -15.497  47.681 0.0000000000
125692  -25.080  -17.372  43.131 0.0000000000
126110  -20.289  -18.764  49.505 0.0000000000
126993  -12.813  -16.512  42.915 0.0000000000
127879  -8.261  -22.271  56.845 0.0000000000
128432  -50.630  -6.144  26.666 0.0000000000
129145  -6.351  -26.454  54.893 0.0000000000
129814  -11.062  -22.469  58.522 0.0000000000
130820  -12.525  -21.007  42.910 0.0000000000
132370  -6.213  -24.955  55.908 0.0000000000
133309  -3.889  -29.640  56.031 0.0000000000
133401  -16.064  -23.125  54.183 0.0000000000
133677  -10.177  -22.769  58.168 0.0000000000
133887  -10.965  -20.370  58.509 0.0000000000
134031  -39.924  -17.888  41.152 0.0000000000
134885  -16.321  -22.105  54.213 0.0000000000
135091  -13.417  -17.335  54.942 0.0000000000
135215  -4.505  -27.614  53.509 0.0000000000
136736  -50.341  -9.227  26.852 0.0000000000
136826  -36.421  -13.166  41.704 0.0000000000
136877  -7.131  -22.220  58.141 0.0000000000
137047  -43.131  -13.179  26.485 0.0000000000
137421  -51.916  -4.705  25.305 0.0000000000
137724  -14.089  -15.955  48.001 0.0000000000
138028  -12.286  -19.475  59.027 0.0000000000
138379  -7.698  -23.504  53.429 0.0000000000
138430  -7.930  -22.755  58.005 0.0000000000
138600  -13.234  -14.944  51.209 0.0000000000
138990  -29.740  -13.197  50.175 0.0000000000
139439  -14.557  -17.648  45.046 0.0000000000
139914  -10.801  -22.207  58.527 0.0000000000
