#!ascii label  , from subject sub-v1s21x0050422_ses-1 vox2ras=TkReg
1186
2946  -24.222  -85.229  -17.494 0.5000000000
5016  -29.870  -80.379  -12.254 0.3000000119
113423  -24.380  -87.682  -17.110 0.5000000000
5029  -26.734  -79.897  -14.253 0.4000000060
5527  -27.445  -79.629  -13.891 0.4000000060
5014  -28.585  -79.713  -12.999 0.4000000060
5015  -29.072  -80.386  -12.648 0.3000000119
3787  -24.314  -83.618  -20.388 0.5000000000
121257  -23.518  -83.968  -19.138 0.5000000000
3339  -23.938  -84.416  -17.721 0.5000000000
3366  -23.645  -85.176  -20.588 0.6000000238
3356  -23.376  -84.672  -19.222 0.5000000000
2945  -23.527  -85.287  -17.913 0.6000000238
5017  -31.270  -80.647  -11.758 0.3000000119
128469  -23.268  -86.860  -17.279 0.5000000000
5035  -25.875  -79.876  -15.584 0.5000000000
4550  -25.561  -80.633  -15.243 0.5000000000
136485  -30.539  -80.334  -11.901 0.3000000119
118143  -22.935  -85.810  -18.516 0.6000000238
119374  -24.094  -86.879  -17.067 0.5000000000
5539  -27.157  -79.437  -15.442 0.5000000000
5533  -26.501  -79.629  -15.053 0.4000000060
5529  -28.860  -78.969  -13.185 0.4000000060
5510  -30.569  -79.009  -11.678 0.3000000119
124012  -30.158  -79.612  -11.967 0.3000000119
5548  -27.646  -79.508  -16.293 0.4000000060
5535  -28.006  -79.236  -14.377 0.4000000060
6076  -28.699  -78.798  -14.023 0.4000000060
5540  -27.949  -79.303  -15.339 0.4000000060
4207  -26.745  -82.738  -22.429 0.6999999881
4206  -25.792  -83.069  -22.209 0.6999999881
4197  -25.595  -82.729  -21.156 0.6999999881
133715  -24.293  -83.850  -17.585 0.5000000000
3399  -26.103  -84.317  -23.786 0.6999999881
3801  -25.749  -83.840  -22.990 0.6999999881
3795  -24.670  -83.766  -21.313 0.8000000119
3377  -23.933  -85.300  -21.455 0.6999999881
4166  -24.708  -82.229  -17.567 0.5000000000
3387  -24.582  -84.799  -23.032 0.6999999881
4576  -24.921  -81.518  -17.512 0.4000000060
5058  -25.510  -80.548  -16.982 0.5000000000
5001  -32.745  -80.282  -11.292 0.3000000119
117581  -23.454  -86.055  -21.168 0.6000000238
5059  -26.122  -80.342  -17.519 0.5000000000
5045  -26.059  -79.913  -16.596 0.5000000000
5000  -31.808  -80.041  -11.381 0.3000000119
2973  -23.308  -85.962  -20.290 0.5000000000
128946  -26.888  -80.010  -17.389 0.5000000000
5060  -28.949  -80.599  -17.887 0.4000000060
5047  -28.415  -79.947  -17.090 0.4000000060
123580  -28.857  -79.049  -15.073 0.4000000060
6077  -29.398  -78.510  -13.613 0.4000000060
6073  -29.548  -78.650  -12.812 0.4000000060
5048  -29.444  -80.171  -17.146 0.3000000119
5549  -28.894  -79.619  -16.187 0.4000000060
3829  -28.269  -83.148  -25.346 0.5000000000
3820  -27.737  -83.610  -24.865 0.6000000238
3821  -28.556  -83.142  -24.831 0.6000000238
3803  -27.244  -83.178  -23.260 0.6000000238
3802  -26.443  -83.514  -23.089 0.6000000238
4668  -28.819  -81.413  -27.128 0.5000000000
4245  -28.368  -82.098  -26.664 0.5000000000
4236  -27.763  -82.601  -26.176 0.6000000238
135954  -26.962  -83.865  -24.587 0.6000000238
3811  -26.818  -83.879  -23.921 0.6999999881
4188  -24.512  -82.799  -19.945 0.6000000238
4120  -36.338  -83.460  -12.505 0.3000000119
113440  -26.538  -81.410  -28.277 0.6999999881
133636  -27.579  -82.328  -27.144 0.6000000238
3835  -26.812  -82.808  -27.043 0.6000000238
3828  -26.950  -83.128  -25.806 0.6000000238
3819  -26.597  -83.956  -25.199 0.6999999881
3398  -25.612  -85.157  -24.475 0.6999999881
4189  -25.227  -82.349  -20.341 0.6000000238
4180  -24.821  -82.070  -19.498 0.6000000238
4174  -24.399  -82.395  -18.244 0.5000000000
131567  -27.020  -80.134  -28.533 0.6999999881
4244  -26.803  -82.104  -27.906 0.6000000238
3834  -26.038  -83.307  -26.997 0.6000000238
3827  -25.815  -83.485  -26.066 0.6000000238
3407  -25.368  -85.319  -25.208 0.6999999881
2990  -24.628  -86.361  -24.561 0.6999999881
4585  -25.407  -80.941  -17.981 0.5000000000
4518  -33.118  -81.119  -11.632 0.3000000119
113443  -26.453  -80.786  -28.148 0.6999999881
113441  -26.019  -81.535  -28.138 0.6000000238
4253  -25.916  -81.969  -28.218 0.6999999881
3406  -24.872  -85.017  -25.708 0.6000000238
2995  -24.776  -85.929  -25.408 0.6000000238
2978  -24.042  -85.415  -22.455 0.6999999881
4594  -26.445  -81.185  -19.747 0.5000000000
5086  -26.836  -80.861  -19.266 0.5000000000
3833  -25.137  -83.243  -27.212 0.6000000238
3403  -24.251  -84.977  -25.706 0.6000000238
2627  -23.754  -86.910  -24.947 0.6000000238
2622  -23.308  -86.296  -23.146 0.6000000238
2615  -22.960  -86.636  -21.982 0.6000000238
134729  -27.502  -80.660  -19.527 0.5000000000
5512  -32.413  -79.426  -11.147 0.3000000119
4252  -25.181  -82.149  -28.184 0.6999999881
4235  -24.399  -83.002  -27.161 0.6000000238
3826  -24.901  -83.654  -26.036 0.6000000238
128099  -24.129  -85.749  -25.721 0.6000000238
2632  -22.438  -86.506  -25.719 0.5000000000
2630  -22.716  -87.452  -25.062 0.5000000000
2614  -21.834  -87.272  -22.085 0.5000000000
2977  -22.681  -86.867  -20.969 0.5000000000
5073  -28.096  -80.511  -18.428 0.5000000000
5564  -30.840  -80.179  -17.141 0.3000000119
5550  -30.078  -79.822  -16.535 0.3000000119
135146  -29.598  -79.379  -15.776 0.3000000119
120356  -30.070  -78.214  -14.099 0.4000000060
5061  -29.946  -80.657  -17.788 0.3000000119
119042  -29.732  -78.987  -15.249 0.4000000060
4669  -29.650  -81.107  -26.833 0.5000000000
4246  -29.236  -81.898  -26.300 0.5000000000
4663  -30.087  -81.512  -26.074 0.5000000000
4238  -29.612  -82.275  -25.550 0.5000000000
5671  -29.668  -78.846  -27.916 0.5000000000
5170  -29.489  -79.565  -27.968 0.5000000000
4674  -29.223  -80.569  -27.641 0.5000000000
4237  -28.809  -82.600  -25.838 0.5000000000
4229  -29.063  -82.712  -25.135 0.5000000000
4220  -28.898  -82.612  -23.645 0.6000000238
4209  -28.574  -82.282  -22.851 0.6000000238
139985  -28.278  -79.387  -28.599 0.5000000000
4208  -27.652  -82.495  -22.629 0.6000000238
4198  -26.389  -82.481  -21.508 0.8000000119
3705  -37.654  -84.480  -12.304 0.3000000119
5664  -27.745  -79.262  -27.594 0.6000000238
5670  -27.781  -79.262  -28.447 0.6000000238
113442  -27.848  -80.793  -28.409 0.6000000238
4624  -28.667  -81.667  -21.505 0.4000000060
4121  -37.194  -83.541  -12.422 0.3000000119
115802  -27.033  -79.810  -28.210 0.6999999881
4607  -27.321  -81.488  -20.586 0.5000000000
4190  -26.050  -82.100  -20.701 0.6000000238
4520  -35.146  -81.474  -11.631 0.3000000119
5003  -34.650  -80.635  -11.208 0.3000000119
5663  -26.749  -79.949  -26.978 0.6999999881
5106  -27.990  -81.076  -20.527 0.4000000060
5002  -33.687  -80.490  -11.248 0.3000000119
5161  -26.223  -80.660  -27.444 0.6000000238
115920  -25.454  -81.606  -27.841 0.6999999881
5087  -28.034  -80.515  -20.043 0.4000000060
5511  -31.465  -79.079  -11.332 0.3000000119
113444  -25.363  -81.109  -26.806 0.6000000238
116367  -24.382  -81.755  -27.355 0.6999999881
3825  -24.787  -83.990  -25.943 0.6000000238
3401  -22.653  -85.582  -25.753 0.5000000000
2993  -21.831  -86.186  -25.584 0.5000000000
2621  -22.182  -86.862  -22.981 0.6000000238
5088  -28.819  -80.400  -19.781 0.4000000060
130480  -28.123  -80.564  -19.243 0.4000000060
138481  -31.368  -80.829  -18.407 0.3000000119
5062  -31.374  -80.638  -17.818 0.3000000119
5565  -31.723  -80.008  -17.091 0.3000000119
5551  -31.056  -79.643  -16.420 0.3000000119
6085  -30.422  -78.626  -15.030 0.4000000060
6066  -30.974  -78.464  -11.621 0.3000000119
3818  -24.352  -84.043  -25.329 0.6000000238
3395  -22.757  -84.771  -24.904 0.5000000000
3394  -21.706  -85.572  -25.192 0.5000000000
135152  -21.460  -87.175  -25.143 0.5000000000
124083  -21.371  -86.817  -23.820 0.5000000000
2613  -20.273  -87.470  -22.277 0.6000000238
2604  -21.328  -87.421  -21.356 0.5000000000
5074  -29.792  -80.712  -18.505 0.3000000119
5075  -30.708  -80.797  -18.303 0.3000000119
3396  -23.995  -84.039  -24.257 0.5000000000
140456  -21.012  -85.780  -24.562 0.5000000000
2620  -20.435  -86.836  -23.348 0.5000000000
2976  -18.751  -86.516  -22.164 0.5000000000
6198  -30.631  -78.815  -27.167 0.5000000000
5667  -30.942  -78.947  -27.143 0.5000000000
4670  -30.355  -80.678  -26.620 0.5000000000
4656  -31.416  -81.291  -25.032 0.5000000000
4230  -30.511  -81.888  -25.205 0.5000000000
139577  -29.780  -82.444  -24.949 0.5000000000
129132  -29.508  -78.894  -26.690 0.5000000000
5162  -30.068  -80.172  -27.328 0.5000000000
4210  -30.425  -82.237  -23.480 0.4000000060
6197  -28.911  -78.788  -28.169 0.5000000000
130443  -29.517  -82.254  -23.119 0.4000000060
130082  -37.497  -84.936  -11.769 0.3000000119
3284  -38.475  -84.590  -11.758 0.3000000119
5658  -28.431  -79.258  -26.482 0.6000000238
4640  -29.240  -81.658  -22.291 0.4000000060
121845  -28.117  -79.491  -25.361 0.6000000238
4109  -36.626  -82.438  -12.116 0.3000000119
4521  -36.084  -81.533  -11.609 0.3000000119
5657  -27.419  -79.828  -26.000 0.6000000238
4608  -28.745  -81.420  -20.901 0.4000000060
5656  -26.305  -80.381  -25.682 0.6000000238
4609  -29.686  -81.054  -20.814 0.4000000060
5108  -29.460  -80.501  -20.163 0.4000000060
5513  -33.323  -79.618  -11.003 0.3000000119
5156  -26.054  -80.592  -26.457 0.6999999881
5090  -30.553  -80.676  -19.204 0.3000000119
133815  -31.373  -80.876  -19.047 0.3000000119
5164  -31.253  -79.391  -26.395 0.5000000000
5163  -30.813  -79.754  -26.931 0.5000000000
5150  -31.752  -80.126  -25.331 0.5000000000
139284  -31.575  -81.610  -24.462 0.4000000060
5659  -30.585  -78.781  -26.778 0.5000000000
4222  -31.105  -81.892  -24.468 0.4000000060
135769  -31.001  -82.061  -23.939 0.4000000060
5647  -29.983  -79.008  -25.573 0.6000000238
4642  -31.185  -82.089  -22.613 0.4000000060
4641  -30.256  -82.017  -22.739 0.4000000060
4110  -37.611  -82.642  -12.187 0.3000000119
4122  -38.092  -83.664  -12.385 0.3000000119
5645  -27.488  -79.781  -24.742 0.6000000238
4625  -30.250  -81.359  -21.881 0.4000000060
127495  -29.313  -81.391  -21.424 0.4000000060
4610  -30.806  -81.071  -20.942 0.4000000060
5110  -31.329  -81.158  -19.971 0.4000000060
5109  -30.280  -80.615  -20.144 0.3000000119
5091  -32.109  -81.304  -19.532 0.3000000119
135001  -24.556  -80.384  -25.805 0.6000000238
118125  -31.599  -79.302  -25.121 0.5000000000
5151  -32.442  -80.275  -24.537 0.4000000060
4657  -32.019  -81.134  -24.549 0.4000000060
6191  -31.214  -79.034  -24.547 0.5000000000
4650  -32.612  -81.396  -23.835 0.4000000060
5646  -28.939  -79.244  -25.431 0.6000000238
6190  -30.264  -78.886  -24.533 0.6000000238
6185  -30.409  -78.498  -23.635 0.6000000238
4212  -32.197  -82.154  -23.184 0.4000000060
6184  -29.583  -78.147  -23.623 0.6000000238
4643  -32.818  -82.053  -22.585 0.4000000060
4627  -32.287  -81.932  -21.614 0.4000000060
5634  -28.285  -79.226  -24.290 0.6000000238
4626  -31.383  -81.629  -21.728 0.4000000060
4612  -32.610  -82.043  -20.657 0.4000000060
4611  -31.844  -81.552  -20.794 0.4000000060
4597  -32.816  -82.068  -19.956 0.4000000060
5004  -35.609  -80.698  -11.208 0.3000000119
5005  -36.557  -80.784  -11.272 0.3000000119
5496  -33.900  -78.935  -10.696 0.3000000119
4987  -35.183  -79.910  -10.788 0.3000000119
138327  -26.817  -80.140  -25.041 0.6000000238
125152  -25.899  -80.035  -24.831 0.6000000238
5632  -26.357  -79.603  -23.451 0.6999999881
6154  -27.935  -78.515  -21.549 0.6999999881
5644  -26.620  -79.865  -24.286 0.6000000238
133584  -26.774  -79.304  -22.185 0.6999999881
129406  -27.316  -78.897  -20.848 0.6999999881
5619  -26.123  -79.455  -22.527 0.6000000238
6139  -27.836  -78.417  -20.606 0.6999999881
7182  -27.916  -76.983  -18.929 0.6000000238
5610  -26.168  -79.292  -21.588 0.6999999881
6659  -27.547  -77.910  -19.976 0.6999999881
5649  -32.011  -79.556  -24.916 0.5000000000
5636  -32.862  -79.570  -23.953 0.5000000000
6186  -31.326  -78.997  -23.595 0.5000000000
6174  -32.564  -79.157  -22.516 0.5000000000
6192  -32.123  -79.313  -24.443 0.5000000000
121858  -33.606  -79.873  -23.607 0.5000000000
5637  -34.324  -80.245  -23.269 0.4000000060
135526  -33.346  -81.355  -23.466 0.4000000060
6171  -29.862  -77.600  -22.994 0.6000000238
6172  -30.543  -78.293  -22.808 0.6000000238
6173  -31.483  -79.073  -22.556 0.6000000238
6156  -31.948  -78.610  -21.694 0.6000000238
4645  -34.177  -81.513  -22.644 0.4000000060
6183  -28.718  -78.287  -23.538 0.6000000238
6678  -30.704  -77.623  -21.336 0.6000000238
6679  -31.577  -77.783  -21.170 0.6000000238
4644  -33.541  -81.886  -22.639 0.4000000060
121949  -29.160  -77.505  -22.966 0.6000000238
6677  -29.901  -77.509  -21.477 0.6000000238
6662  -30.492  -77.433  -20.531 0.6000000238
6648  -31.066  -77.164  -19.758 0.6000000238
122180  -33.074  -81.921  -21.582 0.4000000060
4600  -35.167  -81.853  -20.022 0.4000000060
6170  -28.323  -78.064  -22.695 0.6000000238
137483  -29.367  -77.451  -21.874 0.6000000238
6647  -30.179  -77.166  -19.704 0.6000000238
7185  -30.723  -76.852  -18.864 0.6000000238
7710  -31.676  -75.827  -16.912 0.6000000238
4613  -33.572  -82.172  -20.578 0.4000000060
4614  -34.506  -82.121  -20.230 0.4000000060
6182  -27.844  -78.770  -23.292 0.6000000238
133928  -29.178  -77.695  -21.177 0.5000000000
6661  -29.620  -77.527  -20.414 0.6000000238
125122  -30.716  -76.754  -17.854 0.6000000238
7155  -31.313  -76.467  -17.307 0.6000000238
7697  -31.855  -75.047  -16.623 0.6999999881
5633  -27.315  -79.515  -23.802 0.6999999881
6646  -29.272  -77.254  -19.668 0.6000000238
126430  -30.027  -76.698  -18.417 0.6000000238
7696  -31.313  -75.452  -16.142 0.6000000238
8826  -31.889  -74.204  -16.612 0.6000000238
9389  -31.149  -72.235  -17.613 0.6000000238
132618  -30.037  -76.357  -16.594 0.6000000238
7695  -30.590  -75.855  -15.879 0.6000000238
8273  -31.506  -74.528  -15.754 0.6000000238
9379  -31.337  -72.497  -16.532 0.6000000238
7183  -28.837  -76.759  -19.058 0.6000000238
7168  -29.250  -76.631  -18.468 0.6000000238
8808  -31.232  -73.646  -15.240 0.6000000238
9365  -31.180  -72.755  -15.559 0.6000000238
132366  -29.301  -76.447  -17.092 0.5000000000
6138  -27.015  -78.584  -20.265 0.6999999881
7166  -27.539  -76.769  -18.221 0.6999999881
7152  -28.138  -76.604  -17.668 0.5000000000
7139  -29.165  -76.348  -16.359 0.6000000238
7677  -30.194  -75.560  -15.216 0.5000000000
8236  -30.469  -74.994  -14.942 0.5000000000
7676  -29.380  -75.698  -15.112 0.6000000238
10498  -22.929  -70.578  -17.319 0.6000000238
10486  -23.284  -71.088  -16.701 0.6000000238
9376  -22.593  -73.111  -16.755 0.6000000238
5621  -33.282  -79.424  -23.372 0.5000000000
5622  -34.096  -79.563  -23.217 0.5000000000
5144  -34.966  -80.375  -22.707 0.5000000000
5143  -34.434  -81.130  -23.077 0.4000000060
6649  -31.931  -77.183  -19.850 0.5000000000
6680  -32.545  -77.979  -21.027 0.5000000000
6650  -32.751  -77.133  -19.974 0.5000000000
5132  -34.845  -80.838  -22.312 0.4000000060
138603  -36.685  -80.880  -22.046 0.4000000060
6664  -32.152  -77.499  -20.486 0.5000000000
7171  -33.452  -75.828  -18.460 0.5000000000
4628  -33.842  -81.712  -21.617 0.4000000060
5123  -35.536  -81.044  -21.707 0.4000000060
5124  -36.091  -81.008  -21.259 0.4000000060
7156  -32.108  -76.217  -17.592 0.5000000000
7157  -32.782  -75.872  -17.913 0.5000000000
7170  -32.575  -76.491  -18.397 0.5000000000
132639  -34.346  -82.033  -20.859 0.4000000060
135057  -32.336  -74.686  -17.126 0.6000000238
8841  -32.463  -73.943  -17.443 0.6000000238
8840  -31.684  -73.250  -17.003 0.6000000238
9390  -31.744  -73.102  -17.860 0.5000000000
139550  -30.670  -71.459  -17.830 0.4000000060
9967  -30.847  -71.261  -18.902 0.4000000060
9969  -30.314  -71.526  -20.172 0.4000000060
9934  -31.005  -71.814  -15.990 0.6000000238
118329  -31.065  -71.571  -16.981 0.6000000238
10499  -30.459  -70.233  -17.781 0.5000000000
10504  -30.705  -70.583  -18.605 0.4000000060
120843  -30.634  -70.941  -19.465 0.4000000060
11100  -30.920  -70.254  -19.334 0.4000000060
6153  -25.572  -78.983  -20.915 0.6999999881
11093  -30.783  -69.759  -18.301 0.4000000060
137050  -28.020  -76.469  -16.963 0.6000000238
134997  -30.189  -74.445  -14.768 0.5000000000
8807  -30.868  -73.003  -14.968 0.5000000000
10488  -30.665  -70.361  -16.942 0.5000000000
11068  -30.803  -69.632  -16.842 0.5000000000
123184  -30.748  -69.525  -17.705 0.4000000060
11716  -31.242  -68.910  -18.074 0.4000000060
7138  -28.385  -76.369  -16.287 0.6000000238
9933  -30.457  -71.163  -15.612 0.5000000000
11083  -24.059  -69.304  -18.000 0.6999999881
124235  -23.964  -69.661  -17.155 0.6000000238
12340  -24.915  -68.108  -17.162 0.6999999881
11065  -23.651  -70.293  -16.854 0.6000000238
12322  -25.220  -67.310  -16.713 0.6000000238
9950  -23.728  -71.713  -16.303 0.6000000238
11681  -24.639  -68.323  -16.356 0.6000000238
12321  -24.786  -67.742  -16.315 0.6000000238
13003  -25.404  -66.534  -16.260 0.6000000238
13674  -25.805  -65.787  -15.935 0.6000000238
8269  -22.626  -74.081  -17.052 0.5000000000
10487  -24.145  -70.811  -16.203 0.6000000238
11664  -24.667  -68.866  -15.912 0.6000000238
12302  -24.787  -67.935  -15.824 0.6000000238
12988  -24.873  -67.153  -15.947 0.6000000238
5623  -34.869  -79.655  -22.875 0.5000000000
8823  -23.372  -73.612  -16.518 0.5000000000
9377  -23.467  -72.632  -16.372 0.5000000000
11665  -25.138  -68.312  -15.269 0.5000000000
12303  -25.174  -67.493  -15.318 0.5000000000
6157  -33.073  -78.580  -21.703 0.4000000060
6158  -34.168  -78.443  -21.860 0.5000000000
5624  -36.024  -79.716  -22.494 0.5000000000
5133  -36.250  -80.537  -22.285 0.4000000060
122029  -24.144  -73.121  -16.118 0.5000000000
9951  -24.447  -71.543  -15.908 0.5000000000
11046  -25.296  -69.228  -15.191 0.5000000000
11648  -25.605  -67.910  -14.705 0.5000000000
6681  -33.643  -77.828  -20.965 0.5000000000
5134  -37.954  -80.262  -22.355 0.4000000060
5114  -39.082  -80.020  -21.533 0.4000000060
8270  -23.473  -74.522  -16.817 0.5000000000
9930  -25.210  -71.956  -15.573 0.5000000000
120392  -25.324  -70.238  -15.352 0.6000000238
10451  -25.917  -69.810  -14.779 0.6000000238
5125  -37.350  -80.768  -21.756 0.4000000060
8251  -24.921  -74.407  -16.055 0.6000000238
9362  -25.454  -72.892  -15.567 0.6000000238
9931  -25.678  -71.098  -15.245 0.6999999881
7712  -33.275  -75.233  -18.062 0.4000000060
8288  -32.974  -74.650  -17.735 0.5000000000
6656  -24.983  -76.759  -20.270 0.6000000238
9973  -29.616  -72.120  -20.840 0.4000000060
7195  -25.240  -76.780  -19.458 0.6000000238
9394  -30.999  -71.811  -19.078 0.4000000060
6657  -25.687  -77.466  -19.799 0.6000000238
6643  -26.043  -77.136  -19.040 0.6000000238
10510  -29.968  -70.987  -20.364 0.4000000060
7137  -26.877  -76.374  -16.568 0.6000000238
6644  -27.167  -77.380  -19.249 0.6999999881
7675  -28.542  -75.676  -15.091 0.6000000238
8788  -28.646  -73.523  -14.629 0.6000000238
8789  -29.613  -73.757  -14.661 0.5000000000
9347  -30.177  -72.897  -14.746 0.5000000000
11700  -25.316  -68.225  -18.279 0.6999999881
12341  -25.858  -67.524  -17.733 0.6999999881
13018  -26.895  -66.412  -17.808 0.6000000238
13017  -25.972  -66.831  -17.148 0.6000000238
13688  -27.643  -64.684  -17.392 0.6000000238
13687  -26.564  -65.168  -16.457 0.6000000238
14379  -26.907  -64.341  -16.144 0.6999999881
13675  -26.390  -65.154  -15.633 0.6000000238
6682  -34.722  -77.660  -21.293 0.5000000000
6159  -35.395  -78.191  -22.027 0.5000000000
121209  -35.693  -78.988  -22.498 0.5000000000
12990  -26.129  -65.904  -15.174 0.6000000238
14358  -26.875  -64.682  -15.294 0.5000000000
6177  -36.565  -78.115  -22.330 0.5000000000
121475  -37.607  -79.683  -22.647 0.5000000000
5625  -39.281  -79.976  -23.661 0.4000000060
11649  -26.275  -68.444  -14.287 0.6000000238
126635  -25.608  -68.594  -14.768 0.6000000238
13655  -26.780  -65.338  -14.897 0.5000000000
6665  -33.725  -77.030  -20.202 0.5000000000
7735  -24.887  -76.096  -19.138 0.6000000238
7723  -24.977  -76.159  -18.453 0.4000000060
7693  -24.544  -75.681  -16.928 0.6000000238
127223  -26.151  -71.771  -15.111 0.6000000238
10469  -25.968  -70.517  -14.896 0.6000000238
124112  -26.901  -66.984  -14.105 0.6000000238
8842  -33.432  -74.021  -18.232 0.4000000060
7172  -34.217  -75.613  -19.272 0.4000000060
135971  -25.258  -76.478  -18.658 0.5000000000
7694  -25.263  -75.920  -16.665 0.5000000000
8804  -25.723  -73.835  -15.571 0.6000000238
9363  -26.637  -72.402  -14.999 0.6000000238
9932  -26.421  -71.057  -14.766 0.6000000238
11032  -26.569  -69.383  -14.321 0.6000000238
8851  -32.812  -73.456  -18.335 0.5000000000
7180  -25.191  -76.603  -18.994 0.6000000238
8252  -25.640  -74.880  -15.790 0.6000000238
8805  -26.534  -73.672  -15.238 0.6000000238
9911  -26.975  -71.692  -14.696 0.6000000238
11033  -27.586  -69.845  -14.143 0.6000000238
123650  -27.948  -68.058  -13.787 0.6000000238
129791  -31.683  -72.405  -19.031 0.4000000060
7164  -25.729  -76.399  -18.061 0.5000000000
7149  -25.711  -76.245  -17.227 0.6000000238
8253  -26.524  -74.573  -15.321 0.6000000238
9912  -27.792  -71.565  -14.435 0.6000000238
10453  -28.059  -70.795  -14.301 0.6000000238
117344  -25.900  -76.718  -18.524 0.6000000238
7165  -26.621  -76.637  -18.089 0.6000000238
7150  -26.409  -76.431  -17.352 0.6000000238
8254  -27.434  -74.804  -14.981 0.6000000238
8787  -27.796  -73.309  -14.705 0.6000000238
7674  -27.692  -75.576  -15.176 0.6000000238
7125  -28.002  -76.128  -15.600 0.6000000238
9346  -29.271  -72.845  -14.630 0.5000000000
9915  -29.955  -71.339  -14.940 0.5000000000
123017  -25.991  -67.569  -18.837 0.6999999881
133667  -26.593  -66.982  -18.389 0.6999999881
12358  -26.570  -66.990  -20.211 0.6999999881
13038  -27.156  -66.372  -19.754 0.6999999881
12354  -26.691  -66.976  -19.342 0.6999999881
13019  -27.799  -65.761  -18.394 0.6999999881
13695  -28.341  -65.113  -18.491 0.6000000238
15084  -28.184  -62.929  -17.144 0.6000000238
136162  -28.123  -62.564  -16.292 0.5000000000
14393  -27.798  -63.753  -17.069 0.6999999881
15083  -27.644  -63.198  -15.948 0.5000000000
15801  -28.049  -62.617  -15.385 0.5000000000
15048  -27.865  -63.308  -14.970 0.5000000000
113453  -35.674  -77.328  -21.462 0.4000000060
113451  -38.145  -77.276  -22.879 0.5000000000
115897  -38.863  -78.610  -23.404 0.5000000000
115845  -40.102  -77.364  -23.022 0.4000000060
7188  -34.078  -76.256  -19.725 0.4000000060
6160  -36.706  -77.254  -21.997 0.4000000060
127986  -27.528  -65.610  -14.447 0.6000000238
12284  -27.009  -67.834  -13.913 0.6000000238
12970  -27.759  -66.453  -14.098 0.6000000238
135861  -27.961  -68.947  -13.892 0.6000000238
12971  -28.658  -66.300  -14.216 0.6000000238
135496  -28.253  -72.065  -14.489 0.6000000238
10454  -28.397  -70.186  -14.316 0.6000000238
12285  -28.367  -67.141  -14.003 0.6000000238
8233  -28.015  -74.166  -14.736 0.6000000238
11034  -28.590  -69.414  -14.247 0.5000000000
123192  -28.935  -72.106  -14.586 0.6000000238
119995  -28.772  -70.777  -14.509 0.5000000000
9914  -29.256  -71.422  -14.659 0.5000000000
13724  -26.222  -65.779  -20.922 0.6999999881
13725  -26.746  -65.587  -20.468 0.6999999881
13709  -28.237  -65.223  -19.320 0.6999999881
13034  -28.425  -65.471  -19.025 0.6999999881
118379  -28.294  -64.167  -18.574 0.6000000238
128457  -28.672  -64.872  -19.016 0.6999999881
15108  -28.332  -63.481  -17.964 0.4000000060
13723  -25.354  -65.711  -20.931 0.6999999881
14437  -26.146  -65.147  -20.537 0.6999999881
14431  -27.265  -65.108  -19.790 0.6000000238
15128  -27.724  -63.699  -18.754 0.6000000238
15842  -28.271  -62.232  -17.035 0.5000000000
13722  -24.302  -65.581  -21.111 0.6999999881
14436  -24.976  -65.043  -20.618 0.6999999881
17445  -28.543  -60.622  -16.306 0.5000000000
123054  -23.384  -65.359  -21.353 0.6999999881
16647  -28.572  -61.309  -15.559 0.5000000000
119212  -23.098  -64.756  -20.888 0.6000000238
14434  -22.167  -64.307  -21.225 0.6000000238
15138  -22.117  -63.561  -20.235 0.6000000238
134678  -20.286  -62.577  -20.306 0.5000000000
119690  -21.022  -62.593  -18.478 0.5000000000
113455  -37.902  -76.596  -22.218 0.4000000060
113449  -39.185  -77.483  -22.371 0.4000000060
12286  -28.873  -67.866  -14.190 0.6000000238
15129  -28.193  -63.099  -18.159 0.5000000000
15109  -28.325  -62.654  -17.775 0.5000000000
129205  -25.396  -64.642  -19.815 0.6000000238
14421  -27.053  -64.368  -19.285 0.6000000238
15854  -27.491  -62.711  -18.422 0.6000000238
15856  -28.264  -62.369  -17.982 0.5000000000
16684  -28.189  -61.873  -17.583 0.5000000000
18258  -28.556  -59.743  -16.483 0.5000000000
134506  -24.542  -64.644  -20.007 0.6999999881
14419  -24.633  -64.394  -19.007 0.6000000238
14420  -25.681  -64.295  -19.016 0.6000000238
15853  -26.630  -63.038  -18.500 0.6000000238
118455  -26.280  -61.584  -18.669 0.6000000238
140724  -28.930  -59.267  -16.057 0.5000000000
14429  -23.827  -64.501  -19.776 0.6999999881
15841  -24.567  -63.171  -17.803 0.6000000238
16682  -25.124  -62.576  -17.999 0.6000000238
16690  -25.920  -62.394  -18.412 0.6000000238
14428  -22.982  -64.122  -19.966 0.6000000238
14418  -23.722  -64.049  -18.560 0.6000000238
15840  -23.748  -62.860  -17.618 0.6000000238
16681  -24.429  -62.229  -17.775 0.6000000238
15126  -22.653  -63.638  -18.803 0.6000000238
15104  -22.280  -63.084  -17.974 0.6000000238
15839  -22.881  -62.547  -17.549 0.6000000238
17460  -24.217  -61.252  -18.078 0.6000000238
15125  -21.729  -63.083  -19.003 0.5000000000
136696  -21.622  -62.770  -17.998 0.5000000000
16680  -23.563  -61.876  -17.552 0.6000000238
131861  -38.640  -77.092  -20.930 0.4000000060
15851  -18.992  -62.288  -19.321 0.5000000000
15103  -21.235  -62.369  -17.678 0.5000000000
15838  -21.942  -62.258  -17.448 0.6000000238
16679  -22.667  -61.586  -17.424 0.6000000238
15836  -19.466  -62.326  -18.151 0.5000000000
15818  -20.276  -61.614  -17.169 0.5000000000
16678  -21.096  -61.822  -17.243 0.4000000060
120158  -21.764  -61.285  -17.278 0.5000000000
17458  -22.422  -60.697  -17.562 0.6000000238
16692  -27.943  -61.784  -18.060 0.6000000238
17461  -27.681  -60.366  -17.638 0.5000000000
119058  -28.174  -60.265  -16.961 0.5000000000
17471  -27.409  -61.048  -18.197 0.6000000238
19085  -28.684  -58.826  -16.617 0.5000000000
17470  -26.600  -60.882  -18.664 0.6999999881
134697  -26.815  -59.138  -18.348 0.6999999881
16689  -25.233  -61.627  -18.402 0.6000000238
17469  -25.710  -60.779  -18.896 0.6999999881
17468  -24.797  -60.586  -18.837 0.6000000238
125596  -25.213  -59.988  -19.208 0.6999999881
17467  -23.850  -60.317  -18.572 0.6000000238
18288  -24.899  -59.290  -19.545 0.6999999881
18287  -24.355  -59.647  -19.303 0.6999999881
138052  -17.889  -61.475  -17.318 0.5000000000
16664  -19.476  -61.496  -17.124 0.5000000000
16665  -20.809  -60.877  -17.103 0.4000000060
125640  -21.579  -60.355  -17.451 0.6000000238
17466  -22.922  -60.086  -18.223 0.6000000238
16663  -18.648  -61.461  -17.181 0.5000000000
17444  -19.966  -60.980  -16.993 0.4000000060
17457  -20.781  -59.851  -17.424 0.5000000000
18277  -28.051  -59.515  -17.120 0.5000000000
19101  -27.991  -58.483  -17.379 0.5000000000
18276  -27.422  -59.336  -17.817 0.6000000238
19109  -27.195  -58.490  -18.046 0.5000000000
19919  -27.543  -57.712  -17.835 0.5000000000
18289  -26.146  -59.359  -18.796 0.6999999881
139494  -25.485  -59.530  -19.176 0.6999999881
19107  -25.445  -58.787  -19.301 0.6000000238
18295  -23.801  -59.071  -19.662 0.6999999881
18297  -24.563  -58.633  -19.733 0.6000000238
18275  -22.156  -59.948  -17.918 0.6000000238
19106  -22.981  -58.687  -19.545 0.6000000238
17455  -19.120  -59.632  -17.408 0.5000000000
18274  -21.518  -59.462  -17.919 0.6000000238
18273  -19.925  -59.316  -17.622 0.4000000060
19100  -20.693  -58.946  -17.989 0.5000000000
19105  -21.422  -58.660  -18.591 0.5000000000
134835  -26.882  -57.859  -18.232 0.6000000238
19909  -27.740  -56.829  -17.755 0.5000000000
19108  -26.348  -58.453  -18.603 0.6000000238
125726  -26.967  -57.112  -18.169 0.5000000000
121479  -25.669  -57.973  -18.983 0.6000000238
20784  -26.230  -56.605  -18.526 0.5000000000
19927  -24.961  -57.953  -19.501 0.6000000238
19115  -23.778  -58.473  -19.903 0.6999999881
125727  -24.522  -57.128  -19.622 0.5000000000
18285  -22.327  -59.275  -18.691 0.6000000238
137856  -22.077  -58.470  -19.221 0.5000000000
119633  -19.825  -58.357  -18.106 0.4000000060
126637  -19.005  -60.730  -15.163 0.4000000060
121695  -20.252  -60.899  -15.142 0.3000000119
133852  -19.518  -59.998  -15.296 0.4000000060
20785  -27.030  -56.129  -18.136 0.5000000000
18239  -17.602  -59.031  -15.490 0.3000000119
18240  -18.636  -59.599  -15.376 0.4000000060
19917  -25.412  -57.066  -19.074 0.5000000000
21578  -26.622  -55.203  -18.344 0.5000000000
19060  -16.289  -57.395  -15.933 0.3000000119
127286  -18.341  -58.744  -15.600 0.4000000060
20783  -25.549  -55.995  -19.014 0.5000000000
19878  -15.718  -56.667  -16.482 0.3000000119
127466  -23.882  -57.151  -19.935 0.6000000238
19916  -22.351  -57.897  -19.658 0.6999999881
19925  -23.479  -57.632  -19.985 0.6000000238
19104  -20.528  -58.032  -18.553 0.5000000000
19915  -21.338  -57.698  -19.132 0.4000000060
20790  -22.136  -56.125  -19.619 0.4000000060
16616  -20.989  -61.600  -14.211 0.3000000119
16615  -20.449  -61.708  -14.626 0.3000000119
17426  -21.162  -60.484  -15.158 0.3000000119
18241  -20.339  -59.769  -15.374 0.3000000119
130647  -19.308  -58.974  -15.567 0.4000000060
128428  -26.219  -55.788  -18.534 0.5000000000
19061  -17.419  -57.925  -15.796 0.4000000060
138883  -17.719  -57.104  -16.175 0.4000000060
124471  -18.437  -56.855  -16.328 0.4000000060
20793  -24.825  -56.209  -19.611 0.5000000000
21589  -24.971  -55.256  -19.707 0.5000000000
19894  -17.377  -56.046  -16.638 0.4000000060
20792  -24.057  -56.340  -19.946 0.5000000000
19924  -22.707  -57.286  -19.893 0.5000000000
20791  -23.221  -56.515  -19.963 0.5000000000
127896  -19.607  -57.326  -18.389 0.3000000119
19914  -20.224  -56.804  -18.742 0.4000000060
21587  -23.452  -55.412  -19.986 0.4000000060
16603  -20.663  -61.836  -13.751 0.3000000119
16646  -21.118  -61.226  -14.787 0.3000000119
17427  -21.869  -60.164  -15.082 0.4000000060
18242  -21.264  -59.548  -15.418 0.4000000060
22420  -27.737  -53.798  -17.902 0.4000000060
19062  -20.326  -58.779  -15.713 0.4000000060
22431  -27.166  -54.571  -18.161 0.4000000060
19081  -19.382  -57.908  -16.073 0.4000000060
19082  -20.335  -57.770  -16.244 0.4000000060
22430  -26.248  -54.332  -18.640 0.4000000060
122170  -18.353  -55.569  -16.791 0.4000000060
21563  -18.828  -55.278  -17.209 0.3000000119
21588  -24.284  -55.382  -20.094 0.5000000000
20782  -20.312  -55.668  -18.680 0.3000000119
16604  -21.342  -61.319  -13.810 0.3000000119
17400  -22.011  -60.467  -14.485 0.3000000119
138998  -21.621  -60.777  -14.808 0.3000000119
18214  -22.495  -59.816  -14.795 0.4000000060
18243  -22.238  -59.335  -15.371 0.4000000060
19064  -22.923  -58.774  -15.539 0.3000000119
133290  -22.110  -58.548  -15.866 0.4000000060
23287  -28.460  -53.355  -17.639 0.4000000060
24156  -28.725  -52.546  -17.662 0.4000000060
118105  -26.803  -53.674  -18.542 0.4000000060
21577  -25.690  -54.992  -18.946 0.4000000060
19895  -19.333  -56.681  -16.502 0.3000000119
140559  -25.508  -54.091  -19.277 0.4000000060
124056  -19.238  -55.657  -16.853 0.3000000119
21564  -19.345  -55.304  -17.416 0.3000000119
21586  -22.489  -55.219  -19.609 0.4000000060
18191  -21.460  -59.926  -12.798 0.3000000119
18203  -22.451  -59.943  -14.129 0.4000000060
18215  -23.030  -59.340  -14.575 0.4000000060
18244  -22.974  -59.320  -15.088 0.4000000060
122401  -29.386  -51.357  -17.628 0.4000000060
24169  -28.053  -51.978  -18.314 0.4000000060
138239  -27.294  -53.091  -18.493 0.4000000060
19083  -21.362  -57.740  -16.318 0.4000000060
23306  -25.883  -53.474  -19.245 0.4000000060
23295  -26.472  -52.735  -19.235 0.4000000060
19896  -20.292  -56.477  -16.736 0.3000000119
20755  -19.710  -55.427  -17.227 0.3000000119
22429  -24.878  -54.310  -19.817 0.5000000000
21550  -18.859  -55.304  -17.112 0.3000000119
20772  -19.936  -55.170  -17.708 0.3000000119
22440  -24.151  -53.707  -20.150 0.5000000000
21585  -21.398  -54.780  -19.049 0.3000000119
122369  -22.817  -54.481  -19.665 0.4000000060
20789  -21.111  -55.759  -19.183 0.4000000060
18192  -22.122  -59.423  -12.997 0.3000000119
19065  -23.560  -58.742  -15.024 0.3000000119
19880  -23.442  -58.092  -15.766 0.3000000119
25077  -28.828  -50.845  -18.086 0.4000000060
19084  -22.451  -57.920  -16.191 0.3000000119
25076  -28.124  -51.141  -18.525 0.3000000119
121762  -21.590  -56.698  -16.779 0.3000000119
24168  -27.376  -52.334  -18.844 0.4000000060
20774  -21.374  -55.494  -17.340 0.3000000119
128458  -20.923  -54.537  -17.737 0.3000000119
23305  -24.787  -53.315  -19.836 0.4000000060
21565  -20.529  -54.529  -17.914 0.3000000119
22427  -21.132  -54.079  -18.278 0.3000000119
22438  -21.946  -53.952  -18.915 0.3000000119
118030  -23.439  -53.247  -19.668 0.3000000119
19881  -23.916  -57.351  -16.077 0.3000000119
19882  -24.694  -57.254  -15.503 0.3000000119
19897  -22.838  -57.062  -16.566 0.3000000119
25983  -27.430  -50.575  -19.208 0.3000000119
24177  -26.524  -51.751  -19.468 0.4000000060
25075  -27.401  -51.457  -19.100 0.4000000060
21551  -21.801  -54.554  -17.672 0.3000000119
24176  -25.490  -51.859  -19.732 0.4000000060
22416  -21.238  -54.038  -18.009 0.3000000119
23304  -23.977  -52.859  -19.786 0.3000000119
22439  -22.718  -53.585  -19.370 0.3000000119
20758  -23.212  -55.343  -17.287 0.3000000119
117623  -25.574  -51.155  -19.761 0.3000000119
22417  -21.855  -53.646  -18.010 0.3000000119
24175  -24.523  -51.863  -19.676 0.3000000119
23302  -22.172  -53.247  -18.635 0.3000000119
22400  -23.430  -54.311  -17.582 0.3000000119
22401  -24.399  -54.263  -17.164 0.3000000119
22418  -22.587  -53.495  -17.988 0.3000000119
25082  -24.762  -51.132  -19.712 0.3000000119
22419  -23.528  -53.509  -17.812 0.3000000119
23269  -24.473  -53.472  -17.321 0.3000000119
21575  -19.878  -55.044  -17.903 0.3000000119
21576  -20.582  -54.738  -18.426 0.3000000119
4196  -24.894  -83.043  -20.792 0.6000000238
4179  -24.199  -82.661  -18.997 0.5000000000
3350  -23.554  -84.329  -18.395 0.5000000000
139831  -23.279  -85.101  -18.632 0.5000000000
3771  -24.070  -83.034  -18.258 0.5000000000
4566  -25.202  -81.147  -16.459 0.5000000000
3379  -25.042  -83.874  -22.376 0.6999999881
129683  -27.290  -82.256  -21.740 0.6999999881
3388  -25.371  -84.594  -23.488 0.6999999881
3378  -24.414  -84.569  -21.899 0.6999999881
4156  -25.150  -82.034  -16.867 0.4000000060
2983  -24.292  -85.808  -23.503 0.6999999881
119272  -26.503  -80.634  -18.368 0.5000000000
125842  -27.245  -80.389  -18.097 0.5000000000
4221  -29.675  -82.411  -23.805 0.6000000238
3813  -28.394  -83.182  -24.255 0.6000000238
3814  -29.228  -82.634  -24.432 0.5000000000
115877  -27.933  -81.695  -27.749 0.6000000238
3404  -26.180  -84.467  -24.728 0.6999999881
4108  -35.734  -82.337  -12.138 0.3000000119
3408  -25.670  -84.418  -25.546 0.6000000238
2991  -25.197  -86.002  -24.920 0.6999999881
4606  -26.583  -81.515  -20.329 0.5000000000
4586  -26.000  -81.171  -18.998 0.6000000238
129765  -24.599  -81.981  -18.791 0.5000000000
2994  -24.576  -86.365  -25.089 0.6000000238
2989  -23.892  -86.667  -24.177 0.6999999881
3402  -23.546  -84.832  -25.536 0.5000000000
133683  -22.293  -86.912  -23.807 0.5000000000
138950  -32.221  -78.705  -11.169 0.3000000119
4234  -23.610  -82.376  -27.228 0.6000000238
2624  -21.101  -86.734  -24.397 0.5000000000
5541  -30.364  -79.297  -15.779 0.3000000119
4623  -27.907  -81.827  -21.085 0.5000000000
6052  -32.610  -78.053  -11.132 0.3000000119
2623  -20.272  -86.512  -23.581 0.5000000000
4211  -31.289  -82.176  -23.403 0.4000000060
4522  -37.046  -81.659  -11.682 0.3000000119
6692  -29.553  -77.421  -22.372 0.6000000238
6169  -27.489  -78.865  -22.374 0.6999999881
6140  -28.518  -78.087  -21.101 0.6000000238
7153  -28.918  -76.554  -17.748 0.6000000238
6693  -30.169  -77.638  -22.232 0.6000000238
136767  -32.945  -77.543  -20.468 0.5000000000
7169  -31.581  -76.727  -18.093 0.6000000238
7186  -31.766  -76.943  -19.017 0.5000000000
129929  -30.608  -76.537  -17.148 0.6000000238
118868  -30.764  -71.673  -18.244 0.4000000060
6137  -26.083  -78.457  -20.222 0.6000000238
7181  -26.843  -76.964  -18.566 0.6999999881
11066  -24.333  -69.814  -16.364 0.6000000238
6175  -33.646  -79.077  -22.589 0.4000000060
128849  -33.414  -76.382  -19.035 0.4000000060
119684  -29.390  -71.587  -20.833 0.4000000060
6136  -25.166  -78.135  -20.413 0.6000000238
121522  -24.371  -68.942  -16.927 0.6000000238
119954  -24.681  -70.301  -15.837 0.6000000238
115991  -37.123  -78.701  -22.565 0.5000000000
8824  -24.150  -74.023  -16.303 0.5000000000
12968  -26.134  -66.697  -14.652 0.6000000238
8271  -24.262  -74.935  -16.584 0.4000000060
7124  -27.028  -76.086  -15.720 0.5000000000
132497  -33.808  -74.501  -18.455 0.5000000000
8786  -26.997  -73.111  -14.978 0.6000000238
7673  -26.268  -75.519  -15.663 0.5000000000
125112  -22.613  -65.110  -21.465 0.6000000238
15837  -20.414  -62.328  -17.781 0.5000000000
16691  -27.236  -61.783  -18.408 0.5000000000
123469  -24.807  -63.889  -18.264 0.6000000238
15107  -25.473  -63.272  -18.190 0.6000000238
15105  -23.158  -63.445  -17.906 0.6000000238
15816  -19.021  -62.058  -17.517 0.5000000000
18296  -24.288  -59.046  -19.772 0.6000000238
17456  -19.975  -60.260  -17.206 0.5000000000
19114  -23.081  -58.039  -19.963 0.6000000238
126959  -17.883  -60.069  -15.313 0.3000000119
19918  -26.252  -57.517  -18.565 0.5000000000
129797  -20.925  -56.624  -19.178 0.4000000060
19913  -19.384  -56.332  -18.283 0.3000000119
23296  -27.915  -52.823  -18.026 0.4000000060
18202  -22.049  -60.123  -13.469 0.3000000119
20756  -20.624  -55.756  -17.171 0.3000000119
137841  -22.085  -56.315  -16.973 0.3000000119
121909  -23.604  -54.299  -20.086 0.4000000060
19024  -22.121  -58.565  -12.727 0.3000000119
20757  -22.467  -55.897  -17.160 0.3000000119
117323  -25.255  -52.594  -19.722 0.4000000060
21566  -22.457  -54.138  -17.788 0.3000000119
3337  -19.222  -84.347  -17.969 0.5000000000
3355  -19.454  -84.564  -19.557 0.5000000000
3363  -19.186  -85.320  -20.410 0.5000000000
3364  -18.798  -85.962  -21.321 0.4000000060
3338  -20.018  -83.725  -17.487 0.5000000000
3775  -20.054  -83.600  -19.325 0.5000000000
120885  -19.759  -84.425  -20.270 0.5000000000
138562  -19.367  -85.148  -21.063 0.5000000000
3374  -19.228  -85.418  -22.042 0.5000000000
2987  -19.799  -86.053  -23.398 0.4000000060
138538  -20.524  -83.089  -18.846 0.4000000060
3375  -20.686  -84.542  -21.854 0.5000000000
3393  -20.503  -85.507  -23.773 0.4000000060
3776  -20.882  -83.035  -19.360 0.5000000000
3785  -21.080  -83.821  -20.863 0.5000000000
136327  -20.544  -83.724  -20.152 0.5000000000
3786  -21.765  -82.927  -21.013 0.5000000000
3376  -22.043  -84.160  -22.026 0.5000000000
3792  -21.624  -83.736  -21.377 0.5000000000
3385  -22.445  -84.385  -22.860 0.5000000000
3386  -23.353  -84.255  -23.364 0.4000000060
4186  -21.517  -82.931  -20.184 0.5000000000
3793  -22.670  -83.103  -21.522 0.5000000000
3799  -23.282  -83.744  -22.347 0.5000000000
130464  -20.739  -80.673  -22.979 0.5000000000
4187  -22.197  -82.207  -20.628 0.5000000000
4605  -22.221  -81.386  -21.096 0.5000000000
133825  -23.174  -82.177  -21.657 0.5000000000
4639  -22.979  -81.516  -22.922 0.5000000000
3794  -23.636  -82.802  -22.194 0.5000000000
4622  -23.517  -81.996  -22.196 0.5000000000
3800  -23.983  -83.427  -23.026 0.5000000000
3810  -24.307  -83.239  -24.038 0.5000000000
4638  -21.558  -81.079  -22.998 0.5000000000
5131  -20.681  -80.498  -23.779 0.5000000000
5629  -22.161  -79.484  -24.263 0.5000000000
4648  -21.654  -80.931  -23.993 0.5000000000
5640  -21.819  -80.150  -24.746 0.5000000000
5641  -22.733  -79.807  -24.930 0.5000000000
4649  -23.186  -81.508  -24.049 0.5000000000
4660  -22.876  -80.824  -25.437 0.5000000000
5653  -23.170  -80.102  -25.525 0.5000000000
4655  -23.267  -81.457  -25.266 0.5000000000
5160  -23.422  -81.831  -26.711 0.5000000000
4218  -24.161  -82.441  -24.383 0.5000000000
4227  -23.803  -82.278  -26.037 0.5000000000
125180  -24.580  -82.880  -26.259 0.5000000000
6152  -24.723  -78.544  -21.265 0.5000000000
5618  -25.206  -79.152  -22.040 0.6000000238
5630  -23.459  -79.417  -23.997 0.5000000000
5642  -23.800  -79.553  -24.928 0.5000000000
128184  -25.360  -79.579  -23.087 0.5000000000
5654  -24.152  -79.910  -25.519 0.5000000000
5643  -24.876  -79.724  -24.793 0.5000000000
134431  -23.775  -81.617  -26.798 0.5000000000
4662  -24.553  -81.111  -26.359 0.5000000000
140352  -23.410  -82.129  -27.040 0.5000000000
115730  -21.387  -72.223  -17.857 0.5000000000
9962  -21.978  -71.673  -17.392 0.6000000238
113544  -21.567  -71.534  -18.064 0.5000000000
11081  -22.675  -70.348  -18.028 0.5000000000
11082  -23.363  -69.934  -17.758 0.6000000238
11091  -23.556  -69.718  -18.623 0.6000000238
11090  -22.886  -70.118  -18.799 0.5000000000
11099  -24.190  -69.428  -19.853 0.6000000238
11722  -24.639  -68.766  -20.327 0.5000000000
11714  -24.594  -68.846  -18.938 0.6000000238
11715  -25.352  -68.157  -19.428 0.6000000238
133606  -24.689  -68.221  -21.041 0.5000000000
11723  -25.393  -67.950  -20.348 0.6000000238
12353  -26.111  -67.581  -19.836 0.6000000238
12364  -24.485  -67.779  -21.364 0.5000000000
12360  -25.270  -67.383  -20.869 0.5000000000
13043  -24.092  -66.907  -21.639 0.5000000000
13040  -23.633  -66.190  -21.550 0.6000000238
13716  -21.710  -65.760  -20.905 0.6000000238
13717  -22.374  -65.705  -21.361 0.5000000000
13041  -24.618  -66.344  -21.297 0.6000000238
130609  -25.611  -66.498  -21.001 0.5000000000
13721  -22.948  -65.709  -21.459 0.5000000000
15142  -21.417  -63.570  -21.074 0.6000000238
15137  -21.429  -63.110  -20.278 0.6000000238
6587  -32.254  -77.406  -11.611 0.3000000119
7093  -32.734  -76.741  -11.899 0.3000000119
127936  -30.552  -77.910  -13.738 0.3000000119
7629  -33.750  -75.599  -12.675 0.3000000119
118870  -30.847  -78.120  -14.427 0.3000000119
6078  -30.102  -78.134  -13.189 0.3000000119
6586  -30.995  -77.853  -11.937 0.3000000119
120564  -21.728  -84.909  -24.054 0.4000000060
122580  -23.617  -80.739  -26.128 0.5000000000
133855  -25.632  -79.762  -24.047 0.5000000000
10485  -22.580  -71.185  -17.106 0.5000000000
3384  -20.972  -84.696  -23.063 0.4000000060
5122  -21.706  -80.845  -21.871 0.5000000000
134365  -20.246  -80.162  -23.334 0.5000000000
5148  -22.282  -80.403  -24.897 0.5000000000
5631  -24.594  -79.574  -23.896 0.5000000000
6596  -32.068  -77.002  -12.267 0.3000000119
6606  -31.823  -77.295  -14.131 0.3000000119
7107  -32.638  -76.491  -12.596 0.3000000119
6595  -31.318  -77.354  -12.582 0.3000000119
6602  -31.517  -77.179  -13.378 0.3000000119
133679  -32.674  -76.374  -13.228 0.3000000119
25084  -26.325  -50.713  -19.705 0.3000000119
2572  -23.772  -86.099  -17.465 0.6000000238
2594  -21.655  -87.118  -20.313 0.5000000000
2619  -19.494  -86.748  -22.851 0.5000000000
2625  -21.855  -87.410  -24.813 0.5000000000
2626  -22.964  -87.116  -24.402 0.6000000238
2628  -21.732  -86.779  -25.474 0.5000000000
2629  -22.141  -87.270  -25.265 0.5000000000
2633  -23.076  -86.922  -25.433 0.5000000000
2982  -19.137  -86.011  -22.839 0.4000000060
2988  -20.701  -86.257  -24.085 0.5000000000
2992  -21.190  -86.514  -25.106 0.5000000000
2997  -23.324  -86.139  -25.858 0.6000000238
2998  -24.003  -86.371  -25.494 0.6000000238
3246  -37.454  -84.788  -11.236 0.3000000119
3283  -37.897  -84.808  -11.919 0.3000000119
3348  -19.595  -83.934  -18.609 0.5000000000
3357  -23.666  -84.290  -19.943 0.5000000000
3365  -20.000  -84.446  -21.063 0.5000000000
3367  -24.163  -84.471  -20.895 0.6999999881
3383  -19.789  -85.343  -22.999 0.5000000000
3397  -25.145  -85.642  -24.091 0.6999999881
3706  -38.390  -84.371  -12.168 0.3000000119
3764  -24.400  -83.105  -17.683 0.5000000000
3768  -20.291  -83.250  -18.290 0.5000000000
3770  -23.938  -83.682  -17.969 0.5000000000
3777  -23.756  -83.467  -18.665 0.5000000000
3778  -23.927  -83.424  -19.511 0.5000000000
3812  -27.593  -83.525  -24.077 0.6000000238
4191  -26.957  -82.060  -20.915 0.5000000000
4195  -22.457  -82.118  -21.151 0.5000000000
4199  -28.217  -82.043  -21.984 0.4000000060
4205  -23.997  -82.459  -23.036 0.5000000000
4219  -28.064  -82.882  -23.445 0.6000000238
4223  -31.735  -81.867  -23.962 0.4000000060
4228  -24.513  -83.180  -25.282 0.5000000000
4241  -23.684  -82.335  -27.705 0.6000000238
4242  -24.556  -82.603  -27.843 0.6999999881
4243  -25.663  -82.638  -27.782 0.6000000238
4251  -24.283  -82.347  -27.844 0.6999999881
4517  -32.197  -80.897  -11.679 0.3000000119
4575  -24.745  -81.630  -18.194 0.5000000000
4592  -25.122  -81.490  -18.902 0.6000000238
4593  -25.702  -81.643  -19.829 0.6000000238
4595  -27.214  -80.908  -20.084 0.4000000060
4596  -32.161  -81.846  -20.113 0.4000000060
4621  -22.672  -81.490  -21.946 0.5000000000
4629  -34.585  -81.379  -21.594 0.4000000060
4630  -35.122  -81.703  -20.743 0.4000000060
4651  -33.862  -81.702  -23.140 0.4000000060
4654  -22.274  -80.665  -24.735 0.5000000000
4661  -23.347  -81.615  -26.466 0.5000000000
4666  -23.357  -82.151  -27.361 0.5000000000
4667  -23.479  -82.193  -27.573 0.6999999881
4673  -28.524  -80.974  -27.952 0.5000000000
4999  -30.916  -79.792  -11.577 0.3000000119
5028  -26.080  -80.209  -14.709 0.5000000000
5044  -25.461  -80.391  -16.099 0.5000000000
5046  -26.915  -79.667  -16.684 0.4000000060
5049  -30.198  -80.307  -17.262 0.3000000119
5072  -27.388  -80.626  -18.806 0.5000000000
5089  -29.646  -80.522  -19.433 0.3000000119
5107  -28.784  -80.729  -20.362 0.4000000060
5126  -38.647  -80.248  -22.087 0.4000000060
5135  -39.641  -80.199  -23.203 0.4000000060
5140  -21.178  -80.289  -24.443 0.5000000000
5141  -33.091  -80.297  -23.930 0.4000000060
5142  -33.820  -80.805  -23.448 0.4000000060
5149  -22.539  -80.317  -25.140 0.5000000000
5155  -23.050  -80.838  -25.681 0.5000000000
5168  -27.559  -79.525  -28.539 0.6000000238
5169  -28.591  -80.023  -28.423 0.6000000238
5172  -28.803  -79.133  -28.382 0.5000000000
5495  -32.992  -78.790  -10.917 0.3000000119
5497  -34.824  -79.082  -10.583 0.3000000119
5522  -29.364  -79.456  -12.513 0.4000000060
5523  -29.979  -78.897  -12.185 0.4000000060
5528  -28.212  -79.387  -13.584 0.4000000060
5534  -27.232  -79.471  -14.658 0.4000000060
5538  -26.600  -79.567  -15.933 0.5000000000
5611  -27.058  -79.156  -21.497 0.6999999881
5620  -27.001  -79.271  -22.972 0.6999999881
5635  -32.382  -79.283  -23.534 0.5000000000
5648  -31.120  -78.955  -25.737 0.5000000000
5655  -25.178  -80.146  -25.345 0.6000000238
5660  -31.128  -78.922  -26.672 0.5000000000
5665  -28.845  -78.799  -27.720 0.5000000000
5666  -29.888  -78.801  -27.595 0.5000000000
5672  -30.321  -79.218  -27.521 0.5000000000
5673  -28.149  -79.130  -28.570 0.5000000000
6065  -30.454  -78.379  -11.996 0.3000000119
6067  -31.691  -78.129  -11.479 0.3000000119
6074  -30.090  -78.376  -12.511 0.3000000119
6081  -29.474  -78.613  -14.504 0.4000000060
6155  -30.942  -78.284  -21.894 0.6000000238
6176  -34.671  -79.062  -22.672 0.5000000000
6189  -29.276  -78.841  -24.431 0.6000000238
6199  -30.360  -78.820  -27.453 0.5000000000
6594  -30.573  -77.893  -12.540 0.3000000119
6601  -30.798  -77.604  -13.186 0.3000000119
6603  -32.301  -76.754  -13.703 0.3000000119
6605  -31.134  -77.621  -13.897 0.3000000119
6645  -27.966  -77.426  -19.568 0.6000000238
6658  -26.605  -77.819  -19.742 0.6999999881
6660  -28.578  -77.748  -20.266 0.6000000238
6663  -31.317  -77.437  -20.537 0.6000000238
6691  -28.850  -77.611  -22.060 0.6000000238
7106  -32.021  -76.777  -12.944 0.3000000119
7126  -28.874  -76.167  -15.597 0.6000000238
7127  -29.723  -76.088  -15.720 0.5000000000
7136  -26.121  -76.136  -16.387 0.6000000238
7140  -30.987  -76.178  -16.586 0.6000000238
7151  -27.325  -76.543  -17.370 0.6000000238
7154  -29.831  -76.610  -17.617 0.6000000238
7167  -28.420  -76.700  -18.403 0.6000000238
7184  -29.701  -76.739  -19.087 0.6000000238
7187  -32.632  -76.848  -19.294 0.5000000000
7628  -33.155  -75.987  -12.935 0.3000000119
7651  -28.252  -75.007  -14.806 0.6000000238
7652  -29.057  -75.126  -14.776 0.6000000238
7653  -29.820  -75.112  -14.830 0.5000000000
7678  -30.943  -75.192  -15.378 0.5000000000
7709  -25.085  -76.100  -17.540 0.4000000060
7711  -32.446  -75.408  -17.383 0.5000000000
7724  -34.193  -75.021  -18.805 0.4000000060
8234  -28.838  -74.372  -14.668 0.5000000000
8235  -29.505  -74.575  -14.703 0.5000000000
8237  -30.936  -74.441  -15.018 0.5000000000
8272  -24.984  -75.297  -16.306 0.6000000238
8790  -30.581  -73.692  -14.817 0.5000000000
8806  -27.212  -73.929  -14.971 0.6000000238
8825  -31.601  -73.479  -16.042 0.6000000238
9344  -27.555  -72.415  -14.643 0.6000000238
9345  -28.407  -72.715  -14.580 0.6000000238
9361  -24.850  -73.489  -15.872 0.5000000000
9364  -30.603  -72.135  -15.118 0.5000000000
9378  -24.295  -72.278  -15.997 0.5000000000
9395  -31.999  -72.924  -18.522 0.4000000060
9398  -30.903  -72.160  -20.047 0.4000000060
9913  -28.520  -71.465  -14.485 0.6000000238
9949  -22.738  -71.988  -16.718 0.6000000238
9952  -30.798  -70.954  -16.486 0.6000000238
9963  -30.459  -71.054  -18.090 0.4000000060
10452  -26.594  -70.268  -14.501 0.6000000238
10468  -24.914  -70.985  -15.674 0.5000000000
10497  -22.165  -70.921  -17.871 0.5000000000
11031  -25.906  -69.101  -14.628 0.6000000238
11045  -24.815  -69.679  -15.731 0.6000000238
11092  -24.022  -69.478  -19.031 0.6000000238
11113  -24.109  -68.863  -21.287 0.5000000000
11650  -27.254  -68.739  -13.949 0.6000000238
11651  -28.483  -68.572  -14.052 0.6000000238
11699  -24.654  -68.704  -17.825 0.6999999881
11729  -23.891  -68.434  -21.573 0.5000000000
12283  -26.226  -67.507  -14.327 0.6000000238
12357  -25.956  -67.405  -20.411 0.6000000238
12361  -26.089  -66.915  -20.665 0.6999999881
12969  -26.825  -66.154  -14.496 0.6000000238
12989  -25.462  -66.610  -15.439 0.5000000000
13004  -26.225  -66.013  -16.756 0.6000000238
13033  -27.513  -66.280  -18.905 0.6999999881
13042  -26.643  -66.258  -20.591 0.6999999881
13694  -27.307  -65.531  -17.528 0.6000000238
13718  -27.300  -65.716  -19.872 0.6999999881
13719  -21.248  -64.325  -21.404 0.6000000238
13720  -21.875  -64.977  -21.467 0.6000000238
14380  -27.331  -63.997  -15.319 0.5000000000
14405  -28.309  -64.374  -18.280 0.4000000060
14430  -26.350  -64.723  -19.691 0.6000000238
14435  -23.971  -64.996  -20.641 0.6999999881
15106  -23.967  -63.623  -17.859 0.6000000238
15124  -20.936  -62.692  -19.717 0.5000000000
15127  -26.166  -63.780  -18.735 0.6000000238
15815  -18.206  -62.034  -17.543 0.5000000000
15817  -19.737  -62.057  -17.478 0.5000000000
15819  -28.376  -62.020  -15.996 0.5000000000
15855  -27.948  -62.328  -18.180 0.6000000238
16617  -21.568  -61.100  -14.298 0.3000000119
16666  -28.336  -61.499  -16.672 0.5000000000
16683  -27.891  -61.278  -17.739 0.5000000000
17395  -21.878  -60.725  -13.932 0.3000000119
17443  -19.104  -60.667  -17.115 0.5000000000
17459  -23.304  -60.931  -17.757 0.6000000238
17462  -28.113  -61.011  -17.177 0.5000000000
18286  -23.388  -59.503  -19.042 0.6999999881
18290  -26.881  -60.057  -18.415 0.6000000238
19063  -21.290  -58.653  -15.814 0.4000000060
19080  -18.476  -57.985  -15.931 0.4000000060
19879  -16.751  -56.738  -16.325 0.4000000060
19923  -21.765  -56.968  -19.544 0.4000000060
19926  -24.166  -57.887  -19.866 0.5000000000
20771  -18.226  -55.470  -17.240 0.3000000119
20773  -20.425  -55.070  -17.609 0.3000000119
20781  -19.606  -55.659  -18.225 0.3000000119
21549  -18.321  -55.260  -17.012 0.3000000119
21574  -19.323  -55.294  -17.589 0.3000000119
21579  -27.390  -55.381  -18.006 0.5000000000
25066  -28.701  -51.629  -17.880 0.4000000060
113438  -27.231  -81.387  -28.296 0.6999999881
113439  -27.080  -80.681  -28.521 0.6999999881
113445  -25.401  -80.717  -25.886 0.6999999881
113448  -40.169  -78.830  -24.094 0.5000000000
115855  -27.733  -79.828  -28.667 0.6999999881
116237  -31.424  -79.272  -25.729 0.5000000000
116765  -28.290  -78.939  -28.290 0.5000000000
117105  -27.252  -70.880  -14.433 0.6000000238
117735  -26.572  -80.851  -28.331 0.6000000238
118054  -24.386  -52.502  -19.732 0.3000000119
118375  -31.604  -77.490  -11.930 0.3000000119
118623  -39.426  -77.565  -23.417 0.5000000000
118688  -28.273  -64.635  -19.218 0.6999999881
119291  -29.753  -72.117  -14.733 0.5000000000
119959  -31.255  -72.367  -18.352 0.4000000060
120405  -29.260  -66.956  -14.343 0.6000000238
120410  -33.165  -81.971  -23.147 0.4000000060
120543  -28.908  -80.647  -18.836 0.4000000060
120817  -26.965  -75.397  -15.280 0.6000000238
121929  -29.439  -70.692  -14.768 0.5000000000
121991  -40.174  -80.012  -23.583 0.4000000060
123400  -26.226  -73.027  -15.312 0.6000000238
123513  -27.874  -80.170  -17.701 0.5000000000
124860  -31.994  -82.070  -22.362 0.4000000060
125787  -25.990  -60.117  -18.915 0.6999999881
126640  -25.115  -81.156  -17.151 0.4000000060
127054  -27.637  -67.297  -13.886 0.6000000238
128958  -26.521  -79.021  -20.824 0.6999999881
129357  -28.646  -76.437  -17.045 0.5000000000
130118  -30.647  -70.894  -17.450 0.6000000238
130351  -25.172  -83.230  -21.585 0.6999999881
130529  -27.590  -76.374  -16.360 0.6000000238
131856  -24.652  -88.342  -17.365 0.5000000000
131876  -40.643  -78.959  -23.043 0.4000000060
132493  -27.829  -65.796  -19.346 0.6999999881
133955  -27.544  -79.776  -17.072 0.4000000060
134184  -22.262  -82.094  -19.902 0.5000000000
134286  -25.944  -72.397  -15.326 0.6000000238
134324  -25.599  -75.597  -16.079 0.6000000238
134854  -24.775  -72.740  -15.787 0.5000000000
134882  -33.307  -76.744  -19.620 0.5000000000
134893  -30.962  -80.673  -25.963 0.5000000000
134982  -19.039  -57.653  -18.062 0.3000000119
135098  -26.737  -62.276  -18.561 0.5000000000
135419  -25.646  -67.215  -14.812 0.5000000000
135585  -23.547  -85.486  -25.798 0.6000000238
135815  -24.403  -54.579  -20.138 0.5000000000
136165  -30.607  -80.572  -17.670 0.3000000119
137534  -27.266  -63.755  -16.089 0.6999999881
138015  -28.206  -65.780  -14.263 0.6000000238
138088  -26.359  -66.989  -17.763 0.6999999881
138197  -30.820  -82.246  -23.054 0.4000000060
138359  -30.273  -82.273  -24.336 0.4000000060
138817  -26.682  -80.327  -17.843 0.5000000000
139049  -23.581  -85.959  -21.973 0.6000000238
139640  -34.105  -73.959  -18.740 0.5000000000
140306  -21.119  -87.068  -22.905 0.5000000000
140342  -32.521  -79.665  -24.386 0.5000000000
140654  -28.530  -77.226  -19.474 0.6000000238
