#!ascii label  , from subject sub-v1s21x0050422_ses-1 vox2ras=TkReg
306
68188  23.599  -6.835  -33.707 0.0000000000
59267  24.148  -17.101  -28.121 0.0000000000
130250  19.405  -2.877  -35.924 0.0000000000
80387  22.293  5.313  -37.953 0.0000000000
56145  22.258  -18.890  -27.935 0.0000000000
74689  22.808  -0.875  -34.729 0.0000000000
75650  22.746  0.675  -35.706 0.0000000000
66184  22.669  -9.683  -33.389 0.0000000000
64070  23.425  -11.797  -31.044 0.0000000000
66176  25.602  -9.790  -32.326 0.0000000000
125458  25.832  -4.649  -33.551 0.0000000000
118715  27.557  -6.629  -32.754 0.0000000000
129633  21.421  -3.971  -32.750 0.0000000000
125065  23.945  -2.540  -33.605 0.0000000000
117223  20.868  3.010  -36.545 0.0000000000
78417  23.776  2.960  -36.983 0.0000000000
61131  24.901  -15.058  -29.132 0.0000000000
74693  19.584  -0.431  -35.427 0.0000000000
118867  20.351  0.703  -35.302 0.0000000000
68178  23.228  -7.655  -33.624 0.0000000000
65074  24.138  -10.017  -33.197 0.0000000000
67181  25.177  -8.986  -33.435 0.0000000000
57238  23.159  -18.400  -27.630 0.0000000000
71145  20.153  -3.409  -35.414 0.0000000000
72033  23.499  -3.254  -33.292 0.0000000000
72885  21.701  -2.002  -33.784 0.0000000000
74704  24.638  -0.057  -35.868 0.0000000000
74687  25.290  -0.642  -35.400 0.0000000000
80373  21.323  5.190  -36.809 0.0000000000
117502  18.675  3.271  -36.172 0.0000000000
78428  22.277  4.136  -36.992 0.0000000000
82201  25.191  8.224  -37.072 0.0000000000
81290  24.943  6.219  -37.374 0.0000000000
79431  24.821  4.559  -37.777 0.0000000000
80372  25.365  5.333  -36.689 0.0000000000
78415  25.654  3.395  -37.190 0.0000000000
64063  25.472  -11.579  -30.536 0.0000000000
62134  24.677  -13.520  -30.463 0.0000000000
56136  21.277  -19.766  -27.081 0.0000000000
72871  20.987  -2.136  -35.727 0.0000000000
141194  20.748  -1.250  -35.427 0.0000000000
74706  23.076  -0.265  -35.253 0.0000000000
117195  24.720  0.916  -36.593 0.0000000000
64074  21.874  -11.682  -32.326 0.0000000000
65071  23.346  -10.422  -32.891 0.0000000000
65065  24.987  -10.574  -31.605 0.0000000000
64062  26.033  -10.681  -30.854 0.0000000000
130127  24.818  -5.972  -34.063 0.0000000000
67190  26.348  -7.653  -33.670 0.0000000000
119205  27.219  -6.503  -34.280 0.0000000000
69195  21.808  -6.921  -33.485 0.0000000000
70180  21.014  -4.841  -32.822 0.0000000000
135208  22.840  -5.603  -32.886 0.0000000000
129572  24.405  -4.961  -32.731 0.0000000000
72032  24.635  -3.326  -33.051 0.0000000000
72903  25.952  -2.315  -34.340 0.0000000000
72884  23.161  -1.914  -33.907 0.0000000000
72882  25.273  -1.816  -34.642 0.0000000000
133302  18.318  2.258  -36.233 0.0000000000
79439  23.541  4.896  -38.277 0.0000000000
78427  23.242  3.864  -37.308 0.0000000000
118125  21.785  2.812  -36.467 0.0000000000
116091  20.959  1.507  -35.824 0.0000000000
117066  23.763  1.811  -36.631 0.0000000000
116086  25.981  2.844  -36.950 0.0000000000
59280  23.013  -16.123  -30.146 0.0000000000
62141  23.097  -13.476  -30.987 0.0000000000
66174  26.567  -8.798  -32.278 0.0000000000
123899  27.194  -9.603  -30.695 0.0000000000
75654  18.840  0.586  -35.535 0.0000000000
116546  19.485  1.087  -35.537 0.0000000000
67182  23.775  -8.491  -33.574 0.0000000000
68177  24.042  -7.655  -33.756 0.0000000000
54979  20.637  -20.816  -25.895 0.0000000000
54978  21.377  -20.673  -25.960 0.0000000000
58282  23.569  -17.654  -28.049 0.0000000000
135525  20.042  -3.123  -36.029 0.0000000000
72035  20.902  -2.305  -33.786 0.0000000000
72048  20.543  -2.912  -35.946 0.0000000000
75648  26.151  0.854  -36.096 0.0000000000
74703  25.732  0.038  -35.983 0.0000000000
80388  21.648  5.581  -37.489 0.0000000000
135734  20.784  4.585  -36.377 0.0000000000
116819  20.690  3.735  -36.441 0.0000000000
79435  21.909  4.854  -37.328 0.0000000000
139732  25.187  5.710  -37.041 0.0000000000
80360  25.548  5.608  -35.725 0.0000000000
64055  25.555  -12.031  -30.161 0.0000000000
63120  25.506  -12.790  -29.963 0.0000000000
58292  22.070  -17.522  -28.993 0.0000000000
73788  19.027  -1.425  -35.764 0.0000000000
74708  19.376  -0.950  -35.652 0.0000000000
75652  20.711  -0.224  -34.954 0.0000000000
75639  21.518  -0.432  -34.932 0.0000000000
74707  22.478  -0.026  -35.310 0.0000000000
126687  23.311  0.331  -35.760 0.0000000000
81292  21.421  6.319  -37.717 0.0000000000
120471  22.608  -10.377  -33.219 0.0000000000
66182  25.079  -9.724  -33.069 0.0000000000
65070  24.955  -10.041  -32.370 0.0000000000
136668  25.529  -10.124  -31.855 0.0000000000
117739  25.769  -10.453  -31.440 0.0000000000
65064  26.265  -10.132  -31.349 0.0000000000
135716  22.248  -19.546  -27.068 0.0000000000
56127  21.819  -20.203  -26.452 0.0000000000
134270  25.583  -5.522  -34.105 0.0000000000
140388  26.220  -5.938  -34.260 0.0000000000
70176  26.381  -5.243  -34.204 0.0000000000
131484  20.459  -3.938  -33.455 0.0000000000
70179  22.188  -5.113  -32.778 0.0000000000
70178  23.172  -5.203  -32.773 0.0000000000
135544  23.939  -5.451  -32.893 0.0000000000
127539  22.627  -4.325  -32.743 0.0000000000
72031  25.716  -2.949  -33.409 0.0000000000
122608  25.025  -2.329  -33.752 0.0000000000
130273  21.733  -1.338  -34.486 0.0000000000
134838  22.322  -1.472  -34.220 0.0000000000
73774  23.545  -1.227  -34.426 0.0000000000
73772  25.515  -1.322  -35.093 0.0000000000
72881  26.335  -1.749  -35.109 0.0000000000
134627  20.197  3.051  -36.091 0.0000000000
117269  17.183  4.060  -36.509 0.0000000000
116099  17.916  2.928  -36.489 0.0000000000
116102  16.674  3.386  -36.290 0.0000000000
116101  20.410  2.438  -36.134 0.0000000000
80397  24.552  6.058  -38.299 0.0000000000
81291  24.586  6.941  -38.098 0.0000000000
79438  24.056  5.229  -38.446 0.0000000000
79432  24.175  4.669  -38.111 0.0000000000
78426  24.296  3.898  -37.618 0.0000000000
116092  21.922  1.939  -36.084 0.0000000000
133516  22.802  2.388  -36.433 0.0000000000
116088  22.832  1.461  -36.078 0.0000000000
117237  24.428  2.395  -36.981 0.0000000000
116083  26.422  3.874  -36.165 0.0000000000
117677  26.778  3.193  -36.520 0.0000000000
116082  26.551  2.524  -36.517 0.0000000000
64071  22.533  -11.505  -31.435 0.0000000000
63139  22.750  -12.531  -31.121 0.0000000000
63138  23.521  -12.704  -30.932 0.0000000000
62127  25.044  -14.015  -30.152 0.0000000000
61144  24.337  -14.359  -30.460 0.0000000000
61136  24.715  -14.746  -29.968 0.0000000000
60258  24.350  -15.485  -29.717 0.0000000000
67189  26.863  -7.531  -33.877 0.0000000000
66179  26.330  -7.889  -32.944 0.0000000000
120062  27.153  -7.529  -32.408 0.0000000000
74709  18.479  -0.222  -35.494 0.0000000000
75655  17.353  0.138  -35.651 0.0000000000
75653  19.915  0.093  -35.241 0.0000000000
118955  21.217  0.444  -35.189 0.0000000000
67183  22.811  -8.561  -33.491 0.0000000000
66183  23.540  -9.378  -33.420 0.0000000000
124089  24.384  -9.245  -33.428 0.0000000000
66181  25.698  -9.314  -32.842 0.0000000000
57230  22.886  -18.982  -27.230 0.0000000000
57229  23.545  -18.642  -26.902 0.0000000000
57222  23.892  -18.884  -26.164 0.0000000000
71140  26.574  -4.437  -34.126 0.0000000000
70175  27.354  -5.150  -34.254 0.0000000000
71146  19.480  -4.065  -34.794 0.0000000000
71144  20.605  -3.010  -33.577 0.0000000000
125068  21.862  -3.282  -33.024 0.0000000000
72034  22.368  -2.888  -33.394 0.0000000000
125246  22.963  -2.560  -33.606 0.0000000000
74688  23.980  -0.418  -34.964 0.0000000000
78419  21.556  3.620  -36.676 0.0000000000
127416  24.998  7.372  -37.081 0.0000000000
139784  24.764  5.662  -37.906 0.0000000000
134039  24.535  5.283  -38.172 0.0000000000
79423  25.443  4.611  -37.262 0.0000000000
78425  25.232  3.892  -37.456 0.0000000000
78416  24.894  3.112  -37.319 0.0000000000
120831  25.935  3.949  -37.014 0.0000000000
79412  25.669  4.715  -36.110 0.0000000000
64064  24.943  -11.981  -30.698 0.0000000000
63129  24.690  -12.777  -30.619 0.0000000000
63128  25.183  -12.625  -30.373 0.0000000000
62126  25.360  -13.538  -29.728 0.0000000000
54986  20.948  -20.216  -26.408 0.0000000000
56146  21.522  -19.363  -27.744 0.0000000000
58283  22.681  -18.074  -28.341 0.0000000000
58291  23.009  -17.476  -28.745 0.0000000000
128802  19.319  -2.094  -35.999 0.0000000000
72888  20.188  -2.454  -36.211 0.0000000000
73787  19.902  -1.579  -36.071 0.0000000000
73776  20.720  -1.793  -36.068 0.0000000000
74690  21.340  -1.261  -34.611 0.0000000000
75641  20.400  -0.731  -35.139 0.0000000000
75640  20.893  -1.038  -34.762 0.0000000000
121830  22.190  -0.709  -34.909 0.0000000000
74705  23.806  0.060  -35.660 0.0000000000
75649  25.109  0.495  -36.313 0.0000000000
117285  25.521  1.223  -36.485 0.0000000000
80401  21.923  5.893  -38.059 0.0000000000
65072  22.432  -10.681  -31.981 0.0000000000
65066  23.349  -10.728  -31.494 0.0000000000
65075  23.253  -10.043  -33.290 0.0000000000
136408  24.100  -10.175  -31.915 0.0000000000
64069  24.400  -11.328  -31.129 0.0000000000
64068  25.329  -11.152  -31.073 0.0000000000
64054  26.033  -11.138  -30.094 0.0000000000
69207  24.037  -5.997  -33.612 0.0000000000
68186  25.256  -6.936  -34.076 0.0000000000
68184  27.001  -7.135  -34.140 0.0000000000
116993  28.208  -6.852  -33.999 0.0000000000
138537  28.090  -5.571  -34.191 0.0000000000
133483  28.743  -6.321  -33.931 0.0000000000
115709  27.983  -6.452  -32.097 0.0000000000
142206  22.490  -7.624  -33.556 0.0000000000
69208  22.786  -6.854  -33.582 0.0000000000
69209  21.457  -5.807  -33.082 0.0000000000
125138  22.408  -6.048  -33.178 0.0000000000
122197  23.299  -5.976  -33.217 0.0000000000
136559  24.526  -5.604  -33.104 0.0000000000
70177  25.209  -5.231  -32.997 0.0000000000
71143  24.030  -4.104  -32.804 0.0000000000
141832  24.761  -4.376  -32.720 0.0000000000
71142  25.466  -4.021  -32.877 0.0000000000
71141  26.156  -3.755  -33.634 0.0000000000
71154  26.500  -2.958  -34.164 0.0000000000
72886  20.782  -2.489  -35.400 0.0000000000
72883  24.297  -1.771  -34.087 0.0000000000
73773  24.622  -1.182  -34.761 0.0000000000
141237  18.741  1.517  -35.839 0.0000000000
80400  22.722  5.953  -38.473 0.0000000000
80399  23.585  5.585  -38.571 0.0000000000
135938  22.962  5.214  -38.306 0.0000000000
79434  22.799  4.609  -37.807 0.0000000000
78418  22.603  3.323  -36.714 0.0000000000
116957  21.119  2.367  -36.336 0.0000000000
116096  19.947  1.752  -35.761 0.0000000000
116095  21.948  1.034  -35.703 0.0000000000
116085  23.525  0.933  -36.267 0.0000000000
139981  24.461  1.814  -36.850 0.0000000000
118220  24.203  1.162  -36.699 0.0000000000
116098  24.904  1.535  -36.782 0.0000000000
118651  22.883  -16.893  -29.438 0.0000000000
59273  23.684  -17.048  -28.767 0.0000000000
62136  23.011  -14.243  -30.956 0.0000000000
63130  24.058  -13.196  -30.755 0.0000000000
62135  23.818  -13.986  -30.770 0.0000000000
61145  23.568  -14.658  -30.726 0.0000000000
60259  23.760  -15.708  -30.145 0.0000000000
60251  23.869  -16.309  -29.462 0.0000000000
67191  25.685  -7.767  -33.970 0.0000000000
66180  26.132  -8.855  -32.677 0.0000000000
66175  26.215  -9.510  -32.130 0.0000000000
115696  26.985  -8.612  -31.989 0.0000000000
66169  26.693  -9.418  -31.558 0.0000000000
66170  26.366  -9.814  -31.573 0.0000000000
124700  26.599  -10.132  -30.831 0.0000000000
61135  25.178  -14.290  -29.396 0.0000000000
62133  25.213  -13.356  -30.176 0.0000000000
63137  24.234  -12.331  -30.849 0.0000000000
64048  25.823  -11.932  -29.486 0.0000000000
65058  27.269  -9.998  -30.472 0.0000000000
65063  26.667  -9.810  -31.056 0.0000000000
65069  26.027  -9.977  -31.750 0.0000000000
67180  25.836  -8.394  -33.289 0.0000000000
67192  24.846  -7.687  -33.949 0.0000000000
68185  26.053  -7.030  -34.143 0.0000000000
68187  24.361  -6.853  -33.985 0.0000000000
69206  25.728  -6.359  -34.169 0.0000000000
72036  20.604  -3.017  -35.145 0.0000000000
72047  27.117  -3.098  -34.877 0.0000000000
72887  20.768  -2.443  -36.056 0.0000000000
73757  21.156  -1.780  -35.012 0.0000000000
73775  21.165  -1.942  -34.723 0.0000000000
74691  21.058  -1.641  -35.384 0.0000000000
74692  20.179  -1.163  -35.624 0.0000000000
75651  21.983  0.306  -35.361 0.0000000000
79433  23.614  4.341  -37.915 0.0000000000
115694  27.198  -6.763  -33.256 0.0000000000
115697  26.758  -7.965  -32.523 0.0000000000
115698  27.699  -6.600  -34.174 0.0000000000
115702  27.728  -6.036  -34.298 0.0000000000
116089  25.378  2.973  -37.160 0.0000000000
116618  17.883  3.756  -36.491 0.0000000000
116952  17.317  3.331  -36.590 0.0000000000
117291  25.761  2.018  -36.675 0.0000000000
117294  28.278  -6.229  -33.353 0.0000000000
117372  28.374  -6.226  -34.101 0.0000000000
117474  19.115  2.040  -35.924 0.0000000000
117823  25.088  2.385  -36.984 0.0000000000
118217  19.489  2.694  -35.933 0.0000000000
119225  26.289  3.474  -36.902 0.0000000000
120260  27.429  -7.332  -33.970 0.0000000000
120381  18.570  -0.886  -35.553 0.0000000000
124439  24.143  0.490  -36.281 0.0000000000
125270  23.044  -3.767  -32.917 0.0000000000
126860  23.625  -4.669  -32.721 0.0000000000
127025  26.587  -7.118  -32.990 0.0000000000
128158  18.510  -1.885  -35.645 0.0000000000
131271  26.509  -6.553  -34.221 0.0000000000
131518  26.924  -5.918  -34.332 0.0000000000
131948  24.571  -8.420  -33.649 0.0000000000
132935  17.568  2.477  -36.427 0.0000000000
133509  17.744  0.789  -35.875 0.0000000000
133963  25.309  6.063  -36.412 0.0000000000
137647  27.251  -8.281  -31.681 0.0000000000
138076  20.335  -3.477  -34.643 0.0000000000
138214  21.868  -8.043  -33.493 0.0000000000
138672  25.246  -8.281  -33.682 0.0000000000
139464  18.678  2.738  -36.174 0.0000000000
141706  24.150  -10.632  -31.506 0.0000000000
