#!ascii label  , from subject sub-v1s21x0050407_ses-1 vox2ras=TkReg
1665
8459  -41.499  -74.955  1.528 0.1000000015
8477  -41.668  -75.632  0.581 0.1000000015
6289  -40.572  -78.206  -0.370 0.1000000015
112430  -41.785  -77.014  0.094 0.1000000015
6990  -41.444  -77.442  -0.592 0.1000000015
8488  -42.525  -75.748  -0.669 0.1000000015
7014  -40.523  -77.420  -1.798 0.1000000015
7760  -42.020  -75.108  -2.180 0.1000000015
8507  -41.548  -74.843  -2.591 0.1000000015
8500  -40.653  -75.386  -2.604 0.1000000015
10114  -41.327  -74.097  -2.915 0.1000000015
8506  -40.090  -74.669  -3.635 0.1000000015
8499  -39.417  -75.558  -2.759 0.1000000015
9305  -40.054  -74.161  -4.289 0.1000000015
10169  -39.421  -74.250  -5.389 0.1000000015
8505  -39.156  -75.101  -3.643 0.1000000015
8529  -39.290  -74.682  -5.385 0.1000000015
8516  -39.484  -74.549  -4.659 0.1000000015
10915  -40.224  -73.382  2.653 0.1000000015
8460  -42.099  -74.742  1.358 0.1000000015
10061  -41.027  -73.867  2.886 0.1000000015
8478  -42.294  -75.208  0.483 0.1000000015
10929  -40.760  -73.308  2.141 0.1000000015
10072  -42.276  -74.064  1.722 0.1000000015
9260  -42.511  -74.581  0.465 0.1000000015
10089  -41.916  -73.583  1.208 0.1000000015
8495  -42.386  -75.179  -1.444 0.1000000015
10097  -41.537  -73.445  -0.672 0.1000000015
117721  -41.770  -74.176  -2.462 0.1000000015
13960  -36.854  -68.960  -3.131 0.1000000015
12444  -35.488  -70.668  -2.256 0.1000000015
10970  -35.738  -72.073  -2.189 0.1000000015
12438  -35.441  -70.706  -1.433 0.1000000015
10111  -38.225  -73.384  -3.242 0.1000000015
10130  -39.372  -73.616  -4.214 0.1000000015
10112  -39.428  -73.447  -3.200 0.1000000015
108913  -40.187  -73.681  -3.966 0.1000000015
10150  -39.823  -74.011  -4.648 0.1000000015
10905  -37.500  -72.927  3.838 0.1000000015
114133  -36.233  -71.936  2.804 0.2000000030
100273  -37.243  -72.512  3.125 0.2000000030
10906  -38.344  -73.190  3.659 0.1000000015
110839  -35.423  -71.395  2.817 0.1000000015
10912  -37.391  -72.480  2.322 0.1000000015
10913  -38.474  -72.830  2.908 0.1000000015
11726  -36.437  -72.013  1.827 0.1000000015
10928  -39.429  -72.887  1.648 0.1000000015
17229  -45.201  -64.712  -3.356 0.1000000015
16462  -44.544  -65.789  -3.393 0.1000000015
10949  -38.414  -72.651  0.920 0.1000000015
10950  -40.231  -72.913  0.950 0.1000000015
10962  -41.178  -73.048  0.277 0.1000000015
99583  -43.259  -66.833  -3.644 0.1000000015
14785  -43.228  -67.514  -3.740 0.1000000015
13949  -41.171  -68.353  -3.549 0.1000000015
14772  -40.422  -67.980  -2.544 0.1000000015
14771  -39.226  -67.765  -2.380 0.1000000015
113134  -39.063  -72.752  0.427 0.1000000015
10961  -39.893  -72.906  -0.231 0.1000000015
10106  -41.478  -73.698  -2.002 0.1000000015
13965  -42.181  -68.294  -4.183 0.1000000015
13964  -41.279  -68.390  -4.445 0.1000000015
13948  -40.049  -68.257  -3.450 0.1000000015
14769  -37.408  -67.966  -2.302 0.1000000015
13934  -35.285  -69.089  -0.986 0.1000000015
99767  -35.257  -69.963  -0.783 0.1000000015
10973  -39.638  -73.033  -1.282 0.1000000015
10105  -40.457  -73.302  -2.008 0.1000000015
102245  -39.378  -68.430  -3.809 0.1000000015
13946  -37.429  -68.444  -2.965 0.1000000015
13945  -36.585  -68.477  -2.333 0.1000000015
102236  -36.940  -72.586  -1.162 0.1000000015
10103  -38.434  -73.186  -2.332 0.1000000015
13168  -35.432  -69.855  -1.618 0.1000000015
11753  -35.736  -71.597  -1.259 0.1000000015
114125  -36.852  -72.740  -1.792 0.1000000015
10131  -40.570  -73.953  -3.762 0.1000000015
12385  -34.938  -70.297  3.664 0.1000000015
11703  -35.644  -71.692  3.625 0.2000000030
108955  -36.201  -72.292  4.384 0.1000000015
10893  -35.840  -72.149  5.232 0.2000000030
12386  -35.027  -70.956  3.200 0.1000000015
12396  -35.076  -70.811  2.388 0.1000000015
105293  -44.174  -63.155  -3.980 0.1000000015
18018  -44.532  -63.799  -3.896 0.1000000015
10948  -37.685  -72.548  0.862 0.1000000015
11725  -35.796  -71.340  1.219 0.1000000015
15589  -44.843  -66.297  -3.160 0.1000000015
112366  -42.771  -68.186  -3.617 0.1000000015
13950  -41.880  -68.189  -2.901 0.1000000015
10959  -37.949  -72.597  0.080 0.1000000015
14753  -37.558  -67.528  -1.648 0.1000000015
14729  -35.749  -67.839  -0.673 0.1000000015
11748  -35.991  -71.639  -0.266 0.1000000015
104006  -37.807  -72.685  -0.870 0.1000000015
10960  -38.789  -72.802  -0.576 0.1000000015
102787  -38.611  -72.938  -1.490 0.1000000015
10104  -39.530  -73.213  -2.245 0.1000000015
13840  -36.309  -68.274  4.268 0.1000000015
13821  -36.495  -68.566  5.148 0.1000000015
13839  -35.638  -68.482  4.017 0.1000000015
13091  -35.382  -68.958  4.563 0.1000000015
13075  -35.303  -69.492  4.999 0.1000000015
12377  -35.188  -70.082  5.042 0.2000000030
12378  -35.436  -69.810  5.655 0.2000000030
12381  -35.099  -70.461  4.428 0.2000000030
12368  -35.606  -70.218  6.419 0.2000000030
11672  -35.491  -70.916  6.436 0.2000000030
12395  -34.800  -70.060  2.760 0.1000000015
13854  -34.930  -68.777  3.124 0.1000000015
13116  -34.776  -69.145  2.654 0.1000000015
12406  -34.867  -70.083  1.852 0.1000000015
18818  -43.539  -62.755  -3.457 0.1000000015
17218  -45.384  -64.665  -3.089 0.1000000015
17203  -45.520  -65.284  -2.674 0.1000000015
105442  -45.310  -65.998  -1.962 0.1000000015
18828  -43.822  -62.530  -4.262 0.1000000015
19645  -42.214  -61.452  -3.627 0.1000000015
16448  -45.450  -65.574  -3.144 0.1000000015
15579  -45.205  -66.253  -2.866 0.1000000015
101873  -43.087  -68.009  -2.707 0.1000000015
14757  -42.302  -67.710  -1.644 0.1000000015
14755  -39.616  -67.394  -1.588 0.1000000015
104176  -37.206  -67.098  -0.161 0.1000000015
13904  -35.361  -67.711  0.137 0.1000000015
13141  -34.850  -68.751  0.434 0.1000000015
11739  -36.334  -71.937  0.668 0.1000000015
19654  -43.924  -61.902  -4.701 0.1000000015
14754  -38.521  -67.400  -1.588 0.1000000015
14730  -36.730  -67.460  -0.996 0.1000000015
101458  -35.035  -69.257  -0.194 0.1000000015
12419  -35.224  -70.195  0.171 0.1000000015
119144  -36.529  -72.150  -0.079 0.1000000015
20556  -44.031  -61.158  -5.090 0.1000000015
20565  -43.795  -60.209  -5.382 0.1000000015
20566  -44.144  -60.463  -5.736 0.1000000015
21524  -44.156  -59.216  -5.914 0.1000000015
14660  -38.487  -67.877  3.097 0.1000000015
14650  -36.856  -67.873  3.681 0.1000000015
14661  -39.501  -68.004  2.805 0.1000000015
14659  -37.454  -67.601  2.939 0.1000000015
13842  -38.370  -68.359  4.449 0.1000000015
13076  -35.707  -69.081  5.356 0.1000000015
13062  -35.878  -69.514  6.183 0.2000000030
14670  -38.414  -67.478  2.329 0.1000000015
14658  -36.471  -67.622  2.970 0.1000000015
13856  -36.014  -67.970  3.536 0.1000000015
14689  -40.114  -67.560  1.698 0.1000000015
14669  -37.435  -67.311  2.183 0.1000000015
20544  -40.559  -60.290  -3.555 0.1000000015
20545  -41.639  -60.732  -3.868 0.1000000015
19634  -41.653  -61.774  -2.980 0.1000000015
18817  -42.286  -62.391  -2.761 0.1000000015
18007  -44.146  -63.532  -3.378 0.1000000015
17217  -44.610  -64.114  -2.825 0.1000000015
119179  -44.943  -64.763  -2.447 0.1000000015
106682  -40.687  -67.476  1.209 0.1000000015
14712  -39.658  -67.213  0.904 0.1000000015
102882  -36.087  -67.457  2.219 0.1000000015
13874  -34.983  -68.400  2.522 0.1000000015
15569  -44.881  -66.630  -1.522 0.1000000015
14736  -43.974  -67.543  -0.338 0.1000000015
14709  -36.771  -67.119  0.788 0.1000000015
14686  -36.138  -67.275  1.422 0.1000000015
13128  -34.789  -69.259  1.265 0.1000000015
21512  -40.615  -59.461  -4.052 0.1000000015
14774  -44.040  -67.497  -2.506 0.1000000015
14758  -43.543  -67.600  -1.519 0.1000000015
14734  -41.449  -67.246  -0.624 0.1000000015
104945  -38.214  -66.994  -0.120 0.1000000015
100483  -35.748  -67.358  0.759 0.1000000015
13887  -34.834  -68.387  1.080 0.1000000015
20553  -41.244  -60.069  -4.113 0.1000000015
20554  -42.188  -60.306  -4.386 0.1000000015
21513  -41.656  -59.396  -4.572 0.1000000015
21514  -42.827  -59.827  -4.916 0.1000000015
21522  -42.640  -58.936  -5.210 0.1000000015
22417  -43.807  -58.270  -5.681 0.1000000015
110778  -44.411  -58.474  -6.329 0.1000000015
13841  -37.213  -68.213  4.436 0.1000000015
101511  -39.502  -67.651  2.164 0.1000000015
14671  -40.732  -68.186  2.443 0.1000000015
13858  -39.358  -68.336  3.637 0.1000000015
13822  -37.559  -68.470  5.187 0.1000000015
14690  -41.417  -68.045  1.867 0.1000000015
14691  -42.820  -68.246  2.011 0.1000000015
13806  -37.012  -68.782  5.899 0.1000000015
14714  -43.046  -68.125  1.237 0.1000000015
14713  -41.846  -67.769  1.213 0.1000000015
13063  -36.561  -69.275  6.524 0.2000000030
19644  -41.081  -61.107  -3.264 0.1000000015
18006  -42.886  -63.020  -2.566 0.1000000015
17991  -43.382  -63.710  -2.235 0.1000000015
104942  -42.275  -67.581  0.405 0.1000000015
13808  -38.753  -68.745  6.027 0.1000000015
13064  -37.645  -69.060  6.594 0.2000000030
17202  -43.905  -64.496  -1.799 0.1000000015
16420  -44.622  -66.600  -0.708 0.1000000015
14735  -42.894  -67.515  -0.483 0.1000000015
104944  -39.298  -67.013  0.037 0.1000000015
22406  -40.811  -58.527  -4.564 0.1000000015
22407  -41.774  -58.527  -4.969 0.1000000015
22415  -41.560  -57.714  -5.179 0.1000000015
22416  -42.602  -57.960  -5.366 0.1000000015
100274  -43.456  -57.283  -5.744 0.1000000015
23332  -44.077  -57.066  -6.009 0.1000000015
15526  -43.232  -67.088  2.310 0.1000000015
14674  -43.291  -67.949  2.176 0.1000000015
14673  -42.837  -68.288  2.660 0.1000000015
16393  -43.237  -66.582  1.764 0.1000000015
14672  -42.174  -68.449  2.622 0.1000000015
13876  -41.758  -68.756  2.949 0.1000000015
15527  -43.611  -67.468  1.695 0.1000000015
13875  -40.744  -68.573  3.139 0.1000000015
13823  -38.667  -68.586  5.210 0.1000000015
16409  -44.204  -66.943  0.320 0.1000000015
13859  -40.901  -68.882  3.751 0.1000000015
20543  -39.765  -60.250  -3.147 0.1000000015
19643  -40.165  -60.825  -2.915 0.1000000015
103949  -40.598  -61.508  -2.635 0.1000000015
18816  -41.068  -62.171  -2.356 0.1000000015
17990  -42.096  -63.426  -1.681 0.1000000015
17201  -42.633  -64.163  -1.256 0.1000000015
17190  -43.382  -65.001  -0.723 0.1000000015
16419  -44.041  -66.049  -0.121 0.1000000015
118720  -43.939  -67.925  0.990 0.1000000015
13843  -39.726  -68.707  4.443 0.1000000015
13807  -37.879  -68.659  5.815 0.1000000015
21504  -39.733  -59.541  -3.529 0.1000000015
17191  -44.628  -65.548  -1.537 0.1000000015
110202  -43.626  -67.870  0.700 0.1000000015
13809  -39.816  -69.020  6.121 0.1000000015
21511  -40.008  -58.877  -4.037 0.1000000015
22405  -39.875  -58.119  -4.329 0.1000000015
23321  -40.590  -57.509  -4.943 0.1000000015
24226  -40.405  -55.793  -5.324 0.1000000015
23330  -41.499  -56.654  -5.469 0.1000000015
25096  -40.741  -55.142  -5.642 0.1000000015
16392  -42.438  -66.033  1.967 0.1000000015
16374  -42.349  -66.501  2.643 0.1000000015
15516  -42.946  -67.699  2.711 0.1000000015
17158  -41.379  -65.055  1.299 0.1000000015
13877  -42.385  -68.658  3.185 0.1000000015
16407  -42.593  -65.687  1.211 0.1000000015
17176  -42.952  -65.416  0.326 0.1000000015
17175  -41.798  -64.860  0.499 0.1000000015
13860  -41.925  -69.043  3.349 0.1000000015
113843  -39.011  -59.266  -3.205 0.1000000015
18806  -41.598  -62.760  -2.019 0.1000000015
17189  -42.160  -64.552  -0.341 0.1000000015
17188  -41.131  -64.218  -0.123 0.1000000015
102498  -41.987  -69.154  3.693 0.1000000015
13824  -39.883  -68.947  5.221 0.1000000015
22397  -39.267  -58.622  -3.645 0.1000000015
20542  -39.133  -59.948  -3.022 0.1000000015
20532  -39.382  -60.603  -2.683 0.1000000015
18815  -40.132  -61.887  -2.011 0.1000000015
18805  -40.559  -62.527  -1.665 0.1000000015
13844  -41.253  -69.204  4.386 0.1000000015
23312  -38.510  -57.415  -3.676 0.1000000015
24213  -38.383  -56.620  -3.906 0.1000000015
23313  -39.180  -57.742  -3.967 0.1000000015
24216  -38.311  -55.821  -4.128 0.1000000015
24217  -39.017  -56.099  -4.409 0.1000000015
24218  -39.708  -56.374  -4.815 0.1000000015
25090  -39.727  -55.478  -5.083 0.1000000015
25089  -38.893  -55.315  -4.605 0.1000000015
17174  -40.292  -63.945  0.119 0.1000000015
17173  -40.191  -64.351  0.960 0.1000000015
16373  -41.151  -65.940  2.848 0.1000000015
17976  -39.756  -63.320  -0.339 0.1000000015
15515  -42.222  -67.007  3.325 0.1000000015
18804  -39.698  -62.267  -1.380 0.1000000015
17988  -40.131  -62.891  -0.976 0.1000000015
17977  -40.588  -63.560  -0.581 0.1000000015
110947  -40.920  -64.441  0.573 0.1000000015
15503  -42.649  -68.340  3.224 0.1000000015
22395  -38.017  -57.957  -3.144 0.1000000015
116856  -37.963  -58.494  -2.851 0.1000000015
19633  -39.726  -61.253  -2.365 0.1000000015
17989  -41.013  -63.174  -1.297 0.1000000015
17978  -41.513  -63.854  -0.881 0.1000000015
14662  -42.426  -68.973  3.524 0.1000000015
23311  -37.804  -57.080  -3.364 0.1000000015
24212  -37.703  -56.219  -3.618 0.1000000015
25943  -37.216  -54.804  -3.643 0.1000000015
25948  -37.914  -54.608  -4.173 0.1000000015
26768  -37.017  -53.395  -3.628 0.1000000015
27696  -36.857  -52.553  -3.687 0.1000000015
26782  -38.314  -53.755  -4.550 0.1000000015
118453  -40.558  -64.898  1.643 0.1000000015
16391  -41.340  -65.539  2.110 0.1000000015
16390  -40.307  -65.199  2.233 0.1000000015
21498  -37.839  -59.038  -2.544 0.1000000015
20527  -38.240  -60.668  -1.921 0.1000000015
19626  -38.553  -61.340  -1.556 0.1000000015
18800  -39.304  -62.670  -0.748 0.1000000015
114164  -36.987  -56.614  -3.016 0.1000000015
23308  -37.269  -57.562  -2.789 0.1000000015
22390  -37.518  -58.320  -2.619 0.1000000015
21499  -38.512  -59.525  -2.759 0.1000000015
20530  -37.962  -59.926  -2.263 0.1000000015
19627  -39.306  -61.629  -1.772 0.1000000015
105699  -36.581  -55.036  -3.121 0.1000000015
26759  -35.872  -53.091  -2.446 0.1000000015
25942  -36.694  -54.130  -3.298 0.1000000015
27684  -35.465  -52.362  -2.372 0.1000000015
26767  -36.444  -53.255  -3.131 0.1000000015
28621  -35.723  -51.696  -2.869 0.1000000015
109751  -36.338  -51.777  -3.468 0.1000000015
109373  -35.990  -51.040  -3.344 0.1000000015
17975  -38.930  -63.130  -0.142 0.1000000015
17953  -39.176  -64.022  1.082 0.1000000015
17157  -39.712  -64.588  1.657 0.1000000015
17156  -38.801  -64.309  1.785 0.1000000015
18799  -38.488  -62.461  -0.539 0.1000000015
18803  -38.895  -62.003  -1.145 0.1000000015
25078  -36.131  -55.166  -2.477 0.1000000015
24209  -36.404  -56.470  -2.375 0.1000000015
115299  -36.246  -54.544  -2.786 0.1000000015
29483  -35.860  -50.127  -3.160 0.1000000015
17962  -39.468  -63.719  0.346 0.1000000015
17952  -38.375  -63.693  1.291 0.1000000015
19622  -38.059  -61.674  -0.907 0.1000000015
23307  -36.609  -57.198  -2.288 0.1000000015
22389  -36.821  -58.110  -2.114 0.1000000015
21495  -37.302  -59.479  -1.972 0.1000000015
117533  -37.950  -61.007  -1.371 0.1000000015
26752  -35.559  -53.726  -1.976 0.1000000015
26758  -35.216  -52.976  -1.832 0.1000000015
28609  -35.082  -51.638  -2.233 0.1000000015
29474  -35.211  -50.078  -2.369 0.1000000015
30337  -35.675  -49.304  -2.613 0.1000000015
18798  -37.752  -62.211  -0.245 0.1000000015
20525  -36.822  -60.465  -0.958 0.1000000015
19625  -37.391  -61.060  -0.968 0.1000000015
19621  -37.407  -61.604  -0.495 0.1000000015
99300  -35.684  -55.175  -1.803 0.1000000015
24200  -36.009  -56.764  -1.664 0.1000000015
23303  -36.320  -57.583  -1.664 0.1000000015
106865  -36.722  -58.945  -1.713 0.1000000015
21494  -36.780  -59.735  -1.379 0.1000000015
29463  -34.701  -50.042  -1.645 0.1000000015
30327  -35.157  -49.312  -1.879 0.1000000015
110688  -35.546  -48.399  -1.113 0.1000000015
32081  -36.211  -47.923  -1.233 0.1000000015
21491  -36.415  -59.898  -0.824 0.1000000015
22388  -36.301  -58.291  -1.366 0.1000000015
22387  -35.921  -58.391  -0.756 0.1000000015
26751  -34.818  -53.576  -1.281 0.1000000015
28608  -34.475  -51.655  -1.467 0.1000000015
29473  -34.830  -50.843  -1.987 0.1000000015
31240  -35.868  -48.320  -0.487 0.1000000015
118304  -36.592  -48.260  -0.163 0.1000000015
25927  -35.341  -54.418  -1.533 0.1000000015
106312  -34.660  -52.836  -1.373 0.1000000015
29461  -34.047  -51.322  -0.803 0.1000000015
29462  -34.391  -50.749  -1.278 0.1000000015
30326  -34.773  -49.377  -1.171 0.1000000015
31228  -35.397  -48.838  -0.034 0.1000000015
31230  -36.932  -48.624  0.258 0.1000000015
31229  -36.033  -48.670  0.181 0.1000000015
27675  -34.010  -52.133  -0.822 0.1000000015
30299  -34.193  -50.089  -0.197 0.1000000015
30315  -34.616  -49.516  -0.549 0.1000000015
30301  -35.495  -49.217  0.496 0.1000000015
7728  -41.387  -77.034  0.360 0.1000000015
7745  -41.384  -77.426  0.005 0.1000000015
7746  -42.049  -76.708  -0.348 0.1000000015
7759  -41.434  -76.962  -1.397 0.1000000015
9274  -42.593  -74.503  -0.235 0.1000000015
7753  -42.148  -76.136  -1.331 0.1000000015
103432  -40.872  -76.498  -2.082 0.1000000015
9296  -42.055  -74.505  -2.130 0.1000000015
10071  -41.724  -73.840  2.250 0.1000000015
10914  -39.420  -73.105  2.769 0.1000000015
9243  -42.334  -74.380  1.306 0.1000000015
104440  -42.139  -73.908  -0.753 0.1000000015
10096  -40.706  -73.207  -1.021 0.1000000015
13180  -36.212  -69.416  -2.803 0.1000000015
10984  -36.364  -72.686  -2.432 0.1000000015
10985  -37.383  -73.040  -2.401 0.1000000015
10110  -37.054  -73.126  -3.232 0.1000000015
10904  -36.640  -72.385  3.686 0.1000000015
11694  -35.527  -71.580  4.509 0.2000000030
10927  -38.225  -72.627  1.789 0.1000000015
18008  -44.877  -64.185  -3.414 0.1000000015
14786  -44.295  -67.028  -3.122 0.1000000015
14770  -38.230  -67.771  -2.269 0.1000000015
13947  -38.830  -68.113  -3.005 0.1000000015
13935  -36.146  -68.143  -1.454 0.1000000015
13944  -35.733  -69.009  -1.822 0.1000000015
11747  -35.488  -70.862  -0.537 0.1000000015
10958  -36.337  -72.176  -0.767 0.1000000015
13090  -35.086  -69.633  4.274 0.1000000015
11693  -35.250  -71.015  4.613 0.2000000030
11685  -35.395  -71.258  5.169 0.2000000030
13838  -35.127  -68.888  3.780 0.1000000015
105968  -35.269  -70.735  1.567 0.1000000015
10947  -37.039  -72.455  0.391 0.1000000015
13153  -35.142  -68.382  -0.309 0.1000000015
14657  -35.809  -67.767  2.891 0.1000000015
110923  -44.810  -66.823  -2.323 0.1000000015
12407  -35.072  -70.048  1.043 0.1000000015
106162  -42.953  -61.156  -4.299 0.1000000015
14756  -40.896  -67.535  -1.610 0.1000000015
14733  -40.074  -67.112  -0.713 0.1000000015
14731  -37.820  -67.177  -0.903 0.1000000015
99781  -36.197  -67.361  -0.067 0.1000000015
11738  -35.658  -71.139  0.356 0.1000000015
18839  -44.155  -61.772  -5.247 0.1000000015
13857  -37.921  -68.031  3.718 0.1000000015
14688  -38.968  -67.288  1.529 0.1000000015
13052  -36.916  -69.682  7.247 0.2000000030
100500  -36.816  -67.230  1.750 0.1000000015
14711  -38.569  -67.056  0.694 0.1000000015
14687  -37.796  -67.111  1.404 0.1000000015
14684  -35.026  -68.020  1.742 0.1000000015
15540  -44.265  -67.250  0.205 0.1000000015
104943  -40.689  -67.226  0.331 0.1000000015
24219  -40.508  -56.543  -5.212 0.1000000015
24229  -43.702  -56.367  -6.095 0.1000000015
16408  -43.596  -66.624  0.973 0.1000000015
23319  -39.070  -56.936  -4.213 0.1000000015
24227  -41.476  -55.541  -5.690 0.1000000015
26780  -37.621  -53.091  -4.131 0.1000000015
28634  -36.863  -51.673  -4.107 0.1000000015
20526  -37.463  -60.353  -1.578 0.1000000015
13009  -39.863  -69.956  10.792 0.5000000000
118314  -41.242  -77.697  11.015 0.5000000000
6870  -40.793  -78.249  11.141 0.5000000000
13768  -39.951  -68.979  10.367 0.5000000000
109755  -40.636  -69.350  10.772 0.5000000000
12332  -40.344  -70.745  11.124 0.5000000000
7599  -41.589  -76.972  10.850 0.5000000000
14620  -39.415  -67.063  9.094 0.5000000000
14603  -39.862  -67.647  9.431 0.5000000000
9130  -42.353  -75.318  10.691 0.5000000000
13786  -40.288  -68.230  9.869 0.5000000000
14621  -40.242  -66.983  9.061 0.5000000000
14604  -40.691  -67.571  9.461 0.5000000000
111537  -41.219  -68.136  9.984 0.4000000060
9132  -43.727  -74.632  10.714 0.5000000000
9144  -43.633  -74.665  10.337 0.5000000000
9121  -44.501  -74.173  10.912 0.5000000000
11638  -45.330  -72.778  10.930 0.5000000000
12346  -45.610  -70.915  10.428 0.5000000000
11650  -45.182  -71.656  10.483 0.5000000000
107646  -46.093  -68.862  8.634 0.4000000060
13803  -46.822  -68.703  7.117 0.4000000060
119384  -36.846  -80.513  12.529 0.1000000015
6153  -40.004  -78.868  11.384 0.5000000000
13785  -39.344  -68.358  9.838 0.5000000000
13767  -38.988  -69.370  10.269 0.5000000000
12331  -39.515  -70.965  10.744 0.5000000000
11618  -39.984  -71.671  10.923 0.4000000060
8348  -40.421  -75.927  10.671 0.5000000000
14602  -38.671  -67.239  9.248 0.5000000000
105091  -39.182  -67.648  9.445 0.5000000000
15460  -38.789  -66.506  8.716 0.5000000000
100503  -38.264  -65.830  8.236 0.5000000000
15461  -39.741  -66.417  8.634 0.5000000000
16308  -38.800  -65.173  7.810 0.4000000060
16291  -39.234  -65.814  8.217 0.3000000119
15462  -40.654  -66.310  8.680 0.4000000060
116066  -41.451  -67.490  9.514 0.4000000060
103791  -40.139  -65.702  8.278 0.3000000119
13787  -41.972  -68.360  10.336 0.6999999881
13010  -41.933  -69.423  11.166 0.5000000000
16292  -39.683  -65.060  7.880 0.3000000119
14622  -41.132  -66.931  9.120 0.4000000060
14605  -42.101  -67.807  9.856 0.5000000000
13770  -42.419  -68.843  10.802 0.6000000238
12313  -42.771  -70.708  11.610 0.6000000238
10813  -42.338  -72.811  11.533 0.6000000238
101569  -42.771  -76.081  10.256 0.3000000119
110091  -40.510  -64.961  8.041 0.3000000119
16293  -41.109  -65.485  8.391 0.3000000119
15443  -42.203  -67.016  9.338 0.4000000060
14606  -43.111  -67.622  9.837 0.5000000000
12991  -43.458  -70.133  11.522 0.6000000238
12992  -44.756  -70.465  11.419 0.6000000238
9939  -44.210  -73.902  11.381 0.5000000000
9940  -44.740  -73.778  11.126 0.5000000000
16294  -42.385  -65.249  8.576 0.4000000060
13789  -44.031  -68.242  10.411 0.5000000000
13013  -45.561  -69.811  11.186 0.5000000000
115977  -44.729  -71.361  11.477 0.5000000000
112320  -45.309  -72.828  11.046 0.5000000000
17079  -41.504  -64.309  8.165 0.4000000060
119366  -43.447  -65.511  8.866 0.5000000000
14607  -44.368  -67.597  9.884 0.5000000000
13790  -45.405  -68.421  10.339 0.4000000060
12993  -45.730  -70.494  11.176 0.5000000000
12316  -45.866  -70.912  10.949 0.5000000000
16295  -43.567  -64.776  8.801 0.4000000060
15465  -44.050  -66.117  9.158 0.5000000000
14608  -45.685  -67.722  9.796 0.5000000000
14609  -46.665  -67.788  9.545 0.4000000060
13034  -46.132  -69.410  10.241 0.4000000060
12347  -46.003  -70.407  10.611 0.5000000000
16297  -45.895  -64.941  9.114 0.5000000000
15467  -46.695  -66.203  9.072 0.4000000060
14623  -47.523  -67.828  8.642 0.4000000060
13800  -46.771  -68.466  8.210 0.4000000060
16299  -47.147  -66.093  8.145 0.4000000060
15472  -47.507  -66.610  7.344 0.3000000119
16319  -46.625  -65.876  6.650 0.3000000119
15486  -46.445  -66.763  6.449 0.3000000119
5528  -35.642  -81.207  13.796 0.1000000015
4949  -35.074  -81.864  13.283 0.1000000015
6149  -36.079  -79.289  12.621 0.1000000015
5544  -36.298  -80.419  13.109 0.1000000015
6150  -37.591  -79.062  12.001 0.4000000060
6151  -38.574  -79.367  11.883 0.4000000060
6856  -39.216  -78.762  11.684 0.5000000000
104497  -38.851  -77.884  11.469 0.4000000060
7583  -39.048  -77.097  11.122 0.5000000000
7598  -40.467  -77.278  11.074 0.5000000000
13008  -38.891  -70.385  10.502 0.5000000000
8347  -39.230  -76.113  10.856 0.5000000000
13784  -38.579  -67.964  9.641 0.5000000000
118233  -38.531  -68.676  9.939 0.5000000000
105921  -37.411  -66.173  8.816 0.5000000000
116502  -38.131  -66.341  8.672 0.5000000000
9946  -40.973  -73.240  11.085 0.6000000238
16307  -38.079  -65.159  7.799 0.4000000060
17089  -38.370  -64.491  7.707 0.2000000030
17876  -38.297  -62.989  8.077 0.2000000030
17090  -39.199  -64.342  7.745 0.3000000119
17078  -40.210  -64.041  7.864 0.3000000119
17885  -38.722  -63.652  7.797 0.3000000119
104271  -40.088  -62.949  8.029 0.3000000119
17877  -39.165  -62.905  8.065 0.3000000119
18686  -40.835  -62.383  8.601 0.4000000060
102358  -41.180  -63.153  8.150 0.4000000060
17878  -42.280  -63.344  8.545 0.4000000060
17080  -42.938  -64.107  8.596 0.4000000060
17081  -44.274  -63.872  9.424 0.4000000060
18687  -42.013  -62.651  8.946 0.3000000119
116467  -42.660  -62.962  9.083 0.3000000119
106353  -44.261  -63.053  9.906 0.3000000119
16296  -44.691  -65.027  9.189 0.4000000060
17083  -45.683  -63.922  9.023 0.3000000119
108438  -46.172  -64.615  8.675 0.4000000060
16310  -46.993  -65.624  7.182 0.3000000119
19509  -44.431  -62.010  9.362 0.2000000030
18689  -44.800  -62.430  8.870 0.2000000030
17888  -45.536  -63.484  8.075 0.3000000119
16309  -46.167  -64.948  6.922 0.3000000119
19526  -43.675  -61.202  7.837 0.1000000015
18714  -44.522  -62.571  7.123 0.2000000030
17098  -45.573  -64.010  6.998 0.4000000060
20430  -40.103  -60.159  7.789 0.1000000015
101983  -36.645  -78.715  12.032 0.1000000015
7582  -38.013  -77.148  11.231 0.5000000000
6855  -38.176  -78.279  11.623 0.4000000060
12330  -37.992  -70.692  10.476 0.5000000000
114286  -38.623  -71.250  10.571 0.4000000060
11636  -38.446  -71.994  10.684 0.4000000060
9944  -38.862  -73.391  10.859 0.4000000060
110797  -38.971  -74.061  10.848 0.5000000000
110798  -39.201  -75.241  10.799 0.5000000000
102711  -37.960  -67.524  9.491 0.5000000000
13766  -38.022  -69.235  10.133 0.5000000000
9128  -39.589  -74.736  10.746 0.4000000060
16289  -36.863  -65.456  8.574 0.4000000060
113203  -38.061  -66.801  9.049 0.5000000000
17077  -36.833  -64.828  8.100 0.4000000060
16290  -37.482  -65.390  8.128 0.5000000000
17088  -37.582  -64.651  7.794 0.4000000060
17087  -37.020  -63.983  7.877 0.3000000119
17884  -37.887  -63.791  7.783 0.3000000119
18683  -37.875  -62.396  8.486 0.2000000030
18684  -38.798  -62.340  8.520 0.2000000030
19505  -38.433  -61.873  9.099 0.1000000015
19488  -38.932  -61.915  10.163 0.1000000015
19506  -39.345  -61.828  9.196 0.3000000119
19507  -40.356  -61.859  9.381 0.3000000119
19489  -39.804  -61.722  10.081 0.2000000030
19490  -40.835  -61.728  10.270 0.2000000030
114230  -43.044  -62.658  9.754 0.2000000030
19473  -41.246  -61.296  10.522 0.2000000030
19492  -42.627  -61.343  10.234 0.2000000030
18667  -43.426  -62.246  10.028 0.2000000030
19491  -41.777  -61.755  10.308 0.2000000030
20389  -42.674  -60.363  9.805 0.1000000015
19493  -43.843  -61.565  9.644 0.2000000030
19508  -44.136  -61.352  8.882 0.2000000030
21353  -41.727  -59.576  9.776 0.1000000015
20407  -42.900  -60.085  8.830 0.1000000015
20433  -42.833  -60.393  7.829 0.1000000015
19525  -42.741  -61.224  7.134 0.1000000015
106801  -41.565  -59.283  9.019 0.1000000015
20405  -41.044  -59.471  8.323 0.1000000015
20432  -41.939  -60.368  7.580 0.1000000015
20431  -41.168  -60.201  7.657 0.1000000015
21368  -38.623  -59.199  8.609 0.1000000015
22265  -38.252  -58.489  8.994 0.1000000015
6853  -35.760  -77.843  11.887 0.3000000119
6854  -36.890  -77.497  11.430 0.3000000119
9114  -35.898  -74.965  11.428 0.3000000119
8331  -36.336  -76.057  11.287 0.3000000119
8332  -37.294  -76.176  11.242 0.3000000119
8333  -38.196  -76.118  11.023 0.4000000060
9934  -36.573  -73.320  12.014 0.3000000119
109531  -36.881  -75.203  11.469 0.3000000119
109521  -37.635  -75.245  11.229 0.5000000000
110496  -38.401  -75.223  10.946 0.5000000000
12329  -37.133  -70.819  10.826 0.4000000060
11617  -37.171  -71.930  11.493 0.5000000000
9936  -37.942  -73.201  11.353 0.4000000060
9117  -38.660  -74.542  10.926 0.5000000000
15441  -36.641  -66.650  9.456 0.4000000060
14600  -36.718  -67.423  9.817 0.4000000060
13783  -37.756  -68.348  9.905 0.5000000000
13007  -37.420  -69.919  10.459 0.5000000000
16269  -35.361  -64.954  9.268 0.4000000060
16288  -36.135  -65.031  8.712 0.4000000060
15459  -36.459  -65.849  9.105 0.4000000060
17075  -35.601  -64.234  8.749 0.4000000060
17076  -36.242  -64.174  8.190 0.4000000060
17862  -35.281  -63.403  8.857 0.3000000119
17874  -36.475  -63.290  8.148 0.3000000119
109074  -36.961  -61.829  9.357 0.3000000119
18682  -36.827  -62.399  8.523 0.2000000030
19487  -38.014  -61.913  9.957 0.1000000015
19471  -39.086  -62.093  10.755 0.1000000015
19472  -40.077  -61.411  10.598 0.2000000030
19452  -39.181  -61.825  11.169 0.1000000015
20371  -40.809  -60.554  10.700 0.2000000030
20372  -41.583  -60.381  10.440 0.1000000015
21336  -40.485  -59.416  10.608 0.1000000015
22231  -40.357  -58.476  10.061 0.1000000015
21370  -40.835  -58.922  9.006 0.1000000015
22249  -39.825  -58.078  9.635 0.1000000015
22250  -40.123  -58.597  9.016 0.1000000015
22266  -39.287  -58.472  9.056 0.1000000015
110284  -38.926  -57.656  9.418 0.1000000015
23161  -38.167  -56.897  9.337 0.1000000015
24915  -37.954  -56.047  9.040 0.1000000015
117245  -38.154  -55.541  8.839 0.1000000015
24934  -38.360  -55.066  8.629 0.1000000015
26646  -39.224  -53.961  7.438 0.1000000015
8329  -34.676  -75.756  11.774 0.3000000119
7580  -35.172  -76.677  11.773 0.2000000030
117805  -35.375  -74.502  11.584 0.3000000119
10808  -36.898  -72.429  11.915 0.4000000060
10807  -36.058  -72.415  12.143 0.3000000119
15433  -36.009  -67.091  9.954 0.3000000119
114621  -36.211  -67.702  10.171 0.3000000119
14591  -36.788  -68.191  10.126 0.4000000060
13006  -36.593  -70.183  10.848 0.4000000060
11616  -36.441  -71.604  11.837 0.3000000119
16253  -35.114  -65.731  9.863 0.3000000119
15440  -35.848  -66.290  9.640 0.3000000119
13005  -36.065  -69.564  10.793 0.4000000060
12308  -35.873  -70.270  11.294 0.4000000060
110701  -35.761  -70.921  11.822 0.3000000119
17861  -34.526  -63.351  9.342 0.3000000119
17066  -34.908  -64.187  9.242 0.3000000119
103785  -35.142  -62.550  9.200 0.3000000119
17873  -35.880  -62.756  8.575 0.3000000119
18664  -35.987  -62.065  8.941 0.3000000119
19470  -38.087  -62.436  10.972 0.1000000015
19450  -37.819  -62.193  11.618 0.1000000015
111239  -38.544  -62.419  11.093 0.1000000015
19451  -38.400  -61.884  11.681 0.1000000015
20354  -38.483  -60.938  12.258 0.1000000015
20355  -39.030  -60.851  11.662 0.1000000015
20370  -39.886  -60.703  11.072 0.2000000030
21323  -39.485  -59.554  11.241 0.2000000030
107220  -39.803  -58.632  10.619 0.1000000015
22214  -38.925  -58.479  11.266 0.1000000015
22230  -39.480  -57.828  10.328 0.1000000015
23139  -39.392  -57.362  9.883 0.1000000015
23162  -39.008  -56.792  9.752 0.1000000015
24060  -38.733  -56.202  9.534 0.1000000015
25760  -39.073  -54.872  8.970 0.1000000015
25782  -39.493  -54.408  8.688 0.1000000015
25781  -38.821  -54.378  8.198 0.1000000015
26640  -39.698  -54.005  8.123 0.1000000015
26659  -40.260  -53.776  6.854 0.1000000015
26647  -40.001  -53.763  7.471 0.1000000015
25815  -40.548  -54.136  6.158 0.1000000015
7567  -33.981  -76.587  13.144 0.2000000030
7568  -34.519  -76.619  12.394 0.2000000030
109114  -33.773  -74.860  12.456 0.2000000030
119214  -34.593  -74.519  11.733 0.3000000119
9106  -33.614  -74.058  12.729 0.2000000030
9107  -34.204  -74.107  12.071 0.3000000119
9113  -34.970  -74.075  11.748 0.3000000119
104598  -35.963  -68.223  10.430 0.3000000119
13763  -35.617  -68.878  10.710 0.3000000119
11615  -35.569  -71.638  12.200 0.3000000119
106922  -34.454  -66.213  10.363 0.3000000119
15432  -35.150  -66.765  10.260 0.3000000119
14590  -35.557  -67.577  10.385 0.3000000119
12988  -35.308  -69.577  11.105 0.3000000119
17065  -34.106  -64.183  9.602 0.3000000119
16252  -34.369  -65.551  10.073 0.3000000119
99335  -35.119  -70.290  11.646 0.3000000119
12307  -34.912  -71.004  12.227 0.2000000030
11614  -34.855  -71.742  12.429 0.2000000030
17860  -33.696  -63.379  9.749 0.2000000030
18662  -34.218  -62.619  9.700 0.3000000119
18663  -34.734  -62.027  9.787 0.3000000119
108488  -35.451  -61.974  9.505 0.3000000119
106187  -36.208  -61.809  9.811 0.2000000030
19469  -37.175  -61.932  10.347 0.1000000015
103821  -36.323  -61.700  10.792 0.2000000030
108035  -37.294  -62.041  11.192 0.1000000015
20328  -38.256  -61.090  13.506 0.1000000015
20312  -38.842  -61.060  14.214 0.1000000015
117851  -40.297  -60.759  15.224 0.1000000015
20342  -38.161  -61.001  12.846 0.1000000015
114791  -38.614  -60.310  13.877 0.1000000015
100578  -39.206  -60.099  14.405 0.1000000015
21275  -41.072  -59.759  14.987 0.1000000015
118449  -42.447  -60.600  15.350 0.1000000015
109544  -43.360  -60.768  15.371 0.1000000015
21286  -38.740  -59.563  13.831 0.1000000015
21287  -39.570  -59.163  14.277 0.1000000015
21291  -43.357  -59.495  14.704 0.1000000015
20315  -43.630  -60.041  15.069 0.1000000015
21312  -38.468  -59.703  12.524 0.1000000015
21322  -38.747  -59.641  11.869 0.1000000015
109914  -38.507  -58.831  11.932 0.2000000030
22213  -38.516  -58.105  11.745 0.1000000015
22229  -38.698  -57.661  11.081 0.1000000015
24024  -39.034  -56.641  11.160 0.1000000015
23138  -38.990  -56.984  10.564 0.1000000015
24035  -39.216  -56.316  10.257 0.1000000015
24036  -39.277  -55.807  9.942 0.1000000015
24917  -39.428  -55.228  9.650 0.1000000015
25783  -40.205  -54.208  8.746 0.1000000015
26641  -40.504  -53.883  8.056 0.1000000015
10793  -32.993  -72.213  13.250 0.2000000030
9929  -33.949  -73.290  12.576 0.2000000030
9932  -34.698  -73.245  12.264 0.3000000119
9933  -35.549  -73.246  12.136 0.3000000119
9927  -33.075  -72.929  13.312 0.2000000030
10795  -34.308  -72.364  12.587 0.2000000030
10806  -35.183  -72.422  12.356 0.3000000119
15431  -34.260  -66.892  10.738 0.3000000119
14589  -34.806  -67.530  10.693 0.3000000119
115076  -34.611  -68.135  10.921 0.3000000119
12987  -34.429  -69.489  11.451 0.3000000119
16251  -33.706  -65.878  10.395 0.3000000119
118965  -34.022  -66.401  10.605 0.3000000119
13757  -34.178  -68.521  11.262 0.3000000119
17055  -32.654  -64.279  10.560 0.2000000030
16250  -32.979  -65.152  10.302 0.3000000119
17850  -32.977  -63.416  10.264 0.2000000030
18650  -33.456  -62.618  10.161 0.2000000030
18651  -33.966  -62.019  10.177 0.3000000119
19486  -35.421  -61.719  10.198 0.3000000119
19468  -34.586  -61.656  10.482 0.3000000119
98799  -35.315  -61.460  11.014 0.2000000030
19449  -36.048  -61.445  11.580 0.2000000030
113377  -36.741  -61.828  11.495 0.2000000030
19417  -37.605  -61.847  13.207 0.1000000015
22180  -39.470  -58.307  13.580 0.1000000015
22182  -41.302  -58.685  14.267 0.1000000015
22183  -42.172  -58.783  14.333 0.1000000015
22184  -43.012  -58.886  14.297 0.1000000015
22191  -38.727  -58.432  12.981 0.1000000015
22193  -40.993  -58.090  13.790 0.1000000015
22195  -42.639  -58.316  13.826 0.1000000015
22203  -38.471  -58.660  12.395 0.1000000015
23102  -39.779  -57.664  13.161 0.1000000015
107641  -40.663  -57.476  13.233 0.1000000015
23115  -41.570  -57.145  12.917 0.1000000015
23116  -42.587  -57.241  12.824 0.1000000015
23112  -38.669  -57.837  12.249 0.1000000015
23113  -39.336  -57.404  12.562 0.1000000015
23114  -40.594  -56.837  12.613 0.1000000015
24016  -40.365  -56.161  11.923 0.1000000015
24014  -39.068  -57.094  11.872 0.1000000015
24025  -39.477  -56.390  11.561 0.1000000015
24880  -40.675  -55.534  11.311 0.1000000015
24878  -39.281  -55.972  10.853 0.1000000015
25761  -39.766  -54.663  9.295 0.1000000015
11583  -32.659  -71.330  14.209 0.3000000119
104505  -32.586  -70.978  13.402 0.3000000119
11600  -32.902  -71.478  12.865 0.3000000119
11601  -33.468  -71.206  12.415 0.2000000030
10794  -33.558  -71.907  12.732 0.2000000030
12297  -32.723  -70.606  12.571 0.3000000119
15424  -33.532  -66.544  10.818 0.3000000119
14583  -33.275  -67.534  11.389 0.3000000119
12982  -32.908  -69.813  11.967 0.3000000119
12298  -33.492  -70.526  12.027 0.3000000119
11602  -34.246  -71.492  12.484 0.2000000030
17047  -32.402  -64.261  11.393 0.2000000030
15423  -32.851  -66.761  11.332 0.3000000119
17849  -32.517  -63.435  10.984 0.2000000030
18636  -32.474  -62.666  11.474 0.2000000030
113336  -33.330  -61.971  10.712 0.2000000030
19467  -33.891  -61.634  10.756 0.2000000030
19448  -34.407  -61.338  11.230 0.3000000119
24026  -41.326  -55.889  11.736 0.1000000015
24890  -40.313  -55.237  10.689 0.1000000015
24889  -39.673  -55.496  10.413 0.1000000015
107603  -32.506  -72.013  15.936 0.1000000015
12284  -32.290  -70.786  14.987 0.2000000030
11578  -32.578  -71.587  15.125 0.3000000119
12289  -32.341  -70.500  14.132 0.3000000119
12292  -32.341  -70.172  13.358 0.3000000119
13755  -32.872  -68.172  11.731 0.3000000119
13752  -32.542  -68.940  12.166 0.3000000119
101361  -32.303  -65.912  11.700 0.3000000119
15416  -32.164  -66.581  12.040 0.3000000119
115903  -31.974  -67.153  12.368 0.3000000119
13751  -32.061  -68.024  12.416 0.3000000119
17038  -32.244  -64.229  12.201 0.2000000030
17841  -32.294  -63.448  11.773 0.2000000030
19447  -33.481  -61.418  11.460 0.2000000030
19430  -32.827  -61.472  12.171 0.1000000015
20352  -34.205  -60.969  11.955 0.2000000030
117908  -34.684  -60.932  12.313 0.3000000119
12288  -31.978  -70.017  14.785 0.3000000119
12973  -32.070  -69.740  14.056 0.3000000119
12977  -31.809  -68.944  13.990 0.3000000119
99617  -32.112  -68.864  13.035 0.3000000119
16223  -31.818  -65.937  13.278 0.3000000119
108931  -32.152  -64.971  12.550 0.2000000030
17029  -32.062  -64.224  13.008 0.2000000030
17822  -31.934  -63.333  13.466 0.1000000015
18607  -32.094  -62.543  12.784 0.1000000015
20338  -32.839  -60.887  13.030 0.1000000015
20339  -33.448  -60.964  12.410 0.1000000015
12972  -31.521  -68.800  14.929 0.3000000119
13746  -31.652  -68.140  13.437 0.3000000119
16214  -31.950  -65.141  13.378 0.2000000030
15409  -31.544  -66.539  13.569 0.3000000119
14576  -31.681  -67.289  13.053 0.3000000119
17028  -31.935  -64.271  13.831 0.2000000030
110484  -31.702  -64.983  14.255 0.2000000030
17807  -31.780  -63.586  14.833 0.1000000015
17821  -31.885  -63.687  14.205 0.1000000015
18589  -31.660  -62.810  15.070 0.1000000015
18606  -31.788  -62.951  14.295 0.1000000015
101640  -31.888  -62.270  13.653 0.1000000015
19413  -32.332  -61.607  13.047 0.1000000015
19412  -31.815  -61.288  13.919 0.1000000015
21299  -32.791  -60.072  13.671 0.1000000015
13729  -31.290  -68.041  15.401 0.2000000030
14563  -31.114  -67.292  14.914 0.2000000030
14570  -31.336  -67.324  13.947 0.2000000030
16203  -31.330  -65.595  14.858 0.2000000030
15399  -31.228  -66.486  14.427 0.2000000030
110364  -31.570  -64.817  14.878 0.1000000015
17788  -31.680  -63.482  15.574 0.1000000015
19400  -31.591  -61.957  14.558 0.1000000015
20308  -31.828  -60.464  14.176 0.1000000015
106609  -31.504  -62.112  15.326 0.1000000015
110153  -31.450  -61.458  15.180 0.1000000015
107115  -31.519  -60.924  14.631 0.1000000015
20309  -32.258  -59.873  14.154 0.1000000015
107047  -31.401  -61.649  15.991 0.1000000015
20299  -31.452  -60.711  15.452 0.1000000015
12311  -41.111  -70.609  11.431 0.4000000060
113132  -40.694  -68.696  10.340 0.5000000000
111399  -40.752  -70.013  11.181 0.4000000060
13769  -41.421  -68.878  10.669 0.5000000000
111254  -41.220  -69.531  11.084 0.6000000238
10811  -40.711  -72.188  11.201 0.5000000000
10829  -39.231  -72.827  10.744 0.4000000060
7600  -41.951  -77.496  10.622 0.5000000000
10830  -39.964  -72.549  10.893 0.4000000060
12312  -41.876  -70.574  11.560 0.5000000000
9129  -40.860  -75.054  10.665 0.5000000000
11620  -41.595  -71.200  11.558 0.6000000238
9118  -43.094  -74.456  11.219 0.5000000000
9131  -43.212  -74.968  10.704 0.3000000119
9143  -43.283  -75.247  10.276 0.5000000000
105800  -40.974  -74.192  10.779 0.5000000000
6172  -40.631  -78.707  10.764 0.5000000000
9937  -42.200  -73.631  11.341 0.5000000000
9119  -43.769  -74.498  11.110 0.4000000060
11639  -45.615  -72.113  10.984 0.5000000000
107227  -46.047  -69.460  9.747 0.4000000060
13033  -45.519  -70.196  9.861 0.4000000060
13035  -46.668  -68.709  9.317 0.4000000060
118547  -47.519  -67.124  6.793 0.3000000119
14624  -47.641  -67.612  7.408 0.4000000060
113004  -36.980  -79.772  12.532 0.2000000030
100140  -39.179  -71.675  10.646 0.5000000000
11619  -40.827  -71.342  11.345 0.4000000060
15463  -41.671  -66.211  8.826 0.3000000119
13788  -42.830  -68.271  10.332 0.4000000060
13011  -42.962  -69.420  11.244 0.6000000238
13771  -43.570  -68.836  10.918 0.6000000238
108776  -42.349  -71.883  11.625 0.6000000238
114157  -42.282  -71.148  11.639 0.6000000238
10812  -41.457  -72.719  11.337 0.6000000238
15464  -42.807  -66.188  8.974 0.4000000060
15444  -43.472  -66.891  9.436 0.5000000000
13012  -44.254  -69.543  11.322 0.6000000238
13772  -44.983  -68.978  11.001 0.5000000000
11622  -44.264  -72.030  11.631 0.5000000000
11621  -43.160  -71.582  11.690 0.5000000000
11623  -45.156  -72.104  11.330 0.5000000000
10814  -43.557  -72.817  11.678 0.5000000000
13773  -46.011  -69.310  10.652 0.4000000060
11624  -45.648  -71.778  11.065 0.5000000000
15445  -44.793  -66.865  9.572 0.5000000000
13791  -46.419  -68.578  9.715 0.4000000060
13014  -46.163  -70.106  10.956 0.5000000000
15466  -45.443  -66.005  9.348 0.5000000000
15446  -46.167  -66.965  9.532 0.4000000060
14610  -47.171  -68.153  9.276 0.4000000060
15447  -47.167  -67.324  9.248 0.4000000060
17082  -45.211  -64.074  9.315 0.4000000060
15468  -47.475  -66.949  8.444 0.4000000060
11635  -37.662  -71.536  10.818 0.5000000000
11637  -39.203  -72.270  10.685 0.4000000060
15442  -37.357  -67.054  9.391 0.5000000000
9945  -39.905  -73.300  10.811 0.5000000000
17886  -39.448  -63.555  7.844 0.3000000119
18685  -39.754  -62.295  8.526 0.3000000119
18665  -41.426  -62.129  9.769 0.3000000119
17879  -43.434  -63.228  9.497 0.3000000119
18666  -42.477  -62.195  9.989 0.2000000030
18688  -43.759  -62.719  10.052 0.3000000119
100914  -44.858  -63.410  9.409 0.3000000119
18669  -44.600  -62.772  9.541 0.3000000119
18668  -44.107  -62.448  9.940 0.2000000030
17880  -45.167  -63.121  9.024 0.3000000119
17091  -46.116  -64.190  7.930 0.4000000060
18699  -44.614  -62.273  7.944 0.2000000030
17887  -44.982  -62.842  8.071 0.3000000119
17899  -44.968  -63.288  7.104 0.2000000030
20408  -43.593  -60.742  8.790 0.2000000030
18698  -44.128  -61.900  7.330 0.2000000030
21369  -40.154  -59.293  8.468 0.1000000015
115096  -37.747  -72.197  11.049 0.5000000000
110495  -38.270  -73.882  11.197 0.4000000060
14601  -37.310  -67.729  9.748 0.5000000000
17875  -37.380  -63.085  8.040 0.3000000119
19504  -37.617  -61.883  8.937 0.2000000030
105322  -43.173  -61.652  10.053 0.2000000030
19474  -42.042  -60.969  10.459 0.1000000015
20388  -42.138  -60.091  10.035 0.1000000015
20390  -43.278  -60.818  9.623 0.2000000030
21354  -42.256  -59.690  9.222 0.1000000015
21352  -41.041  -59.059  9.711 0.1000000015
20406  -42.034  -59.766  8.271 0.1000000015
19524  -42.158  -60.875  7.247 0.1000000015
111404  -39.487  -59.075  8.644 0.1000000015
22248  -37.735  -57.841  9.168 0.1000000015
8330  -34.968  -74.917  11.528 0.3000000119
109334  -35.456  -75.827  11.452 0.3000000119
109086  -35.844  -74.038  11.771 0.3000000119
9115  -36.705  -74.313  11.730 0.3000000119
7581  -35.873  -76.749  11.454 0.3000000119
115899  -37.321  -74.588  11.523 0.3000000119
9935  -37.455  -73.823  11.659 0.3000000119
109885  -37.313  -73.041  11.803 0.3000000119
12309  -36.433  -70.888  11.376 0.4000000060
13765  -37.190  -68.999  10.296 0.4000000060
114040  -35.791  -65.566  9.331 0.4000000060
118620  -35.850  -63.544  8.419 0.3000000119
116278  -38.605  -62.350  10.842 0.1000000015
21337  -41.227  -59.709  10.334 0.1000000015
116369  -40.482  -58.620  9.536 0.1000000015
24916  -38.692  -55.542  9.232 0.1000000015
118259  -34.991  -77.450  12.374 0.2000000030
13762  -35.223  -68.182  10.682 0.3000000119
13764  -36.391  -68.882  10.479 0.4000000060
16268  -34.613  -64.938  9.666 0.3000000119
19433  -37.826  -61.882  12.331 0.1000000015
106202  -38.348  -60.074  13.274 0.1000000015
23126  -38.752  -57.385  11.483 0.1000000015
8320  -34.069  -75.719  12.353 0.2000000030
9101  -33.458  -74.783  13.288 0.2000000030
8328  -34.275  -74.958  11.819 0.3000000119
13758  -34.878  -68.791  11.008 0.3000000119
17064  -33.279  -64.247  9.959 0.3000000119
17056  -33.830  -65.013  9.952 0.3000000119
117203  -37.225  -62.076  11.807 0.1000000015
20313  -39.612  -60.847  14.872 0.1000000015
20302  -40.979  -60.398  15.251 0.1000000015
20314  -40.165  -59.979  14.914 0.1000000015
21288  -40.686  -59.219  14.588 0.1000000015
21276  -41.884  -60.007  15.187 0.1000000015
21290  -42.499  -59.398  14.760 0.1000000015
21277  -42.867  -60.025  15.116 0.1000000015
21301  -38.446  -59.172  13.118 0.1000000015
21302  -38.886  -58.886  13.630 0.1000000015
22181  -40.369  -58.523  14.103 0.1000000015
21289  -41.622  -59.299  14.720 0.1000000015
116137  -44.839  -60.201  14.711 0.1000000015
105282  -32.882  -71.958  13.898 0.2000000030
9928  -33.316  -73.422  12.980 0.2000000030
11591  -32.797  -71.597  13.495 0.3000000119
103062  -33.504  -72.676  12.845 0.2000000030
14584  -34.060  -67.683  11.077 0.3000000119
16237  -32.783  -65.937  10.876 0.3000000119
110739  -33.622  -67.103  11.065 0.3000000119
13756  -33.481  -68.971  11.680 0.3000000119
108627  -33.596  -68.155  11.426 0.3000000119
12986  -33.716  -69.840  11.755 0.3000000119
12306  -34.327  -70.373  11.875 0.3000000119
18649  -32.841  -62.616  10.761 0.2000000030
19432  -37.241  -62.044  12.490 0.1000000015
103936  -36.684  -61.829  12.126 0.2000000030
22194  -41.819  -58.231  13.850 0.1000000015
22185  -43.841  -59.013  14.201 0.1000000015
23103  -41.465  -57.705  13.457 0.1000000015
115335  -39.092  -57.896  12.918 0.1000000015
113940  -40.006  -57.196  12.812 0.1000000015
24015  -39.742  -56.789  12.289 0.1000000015
24879  -39.802  -55.729  11.187 0.1000000015
14582  -32.478  -67.378  11.799 0.3000000119
119042  -32.435  -65.548  11.328 0.3000000119
16236  -32.307  -65.060  11.796 0.3000000119
19446  -32.815  -61.962  11.371 0.2000000030
20353  -35.126  -61.098  11.843 0.2000000030
99552  -35.983  -61.335  12.379 0.2000000030
12981  -32.408  -69.661  12.717 0.3000000119
113005  -32.146  -65.421  12.156 0.3000000119
16224  -32.021  -65.775  12.566 0.3000000119
107045  -32.217  -62.774  12.095 0.2000000030
18621  -32.448  -62.116  12.096 0.1000000015
113917  -31.782  -69.393  14.605 0.3000000119
15415  -31.844  -66.525  12.796 0.3000000119
17832  -32.092  -63.406  12.544 0.2000000030
13745  -31.372  -68.126  14.426 0.3000000119
102484  -31.559  -65.774  13.966 0.2000000030
17020  -31.793  -64.266  14.553 0.1000000015
20323  -32.241  -60.659  13.624 0.1000000015
103456  -31.175  -66.449  15.355 0.2000000030
17003  -31.699  -64.260  15.297 0.1000000015
7613  -42.120  -77.134  9.753 0.3000000119
6898  -39.777  -78.405  8.836 0.3000000119
7612  -41.219  -77.531  9.350 0.3000000119
6922  -35.849  -77.200  6.768 0.2000000030
8403  -34.209  -76.218  5.294 0.2000000030
6897  -39.084  -78.425  7.802 0.4000000060
6917  -38.569  -78.300  7.103 0.3000000119
107798  -41.780  -76.250  9.548 0.4000000060
6916  -37.772  -78.107  6.824 0.3000000119
104194  -42.841  -76.025  9.911 0.4000000060
7634  -39.024  -77.023  8.610 0.4000000060
7661  -36.552  -76.894  6.078 0.2000000030
9142  -41.612  -75.264  9.540 0.4000000060
8363  -40.204  -76.051  9.391 0.4000000060
107238  -38.381  -77.743  6.808 0.4000000060
112633  -43.124  -74.770  9.832 0.4000000060
9963  -44.158  -74.048  10.473 0.4000000060
8362  -39.259  -76.159  9.084 0.4000000060
7633  -38.359  -76.642  8.064 0.3000000119
102509  -38.058  -77.399  6.424 0.4000000060
112322  -44.576  -73.243  10.521 0.4000000060
107673  -39.207  -75.334  9.215 0.4000000060
7648  -38.298  -76.901  7.091 0.3000000119
11649  -44.343  -72.256  10.221 0.4000000060
9960  -41.123  -74.276  9.489 0.4000000060
108895  -40.385  -74.567  9.460 0.4000000060
8378  -38.402  -75.739  8.634 0.4000000060
10846  -43.436  -72.853  9.907 0.4000000060
9140  -39.394  -74.485  9.301 0.4000000060
8377  -37.954  -75.862  7.968 0.3000000119
101306  -44.149  -71.334  9.879 0.4000000060
10844  -41.205  -72.826  9.456 0.4000000060
9959  -39.878  -73.802  9.357 0.4000000060
9152  -38.407  -74.625  8.928 0.4000000060
10845  -42.178  -72.875  9.577 0.4000000060
104694  -40.606  -73.282  9.417 0.4000000060
110500  -37.643  -74.740  8.362 0.3000000119
11648  -43.281  -71.560  9.702 0.4000000060
10842  -39.476  -72.888  9.200 0.4000000060
9958  -38.684  -73.615  9.074 0.4000000060
9979  -37.877  -73.948  8.723 0.3000000119
9159  -37.547  -75.185  7.710 0.2000000030
12345  -44.750  -70.765  9.843 0.3000000119
11647  -42.223  -71.686  9.488 0.4000000060
101307  -42.566  -70.905  9.442 0.4000000060
119030  -41.964  -70.794  9.269 0.4000000060
10861  -39.314  -72.112  8.946 0.4000000060
9151  -37.099  -74.346  8.004 0.2000000030
9978  -37.222  -73.623  8.351 0.2000000030
9168  -37.907  -75.125  6.377 0.3000000119
13048  -45.034  -69.247  8.939 0.3000000119
13032  -44.149  -69.804  9.390 0.3000000119
12343  -42.380  -70.238  9.146 0.3000000119
10860  -38.430  -72.521  8.823 0.3000000119
9977  -36.713  -73.653  7.810 0.2000000030
105591  -37.835  -73.260  8.751 0.2000000030
9177  -37.784  -74.653  6.001 0.2000000030
113292  -46.179  -68.663  7.568 0.3000000119
13047  -43.751  -69.211  8.675 0.3000000119
11660  -40.510  -71.296  9.032 0.4000000060
10859  -37.377  -72.648  8.502 0.1000000015
107684  -45.927  -68.884  6.821 0.3000000119
12357  -41.612  -70.284  8.918 0.2000000030
116433  -40.033  -70.828  8.670 0.2000000030
9988  -36.493  -73.526  7.126 0.1000000015
10020  -38.162  -74.594  5.392 0.2000000030
99230  -42.067  -69.232  7.927 0.2000000030
13045  -41.370  -69.710  8.398 0.2000000030
104366  -39.313  -70.785  8.422 0.1000000015
11657  -37.813  -71.671  8.350 0.1000000015
108938  -36.385  -72.975  7.548 0.1000000015
10002  -37.033  -74.161  6.565 0.1000000015
13814  -46.568  -68.526  6.720 0.2000000030
108182  -44.989  -68.757  7.648 0.3000000119
13799  -43.802  -69.051  7.576 0.3000000119
16318  -45.819  -65.721  6.545 0.2000000030
14634  -46.011  -67.943  6.447 0.1000000015
13058  -42.935  -69.284  7.158 0.2000000030
12355  -39.980  -70.242  8.360 0.1000000015
11656  -36.869  -71.968  8.137 0.1000000015
9987  -35.970  -72.588  6.999 0.1000000015
10001  -36.362  -73.265  6.393 0.1000000015
104941  -45.028  -66.913  6.550 0.2000000030
104841  -45.438  -68.773  6.657 0.2000000030
13813  -44.244  -69.018  6.300 0.2000000030
13057  -42.217  -69.336  6.989 0.1000000015
106024  -41.395  -69.356  7.593 0.1000000015
12365  -39.297  -70.075  8.028 0.1000000015
12364  -38.402  -70.281  7.864 0.1000000015
11667  -36.417  -71.361  7.637 0.1000000015
10886  -36.437  -73.075  5.561 0.1000000015
10032  -37.444  -73.702  4.983 0.1000000015
14633  -44.796  -68.338  6.431 0.1000000015
13068  -42.905  -69.524  6.101 0.2000000030
13055  -39.739  -69.532  7.561 0.1000000015
13053  -37.969  -69.644  7.360 0.1000000015
109309  -35.618  -71.650  6.706 0.1000000015
10048  -39.103  -74.278  4.218 0.1000000015
106507  -41.906  -69.446  6.295 0.1000000015
10894  -37.082  -72.997  4.333 0.1000000015
13051  -36.082  -69.908  6.974 0.1000000015
20341  -35.191  -61.005  12.698 0.2000000030
107879  -45.209  -64.785  6.647 0.2000000030
16317  -44.683  -65.694  6.630 0.1000000015
15485  -44.063  -67.600  6.392 0.1000000015
14632  -43.791  -68.698  6.003 0.1000000015
118848  -40.175  -69.271  7.105 0.1000000015
114802  -36.568  -72.879  4.872 0.1000000015
10885  -35.821  -72.391  6.156 0.1000000015
12361  -35.817  -70.811  7.125 0.1000000015
13065  -38.762  -69.118  6.842 0.1000000015
102119  -39.420  -78.018  8.184 0.3000000119
108701  -41.236  -76.813  9.306 0.4000000060
6923  -37.212  -77.440  6.497 0.3000000119
7649  -38.804  -77.688  7.475 0.3000000119
9141  -40.332  -75.277  9.458 0.4000000060
9962  -43.184  -74.009  9.824 0.4000000060
9961  -42.004  -73.903  9.559 0.4000000060
11646  -41.233  -71.962  9.363 0.4000000060
9158  -37.201  -74.510  7.314 0.2000000030
11659  -39.696  -71.456  8.814 0.2000000030
118526  -44.289  -68.901  8.258 0.3000000119
13031  -43.015  -69.670  9.006 0.3000000119
11658  -38.838  -71.574  8.604 0.2000000030
10858  -36.716  -72.837  8.110 0.1000000015
12356  -40.740  -70.420  8.724 0.4000000060
13046  -42.852  -69.198  8.276 0.2000000030
10019  -37.095  -73.947  5.808 0.1000000015
110876  -38.513  -70.945  8.245 0.1000000015
113212  -44.377  -69.173  6.805 0.3000000119
13043  -40.002  -69.747  7.993 0.1000000015
11668  -37.094  -71.110  7.943 0.1000000015
11666  -35.963  -71.711  7.275 0.1000000015
13056  -40.627  -69.371  7.374 0.1000000015
13054  -38.941  -69.615  7.496 0.1000000015
12363  -37.426  -70.325  7.696 0.1000000015
10047  -38.114  -73.607  4.335 0.1000000015
9207  -39.816  -74.463  3.650 0.1000000015
13067  -40.774  -69.245  6.341 0.1000000015
13812  -43.212  -69.228  5.810 0.1000000015
4995  -37.376  -80.759  10.552 0.3000000119
5578  -36.975  -80.464  9.458 0.2000000030
5577  -35.934  -80.304  9.406 0.3000000119
5593  -37.598  -79.812  8.796 0.2000000030
5546  -38.737  -79.865  11.718 0.4000000060
5566  -38.321  -80.304  11.163 0.2000000030
5567  -39.211  -79.720  11.199 0.4000000060
5579  -38.005  -80.248  9.870 0.3000000119
5592  -36.536  -79.836  8.665 0.2000000030
6171  -39.810  -79.241  11.177 0.4000000060
6187  -35.409  -79.632  8.746 0.1000000015
6201  -36.119  -79.118  8.129 0.2000000030
6200  -34.908  -79.004  8.191 0.1000000015
6188  -39.431  -79.331  9.649 0.3000000119
114949  -33.959  -78.747  8.179 0.1000000015
6202  -37.264  -79.233  8.016 0.2000000030
6219  -34.438  -78.307  7.800 0.1000000015
6914  -35.113  -77.711  7.338 0.1000000015
7647  -32.295  -77.355  6.958 0.1000000015
6912  -32.743  -77.725  7.387 0.1000000015
6913  -33.827  -77.754  7.336 0.1000000015
7659  -32.815  -76.918  6.422 0.1000000015
6920  -33.215  -77.361  6.782 0.1000000015
6173  -41.500  -78.160  10.189 0.3000000119
6203  -38.268  -79.208  8.131 0.2000000030
6221  -36.930  -78.561  7.512 0.2000000030
6220  -35.670  -78.386  7.739 0.2000000030
108657  -33.948  -76.883  6.012 0.1000000015
118359  -32.642  -76.387  6.425 0.1000000015
6174  -42.012  -77.738  9.998 0.2000000030
6189  -40.289  -78.800  9.744 0.3000000119
6223  -38.697  -78.739  7.615 0.2000000030
6915  -36.460  -77.848  7.154 0.2000000030
6921  -34.490  -77.244  6.765 0.1000000015
9176  -32.916  -75.197  5.822 0.1000000015
8393  -33.183  -76.173  5.880 0.1000000015
6883  -40.947  -78.173  9.507 0.3000000119
6222  -38.023  -78.795  7.305 0.3000000119
8350  -42.386  -77.005  10.362 0.2000000030
8402  -33.532  -75.617  5.175 0.1000000015
7660  -35.247  -76.791  6.159 0.1000000015
8414  -33.578  -75.218  4.567 0.1000000015
6884  -41.813  -77.745  9.865 0.2000000030
114434  -34.885  -76.453  5.609 0.1000000015
8415  -34.485  -75.569  4.665 0.1000000015
8364  -42.603  -76.756  10.029 0.2000000030
7672  -35.919  -76.354  5.655 0.1000000015
105764  -35.251  -76.055  5.131 0.1000000015
8404  -36.434  -76.159  5.075 0.1000000015
117932  -33.082  -74.602  2.907 0.1000000015
9185  -34.045  -74.988  3.955 0.1000000015
8416  -35.716  -75.609  4.651 0.1000000015
7662  -37.766  -76.944  5.932 0.3000000119
9202  -34.585  -74.643  3.242 0.1000000015
5568  -39.788  -79.330  10.543 0.2000000030
6204  -39.236  -78.977  8.578 0.3000000119
5594  -38.594  -79.591  9.158 0.2000000030
101163  -33.032  -74.723  4.125 0.1000000015
9201  -33.549  -74.629  3.261 0.1000000015
9186  -35.122  -75.128  4.000 0.1000000015
9200  -32.576  -74.544  3.305 0.1000000015
7673  -37.190  -76.648  5.459 0.2000000030
9187  -36.338  -75.375  4.125 0.1000000015
9220  -36.249  -74.746  2.824 0.1000000015
9204  -37.005  -75.274  3.561 0.2000000030
116441  -36.016  -75.127  1.490 0.1000000015
8405  -37.774  -76.381  4.919 0.2000000030
9237  -36.608  -74.993  2.186 0.2000000030
8417  -37.754  -75.829  4.375 0.1000000015
9221  -37.477  -75.111  3.021 0.2000000030
8418  -38.560  -75.949  4.766 0.1000000015
9205  -38.208  -75.413  3.828 0.1000000015
8387  -38.156  -76.579  6.431 0.2000000030
7674  -38.044  -76.627  5.358 0.2000000030
8406  -38.442  -76.116  5.175 0.1000000015
8430  -38.691  -75.679  4.476 0.1000000015
8394  -38.242  -76.166  5.825 0.1000000015
116273  -38.098  -76.049  7.151 0.2000000030
8386  -37.974  -75.642  6.732 0.2000000030
9188  -38.671  -75.285  5.097 0.1000000015
9178  -38.361  -75.407  5.578 0.1000000015
8419  -38.876  -75.404  4.673 0.1000000015
105327  -36.816  -75.956  4.610 0.1000000015
4994  -36.422  -80.876  10.184 0.1000000015
6148  -35.234  -78.628  12.889 0.1000000015
10779  -32.948  -72.731  14.146 0.1000000015
7559  -33.521  -76.712  14.041 0.1000000015
110536  -33.800  -77.429  13.844 0.1000000015
9919  -33.265  -74.077  13.326 0.1000000015
118425  -32.924  -73.123  15.105 0.2000000030
9907  -33.046  -73.750  14.616 0.1000000015
8302  -33.282  -76.665  14.798 0.1000000015
9918  -33.073  -73.575  13.709 0.1000000015
9100  -33.202  -74.570  14.111 0.1000000015
8311  -33.397  -75.612  14.015 0.1000000015
5545  -37.823  -80.169  12.131 0.2000000030
101801  -33.689  -75.668  13.188 0.1000000015
10763  -32.789  -72.386  15.133 0.2000000030
4965  -37.486  -80.732  11.475 0.1000000015
4986  -36.784  -81.157  11.120 0.1000000015
106661  -31.460  -68.761  15.840 0.1000000015
12963  -31.738  -69.480  16.232 0.1000000015
12279  -32.062  -70.191  16.593 0.1000000015
11570  -32.499  -71.669  16.696 0.1000000015
99615  -31.704  -69.443  15.341 0.1000000015
12283  -31.964  -70.179  15.674 0.1000000015
105339  -31.687  -68.733  16.690 0.1000000015
12957  -31.980  -69.408  17.034 0.1000000015
12947  -32.395  -70.038  17.286 0.1000000015
11558  -33.125  -71.506  17.488 0.1000000015
12280  -32.391  -70.863  16.944 0.1000000015
10720  -33.448  -72.340  17.520 0.1000000015
13722  -31.428  -67.978  16.312 0.1000000015
12272  -33.549  -70.713  17.688 0.1000000015
13714  -31.892  -67.995  17.076 0.1000000015
114253  -32.058  -68.710  17.238 0.1000000015
104154  -32.467  -69.157  17.491 0.1000000015
12948  -33.119  -69.748  17.694 0.1000000015
12271  -32.805  -70.732  17.425 0.1000000015
11559  -33.941  -71.576  17.735 0.1000000015
14553  -31.189  -67.222  15.861 0.1000000015
108588  -33.074  -68.780  17.747 0.1000000015
13715  -32.590  -68.172  17.587 0.1000000015
15392  -31.440  -66.409  16.205 0.1000000015
18608  -37.665  -62.185  14.063 0.1000000015
15380  -31.796  -66.284  16.845 0.1000000015
16194  -31.457  -65.677  15.776 0.1000000015
19416  -37.210  -62.051  13.384 0.1000000015
19414  -35.961  -61.291  13.231 0.1000000015
18592  -38.752  -62.844  14.700 0.1000000015
12949  -33.992  -68.831  17.673 0.1000000015
106727  -34.188  -69.839  17.712 0.1000000015
11569  -32.251  -71.060  16.031 0.1000000015
19431  -36.690  -61.932  13.064 0.1000000015
10719  -32.812  -72.215  17.148 0.1000000015
11557  -32.690  -71.400  17.174 0.1000000015
14544  -31.691  -67.093  16.757 0.1000000015
19402  -38.238  -62.060  14.094 0.1000000015
17097  -44.649  -63.961  6.550 0.1000000015
114172  -43.714  -63.961  6.436 0.1000000015
17898  -44.123  -63.239  6.563 0.1000000015
5541  -33.091  -79.832  11.392 0.1000000015
5563  -33.949  -80.406  10.801 0.1000000015
6147  -32.129  -78.964  11.455 0.1000000015
6168  -32.845  -78.724  10.684 0.1000000015
6130  -31.271  -79.145  12.535 0.1000000015
114360  -33.026  -80.809  12.378 0.1000000015
5542  -33.684  -81.186  11.852 0.1000000015
101564  -30.274  -78.214  12.049 0.1000000015
108447  -32.300  -80.037  12.440 0.1000000015
6835  -29.548  -77.822  12.478 0.1000000015
9801  -30.321  -73.151  21.577 0.1000000015
10662  -30.766  -72.500  21.233 0.1000000015
9839  -29.112  -72.904  18.826 0.1000000015
9838  -28.304  -73.123  18.713 0.1000000015
9856  -28.775  -72.863  17.999 0.1000000015
10718  -28.812  -72.723  17.251 0.1000000015
4984  -35.300  -81.434  10.972 0.1000000015
10717  -28.033  -72.747  17.393 0.1000000015
9876  -29.245  -72.829  16.701 0.1000000015
111210  -29.106  -76.932  12.335 0.1000000015
5576  -34.979  -80.065  9.525 0.1000000015
10746  -28.110  -72.368  15.950 0.1000000015
10762  -29.038  -72.790  14.781 0.1000000015
9917  -29.859  -74.067  13.953 0.1000000015
109835  -29.118  -76.470  13.003 0.1000000015
7566  -29.397  -77.411  13.189 0.1000000015
6836  -30.320  -78.609  13.107 0.1000000015
115110  -29.337  -73.621  13.302 0.1000000015
8310  -29.655  -75.690  13.646 0.1000000015
7558  -29.666  -76.807  13.921 0.1000000015
9809  -30.070  -72.760  20.823 0.1000000015
9821  -29.812  -72.644  20.017 0.1000000015
112717  -29.312  -72.890  19.481 0.1000000015
5527  -33.496  -81.796  13.001 0.1000000015
4962  -35.242  -81.698  12.092 0.1000000015
5543  -34.464  -81.415  11.362 0.1000000015
9857  -29.354  -72.886  17.504 0.1000000015
101808  -29.584  -72.862  18.275 0.1000000015
5565  -35.512  -80.791  10.178 0.1000000015
9891  -29.582  -73.290  15.162 0.1000000015
9906  -29.967  -74.048  14.750 0.1000000015
9099  -30.046  -74.835  14.242 0.1000000015
102845  -29.783  -78.150  13.415 0.1000000015
10663  -31.317  -72.128  20.894 0.1000000015
10675  -30.647  -72.388  20.376 0.1000000015
11529  -32.099  -71.938  20.012 0.1000000015
11530  -32.414  -71.767  20.701 0.1000000015
10692  -30.412  -72.489  19.712 0.1000000015
114143  -32.728  -81.169  13.376 0.1000000015
4950  -36.128  -81.297  12.738 0.1000000015
9822  -29.916  -72.728  19.146 0.1000000015
6131  -31.917  -80.365  13.608 0.1000000015
4963  -36.106  -81.429  11.624 0.1000000015
9877  -29.690  -73.450  16.486 0.1000000015
9892  -29.890  -73.982  15.801 0.1000000015
101579  -29.488  -73.027  15.935 0.1000000015
8300  -30.204  -75.944  14.713 0.1000000015
9087  -30.161  -74.914  15.227 0.1000000015
10676  -31.377  -72.096  20.189 0.1000000015
10693  -31.603  -72.343  19.565 0.1000000015
102025  -33.376  -72.674  19.760 0.1000000015
4948  -34.206  -82.132  13.769 0.1000000015
10707  -30.887  -72.627  19.135 0.1000000015
6117  -31.197  -79.643  14.031 0.1000000015
4985  -36.026  -81.269  10.763 0.1000000015
9840  -30.388  -72.961  18.424 0.1000000015
7549  -30.303  -77.179  14.911 0.1000000015
109749  -30.235  -75.896  15.845 0.1000000015
107930  -29.648  -73.329  17.060 0.1000000015
9056  -29.999  -74.250  16.843 0.1000000015
9072  -30.130  -74.955  16.142 0.1000000015
10694  -32.526  -72.543  19.489 0.1000000015
10708  -31.818  -72.903  19.002 0.1000000015
4964  -36.937  -80.978  12.022 0.1000000015
6823  -30.026  -77.959  14.242 0.1000000015
9858  -30.084  -73.407  17.624 0.1000000015
6108  -31.552  -79.571  15.162 0.1000000015
5503  -32.838  -80.933  15.514 0.1000000015
6814  -31.064  -78.863  15.248 0.1000000015
8291  -30.368  -76.769  15.536 0.1000000015
6813  -30.707  -78.151  15.322 0.1000000015
9841  -31.182  -73.332  18.569 0.1000000015
9035  -30.464  -74.822  17.517 0.1000000015
8277  -30.292  -75.760  16.919 0.1000000015
5502  -31.999  -80.181  15.092 0.1000000015
7537  -30.744  -77.876  15.922 0.1000000015
9842  -31.870  -73.697  18.771 0.1000000015
7525  -30.618  -77.158  16.446 0.1000000015
9022  -30.736  -73.979  18.041 0.1000000015
6109  -32.646  -80.235  16.100 0.1000000015
6101  -32.349  -79.708  16.292 0.1000000015
7538  -31.303  -78.389  16.532 0.1000000015
6804  -31.796  -78.924  16.301 0.1000000015
9823  -32.654  -73.565  19.183 0.1000000015
8258  -30.625  -75.995  17.643 0.1000000015
6815  -33.065  -80.036  16.724 0.1000000015
10677  -32.893  -71.980  20.099 0.1000000015
10696  -34.838  -72.898  20.040 0.1000000015
9825  -34.457  -73.572  19.856 0.1000000015
10695  -34.077  -72.915  20.075 0.1000000015
10730  -28.488  -72.571  16.656 0.1000000015
10747  -28.930  -72.539  16.005 0.1000000015
115307  -29.165  -72.765  15.442 0.1000000015
9905  -29.537  -73.370  14.288 0.1000000015
9098  -29.535  -74.706  13.358 0.1000000015
8309  -29.054  -75.523  12.759 0.1000000015
116663  -28.860  -76.171  12.275 0.1000000015
116260  -30.949  -72.312  19.791 0.1000000015
5512  -32.063  -80.502  14.566 0.1000000015
6824  -30.465  -78.823  14.161 0.1000000015
4057  -34.293  -83.130  0.774 0.1000000015
4048  -34.368  -82.955  1.729 0.1000000015
3077  -32.176  -84.255  -4.314 0.1000000015
3067  -32.567  -84.575  -3.179 0.1000000015
3068  -33.619  -84.583  -2.758 0.1000000015
3012  -33.657  -84.327  0.350 0.1000000015
3076  -31.044  -84.317  -4.741 0.1000000015
107711  -30.946  -83.282  -6.602 0.1000000015
4130  -30.357  -82.632  -6.712 0.1000000015
102703  -33.857  -82.598  1.346 0.1000000015
4573  -33.126  -82.201  1.828 0.1000000015
104624  -34.380  -83.063  -0.186 0.1000000015
3058  -33.771  -84.570  -1.902 0.1000000015
3029  -33.888  -84.375  -0.460 0.1000000015
112215  -34.413  -83.791  -0.088 0.1000000015
4047  -34.016  -82.481  2.214 0.1000000015
3044  -33.259  -84.670  -1.150 0.1000000015
3057  -32.878  -84.745  -2.156 0.1000000015
3569  -32.925  -83.909  -4.942 0.1000000015
119018  -31.797  -83.105  -6.512 0.1000000015
4131  -31.372  -82.402  -6.741 0.1000000015
4645  -31.473  -81.742  -6.435 0.1000000015
6952  -29.098  -77.294  2.596 0.1000000015
5640  -29.251  -79.308  2.041 0.1000000015
6257  -28.987  -78.248  2.070 0.1000000015
4583  -32.961  -82.086  0.835 0.1000000015
109700  -32.341  -81.685  1.347 0.1000000015
4572  -32.283  -81.701  2.093 0.1000000015
5078  -30.814  -80.275  1.736 0.1000000015
5072  -30.662  -80.457  2.421 0.1000000015
5641  -30.076  -79.810  1.971 0.1000000015
4056  -33.786  -82.576  0.290 0.1000000015
5073  -31.421  -81.027  2.233 0.1000000015
4067  -33.618  -82.470  -0.871 0.1000000015
4563  -33.363  -82.153  2.667 0.1000000015
3540  -34.159  -84.081  -1.251 0.1000000015
3568  -31.728  -83.815  -5.649 0.1000000015
7705  -29.382  -76.531  2.368 0.1000000015
7698  -29.302  -76.602  2.866 0.1000000015
5079  -31.545  -80.921  1.342 0.1000000015
5086  -30.882  -80.061  0.851 0.1000000015
5648  -30.267  -79.587  1.222 0.1000000015
4582  -32.058  -81.350  0.481 0.1000000015
3546  -34.317  -84.162  -2.272 0.1000000015
3553  -34.245  -84.131  -3.277 0.1000000015
3552  -33.337  -84.392  -3.817 0.1000000015
3584  -33.563  -83.295  -5.439 0.1000000015
4068  -34.434  -83.207  -1.147 0.1000000015
116100  -28.828  -78.644  2.365 0.1000000015
5647  -29.532  -79.079  1.549 0.1000000015
3541  -34.571  -83.583  -1.861 0.1000000015
5634  -28.929  -79.433  2.372 0.1000000015
4594  -32.730  -81.813  -0.352 0.1000000015
101663  -32.801  -81.698  -1.329 0.1000000015
100685  -28.553  -78.640  2.862 0.1000000015
4614  -33.465  -81.290  -2.233 0.1000000015
5707  -33.424  -80.064  -2.133 0.1000000015
5708  -34.384  -80.298  -2.262 0.1000000015
6263  -29.803  -78.864  0.703 0.1000000015
5094  -30.824  -79.953  0.001 0.1000000015
5095  -31.327  -80.092  -0.493 0.1000000015
4605  -32.305  -81.063  -1.357 0.1000000015
5105  -31.954  -80.190  -1.262 0.1000000015
4606  -32.865  -81.258  -1.880 0.1000000015
5120  -33.056  -80.668  -2.167 0.1000000015
5671  -31.521  -79.398  -0.791 0.1000000015
5658  -30.369  -79.457  0.254 0.1000000015
5670  -30.853  -79.401  -0.299 0.1000000015
6280  -31.742  -78.532  -0.858 0.1000000015
4593  -31.903  -80.960  -0.560 0.1000000015
5121  -33.845  -80.858  -2.410 0.1000000015
5686  -32.640  -79.944  -1.894 0.1000000015
3028  -32.936  -84.521  -0.206 0.1000000015
3583  -32.581  -83.266  -5.956 0.1000000015
4961  -34.336  -81.958  12.535 0.1000000015
5087  -31.335  -80.563  0.243 0.1000000015
5106  -32.509  -80.628  -1.786 0.1000000015
5564  -34.717  -80.672  10.428 0.1000000015
5580  -38.937  -79.816  10.297 0.3000000119
6152  -39.322  -79.386  11.598 0.4000000060
6871  -41.503  -77.979  10.714 0.3000000119
6872  -42.249  -77.420  10.225 0.2000000030
6961  -29.165  -77.303  1.838 0.1000000015
7611  -40.077  -76.911  9.237 0.4000000060
7614  -42.529  -77.089  10.130 0.2000000030
7635  -40.151  -77.819  8.908 0.3000000119
7729  -42.015  -76.395  0.162 0.1000000015
7730  -42.427  -75.921  -0.097 0.1000000015
8349  -42.036  -76.260  10.612 0.5000000000
8479  -42.618  -75.171  -0.133 0.1000000015
8489  -42.576  -75.025  -0.747 0.1000000015
8515  -39.087  -75.024  -4.825 0.1000000015
9116  -37.923  -74.501  11.255 0.4000000060
9120  -44.278  -74.353  11.021 0.5000000000
9133  -44.081  -74.442  10.717 0.5000000000
9217  -32.685  -74.770  2.556 0.1000000015
9242  -42.020  -74.322  2.110 0.1000000015
9287  -42.338  -74.497  -1.249 0.1000000015
9306  -40.972  -74.288  -3.172 0.1000000015
9309  -39.503  -74.325  -5.119 0.1000000015
9938  -43.276  -73.837  11.475 0.5000000000
9947  -42.228  -74.433  11.068 0.5000000000
10090  -42.453  -74.037  0.704 0.1000000015
10113  -40.563  -73.615  -3.012 0.1000000015
10809  -37.551  -72.558  11.481 0.3000000119
10810  -38.383  -72.665  10.898 0.4000000060
10815  -44.703  -73.050  11.446 0.5000000000
10831  -44.935  -73.634  10.920 0.5000000000
10843  -40.251  -72.227  9.219 0.4000000060
10869  -36.348  -72.225  7.658 0.1000000015
10926  -37.103  -72.433  1.281 0.1000000015
10930  -41.261  -73.256  1.468 0.1000000015
10971  -36.253  -72.321  -1.567 0.1000000015
10972  -37.643  -72.860  -1.646 0.1000000015
11684  -35.241  -70.668  4.993 0.2000000030
11702  -35.161  -71.038  3.996 0.2000000030
11711  -35.653  -71.412  2.095 0.1000000015
12299  -34.147  -70.927  12.244 0.3000000119
12310  -36.919  -71.378  11.352 0.4000000060
12314  -43.834  -71.019  11.616 0.6000000238
12315  -45.445  -71.196  11.238 0.5000000000
12333  -45.773  -71.321  10.906 0.5000000000
12342  -41.326  -71.036  9.204 0.3000000119
12344  -43.371  -70.502  9.510 0.4000000060
12354  -37.853  -70.884  7.995 0.1000000015
12362  -36.551  -70.479  7.512 0.1000000015
12978  -32.142  -69.474  13.417 0.3000000119
12989  -41.498  -70.007  11.372 0.4000000060
12990  -42.354  -70.009  11.464 0.5000000000
13030  -42.155  -69.655  8.647 0.2000000030
13044  -40.628  -69.747  8.169 0.1000000015
13059  -43.799  -69.268  6.376 0.2000000030
13060  -44.787  -68.982  6.610 0.3000000119
13066  -39.672  -69.193  6.977 0.1000000015
13077  -36.282  -69.008  5.857 0.2000000030
13103  -34.870  -69.444  3.391 0.1000000015
13142  -34.956  -69.470  0.531 0.1000000015
13792  -47.005  -68.454  9.327 0.4000000060
13801  -47.255  -68.344  8.889 0.4000000060
13804  -47.300  -68.246  7.833 0.4000000060
13815  -47.258  -68.354  6.930 0.4000000060
13820  -35.853  -68.627  4.702 0.1000000015
13855  -35.330  -68.246  3.204 0.1000000015
13903  -34.969  -68.130  0.422 0.1000000015
13951  -42.889  -68.058  -4.060 0.1000000015
14635  -47.162  -67.665  6.529 0.3000000119
14668  -35.404  -67.851  2.381 0.1000000015
14685  -35.532  -67.561  1.573 0.1000000015
14692  -43.593  -67.989  1.434 0.1000000015
14708  -35.127  -67.764  0.914 0.1000000015
14710  -37.696  -67.012  0.504 0.1000000015
14715  -44.044  -67.597  0.500 0.1000000015
14716  -44.426  -67.172  -0.456 0.1000000015
14732  -38.885  -67.093  -0.813 0.1000000015
14752  -36.837  -67.831  -1.776 0.1000000015
14759  -44.402  -67.211  -1.425 0.1000000015
14773  -43.412  -67.795  -3.428 0.1000000015
15487  -47.190  -66.584  6.618 0.3000000119
15539  -43.929  -67.590  0.907 0.1000000015
15570  -45.496  -65.606  -2.737 0.1000000015
15588  -44.082  -66.774  -3.394 0.1000000015
16298  -46.551  -65.374  8.438 0.4000000060
17219  -45.677  -65.105  -3.058 0.1000000015
17961  -38.639  -63.469  0.563 0.1000000015
18827  -42.890  -62.108  -3.475 0.1000000015
19527  -44.385  -61.793  8.383 0.2000000030
19632  -38.937  -61.011  -2.182 0.1000000015
19646  -43.300  -61.856  -4.025 0.1000000015
19662  -44.184  -61.319  -5.602 0.1000000015
20531  -38.673  -60.297  -2.489 0.1000000015
20555  -43.223  -60.567  -4.768 0.1000000015
21493  -36.218  -59.140  -0.984 0.1000000015
21497  -37.214  -58.788  -2.209 0.1000000015
21523  -43.533  -59.360  -5.478 0.1000000015
21534  -44.159  -59.534  -6.133 0.1000000015
22192  -40.243  -57.961  13.623 0.1000000015
22396  -38.466  -58.700  -3.087 0.1000000015
22418  -44.564  -57.981  -6.146 0.1000000015
23302  -35.824  -57.571  -0.973 0.1000000015
23320  -39.766  -57.238  -4.603 0.1000000015
23331  -42.547  -56.934  -5.653 0.1000000015
23333  -44.669  -57.310  -6.491 0.1000000015
24017  -41.336  -56.458  12.317 0.1000000015
24208  -35.989  -55.905  -2.112 0.1000000015
24228  -42.535  -55.891  -5.909 0.1000000015
25069  -35.568  -55.933  -1.379 0.1000000015
25079  -36.506  -55.820  -2.765 0.1000000015
25085  -37.086  -55.661  -3.366 0.1000000015
25086  -37.724  -55.396  -3.891 0.1000000015
25088  -38.263  -55.151  -4.312 0.1000000015
25941  -36.091  -53.868  -2.660 0.1000000015
25949  -38.663  -54.583  -4.643 0.1000000015
26769  -37.478  -53.950  -3.882 0.1000000015
27683  -34.836  -52.322  -1.767 0.1000000015
27695  -36.139  -52.455  -2.983 0.1000000015
30300  -34.816  -49.396  0.103 0.1000000015
31239  -35.114  -48.901  -0.630 0.1000000015
31251  -35.212  -48.845  -1.346 0.1000000015
31261  -35.786  -48.462  -1.936 0.1000000015
98943  -41.966  -73.525  0.188 0.1000000015
99546  -41.568  -75.844  -2.106 0.1000000015
99683  -35.489  -71.490  5.923 0.2000000030
101682  -36.825  -67.391  2.428 0.1000000015
102174  -34.765  -69.479  2.096 0.1000000015
103636  -34.802  -68.754  1.893 0.1000000015
103726  -34.339  -50.006  -0.943 0.1000000015
104182  -36.728  -69.505  10.553 0.4000000060
104191  -38.678  -58.087  -3.495 0.1000000015
104431  -41.481  -71.965  11.433 0.6000000238
104733  -35.413  -50.900  -2.693 0.1000000015
104856  -35.354  -70.602  5.696 0.2000000030
105972  -34.394  -52.393  -1.249 0.1000000015
106078  -34.130  -50.611  -0.695 0.1000000015
106821  -38.022  -68.127  -2.793 0.1000000015
107843  -32.834  -71.981  14.491 0.3000000119
108635  -40.067  -54.920  -5.540 0.1000000015
108929  -38.079  -48.367  0.366 0.1000000015
110605  -39.799  -74.035  10.736 0.4000000060
111209  -41.920  -77.704  10.403 0.3000000119
113181  -42.025  -74.113  -1.874 0.1000000015
113503  -44.405  -58.484  -6.191 0.1000000015
113621  -46.421  -64.909  7.838 0.3000000119
113841  -42.516  -75.020  9.684 0.4000000060
114037  -39.827  -78.156  11.440 0.5000000000
114139  -37.044  -72.500  -0.400 0.1000000015
114400  -41.649  -74.393  -2.618 0.1000000015
114875  -32.549  -65.075  11.010 0.3000000119
116310  -35.843  -54.481  -2.209 0.1000000015
116571  -37.851  -72.681  3.017 0.1000000015
117232  -35.553  -68.466  -1.042 0.1000000015
117555  -36.452  -51.204  -3.815 0.1000000015
117614  -45.223  -66.188  -2.297 0.1000000015
118041  -38.271  -69.928  10.351 0.4000000060
118261  -32.355  -81.397  -0.946 0.1000000015
118497  -38.881  -70.513  8.144 0.1000000015
118505  -41.872  -76.879  -0.872 0.1000000015
118582  -31.811  -71.903  20.598 0.1000000015
118931  -35.403  -70.678  0.867 0.1000000015
119368  -36.783  -72.263  2.502 0.1000000015
