#!ascii label  , from subject sub-v1s21x0050407_ses-1 vox2ras=TkReg
992
34507  19.667  -44.384  59.482 0.0000000000
34422  30.208  -44.650  64.595 0.0000000000
52236  37.344  -24.733  45.441 0.0000000000
44100  29.331  -33.294  51.969 0.0000000000
37932  33.924  -39.506  57.359 0.0000000000
61570  43.918  -13.397  38.696 0.0000000000
119321  37.541  -27.308  48.628 0.0000000000
50396  32.516  -26.278  48.240 0.0000000000
35454  14.795  -43.885  59.337 0.0000000000
36218  24.766  -42.376  63.492 0.0000000000
35444  27.462  -43.671  59.317 0.0000000000
36275  21.411  -41.767  58.124 0.0000000000
56747  41.263  -19.537  40.628 0.0000000000
101768  21.645  -43.964  66.004 0.0000000000
36210  17.765  -42.143  63.854 0.0000000000
54920  41.390  -21.244  45.686 0.0000000000
33492  13.496  -45.300  64.850 0.0000000000
29683  10.239  -49.507  63.449 0.0000000000
49447  31.103  -27.653  53.683 0.0000000000
42218  30.963  -35.992  54.709 0.0000000000
37987  30.654  -40.045  52.912 0.0000000000
35504  29.836  -43.125  55.669 0.0000000000
50352  36.558  -26.494  51.474 0.0000000000
50394  34.612  -26.496  48.639 0.0000000000
50354  34.312  -25.806  51.093 0.0000000000
50349  39.370  -27.004  51.213 0.0000000000
35484  18.752  -43.866  57.470 0.0000000000
33537  16.015  -45.071  56.942 0.0000000000
35451  17.215  -43.854  59.344 0.0000000000
114763  21.981  -43.394  61.358 0.0000000000
36258  22.598  -42.105  60.649 0.0000000000
35466  20.740  -43.720  58.626 0.0000000000
35495  19.943  -42.942  55.950 0.0000000000
54096  36.669  -23.118  43.853 0.0000000000
52208  39.858  -24.883  47.203 0.0000000000
54086  38.953  -22.867  45.713 0.0000000000
54937  38.262  -21.465  43.753 0.0000000000
37885  16.888  -40.839  66.864 0.0000000000
36212  15.432  -42.810  63.948 0.0000000000
36190  14.666  -43.095  66.713 0.0000000000
29630  12.605  -49.682  68.080 0.0000000000
30635  12.914  -48.767  65.817 0.0000000000
29655  10.878  -50.450  65.580 0.0000000000
27818  8.444  -51.424  65.484 0.0000000000
26946  8.547  -52.214  68.135 0.0000000000
43122  31.930  -35.183  57.535 0.0000000000
40455  32.503  -37.573  55.781 0.0000000000
39653  30.840  -38.244  53.273 0.0000000000
37966  32.260  -39.664  54.806 0.0000000000
37134  26.057  -41.691  57.097 0.0000000000
35480  28.430  -43.725  57.377 0.0000000000
37157  26.472  -41.149  55.184 0.0000000000
36339  28.145  -41.806  53.781 0.0000000000
46951  30.222  -30.759  52.172 0.0000000000
47851  29.754  -29.118  50.248 0.0000000000
45095  28.484  -32.223  49.915 0.0000000000
65013  45.833  -9.783  36.860 0.0000000000
62439  43.529  -12.540  36.354 0.0000000000
50426  37.191  -26.768  46.710 0.0000000000
49524  35.939  -27.116  46.699 0.0000000000
50377  40.073  -26.999  49.116 0.0000000000
34442  27.341  -43.876  63.734 0.0000000000
34472  28.676  -44.269  61.337 0.0000000000
35420  26.748  -42.748  61.387 0.0000000000
37125  24.518  -41.046  58.833 0.0000000000
37947  23.218  -40.055  56.684 0.0000000000
56728  44.033  -19.385  43.039 0.0000000000
57640  43.992  -18.251  40.880 0.0000000000
59183  43.705  -17.220  38.878 0.0000000000
59196  43.506  -16.349  37.565 0.0000000000
34458  21.016  -44.027  62.694 0.0000000000
34460  18.492  -43.289  62.001 0.0000000000
35360  20.448  -42.974  65.142 0.0000000000
35371  22.669  -43.448  64.438 0.0000000000
115066  41.046  -20.596  42.775 0.0000000000
34462  16.543  -43.295  61.979 0.0000000000
33502  14.122  -44.939  62.496 0.0000000000
102845  12.472  -46.614  61.975 0.0000000000
32512  12.947  -46.146  66.098 0.0000000000
31574  12.378  -48.332  63.582 0.0000000000
25964  5.674  -53.881  70.176 0.0000000000
116966  33.259  -25.623  54.247 0.0000000000
45982  30.452  -31.790  53.970 0.0000000000
44077  30.730  -33.752  55.448 0.0000000000
43161  29.826  -34.442  53.167 0.0000000000
106370  30.114  -36.813  52.134 0.0000000000
111228  29.808  -39.522  50.750 0.0000000000
120993  28.255  -40.601  49.475 0.0000000000
34503  29.467  -44.782  59.785 0.0000000000
102297  31.028  -43.413  57.969 0.0000000000
36295  31.983  -41.498  56.960 0.0000000000
37176  30.444  -41.776  53.759 0.0000000000
37191  28.578  -41.282  52.022 0.0000000000
50369  31.071  -25.981  50.861 0.0000000000
49515  30.037  -27.825  47.732 0.0000000000
51242  36.216  -25.793  52.659 0.0000000000
50353  35.149  -26.106  51.380 0.0000000000
51251  35.126  -25.840  52.081 0.0000000000
50339  37.742  -26.065  52.049 0.0000000000
34520  19.370  -44.227  58.852 0.0000000000
35470  17.466  -43.866  58.435 0.0000000000
34492  18.980  -44.375  60.181 0.0000000000
34489  21.237  -43.840  60.795 0.0000000000
35434  21.255  -43.374  59.916 0.0000000000
35448  20.638  -44.047  58.984 0.0000000000
35468  19.601  -43.961  58.139 0.0000000000
53192  36.377  -24.103  44.360 0.0000000000
52235  38.173  -24.450  45.854 0.0000000000
53176  38.958  -23.771  46.158 0.0000000000
116622  37.631  -23.857  45.260 0.0000000000
54095  37.406  -22.643  44.294 0.0000000000
28652  11.673  -50.782  68.046 0.0000000000
28661  11.616  -50.651  67.103 0.0000000000
28673  10.205  -51.366  66.711 0.0000000000
28682  9.243  -51.004  65.274 0.0000000000
27803  9.522  -51.656  66.826 0.0000000000
26957  8.035  -52.202  67.039 0.0000000000
40441  33.440  -37.806  57.355 0.0000000000
39622  33.536  -38.298  56.603 0.0000000000
103739  32.573  -38.914  55.128 0.0000000000
38749  33.286  -39.703  56.131 0.0000000000
102562  30.781  -44.352  62.943 0.0000000000
105686  25.264  -40.161  55.996 0.0000000000
37144  26.249  -41.411  56.158 0.0000000000
37956  26.131  -40.180  54.646 0.0000000000
37968  26.389  -39.822  53.628 0.0000000000
46018  29.896  -31.630  52.409 0.0000000000
112153  29.586  -31.075  50.941 0.0000000000
119154  44.277  -13.776  39.034 0.0000000000
118928  45.368  -12.184  40.251 0.0000000000
63268  44.204  -11.631  38.886 0.0000000000
64100  44.456  -10.741  37.726 0.0000000000
62438  43.383  -12.610  37.020 0.0000000000
49508  37.730  -27.164  47.974 0.0000000000
49523  36.545  -27.045  46.751 0.0000000000
49510  36.422  -27.129  47.383 0.0000000000
50395  33.493  -26.340  48.530 0.0000000000
50409  33.566  -26.625  47.074 0.0000000000
50429  32.549  -26.546  46.647 0.0000000000
49471  38.252  -27.616  50.126 0.0000000000
49495  38.668  -27.497  49.041 0.0000000000
50406  38.403  -26.784  47.556 0.0000000000
34522  15.584  -44.035  58.177 0.0000000000
34511  13.800  -44.814  59.088 0.0000000000
36216  26.326  -42.963  63.784 0.0000000000
113392  26.831  -43.315  62.703 0.0000000000
36227  25.577  -42.257  62.895 0.0000000000
37127  22.349  -41.704  59.129 0.0000000000
37113  24.036  -41.197  59.646 0.0000000000
37136  22.844  -41.011  58.342 0.0000000000
37936  23.875  -40.711  58.174 0.0000000000
37146  21.935  -40.763  56.982 0.0000000000
36301  20.981  -41.849  56.186 0.0000000000
41397  29.834  -36.703  49.777 0.0000000000
56738  42.571  -19.504  41.534 0.0000000000
119909  43.737  -19.019  41.838 0.0000000000
57634  42.729  -18.990  40.840 0.0000000000
58418  43.131  -17.839  39.153 0.0000000000
58433  42.884  -17.923  37.864 0.0000000000
59189  43.646  -16.333  38.243 0.0000000000
34427  21.388  -43.758  64.367 0.0000000000
101703  20.358  -43.315  63.880 0.0000000000
34413  20.835  -43.439  65.369 0.0000000000
104747  22.423  -43.825  64.948 0.0000000000
120806  21.896  -43.820  63.304 0.0000000000
55816  42.380  -20.551  43.713 0.0000000000
55810  40.961  -21.104  44.064 0.0000000000
55831  38.453  -20.779  42.010 0.0000000000
35388  18.597  -42.839  62.799 0.0000000000
34461  17.435  -43.139  61.865 0.0000000000
36221  17.208  -42.458  63.276 0.0000000000
35375  14.369  -43.872  64.509 0.0000000000
34448  15.121  -43.732  62.956 0.0000000000
33496  13.933  -44.988  63.227 0.0000000000
33503  13.506  -45.162  61.872 0.0000000000
118580  13.291  -46.245  63.000 0.0000000000
32509  12.815  -46.756  67.550 0.0000000000
30648  11.961  -49.411  64.496 0.0000000000
31571  12.979  -48.268  65.031 0.0000000000
30659  11.899  -49.053  63.788 0.0000000000
31575  11.850  -48.121  62.769 0.0000000000
46934  30.748  -30.955  54.532 0.0000000000
42211  31.481  -35.821  55.980 0.0000000000
43123  31.557  -34.598  56.920 0.0000000000
101313  31.004  -35.315  55.258 0.0000000000
112140  30.657  -34.466  54.743 0.0000000000
43148  30.673  -35.241  54.401 0.0000000000
41351  30.370  -35.808  53.250 0.0000000000
41350  30.580  -36.562  53.360 0.0000000000
38790  30.795  -38.995  53.070 0.0000000000
39654  30.499  -38.316  52.488 0.0000000000
101043  30.194  -40.195  51.939 0.0000000000
38005  29.424  -39.988  50.168 0.0000000000
37999  29.522  -40.807  51.614 0.0000000000
34473  28.078  -44.035  60.767 0.0000000000
121339  29.345  -44.813  60.438 0.0000000000
34504  28.591  -44.551  59.371 0.0000000000
35493  28.702  -43.379  56.612 0.0000000000
35479  29.363  -43.721  57.211 0.0000000000
35478  30.275  -43.448  57.138 0.0000000000
36296  31.558  -42.126  57.176 0.0000000000
36311  30.562  -42.735  55.612 0.0000000000
36310  31.187  -42.029  55.575 0.0000000000
101708  30.006  -42.840  54.932 0.0000000000
37192  26.414  -40.292  50.809 0.0000000000
37178  28.436  -41.546  52.869 0.0000000000
50331  32.098  -26.095  53.939 0.0000000000
51247  31.944  -25.653  52.115 0.0000000000
50343  30.805  -26.749  52.149 0.0000000000
107287  29.055  -29.915  49.214 0.0000000000
48667  29.674  -28.538  48.834 0.0000000000
64106  46.009  -10.057  35.162 0.0000000000
116072  36.929  -26.974  50.076 0.0000000000
103410  36.082  -27.029  48.770 0.0000000000
49472  36.119  -26.797  50.074 0.0000000000
50379  34.643  -26.232  49.649 0.0000000000
50380  33.621  -26.125  49.472 0.0000000000
50338  38.761  -26.421  51.744 0.0000000000
113803  38.019  -26.888  51.348 0.0000000000
34528  17.371  -44.349  56.849 0.0000000000
35471  16.566  -43.722  58.595 0.0000000000
35452  16.299  -43.645  59.490 0.0000000000
35403  22.707  -42.874  62.742 0.0000000000
36241  24.187  -41.969  61.827 0.0000000000
36243  22.499  -42.552  61.132 0.0000000000
36269  21.623  -42.642  59.605 0.0000000000
114799  20.947  -42.406  57.855 0.0000000000
120032  20.781  -42.270  57.122 0.0000000000
35482  19.972  -42.999  56.974 0.0000000000
35497  18.913  -43.870  56.738 0.0000000000
56763  40.197  -19.499  39.469 0.0000000000
34392  21.217  -43.656  66.970 0.0000000000
53161  40.116  -23.476  47.244 0.0000000000
54078  40.041  -22.708  46.653 0.0000000000
103137  39.881  -21.711  45.369 0.0000000000
54929  39.536  -21.457  44.621 0.0000000000
114776  38.801  -21.611  44.441 0.0000000000
54931  37.659  -22.014  43.939 0.0000000000
37078  17.772  -41.238  65.332 0.0000000000
105952  16.776  -42.223  63.903 0.0000000000
37067  15.770  -42.149  65.520 0.0000000000
35361  14.984  -42.947  65.638 0.0000000000
113468  13.836  -44.505  65.676 0.0000000000
31566  13.061  -47.543  67.342 0.0000000000
30611  13.041  -49.100  67.622 0.0000000000
29648  11.740  -50.027  65.737 0.0000000000
111606  10.463  -50.173  64.799 0.0000000000
105885  9.002  -50.585  64.407 0.0000000000
42210  31.982  -36.379  56.526 0.0000000000
41342  31.996  -37.131  55.581 0.0000000000
40463  31.365  -37.332  54.386 0.0000000000
40462  32.005  -37.621  55.073 0.0000000000
109119  31.984  -38.863  54.483 0.0000000000
37976  31.042  -40.241  53.819 0.0000000000
36274  26.533  -42.406  58.431 0.0000000000
35464  27.521  -43.580  58.487 0.0000000000
36285  27.118  -42.896  57.125 0.0000000000
36299  27.350  -42.689  56.249 0.0000000000
36314  27.693  -42.468  55.279 0.0000000000
36328  28.481  -42.492  54.565 0.0000000000
36340  27.432  -41.309  53.890 0.0000000000
37180  26.922  -40.401  53.112 0.0000000000
47838  30.611  -29.551  52.425 0.0000000000
48642  30.528  -28.691  52.183 0.0000000000
46963  30.023  -30.441  51.395 0.0000000000
46974  29.555  -30.501  50.547 0.0000000000
65000  45.722  -9.815  37.780 0.0000000000
64103  44.520  -10.725  36.825 0.0000000000
51308  36.954  -25.753  45.632 0.0000000000
51320  36.167  -25.905  44.984 0.0000000000
50443  36.396  -26.682  45.627 0.0000000000
109305  35.442  -27.024  47.057 0.0000000000
117482  34.456  -27.112  45.868 0.0000000000
119319  40.563  -26.968  51.278 0.0000000000
50376  40.657  -26.917  49.754 0.0000000000
117226  40.689  -26.260  48.854 0.0000000000
51281  39.774  -25.845  47.564 0.0000000000
120593  38.714  -25.854  46.758 0.0000000000
106765  28.503  -44.275  63.696 0.0000000000
34454  29.259  -44.408  62.529 0.0000000000
101464  28.110  -44.154  62.644 0.0000000000
35419  27.457  -43.476  61.125 0.0000000000
35433  26.890  -42.938  60.522 0.0000000000
102882  25.203  -41.684  61.158 0.0000000000
36257  25.734  -41.600  60.248 0.0000000000
106451  26.528  -42.391  59.240 0.0000000000
37124  25.378  -41.286  58.520 0.0000000000
37945  24.876  -40.237  56.679 0.0000000000
38761  23.785  -39.317  55.140 0.0000000000
58407  45.253  -17.327  40.796 0.0000000000
57642  42.388  -18.736  40.083 0.0000000000
58417  43.578  -17.674  39.504 0.0000000000
59173  45.056  -16.927  40.016 0.0000000000
59906  44.671  -15.734  39.227 0.0000000000
59912  43.896  -15.394  38.503 0.0000000000
60718  43.458  -14.718  37.876 0.0000000000
60725  43.249  -14.205  37.142 0.0000000000
114832  20.743  -44.104  60.966 0.0000000000
111882  19.345  -44.288  60.668 0.0000000000
109571  20.126  -43.682  62.872 0.0000000000
34446  19.619  -43.080  63.311 0.0000000000
36208  19.751  -42.551  64.444 0.0000000000
35348  20.804  -43.039  66.695 0.0000000000
37077  18.989  -41.311  65.204 0.0000000000
37892  18.717  -40.477  66.560 0.0000000000
34404  29.598  -44.705  65.376 0.0000000000
34406  27.764  -44.068  65.125 0.0000000000
34425  27.113  -43.808  64.682 0.0000000000
35368  25.600  -43.134  64.953 0.0000000000
35357  23.999  -43.704  65.556 0.0000000000
35385  24.056  -42.655  64.160 0.0000000000
35387  22.228  -43.484  63.276 0.0000000000
34443  21.701  -43.802  62.546 0.0000000000
56714  43.944  -19.892  44.404 0.0000000000
55827  42.212  -20.335  42.888 0.0000000000
108384  41.087  -20.303  42.044 0.0000000000
55819  39.789  -20.933  43.164 0.0000000000
55837  40.150  -20.362  41.757 0.0000000000
56741  39.836  -19.995  40.955 0.0000000000
34493  18.031  -44.113  60.691 0.0000000000
34476  17.334  -43.842  61.138 0.0000000000
107681  16.286  -43.854  61.406 0.0000000000
35391  15.472  -43.085  63.254 0.0000000000
34463  15.624  -43.638  62.202 0.0000000000
34496  14.266  -44.235  60.690 0.0000000000
33509  13.026  -45.142  60.870 0.0000000000
33510  12.570  -45.900  60.500 0.0000000000
34376  13.716  -44.574  66.924 0.0000000000
32514  13.116  -46.148  65.317 0.0000000000
107132  13.169  -47.509  65.251 0.0000000000
103663  13.249  -46.745  64.255 0.0000000000
32522  12.842  -46.949  62.916 0.0000000000
105560  7.047  -52.604  69.100 0.0000000000
51232  34.763  -25.543  53.449 0.0000000000
48632  31.212  -28.488  54.279 0.0000000000
46943  30.869  -30.077  53.833 0.0000000000
45997  30.215  -31.690  53.225 0.0000000000
45053  29.792  -32.428  52.991 0.0000000000
45029  30.629  -32.823  55.207 0.0000000000
44087  30.311  -33.246  53.964 0.0000000000
43162  29.512  -33.865  52.562 0.0000000000
42253  29.746  -35.554  51.980 0.0000000000
41374  29.844  -36.333  51.676 0.0000000000
40486  29.883  -37.223  51.451 0.0000000000
40475  30.638  -37.482  53.105 0.0000000000
39661  30.106  -38.062  51.652 0.0000000000
122063  29.739  -38.642  50.107 0.0000000000
38816  29.336  -39.854  49.018 0.0000000000
38014  28.923  -40.437  48.341 0.0000000000
37933  33.534  -40.218  57.699 0.0000000000
107444  29.873  -44.695  62.012 0.0000000000
34486  30.904  -44.594  60.782 0.0000000000
34501  31.395  -44.369  60.329 0.0000000000
34519  28.568  -44.395  58.632 0.0000000000
35461  30.666  -43.982  58.630 0.0000000000
35442  32.040  -43.589  59.535 0.0000000000
36272  32.158  -42.260  58.777 0.0000000000
37133  32.564  -41.015  58.065 0.0000000000
37934  32.960  -40.607  57.306 0.0000000000
37154  32.377  -40.510  55.555 0.0000000000
37175  31.026  -41.095  54.193 0.0000000000
37977  30.612  -41.057  53.287 0.0000000000
36338  28.935  -42.253  53.699 0.0000000000
37177  29.115  -41.880  52.898 0.0000000000
37190  29.335  -41.429  52.217 0.0000000000
37202  27.919  -40.699  50.008 0.0000000000
51245  33.833  -25.525  52.565 0.0000000000
51261  32.611  -25.601  50.636 0.0000000000
50381  31.717  -25.984  49.528 0.0000000000
49464  30.205  -27.489  50.974 0.0000000000
49487  30.308  -27.056  49.032 0.0000000000
50412  30.783  -26.753  47.735 0.0000000000
60736  43.804  -14.694  35.707 0.0000000000
50341  35.848  -26.094  51.956 0.0000000000
51243  35.387  -25.758  52.685 0.0000000000
120796  37.017  -25.690  52.533 0.0000000000
34508  18.802  -44.235  59.363 0.0000000000
34490  20.713  -43.995  60.103 0.0000000000
35436  20.727  -43.963  59.474 0.0000000000
34506  20.395  -44.206  59.450 0.0000000000
35449  20.135  -44.268  58.871 0.0000000000
53184  37.021  -24.204  44.948 0.0000000000
52237  36.572  -24.926  45.005 0.0000000000
53191  37.130  -23.449  44.645 0.0000000000
28653  11.126  -51.224  68.513 0.0000000000
28662  10.929  -51.219  67.512 0.0000000000
27791  10.004  -51.667  67.592 0.0000000000
39614  33.889  -38.619  57.264 0.0000000000
38748  33.673  -39.170  56.621 0.0000000000
38758  33.197  -38.824  55.873 0.0000000000
34437  31.232  -44.490  64.181 0.0000000000
34438  30.245  -44.460  63.566 0.0000000000
38760  24.523  -39.243  54.907 0.0000000000
37957  25.320  -39.658  55.055 0.0000000000
38770  25.726  -39.337  53.988 0.0000000000
45054  29.568  -32.500  52.200 0.0000000000
46019  29.580  -31.989  51.708 0.0000000000
61565  44.555  -13.232  39.377 0.0000000000
62434  44.038  -12.515  38.883 0.0000000000
63271  43.782  -12.008  38.330 0.0000000000
62435  43.577  -12.792  37.978 0.0000000000
49497  36.915  -27.202  47.998 0.0000000000
108599  33.280  -26.429  47.824 0.0000000000
50410  32.546  -26.402  47.438 0.0000000000
50430  31.578  -26.669  46.347 0.0000000000
105361  31.823  -26.486  47.047 0.0000000000
49484  37.550  -27.366  49.470 0.0000000000
49483  38.293  -27.597  49.517 0.0000000000
101612  38.058  -27.491  49.045 0.0000000000
49496  38.139  -27.346  48.596 0.0000000000
35473  15.148  -43.927  58.703 0.0000000000
34530  15.087  -44.676  58.042 0.0000000000
34523  14.488  -44.370  58.799 0.0000000000
33526  14.265  -45.188  58.291 0.0000000000
34510  14.204  -44.163  59.677 0.0000000000
36217  25.724  -42.544  63.676 0.0000000000
36226  26.341  -42.800  63.124 0.0000000000
115024  21.979  -41.555  58.541 0.0000000000
37137  21.984  -41.101  57.886 0.0000000000
115496  21.479  -41.164  56.445 0.0000000000
37138  21.242  -41.571  57.274 0.0000000000
40510  29.942  -37.625  49.322 0.0000000000
56739  41.627  -19.786  41.383 0.0000000000
56746  42.058  -19.314  40.764 0.0000000000
34412  21.248  -43.726  65.318 0.0000000000
102610  21.135  -43.768  66.149 0.0000000000
101394  21.857  -43.864  65.092 0.0000000000
102594  40.922  -21.561  46.145 0.0000000000
55801  41.947  -20.933  45.137 0.0000000000
55802  41.183  -21.161  44.898 0.0000000000
36220  18.215  -42.456  63.321 0.0000000000
35389  17.657  -42.647  62.833 0.0000000000
34430  13.994  -44.512  64.291 0.0000000000
33493  13.627  -45.149  64.053 0.0000000000
33497  13.633  -45.520  62.798 0.0000000000
33494  13.414  -45.878  63.690 0.0000000000
30649  11.165  -49.439  63.884 0.0000000000
121610  11.391  -49.101  63.463 0.0000000000
30660  10.788  -49.046  63.034 0.0000000000
116337  31.321  -36.104  55.350 0.0000000000
42226  30.611  -35.884  53.938 0.0000000000
108416  30.951  -36.615  54.218 0.0000000000
38791  30.488  -39.300  52.258 0.0000000000
37998  29.711  -40.148  51.127 0.0000000000
35432  27.465  -43.620  60.195 0.0000000000
34488  27.961  -44.242  59.802 0.0000000000
35505  28.992  -43.097  55.879 0.0000000000
35492  29.621  -43.373  56.446 0.0000000000
35491  30.426  -43.064  56.372 0.0000000000
50332  31.383  -26.574  53.477 0.0000000000
49458  30.855  -27.135  52.838 0.0000000000
119860  37.102  -27.029  50.558 0.0000000000
50364  36.438  -26.822  50.795 0.0000000000
50366  34.847  -26.160  50.526 0.0000000000
50367  34.055  -25.894  50.280 0.0000000000
51239  39.310  -25.882  52.574 0.0000000000
50351  37.302  -26.465  51.567 0.0000000000
50363  37.319  -27.015  51.006 0.0000000000
102632  37.599  -27.351  50.364 0.0000000000
35450  18.000  -44.056  59.106 0.0000000000
35472  15.819  -43.668  58.715 0.0000000000
117574  22.462  -42.916  61.745 0.0000000000
35421  22.083  -43.233  61.054 0.0000000000
35447  20.808  -43.784  59.303 0.0000000000
35446  20.971  -43.256  59.073 0.0000000000
103091  21.346  -42.353  58.726 0.0000000000
36276  20.818  -43.163  58.294 0.0000000000
36287  20.645  -42.921  57.578 0.0000000000
117001  20.706  -43.507  58.171 0.0000000000
35483  19.462  -43.604  57.262 0.0000000000
52221  39.809  -24.103  47.111 0.0000000000
113410  39.411  -23.035  46.242 0.0000000000
54079  39.595  -22.353  45.886 0.0000000000
54922  38.989  -22.023  45.193 0.0000000000
54104  37.085  -22.337  43.605 0.0000000000
37066  16.936  -41.020  66.019 0.0000000000
37079  16.632  -41.614  65.395 0.0000000000
112269  16.149  -41.537  66.395 0.0000000000
36196  15.365  -42.298  66.453 0.0000000000
121644  14.520  -43.471  66.005 0.0000000000
35362  14.339  -43.813  65.393 0.0000000000
35350  14.100  -44.007  66.288 0.0000000000
30601  12.912  -48.959  68.425 0.0000000000
117815  11.509  -50.452  66.310 0.0000000000
109605  12.182  -50.021  66.666 0.0000000000
29668  11.265  -49.885  64.834 0.0000000000
28691  9.786  -50.161  64.325 0.0000000000
28681  9.914  -50.545  65.047 0.0000000000
28683  8.509  -51.030  64.793 0.0000000000
26958  7.531  -52.488  67.893 0.0000000000
118086  32.800  -37.476  56.351 0.0000000000
41328  32.664  -37.071  57.029 0.0000000000
41335  32.299  -37.042  56.183 0.0000000000
38769  31.570  -39.547  54.140 0.0000000000
37967  31.680  -40.408  54.551 0.0000000000
37123  25.982  -41.816  58.037 0.0000000000
36286  26.554  -42.366  57.533 0.0000000000
36300  26.665  -42.224  56.634 0.0000000000
36315  26.901  -41.979  55.709 0.0000000000
36298  28.122  -43.005  56.011 0.0000000000
37156  27.130  -41.696  54.780 0.0000000000
120414  30.531  -30.301  52.832 0.0000000000
116406  30.444  -30.157  52.060 0.0000000000
46050  29.049  -31.251  50.251 0.0000000000
63274  43.950  -11.278  37.233 0.0000000000
63276  44.105  -11.382  36.370 0.0000000000
63280  43.784  -12.089  35.949 0.0000000000
51307  37.559  -26.052  46.255 0.0000000000
50442  36.953  -26.529  46.094 0.0000000000
49538  36.184  -27.095  46.088 0.0000000000
49539  35.604  -27.148  45.882 0.0000000000
49540  34.966  -27.212  45.538 0.0000000000
49499  35.572  -26.913  48.389 0.0000000000
102499  36.139  -27.185  48.033 0.0000000000
49512  35.272  -26.943  47.734 0.0000000000
50428  33.297  -26.729  46.317 0.0000000000
49526  34.151  -26.944  46.420 0.0000000000
49541  33.649  -26.949  45.736 0.0000000000
107505  34.190  -27.189  45.183 0.0000000000
49457  40.302  -26.779  51.421 0.0000000000
49462  39.941  -27.158  50.879 0.0000000000
49482  39.409  -27.444  49.445 0.0000000000
49481  39.978  -27.261  49.828 0.0000000000
50391  41.065  -26.242  49.498 0.0000000000
121057  40.374  -25.833  48.166 0.0000000000
50404  39.988  -26.525  48.313 0.0000000000
50407  37.668  -26.865  47.313 0.0000000000
51282  38.959  -26.182  47.178 0.0000000000
50425  38.151  -26.331  46.842 0.0000000000
34424  27.830  -44.074  64.089 0.0000000000
34440  28.580  -44.284  62.942 0.0000000000
34441  27.953  -44.170  63.266 0.0000000000
35402  27.150  -43.417  62.022 0.0000000000
116210  23.573  -41.757  61.101 0.0000000000
37107  24.560  -41.430  60.358 0.0000000000
37112  25.231  -41.351  59.468 0.0000000000
120863  26.075  -41.759  59.585 0.0000000000
36267  26.021  -41.754  58.895 0.0000000000
112224  23.596  -40.352  57.389 0.0000000000
37935  24.416  -40.431  57.404 0.0000000000
37946  24.041  -40.034  56.672 0.0000000000
37958  24.513  -39.722  55.794 0.0000000000
38750  23.577  -39.738  55.936 0.0000000000
36302  20.483  -42.494  56.562 0.0000000000
56719  44.393  -19.478  43.647 0.0000000000
57633  44.195  -18.626  41.718 0.0000000000
57632  44.750  -17.958  41.259 0.0000000000
58408  44.509  -17.595  40.456 0.0000000000
57657  41.644  -18.925  39.453 0.0000000000
58416  44.206  -17.333  39.691 0.0000000000
59182  44.500  -16.664  39.348 0.0000000000
59181  45.151  -16.252  39.671 0.0000000000
59913  43.468  -15.536  37.770 0.0000000000
60717  43.969  -14.311  38.667 0.0000000000
108263  20.464  -44.081  61.861 0.0000000000
34429  20.542  -43.194  64.649 0.0000000000
35372  20.059  -42.899  64.157 0.0000000000
35373  19.213  -42.659  63.621 0.0000000000
36194  20.565  -42.412  66.742 0.0000000000
37076  19.793  -41.800  65.581 0.0000000000
37065  19.450  -40.908  65.973 0.0000000000
37900  18.608  -40.737  65.770 0.0000000000
34405  28.693  -44.392  65.250 0.0000000000
35355  26.233  -43.609  65.293 0.0000000000
35358  23.073  -43.917  65.370 0.0000000000
35370  23.486  -43.145  64.825 0.0000000000
35369  24.501  -43.048  65.018 0.0000000000
35386  23.054  -42.891  63.825 0.0000000000
34444  21.516  -43.893  63.420 0.0000000000
34474  21.234  -43.996  61.699 0.0000000000
50456  35.929  -26.722  44.929 0.0000000000
55817  41.521  -20.709  43.366 0.0000000000
56731  41.981  -20.061  42.134 0.0000000000
55828  41.576  -20.417  42.632 0.0000000000
54936  39.211  -21.229  43.846 0.0000000000
55811  40.088  -21.131  43.961 0.0000000000
55820  38.842  -20.967  43.019 0.0000000000
55830  39.501  -20.700  42.329 0.0000000000
55838  39.253  -20.396  41.482 0.0000000000
55846  39.108  -20.170  40.736 0.0000000000
105113  18.980  -43.954  61.340 0.0000000000
116012  18.680  -44.195  60.864 0.0000000000
121829  17.138  -43.485  61.551 0.0000000000
115541  15.986  -42.368  64.042 0.0000000000
36222  16.207  -42.558  63.438 0.0000000000
34464  14.691  -44.326  62.590 0.0000000000
34477  15.285  -44.132  61.868 0.0000000000
34478  14.433  -44.545  61.731 0.0000000000
34479  13.680  -44.668  61.089 0.0000000000
32521  13.058  -45.898  62.318 0.0000000000
32529  12.758  -45.808  61.434 0.0000000000
32530  12.204  -46.542  60.885 0.0000000000
33481  13.229  -45.158  67.431 0.0000000000
33487  13.301  -45.348  66.495 0.0000000000
33491  13.378  -45.268  65.639 0.0000000000
30610  13.183  -48.338  67.131 0.0000000000
30623  13.093  -48.378  66.415 0.0000000000
103879  12.891  -48.097  64.279 0.0000000000
31570  13.151  -47.488  64.639 0.0000000000
32518  13.214  -46.876  65.001 0.0000000000
31573  12.989  -47.457  63.759 0.0000000000
32519  13.217  -46.655  63.565 0.0000000000
105545  12.473  -47.679  63.077 0.0000000000
25952  6.781  -52.959  69.810 0.0000000000
103809  6.151  -53.413  70.277 0.0000000000
25963  6.068  -53.656  69.559 0.0000000000
50306  31.943  -26.906  55.150 0.0000000000
47824  31.121  -29.406  54.504 0.0000000000
47831  31.050  -29.267  53.840 0.0000000000
46935  30.527  -30.973  53.495 0.0000000000
45043  30.184  -32.514  53.659 0.0000000000
44070  31.078  -34.099  56.263 0.0000000000
43137  30.303  -34.131  53.933 0.0000000000
44094  29.813  -33.391  53.357 0.0000000000
43173  29.586  -34.742  52.303 0.0000000000
42238  30.002  -35.323  52.824 0.0000000000
41358  30.197  -36.165  52.535 0.0000000000
40469  31.117  -37.820  53.798 0.0000000000
119131  30.895  -37.157  53.798 0.0000000000
117591  30.262  -38.763  51.757 0.0000000000
103148  29.911  -38.709  50.880 0.0000000000
102260  29.673  -39.235  49.871 0.0000000000
38007  28.862  -40.304  49.365 0.0000000000
38015  28.108  -40.714  48.633 0.0000000000
118330  29.169  -44.421  61.840 0.0000000000
34487  29.965  -44.894  60.557 0.0000000000
34502  30.545  -44.684  60.004 0.0000000000
35481  27.637  -43.441  57.644 0.0000000000
35463  28.161  -44.006  58.140 0.0000000000
102385  30.057  -43.933  57.852 0.0000000000
35460  31.487  -43.591  58.803 0.0000000000
121901  31.593  -43.201  58.398 0.0000000000
35459  31.928  -43.049  58.858 0.0000000000
36284  31.690  -42.680  58.024 0.0000000000
36283  32.055  -41.675  57.913 0.0000000000
104662  32.351  -41.074  57.414 0.0000000000
37143  32.440  -40.912  56.619 0.0000000000
37155  31.901  -41.391  56.026 0.0000000000
36325  30.862  -41.873  54.605 0.0000000000
37166  31.544  -41.250  55.061 0.0000000000
104270  28.712  -41.014  51.234 0.0000000000
110759  33.896  -25.512  53.920 0.0000000000
51233  34.066  -25.514  53.217 0.0000000000
118079  33.075  -25.583  53.480 0.0000000000
50355  31.203  -26.075  51.744 0.0000000000
51254  32.729  -25.505  51.490 0.0000000000
51255  31.840  -25.539  51.179 0.0000000000
51262  31.760  -25.679  50.323 0.0000000000
106518  30.989  -26.076  50.021 0.0000000000
47850  30.043  -29.065  50.913 0.0000000000
48649  30.211  -28.444  51.377 0.0000000000
48656  29.954  -28.317  50.536 0.0000000000
48673  29.755  -28.311  48.134 0.0000000000
49473  29.966  -27.837  49.217 0.0000000000
49501  30.025  -27.789  48.516 0.0000000000
49500  30.388  -27.167  48.119 0.0000000000
65025  47.293  -9.504  35.573 0.0000000000
65039  46.711  -9.806  34.895 0.0000000000
65037  48.086  -9.487  35.151 0.0000000000
60730  43.341  -14.450  36.353 0.0000000000
50340  36.782  -26.020  52.001 0.0000000000
117821  35.858  -26.509  51.321 0.0000000000
51252  34.499  -25.711  51.883 0.0000000000
35485  17.835  -43.908  57.575 0.0000000000
35469  18.537  -43.988  58.411 0.0000000000
34509  18.054  -44.143  59.910 0.0000000000
35422  21.620  -43.495  60.732 0.0000000000
35435  21.029  -43.721  60.021 0.0000000000
35467  20.498  -43.921  58.415 0.0000000000
52223  38.835  -24.693  46.354 0.0000000000
52222  39.403  -24.416  46.681 0.0000000000
53183  38.315  -23.411  45.556 0.0000000000
54087  38.420  -22.641  45.238 0.0000000000
54088  37.794  -22.968  44.992 0.0000000000
37054  17.001  -40.936  67.871 0.0000000000
37055  16.242  -41.394  67.444 0.0000000000
28672  10.918  -50.891  66.505 0.0000000000
101064  10.137  -50.992  65.852 0.0000000000
27817  9.414  -51.404  66.088 0.0000000000
27804  8.742  -51.769  66.450 0.0000000000
27792  9.072  -51.909  67.346 0.0000000000
40447  33.185  -37.732  56.666 0.0000000000
39631  33.104  -37.962  56.070 0.0000000000
39632  32.644  -38.190  55.450 0.0000000000
38759  32.842  -39.642  55.495 0.0000000000
37145  25.581  -40.817  56.658 0.0000000000
37158  25.842  -40.561  55.628 0.0000000000
37167  26.803  -40.738  54.243 0.0000000000
38781  25.977  -39.177  53.138 0.0000000000
46034  29.791  -31.282  51.595 0.0000000000
46035  29.221  -31.889  50.949 0.0000000000
60711  44.726  -14.196  39.339 0.0000000000
107526  45.977  -13.634  40.207 0.0000000000
61564  45.251  -13.699  39.746 0.0000000000
64094  45.054  -10.381  39.085 0.0000000000
64097  44.488  -10.858  38.613 0.0000000000
63275  43.617  -11.951  37.586 0.0000000000
49509  37.036  -27.087  47.373 0.0000000000
50408  34.187  -26.610  47.801 0.0000000000
50445  32.507  -26.713  45.707 0.0000000000
49463  38.901  -27.486  50.577 0.0000000000
49470  39.502  -27.443  50.209 0.0000000000
50392  39.368  -27.146  48.632 0.0000000000
50405  39.245  -26.702  47.850 0.0000000000
50393  38.608  -27.177  48.262 0.0000000000
34529  15.906  -44.452  57.531 0.0000000000
33527  13.562  -45.644  58.613 0.0000000000
111799  13.270  -45.286  59.346 0.0000000000
35384  26.825  -43.459  63.403 0.0000000000
36239  26.406  -42.548  62.274 0.0000000000
36268  22.426  -42.070  59.952 0.0000000000
37114  23.307  -41.479  60.305 0.0000000000
115546  23.044  -41.343  59.644 0.0000000000
37126  23.455  -41.072  58.989 0.0000000000
121172  23.287  -40.648  57.851 0.0000000000
37948  22.545  -40.256  56.483 0.0000000000
37960  21.955  -40.623  56.085 0.0000000000
102214  29.695  -36.562  50.792 0.0000000000
56737  43.330  -19.368  42.011 0.0000000000
57625  43.977  -19.092  42.360 0.0000000000
106741  43.405  -18.910  41.319 0.0000000000
57641  43.222  -18.459  40.497 0.0000000000
57656  42.414  -18.358  39.104 0.0000000000
57661  42.287  -18.388  38.204 0.0000000000
58425  42.948  -17.853  38.564 0.0000000000
58424  43.353  -17.213  38.142 0.0000000000
58432  43.424  -17.377  37.428 0.0000000000
34445  20.857  -43.729  63.646 0.0000000000
34428  20.859  -43.517  64.572 0.0000000000
34426  22.030  -43.845  64.103 0.0000000000
55808  42.558  -20.661  44.570 0.0000000000
55809  41.765  -20.876  44.284 0.0000000000
35406  17.607  -42.842  62.348 0.0000000000
35407  16.823  -42.953  62.261 0.0000000000
105904  14.886  -43.353  63.980 0.0000000000
35392  14.593  -43.787  63.714 0.0000000000
34449  14.269  -44.379  63.470 0.0000000000
121935  12.923  -46.394  62.590 0.0000000000
32508  12.970  -46.050  66.979 0.0000000000
115090  12.025  -49.651  65.196 0.0000000000
105774  12.538  -49.136  65.110 0.0000000000
30647  12.500  -48.780  64.360 0.0000000000
117952  11.612  -48.742  63.163 0.0000000000
105980  31.005  -30.105  54.718 0.0000000000
46920  31.172  -30.544  55.479 0.0000000000
115882  30.905  -31.345  55.352 0.0000000000
45981  30.592  -31.932  54.871 0.0000000000
42205  31.695  -35.513  56.772 0.0000000000
43130  31.223  -34.986  56.163 0.0000000000
121227  30.877  -34.534  55.581 0.0000000000
116689  30.497  -34.724  54.157 0.0000000000
42227  30.328  -35.078  53.653 0.0000000000
108168  30.385  -36.885  52.674 0.0000000000
38799  30.155  -39.453  51.452 0.0000000000
38006  29.006  -40.643  50.457 0.0000000000
109428  28.730  -44.573  60.355 0.0000000000
35477  30.998  -42.819  57.196 0.0000000000
36297  31.065  -42.433  56.402 0.0000000000
102419  31.557  -41.890  56.436 0.0000000000
105840  30.593  -42.444  54.955 0.0000000000
36326  30.149  -42.404  54.245 0.0000000000
37179  27.506  -40.874  52.578 0.0000000000
104564  27.628  -40.761  51.482 0.0000000000
37203  27.679  -40.701  50.634 0.0000000000
37209  26.535  -40.968  49.148 0.0000000000
51234  32.019  -25.772  53.074 0.0000000000
50342  31.304  -26.278  52.602 0.0000000000
106551  29.453  -29.839  50.042 0.0000000000
48657  29.793  -28.411  49.709 0.0000000000
47860  29.485  -29.187  49.458 0.0000000000
64102  45.217  -10.269  36.402 0.0000000000
65027  45.881  -9.843  35.971 0.0000000000
49498  36.773  -27.172  48.661 0.0000000000
49485  36.560  -27.025  49.359 0.0000000000
114785  35.918  -26.805  49.434 0.0000000000
49486  35.386  -26.626  49.101 0.0000000000
50365  35.595  -26.549  50.723 0.0000000000
50378  35.406  -26.489  49.923 0.0000000000
111230  32.616  -26.203  49.094 0.0000000000
50337  39.779  -26.253  51.870 0.0000000000
51240  38.484  -25.805  52.598 0.0000000000
50350  38.617  -27.214  51.093 0.0000000000
115721  38.148  -27.430  50.779 0.0000000000
34544  16.579  -44.715  56.928 0.0000000000
35486  16.791  -44.009  57.662 0.0000000000
34521  16.083  -43.852  58.081 0.0000000000
35453  15.440  -43.668  59.461 0.0000000000
36219  23.686  -42.449  63.206 0.0000000000
36228  24.484  -42.143  62.630 0.0000000000
36229  23.345  -42.312  62.318 0.0000000000
36242  23.064  -42.159  61.690 0.0000000000
36259  21.985  -42.947  60.437 0.0000000000
103681  20.223  -43.495  57.757 0.0000000000
56748  40.407  -19.648  40.374 0.0000000000
56762  41.012  -19.333  39.853 0.0000000000
121386  21.493  -43.973  66.712 0.0000000000
34391  21.773  -43.987  67.400 0.0000000000
53152  40.512  -23.521  47.915 0.0000000000
54066  40.513  -22.747  47.469 0.0000000000
53175  39.603  -23.572  46.698 0.0000000000
54900  40.828  -21.990  46.868 0.0000000000
54914  40.297  -21.909  46.099 0.0000000000
54921  40.661  -21.458  45.499 0.0000000000
54928  40.378  -21.317  44.744 0.0000000000
54930  38.167  -22.149  44.587 0.0000000000
54938  37.459  -21.702  43.282 0.0000000000
37084  18.347  -41.791  64.524 0.0000000000
37085  17.254  -41.843  64.564 0.0000000000
36211  16.297  -42.118  64.664 0.0000000000
36203  15.539  -42.611  64.732 0.0000000000
35374  14.889  -43.244  64.680 0.0000000000
34414  13.900  -44.586  65.062 0.0000000000
30600  13.129  -48.257  67.930 0.0000000000
30624  12.851  -49.174  66.705 0.0000000000
29654  12.403  -49.500  65.872 0.0000000000
29669  10.449  -49.833  64.178 0.0000000000
41323  32.450  -36.597  57.805 0.0000000000
42204  32.147  -36.098  57.328 0.0000000000
41336  31.748  -36.556  55.781 0.0000000000
41343  31.511  -36.750  55.001 0.0000000000
107522  31.691  -38.092  54.390 0.0000000000
39640  32.215  -38.327  54.886 0.0000000000
106681  31.292  -38.695  53.812 0.0000000000
38780  31.051  -39.484  53.570 0.0000000000
35465  26.966  -43.071  58.860 0.0000000000
36273  27.005  -43.006  58.016 0.0000000000
35494  27.825  -43.252  56.810 0.0000000000
36313  28.471  -42.838  55.357 0.0000000000
36312  29.199  -42.945  55.090 0.0000000000
119945  27.754  -42.032  54.468 0.0000000000
48639  30.954  -28.671  53.453 0.0000000000
49453  30.688  -28.071  52.875 0.0000000000
47843  30.314  -29.490  51.589 0.0000000000
47844  29.902  -29.774  50.793 0.0000000000
46984  29.035  -30.556  49.749 0.0000000000
64096  45.028  -10.272  38.208 0.0000000000
64099  45.103  -10.225  37.302 0.0000000000
63279  44.366  -11.604  35.565 0.0000000000
50427  36.617  -26.909  46.267 0.0000000000
50444  35.865  -27.092  45.357 0.0000000000
49511  35.881  -27.126  47.390 0.0000000000
49513  34.698  -26.880  47.072 0.0000000000
49525  35.097  -27.094  46.373 0.0000000000
49469  40.259  -27.190  50.457 0.0000000000
51271  40.774  -25.299  48.469 0.0000000000
51280  40.373  -25.123  47.808 0.0000000000
51293  39.221  -25.381  46.774 0.0000000000
51306  38.365  -25.449  46.357 0.0000000000
115452  37.693  -25.283  45.900 0.0000000000
34439  29.383  -44.418  63.453 0.0000000000
34455  28.616  -44.213  62.213 0.0000000000
34457  27.474  -43.895  62.799 0.0000000000
34456  27.958  -43.977  61.861 0.0000000000
35445  26.925  -43.069  59.681 0.0000000000
36240  25.399  -41.948  62.079 0.0000000000
116616  26.171  -42.006  61.582 0.0000000000
36256  26.338  -42.045  60.825 0.0000000000
36266  26.475  -42.257  60.008 0.0000000000
37135  25.504  -41.165  57.636 0.0000000000
37928  24.844  -40.844  58.028 0.0000000000
121655  25.089  -40.663  57.314 0.0000000000
43174  29.227  -34.141  51.746 0.0000000000
118336  45.613  -16.775  40.533 0.0000000000
57643  41.677  -19.178  40.155 0.0000000000
57655  43.069  -18.119  39.747 0.0000000000
58409  43.775  -17.895  40.117 0.0000000000
59172  45.661  -16.257  40.154 0.0000000000
59905  45.583  -15.461  39.839 0.0000000000
109496  45.022  -14.963  39.470 0.0000000000
103860  44.099  -16.308  38.771 0.0000000000
109424  44.462  -14.925  39.040 0.0000000000
61571  43.488  -13.802  37.946 0.0000000000
59921  43.275  -15.079  37.066 0.0000000000
121292  20.396  -44.150  60.513 0.0000000000
34491  19.974  -44.302  60.150 0.0000000000
113699  19.928  -44.203  61.050 0.0000000000
34459  19.504  -43.766  61.951 0.0000000000
34447  19.262  -43.285  62.563 0.0000000000
36209  18.794  -42.282  64.017 0.0000000000
35359  20.804  -43.373  66.094 0.0000000000
35349  20.517  -42.975  65.913 0.0000000000
36188  20.892  -42.559  67.213 0.0000000000
36195  20.352  -42.511  66.137 0.0000000000
36201  20.113  -42.537  65.298 0.0000000000
36202  19.382  -42.032  64.739 0.0000000000
37893  17.734  -40.641  66.268 0.0000000000
37884  17.807  -40.526  67.223 0.0000000000
34423  29.132  -44.407  64.439 0.0000000000
120930  28.378  -44.209  64.458 0.0000000000
35367  26.555  -43.360  64.356 0.0000000000
36206  25.939  -42.825  64.285 0.0000000000
36207  25.094  -42.679  64.304 0.0000000000
35404  22.064  -43.409  62.135 0.0000000000
35405  21.663  -43.654  61.504 0.0000000000
52244  35.921  -25.094  44.346 0.0000000000
56720  43.662  -19.801  43.523 0.0000000000
55815  43.163  -20.310  44.037 0.0000000000
56721  42.954  -20.113  43.210 0.0000000000
56729  43.453  -19.601  42.757 0.0000000000
56730  42.745  -19.831  42.417 0.0000000000
55818  40.639  -20.867  43.306 0.0000000000
55829  40.384  -20.658  42.551 0.0000000000
56740  40.729  -19.917  41.206 0.0000000000
34475  18.025  -43.714  61.380 0.0000000000
34494  17.051  -43.888  60.417 0.0000000000
35437  15.866  -43.781  60.410 0.0000000000
35438  14.908  -43.787  60.140 0.0000000000
35390  16.677  -42.760  62.783 0.0000000000
35408  15.977  -43.108  62.509 0.0000000000
34495  15.203  -44.085  61.138 0.0000000000
34497  13.466  -44.669  60.119 0.0000000000
33517  12.859  -45.436  59.945 0.0000000000
33518  12.511  -46.067  59.744 0.0000000000
34393  13.627  -44.753  66.161 0.0000000000
32513  12.922  -46.902  66.681 0.0000000000
31569  13.087  -47.926  65.810 0.0000000000
32515  13.049  -47.052  65.785 0.0000000000
32517  13.276  -46.033  64.573 0.0000000000
31581  12.080  -47.424  62.340 0.0000000000
31593  11.612  -47.331  61.266 0.0000000000
26947  7.746  -52.388  68.719 0.0000000000
25974  6.900  -52.715  68.441 0.0000000000
102915  6.421  -53.178  68.961 0.0000000000
51231  35.668  -25.501  53.471 0.0000000000
50322  31.534  -26.934  54.403 0.0000000000
119780  31.319  -27.696  54.362 0.0000000000
47832  30.791  -29.486  53.199 0.0000000000
102774  30.302  -31.046  52.806 0.0000000000
44095  29.548  -33.086  52.655 0.0000000000
106024  30.990  -32.078  55.717 0.0000000000
45030  30.434  -32.649  54.313 0.0000000000
44078  30.506  -33.523  54.586 0.0000000000
42254  29.381  -34.959  51.406 0.0000000000
42260  29.536  -35.743  51.086 0.0000000000
40495  29.781  -37.363  50.456 0.0000000000
39674  29.762  -38.124  50.209 0.0000000000
40476  30.267  -37.459  52.261 0.0000000000
103448  29.847  -37.899  50.958 0.0000000000
38815  29.747  -39.326  48.671 0.0000000000
38831  29.515  -40.029  47.929 0.0000000000
34453  29.933  -44.571  62.781 0.0000000000
120485  30.321  -44.613  62.409 0.0000000000
108946  30.866  -44.670  62.032 0.0000000000
34471  29.401  -44.690  61.120 0.0000000000
34470  30.341  -44.797  61.327 0.0000000000
115072  31.185  -44.517  61.387 0.0000000000
35431  32.058  -43.995  60.261 0.0000000000
34505  27.960  -44.198  58.936 0.0000000000
34518  29.254  -44.545  58.874 0.0000000000
35462  29.077  -44.262  57.993 0.0000000000
106111  29.843  -44.260  58.495 0.0000000000
34517  30.177  -44.446  59.200 0.0000000000
35443  31.286  -44.190  59.517 0.0000000000
104660  32.526  -43.547  60.252 0.0000000000
36265  32.370  -42.882  59.524 0.0000000000
37121  32.798  -41.068  58.736 0.0000000000
37132  33.062  -40.626  58.090 0.0000000000
37943  33.535  -40.010  56.868 0.0000000000
37944  32.976  -40.337  56.370 0.0000000000
119231  32.923  -40.081  55.851 0.0000000000
37189  30.091  -40.946  52.468 0.0000000000
36327  29.387  -42.631  54.388 0.0000000000
119973  29.562  -42.428  53.946 0.0000000000
36337  29.706  -42.149  53.553 0.0000000000
101113  29.910  -41.613  53.011 0.0000000000
37216  27.346  -40.706  48.930 0.0000000000
51244  34.647  -25.656  52.626 0.0000000000
51253  33.647  -25.572  51.718 0.0000000000
51246  32.852  -25.525  52.443 0.0000000000
51260  33.474  -25.649  50.876 0.0000000000
50368  33.294  -25.899  50.212 0.0000000000
51265  32.618  -25.933  49.867 0.0000000000
114739  31.653  -26.222  48.716 0.0000000000
49459  30.491  -27.605  51.997 0.0000000000
50356  30.600  -26.720  51.399 0.0000000000
50370  30.482  -26.687  50.507 0.0000000000
109781  30.056  -27.440  49.970 0.0000000000
118570  30.489  -26.679  49.762 0.0000000000
50382  30.916  -26.305  49.231 0.0000000000
50397  30.831  -26.536  48.418 0.0000000000
50411  31.543  -26.380  47.793 0.0000000000
61577  43.308  -13.391  37.153 0.0000000000
118806  43.307  -13.797  36.505 0.0000000000
61584  43.410  -13.165  36.392 0.0000000000
61591  43.590  -13.736  35.845 0.0000000000
37937  22.755  -40.528  57.419 0.0000000000
38751  22.951  -39.847  56.013 0.0000000000
48640  30.728  -28.912  52.830 0.0000000000
63267  44.721  -11.112  39.448 0.0000000000
63270  43.996  -11.363  38.093 0.0000000000
63277  43.618  -11.930  36.738 0.0000000000
65026  46.496  -9.703  35.592 0.0000000000
