#!ascii label  , from subject sub-v1s21x0050407_ses-1 vox2ras=TkReg
1603
25973  11.596  -53.854  68.490 0.0000000000
47919  41.766  -29.528  44.027 0.0000000000
31646  29.603  -47.649  57.191 0.0000000000
32548  38.061  -47.294  58.978 0.0000000000
30720  21.321  -48.253  58.678 0.0000000000
30584  18.952  -48.476  69.159 0.0000000000
56772  49.814  -19.941  38.550 0.0000000000
51288  49.535  -25.133  47.257 0.0000000000
41372  36.350  -36.425  51.859 0.0000000000
103146  47.527  -14.773  32.081 0.0000000000
29690  29.290  -49.920  62.654 0.0000000000
28651  14.764  -50.608  68.847 0.0000000000
54112  49.548  -22.578  42.390 0.0000000000
52274  45.698  -24.831  41.375 0.0000000000
45102  42.557  -32.511  48.753 0.0000000000
46983  46.931  -30.960  49.421 0.0000000000
45107  37.470  -32.443  48.607 0.0000000000
34582  33.670  -44.692  53.214 0.0000000000
29782  34.537  -49.515  56.181 0.0000000000
107910  25.437  -48.472  64.340 0.0000000000
29616  24.104  -49.714  69.117 0.0000000000
29663  20.533  -49.300  64.152 0.0000000000
28698  15.824  -50.000  62.922 0.0000000000
32563  25.569  -46.356  58.501 0.0000000000
59904  52.839  -14.860  39.159 0.0000000000
56712  53.262  -19.475  44.574 0.0000000000
50424  44.626  -26.843  46.296 0.0000000000
110008  37.521  -32.423  54.021 0.0000000000
36309  38.328  -42.385  55.134 0.0000000000
102602  50.944  -17.713  34.390 0.0000000000
103533  54.947  -14.828  33.530 0.0000000000
59999  55.125  -15.797  30.170 0.0000000000
28666  29.425  -50.989  66.098 0.0000000000
26944  13.215  -52.306  68.302 0.0000000000
28626  13.822  -50.911  71.943 0.0000000000
26901  11.755  -52.517  72.226 0.0000000000
53240  45.381  -23.242  39.655 0.0000000000
45048  41.837  -32.312  51.927 0.0000000000
46028  43.793  -32.099  51.608 0.0000000000
22447  6.566  -58.021  69.980 0.0000000000
102757  37.451  -32.799  46.040 0.0000000000
32606  29.106  -46.822  55.012 0.0000000000
31691  31.630  -47.852  54.462 0.0000000000
30753  31.593  -48.659  56.591 0.0000000000
30677  23.255  -48.099  61.976 0.0000000000
110677  23.076  -48.556  64.010 0.0000000000
29729  21.083  -49.229  61.094 0.0000000000
31632  23.267  -47.060  58.799 0.0000000000
31589  25.625  -47.612  61.375 0.0000000000
30582  21.545  -48.630  69.331 0.0000000000
58415  51.517  -17.427  39.057 0.0000000000
58394  53.786  -17.463  42.422 0.0000000000
55835  52.248  -20.074  41.318 0.0000000000
53189  49.027  -23.111  44.446 0.0000000000
54083  51.168  -22.076  45.706 0.0000000000
49574  41.342  -27.144  42.665 0.0000000000
50462  43.025  -26.196  43.924 0.0000000000
48702  43.437  -28.292  45.342 0.0000000000
43178  34.576  -34.304  50.537 0.0000000000
45065  34.889  -32.260  51.358 0.0000000000
43159  36.615  -34.672  52.862 0.0000000000
103313  35.415  -46.005  56.193 0.0000000000
35516  36.050  -44.029  53.946 0.0000000000
33547  38.298  -45.496  56.779 0.0000000000
55899  48.706  -20.541  34.798 0.0000000000
105421  47.961  -18.129  34.589 0.0000000000
56795  51.695  -20.188  35.687 0.0000000000
58437  53.417  -18.204  36.503 0.0000000000
119418  52.649  -18.638  30.507 0.0000000000
59228  51.780  -16.381  31.761 0.0000000000
60776  55.163  -14.075  31.145 0.0000000000
59951  51.255  -14.542  33.123 0.0000000000
30688  29.328  -48.648  59.939 0.0000000000
29745  31.567  -49.324  59.523 0.0000000000
29687  31.931  -50.286  62.283 0.0000000000
29628  16.390  -49.289  68.502 0.0000000000
30567  18.858  -48.484  71.882 0.0000000000
29593  16.520  -49.389  72.915 0.0000000000
54999  47.856  -21.114  37.418 0.0000000000
54965  50.614  -21.625  39.891 0.0000000000
105193  47.713  -22.356  39.662 0.0000000000
52271  48.277  -24.331  41.943 0.0000000000
52243  47.482  -24.668  44.174 0.0000000000
46111  42.289  -31.448  45.865 0.0000000000
47010  44.319  -30.597  46.506 0.0000000000
46057  44.768  -32.094  49.377 0.0000000000
39672  35.068  -38.800  50.454 0.0000000000
33508  38.891  -46.196  59.959 0.0000000000
24083  9.695  -55.615  67.351 0.0000000000
24965  9.931  -54.928  70.944 0.0000000000
117985  8.462  -56.388  70.708 0.0000000000
108992  39.900  -30.437  43.610 0.0000000000
45158  39.833  -32.161  45.704 0.0000000000
45105  39.567  -32.576  48.515 0.0000000000
45062  39.566  -31.900  51.366 0.0000000000
33610  31.362  -45.816  52.365 0.0000000000
32605  33.727  -47.002  54.953 0.0000000000
30732  36.088  -48.491  56.894 0.0000000000
28742  33.632  -51.032  58.839 0.0000000000
117860  36.768  -51.366  58.597 0.0000000000
28668  28.101  -49.987  67.065 0.0000000000
27767  26.119  -51.541  68.140 0.0000000000
117184  25.166  -48.828  67.276 0.0000000000
116946  22.471  -48.732  66.512 0.0000000000
30619  19.901  -48.653  66.489 0.0000000000
29732  18.673  -49.432  60.503 0.0000000000
103017  17.722  -49.167  62.960 0.0000000000
29645  17.232  -48.879  66.353 0.0000000000
28680  15.627  -50.451  65.891 0.0000000000
26967  13.851  -52.207  66.129 0.0000000000
26003  12.184  -53.258  65.377 0.0000000000
32608  27.501  -46.081  55.576 0.0000000000
33551  25.250  -45.222  56.588 0.0000000000
32561  26.987  -46.756  58.088 0.0000000000
30674  27.506  -48.521  61.320 0.0000000000
115863  27.047  -49.361  63.663 0.0000000000
56710  54.809  -19.148  44.861 0.0000000000
55814  51.775  -20.466  43.483 0.0000000000
52277  42.844  -24.689  41.272 0.0000000000
105817  45.607  -25.738  43.382 0.0000000000
51291  46.855  -25.632  46.556 0.0000000000
104611  46.385  -28.911  47.864 0.0000000000
49494  47.620  -27.755  48.078 0.0000000000
46074  34.821  -32.052  48.686 0.0000000000
46032  37.114  -31.537  51.674 0.0000000000
45977  38.475  -31.500  54.652 0.0000000000
37188  35.508  -41.353  52.209 0.0000000000
38767  36.843  -39.143  53.977 0.0000000000
35458  39.846  -43.422  58.719 0.0000000000
37942  38.358  -40.408  56.463 0.0000000000
119935  37.876  -37.144  54.850 0.0000000000
42202  38.299  -35.366  56.497 0.0000000000
115482  39.078  -33.398  57.722 0.0000000000
105571  49.737  -14.467  35.156 0.0000000000
59209  52.592  -15.676  34.738 0.0000000000
60729  55.139  -14.563  36.725 0.0000000000
27795  29.901  -51.486  65.773 0.0000000000
104266  12.168  -53.349  68.074 0.0000000000
26934  12.450  -52.682  69.584 0.0000000000
25961  11.869  -53.197  69.903 0.0000000000
46011  41.681  -32.249  53.300 0.0000000000
45991  42.344  -32.110  53.570 0.0000000000
20796  5.443  -59.421  68.088 0.0000000000
31662  29.284  -47.314  56.478 0.0000000000
31676  30.426  -47.720  55.327 0.0000000000
31645  30.232  -48.020  57.230 0.0000000000
111073  22.679  -47.782  60.043 0.0000000000
30678  22.527  -48.477  61.712 0.0000000000
30694  21.154  -48.838  59.834 0.0000000000
106427  22.525  -46.813  57.186 0.0000000000
31620  22.776  -47.475  59.207 0.0000000000
31606  23.621  -47.451  60.439 0.0000000000
30595  20.715  -48.533  68.686 0.0000000000
30574  20.490  -48.502  70.989 0.0000000000
57654  51.042  -18.709  38.892 0.0000000000
113786  52.193  -18.878  39.703 0.0000000000
56760  51.099  -19.523  39.130 0.0000000000
52232  49.027  -24.063  46.066 0.0000000000
53174  50.011  -23.842  46.548 0.0000000000
47931  41.520  -28.980  43.429 0.0000000000
48712  42.405  -28.280  44.116 0.0000000000
47918  42.472  -29.203  44.408 0.0000000000
41383  35.544  -36.542  50.234 0.0000000000
42251  35.594  -35.016  51.294 0.0000000000
43172  35.641  -34.184  51.770 0.0000000000
42236  36.598  -35.753  52.439 0.0000000000
33534  36.638  -46.404  57.463 0.0000000000
33548  37.305  -45.447  56.490 0.0000000000
33524  37.780  -46.346  58.368 0.0000000000
55879  49.197  -20.715  36.424 0.0000000000
55887  50.305  -20.544  35.333 0.0000000000
56789  50.266  -20.003  36.936 0.0000000000
56779  51.213  -19.013  37.674 0.0000000000
59230  49.396  -16.353  31.720 0.0000000000
59222  49.759  -15.674  32.326 0.0000000000
59220  51.048  -15.602  32.316 0.0000000000
59953  49.458  -14.525  33.516 0.0000000000
121362  29.184  -49.353  61.316 0.0000000000
29703  30.497  -49.699  61.406 0.0000000000
29673  31.209  -50.354  62.928 0.0000000000
29629  15.778  -49.681  68.896 0.0000000000
29610  16.364  -49.429  70.314 0.0000000000
29611  15.660  -49.795  70.612 0.0000000000
27703  13.294  -50.828  74.481 0.0000000000
28605  14.261  -50.359  74.059 0.0000000000
54992  46.413  -21.747  37.499 0.0000000000
54979  47.282  -21.451  38.751 0.0000000000
54136  46.453  -21.984  38.890 0.0000000000
53226  45.790  -23.695  40.314 0.0000000000
53225  46.685  -23.641  40.372 0.0000000000
52273  46.651  -24.853  41.425 0.0000000000
52261  47.726  -24.757  42.444 0.0000000000
51356  47.027  -25.206  42.139 0.0000000000
45117  42.707  -32.481  47.942 0.0000000000
46085  43.444  -32.210  47.770 0.0000000000
45101  43.334  -32.417  48.514 0.0000000000
55010  47.109  -21.197  35.965 0.0000000000
23224  9.226  -56.323  69.432 0.0000000000
23225  8.698  -56.828  68.963 0.0000000000
46151  38.773  -31.284  43.889 0.0000000000
101150  39.952  -31.490  44.823 0.0000000000
46134  38.477  -31.843  44.506 0.0000000000
107480  37.430  -32.819  46.868 0.0000000000
107951  39.053  -32.688  47.774 0.0000000000
45106  38.854  -32.550  48.556 0.0000000000
45088  39.565  -32.284  49.830 0.0000000000
45089  38.818  -32.161  49.863 0.0000000000
33611  30.584  -45.956  52.262 0.0000000000
30763  32.514  -48.574  55.318 0.0000000000
31690  32.454  -47.696  54.406 0.0000000000
30761  34.132  -48.513  55.573 0.0000000000
31659  35.377  -48.017  56.388 0.0000000000
30749  35.477  -49.015  56.297 0.0000000000
28724  33.010  -50.227  60.619 0.0000000000
29743  33.196  -49.996  58.878 0.0000000000
27877  33.796  -51.466  59.667 0.0000000000
27056  36.428  -52.393  60.436 0.0000000000
28734  37.998  -50.603  59.182 0.0000000000
29651  26.920  -49.337  65.522 0.0000000000
29634  26.477  -49.362  67.476 0.0000000000
30627  25.277  -48.668  65.888 0.0000000000
29662  21.418  -49.239  64.048 0.0000000000
30630  22.620  -48.733  65.743 0.0000000000
105547  21.805  -48.960  65.354 0.0000000000
30618  20.841  -48.785  66.446 0.0000000000
30644  20.017  -49.018  64.941 0.0000000000
29750  18.611  -49.353  59.661 0.0000000000
28707  15.728  -49.821  62.149 0.0000000000
29696  17.231  -49.249  62.240 0.0000000000
29681  16.983  -49.279  63.121 0.0000000000
29666  17.340  -48.943  64.509 0.0000000000
29667  16.729  -49.349  64.967 0.0000000000
28679  16.173  -49.889  65.450 0.0000000000
105711  15.570  -50.617  64.139 0.0000000000
26980  12.768  -52.908  65.786 0.0000000000
33568  27.304  -45.648  54.661 0.0000000000
33584  26.669  -45.238  54.514 0.0000000000
32579  24.455  -45.986  57.842 0.0000000000
32578  25.403  -45.946  57.864 0.0000000000
109156  26.655  -46.364  57.588 0.0000000000
32562  26.199  -46.379  58.194 0.0000000000
31615  27.326  -47.539  59.397 0.0000000000
107945  26.555  -47.421  59.934 0.0000000000
30654  25.764  -48.326  63.228 0.0000000000
30663  26.437  -48.384  62.298 0.0000000000
30653  26.298  -48.905  63.954 0.0000000000
29650  27.867  -49.606  65.635 0.0000000000
28649  25.492  -50.210  68.640 0.0000000000
24034  8.923  -55.091  72.330 0.0000000000
25931  9.742  -53.830  73.094 0.0000000000
59883  54.805  -15.864  41.213 0.0000000000
56726  53.483  -18.610  43.338 0.0000000000
57614  54.196  -18.225  43.760 0.0000000000
112238  54.388  -19.038  44.960 0.0000000000
56699  54.417  -19.969  46.367 0.0000000000
54116  50.322  -22.303  40.981 0.0000000000
54952  51.111  -21.169  41.784 0.0000000000
115106  50.366  -21.532  43.278 0.0000000000
54911  51.978  -22.008  46.645 0.0000000000
50453  43.874  -26.555  45.150 0.0000000000
51329  43.693  -25.861  43.421 0.0000000000
51317  45.325  -25.933  45.247 0.0000000000
51304  45.984  -25.668  45.688 0.0000000000
51292  45.979  -25.927  46.477 0.0000000000
47002  45.526  -30.710  47.671 0.0000000000
47882  45.416  -30.019  47.211 0.0000000000
47869  46.585  -29.903  48.215 0.0000000000
102828  33.603  -31.989  49.094 0.0000000000
45042  35.974  -32.381  52.766 0.0000000000
46033  36.144  -31.621  51.597 0.0000000000
45995  36.988  -31.813  53.567 0.0000000000
46015  37.376  -31.423  53.399 0.0000000000
45979  37.798  -31.776  54.293 0.0000000000
34596  33.153  -44.112  51.755 0.0000000000
35539  33.861  -43.703  52.118 0.0000000000
100905  37.128  -43.186  54.120 0.0000000000
36336  36.097  -42.824  53.161 0.0000000000
37165  36.730  -41.312  53.922 0.0000000000
37975  36.143  -40.377  52.986 0.0000000000
37964  36.943  -40.638  54.432 0.0000000000
34500  39.915  -44.726  59.859 0.0000000000
38742  38.337  -39.195  57.261 0.0000000000
38756  37.896  -39.163  55.695 0.0000000000
115184  38.220  -37.858  56.450 0.0000000000
41334  38.039  -36.600  55.254 0.0000000000
40439  38.335  -37.032  57.636 0.0000000000
104838  49.950  -17.816  34.613 0.0000000000
59212  49.560  -15.264  35.292 0.0000000000
116156  51.035  -14.943  35.018 0.0000000000
58450  51.288  -16.239  34.690 0.0000000000
59920  52.693  -15.611  38.235 0.0000000000
59199  54.246  -16.941  36.392 0.0000000000
60716  53.570  -14.174  38.842 0.0000000000
61569  54.741  -14.143  38.735 0.0000000000
58473  54.543  -16.877  30.232 0.0000000000
61610  55.193  -13.978  32.440 0.0000000000
61603  56.903  -13.828  33.541 0.0000000000
61596  56.392  -14.207  34.815 0.0000000000
108266  29.590  -50.367  64.289 0.0000000000
28688  31.170  -50.756  64.545 0.0000000000
115321  30.686  -51.230  65.148 0.0000000000
27761  13.722  -51.585  68.992 0.0000000000
28634  14.533  -50.606  70.519 0.0000000000
27747  13.406  -51.499  70.578 0.0000000000
27736  12.787  -51.642  72.043 0.0000000000
26890  12.051  -51.787  73.855 0.0000000000
53241  44.396  -23.337  39.401 0.0000000000
53228  43.885  -23.768  40.112 0.0000000000
45071  41.751  -32.373  50.340 0.0000000000
45069  43.465  -32.340  50.262 0.0000000000
46029  42.868  -32.276  51.984 0.0000000000
101524  43.845  -31.655  53.310 0.0000000000
22450  7.526  -57.803  68.636 0.0000000000
21589  6.193  -58.867  68.325 0.0000000000
21584  5.152  -58.983  69.868 0.0000000000
45180  37.712  -32.256  44.530 0.0000000000
45124  36.639  -32.767  47.243 0.0000000000
32642  30.492  -46.769  53.357 0.0000000000
31692  30.708  -47.597  54.389 0.0000000000
104750  31.991  -48.685  55.847 0.0000000000
29784  32.698  -49.375  56.616 0.0000000000
30665  24.217  -47.923  62.912 0.0000000000
30639  24.469  -48.279  64.398 0.0000000000
30666  23.384  -48.244  62.936 0.0000000000
30668  22.157  -48.903  62.428 0.0000000000
108596  20.568  -49.463  62.586 0.0000000000
28699  14.829  -51.060  63.059 0.0000000000
27854  13.729  -51.160  61.869 0.0000000000
32580  23.715  -46.279  57.683 0.0000000000
32551  24.568  -46.691  59.158 0.0000000000
102605  25.783  -47.201  60.148 0.0000000000
31618  24.184  -47.021  59.831 0.0000000000
31579  24.499  -47.715  62.137 0.0000000000
119006  22.937  -48.911  69.132 0.0000000000
111364  51.828  -16.586  39.066 0.0000000000
104305  54.001  -16.243  40.874 0.0000000000
105227  52.696  -17.577  39.876 0.0000000000
57631  52.914  -18.699  41.776 0.0000000000
56727  52.724  -19.367  42.872 0.0000000000
53197  49.045  -22.860  43.713 0.0000000000
107365  49.972  -21.938  43.732 0.0000000000
54085  49.753  -22.929  45.176 0.0000000000
53173  50.915  -23.484  47.060 0.0000000000
51344  41.844  -25.642  42.307 0.0000000000
50464  41.829  -26.671  42.981 0.0000000000
50454  43.162  -26.666  44.699 0.0000000000
49536  44.172  -27.341  46.181 0.0000000000
46982  47.405  -30.303  49.148 0.0000000000
44104  33.300  -33.090  50.166 0.0000000000
45077  33.691  -32.449  50.331 0.0000000000
44099  34.741  -32.856  51.384 0.0000000000
44093  35.613  -33.049  52.348 0.0000000000
44085  37.020  -33.410  53.676 0.0000000000
33580  35.068  -45.202  54.986 0.0000000000
34580  35.213  -44.233  53.744 0.0000000000
34555  35.921  -44.921  55.186 0.0000000000
34554  37.700  -44.602  55.232 0.0000000000
35502  39.031  -43.777  55.493 0.0000000000
110150  46.805  -19.351  34.539 0.0000000000
106751  47.122  -18.288  34.639 0.0000000000
111298  48.260  -19.188  34.477 0.0000000000
56802  50.108  -19.725  34.548 0.0000000000
57684  51.597  -19.044  34.512 0.0000000000
110574  53.087  -18.275  34.974 0.0000000000
57670  52.981  -18.972  36.274 0.0000000000
59195  51.810  -16.977  38.243 0.0000000000
58469  49.739  -17.155  31.258 0.0000000000
113583  51.436  -17.559  31.574 0.0000000000
59980  54.194  -15.716  30.529 0.0000000000
60803  55.137  -15.077  30.338 0.0000000000
113705  53.092  -14.961  31.490 0.0000000000
60779  52.559  -14.699  32.109 0.0000000000
112029  52.950  -14.448  33.492 0.0000000000
101947  29.593  -48.424  59.134 0.0000000000
30717  30.322  -48.460  58.523 0.0000000000
29746  30.705  -49.109  59.806 0.0000000000
29701  32.271  -50.062  61.238 0.0000000000
28704  33.216  -50.928  62.321 0.0000000000
30598  17.600  -48.764  68.631 0.0000000000
30575  18.620  -48.579  70.144 0.0000000000
30576  17.860  -48.746  70.617 0.0000000000
30568  17.388  -48.920  72.096 0.0000000000
28617  15.156  -50.074  72.101 0.0000000000
29583  16.035  -49.591  74.492 0.0000000000
55872  48.448  -20.564  37.931 0.0000000000
55854  50.411  -20.932  39.369 0.0000000000
55866  48.540  -20.686  38.618 0.0000000000
54125  49.357  -22.213  39.889 0.0000000000
54121  49.714  -22.684  40.616 0.0000000000
104522  46.575  -22.493  39.486 0.0000000000
53223  48.516  -23.567  40.664 0.0000000000
53215  49.208  -23.259  41.907 0.0000000000
53198  48.566  -23.423  43.737 0.0000000000
53190  48.427  -23.668  44.570 0.0000000000
52220  48.112  -24.600  46.113 0.0000000000
47018  42.280  -30.798  45.234 0.0000000000
47905  43.506  -30.027  45.547 0.0000000000
46095  43.719  -31.181  46.420 0.0000000000
46083  44.913  -31.356  47.679 0.0000000000
46056  45.534  -31.723  49.093 0.0000000000
46043  44.131  -32.205  50.703 0.0000000000
46041  45.739  -31.769  50.473 0.0000000000
103510  46.394  -31.490  50.790 0.0000000000
40485  35.961  -37.646  51.261 0.0000000000
32546  38.586  -46.844  59.917 0.0000000000
55901  46.236  -20.149  34.568 0.0000000000
111160  46.717  -20.672  34.808 0.0000000000
55009  47.869  -21.227  36.404 0.0000000000
61627  47.317  -13.608  31.313 0.0000000000
61628  47.057  -13.759  32.149 0.0000000000
110665  10.519  -55.021  67.974 0.0000000000
110083  10.960  -54.247  69.875 0.0000000000
24059  10.195  -55.401  69.207 0.0000000000
24044  9.558  -55.573  70.576 0.0000000000
24039  8.430  -55.626  71.918 0.0000000000
22440  7.074  -57.462  70.503 0.0000000000
47932  40.717  -29.222  42.992 0.0000000000
47933  39.821  -29.807  42.989 0.0000000000
47028  41.245  -30.288  44.204 0.0000000000
46132  40.933  -31.056  44.786 0.0000000000
46097  41.454  -31.884  46.049 0.0000000000
45119  41.061  -32.603  47.751 0.0000000000
103007  38.994  -32.538  46.062 0.0000000000
45121  39.624  -32.672  47.181 0.0000000000
45103  41.198  -32.521  48.699 0.0000000000
45072  40.932  -32.347  50.346 0.0000000000
45061  40.396  -32.109  51.632 0.0000000000
45050  40.562  -32.112  52.480 0.0000000000
101227  32.969  -45.105  52.871 0.0000000000
32641  31.342  -46.882  53.437 0.0000000000
32639  32.992  -46.171  53.851 0.0000000000
33582  33.772  -45.658  54.274 0.0000000000
118985  34.924  -46.524  56.111 0.0000000000
109134  35.588  -47.301  56.748 0.0000000000
31627  37.100  -47.496  58.076 0.0000000000
29776  31.962  -49.007  57.905 0.0000000000
104083  33.195  -49.999  57.827 0.0000000000
28749  33.877  -50.508  57.319 0.0000000000
27876  34.585  -52.126  59.667 0.0000000000
27885  34.928  -51.719  58.710 0.0000000000
28756  35.429  -50.173  56.827 0.0000000000
115908  36.878  -49.936  57.645 0.0000000000
29761  37.469  -48.924  57.948 0.0000000000
30687  38.351  -47.944  59.484 0.0000000000
28656  28.308  -50.827  67.295 0.0000000000
27766  26.926  -50.585  68.077 0.0000000000
28648  26.221  -49.845  68.222 0.0000000000
29636  24.920  -49.005  67.899 0.0000000000
30628  24.430  -48.552  65.841 0.0000000000
30615  24.008  -48.587  66.554 0.0000000000
30592  23.695  -48.856  68.258 0.0000000000
100983  22.174  -48.686  67.679 0.0000000000
101988  20.802  -48.582  67.885 0.0000000000
103130  19.485  -48.519  67.343 0.0000000000
29748  20.303  -49.184  59.639 0.0000000000
29708  20.363  -49.445  61.141 0.0000000000
104583  19.689  -49.475  62.604 0.0000000000
102352  17.169  -49.120  60.380 0.0000000000
29695  18.194  -49.259  62.233 0.0000000000
29679  19.055  -49.236  63.334 0.0000000000
30645  19.074  -48.763  64.913 0.0000000000
30634  17.962  -48.646  65.944 0.0000000000
30621  17.860  -48.604  66.884 0.0000000000
30622  17.132  -48.907  67.258 0.0000000000
29647  15.945  -49.689  67.203 0.0000000000
28671  15.030  -50.933  67.172 0.0000000000
27828  15.118  -51.212  64.547 0.0000000000
105349  14.541  -51.708  65.765 0.0000000000
27788  14.373  -51.394  67.532 0.0000000000
26955  13.314  -52.401  67.379 0.0000000000
26956  12.732  -52.842  67.694 0.0000000000
25995  11.709  -53.761  66.663 0.0000000000
25006  10.565  -54.591  66.605 0.0000000000
24092  10.123  -55.131  66.942 0.0000000000
33583  27.983  -45.846  53.911 0.0000000000
32607  28.352  -46.443  55.304 0.0000000000
31663  28.604  -47.005  56.534 0.0000000000
32609  26.864  -45.945  56.194 0.0000000000
112322  27.413  -46.360  56.539 0.0000000000
31647  28.373  -47.277  57.653 0.0000000000
31614  28.081  -47.758  59.040 0.0000000000
30689  28.552  -48.503  60.271 0.0000000000
29705  28.789  -49.480  61.906 0.0000000000
30675  26.316  -47.888  61.458 0.0000000000
30662  27.215  -48.649  61.969 0.0000000000
29675  28.909  -50.019  63.479 0.0000000000
109084  28.619  -49.949  65.477 0.0000000000
28667  28.736  -50.532  66.614 0.0000000000
119887  10.728  -53.696  71.508 0.0000000000
25929  11.086  -52.813  72.989 0.0000000000
59157  54.281  -16.922  42.286 0.0000000000
55845  51.848  -20.678  40.658 0.0000000000
55826  52.070  -20.088  42.429 0.0000000000
55813  52.586  -19.993  44.118 0.0000000000
54927  51.156  -21.546  44.870 0.0000000000
54918  52.353  -20.729  45.592 0.0000000000
55797  53.212  -20.393  46.274 0.0000000000
52290  43.368  -24.238  40.689 0.0000000000
52275  44.737  -24.751  41.377 0.0000000000
51343  42.642  -25.553  42.459 0.0000000000
51341  44.550  -25.632  42.742 0.0000000000
51340  45.518  -25.601  42.632 0.0000000000
51326  46.293  -25.580  43.873 0.0000000000
51303  47.169  -25.048  46.025 0.0000000000
51290  47.694  -25.283  46.657 0.0000000000
110251  43.814  -29.101  45.647 0.0000000000
48690  44.619  -28.007  46.410 0.0000000000
49521  45.505  -27.244  47.204 0.0000000000
47868  47.014  -29.388  48.316 0.0000000000
48678  46.620  -27.877  47.772 0.0000000000
49507  46.022  -27.183  47.606 0.0000000000
50402  47.086  -26.525  47.416 0.0000000000
50401  48.589  -26.153  47.649 0.0000000000
45125  35.210  -32.598  46.919 0.0000000000
45108  36.542  -32.517  48.223 0.0000000000
102186  34.870  -31.721  50.154 0.0000000000
46060  36.061  -31.741  49.822 0.0000000000
46059  36.997  -31.880  49.960 0.0000000000
46031  38.044  -31.496  51.858 0.0000000000
46013  39.025  -31.517  52.842 0.0000000000
102641  39.704  -31.940  54.271 0.0000000000
35537  35.374  -43.062  52.760 0.0000000000
116968  35.280  -40.012  51.616 0.0000000000
38797  35.838  -39.130  52.194 0.0000000000
40474  36.580  -37.651  52.513 0.0000000000
33523  38.582  -45.978  58.820 0.0000000000
34527  39.642  -44.720  57.448 0.0000000000
36293  39.342  -43.232  56.115 0.0000000000
36282  38.934  -41.753  57.038 0.0000000000
37152  38.473  -41.873  55.630 0.0000000000
103093  37.712  -39.973  55.365 0.0000000000
39639  37.322  -38.600  54.380 0.0000000000
41349  36.980  -37.237  53.238 0.0000000000
117917  37.394  -35.860  54.108 0.0000000000
43128  37.790  -34.739  55.026 0.0000000000
121290  37.904  -33.911  55.162 0.0000000000
41321  38.398  -36.142  58.006 0.0000000000
43120  38.430  -34.389  56.980 0.0000000000
44062  38.581  -33.289  55.744 0.0000000000
45943  38.729  -32.471  56.010 0.0000000000
60761  47.362  -14.205  33.068 0.0000000000
119075  48.326  -14.245  34.369 0.0000000000
59945  50.008  -14.245  34.594 0.0000000000
121707  51.766  -14.600  34.449 0.0000000000
60741  53.442  -14.935  34.023 0.0000000000
58442  54.088  -17.458  35.402 0.0000000000
59202  54.490  -16.638  34.990 0.0000000000
60739  55.373  -15.223  34.447 0.0000000000
61582  55.927  -13.957  36.844 0.0000000000
27797  28.594  -51.612  66.846 0.0000000000
26962  28.950  -52.623  66.472 0.0000000000
25972  12.042  -53.295  69.000 0.0000000000
25962  11.489  -53.774  69.382 0.0000000000
101760  41.560  -32.211  54.173 0.0000000000
31661  30.171  -47.757  56.406 0.0000000000
31621  22.051  -47.906  59.135 0.0000000000
30707  21.845  -48.370  59.962 0.0000000000
117539  21.457  -48.413  59.344 0.0000000000
101510  19.851  -48.473  68.965 0.0000000000
30583  20.590  -48.480  69.717 0.0000000000
101511  19.637  -48.434  70.013 0.0000000000
104964  50.254  -19.561  38.387 0.0000000000
56771  50.533  -19.462  38.704 0.0000000000
52219  49.580  -24.547  46.845 0.0000000000
52206  50.332  -24.885  47.456 0.0000000000
47930  42.037  -28.871  43.874 0.0000000000
41373  35.961  -36.662  51.117 0.0000000000
42258  35.624  -35.807  50.776 0.0000000000
42250  36.031  -35.763  51.593 0.0000000000
110041  37.469  -47.244  58.432 0.0000000000
33525  37.148  -46.504  58.022 0.0000000000
32560  37.530  -46.925  58.523 0.0000000000
56781  49.693  -19.866  37.856 0.0000000000
56790  49.567  -20.193  36.996 0.0000000000
56780  50.500  -19.491  37.786 0.0000000000
59232  47.950  -15.469  31.709 0.0000000000
59968  48.362  -15.316  32.347 0.0000000000
59223  49.011  -15.437  32.387 0.0000000000
59954  48.656  -14.574  33.448 0.0000000000
101646  29.789  -49.755  61.860 0.0000000000
29689  30.244  -50.122  62.708 0.0000000000
28642  15.239  -50.174  69.287 0.0000000000
29620  15.719  -49.728  69.753 0.0000000000
28633  15.143  -50.191  70.124 0.0000000000
54993  45.683  -21.965  36.862 0.0000000000
54980  46.665  -21.595  38.306 0.0000000000
54152  45.585  -22.132  37.744 0.0000000000
52288  45.273  -24.228  40.834 0.0000000000
52287  46.205  -24.256  40.851 0.0000000000
51357  46.117  -25.346  41.994 0.0000000000
23233  8.702  -56.775  68.118 0.0000000000
103615  38.181  -30.975  43.241 0.0000000000
46135  37.959  -31.690  43.870 0.0000000000
45123  37.413  -32.709  47.732 0.0000000000
110839  38.211  -32.631  48.178 0.0000000000
106756  38.290  -32.327  49.105 0.0000000000
30762  33.393  -48.751  55.486 0.0000000000
29787  34.087  -49.067  55.753 0.0000000000
30750  34.760  -48.705  55.875 0.0000000000
28712  33.265  -50.797  61.319 0.0000000000
27867  33.547  -51.009  60.581 0.0000000000
27866  34.050  -51.950  60.571 0.0000000000
30637  26.177  -48.933  64.885 0.0000000000
30626  26.079  -48.894  65.807 0.0000000000
30638  25.573  -48.670  65.205 0.0000000000
30642  21.787  -49.072  64.624 0.0000000000
30643  21.033  -49.135  64.949 0.0000000000
29697  16.429  -49.532  62.584 0.0000000000
29682  16.399  -49.635  63.257 0.0000000000
104402  16.724  -49.420  63.964 0.0000000000
113581  16.004  -50.027  63.695 0.0000000000
28689  16.155  -49.974  64.539 0.0000000000
113202  15.394  -50.592  63.332 0.0000000000
32564  24.893  -46.308  58.505 0.0000000000
33536  24.851  -45.552  57.230 0.0000000000
32549  25.946  -46.587  58.862 0.0000000000
31631  26.622  -46.970  58.938 0.0000000000
31616  25.897  -46.901  59.491 0.0000000000
102289  24.777  -49.911  68.921 0.0000000000
24950  8.655  -54.877  73.295 0.0000000000
24944  9.157  -54.255  73.758 0.0000000000
59903  53.522  -14.683  39.547 0.0000000000
59895  54.682  -15.513  40.393 0.0000000000
59884  54.433  -15.694  40.733 0.0000000000
56717  53.057  -19.387  43.751 0.0000000000
56716  53.859  -18.815  44.402 0.0000000000
56711  53.846  -19.360  45.207 0.0000000000
56704  54.544  -19.526  45.646 0.0000000000
54111  50.119  -22.079  41.922 0.0000000000
54944  50.617  -21.440  42.443 0.0000000000
54102  49.903  -21.891  42.846 0.0000000000
50439  44.633  -26.410  45.740 0.0000000000
51318  44.570  -26.101  44.784 0.0000000000
51305  45.356  -26.015  45.996 0.0000000000
50423  45.245  -26.470  46.414 0.0000000000
46055  46.256  -31.236  48.890 0.0000000000
46993  46.141  -30.643  48.227 0.0000000000
46992  46.766  -30.545  48.729 0.0000000000
45041  36.623  -32.272  53.312 0.0000000000
45996  36.275  -31.952  53.060 0.0000000000
45028  37.242  -32.163  53.806 0.0000000000
45980  37.505  -31.884  54.030 0.0000000000
45015  37.728  -32.152  54.305 0.0000000000
34590  33.417  -44.409  52.490 0.0000000000
34589  34.138  -44.038  52.831 0.0000000000
36323  37.744  -42.489  54.588 0.0000000000
36324  36.929  -42.200  54.057 0.0000000000
37164  37.251  -41.479  54.537 0.0000000000
38736  38.469  -39.319  58.136 0.0000000000
39621  38.205  -38.589  56.711 0.0000000000
102437  38.275  -37.850  57.208 0.0000000000
40446  38.301  -37.143  56.698 0.0000000000
101634  38.322  -37.785  58.190 0.0000000000
58452  49.312  -16.650  34.943 0.0000000000
58451  50.201  -16.352  34.944 0.0000000000
59911  52.461  -15.158  38.896 0.0000000000
59910  53.115  -14.797  38.552 0.0000000000
60709  52.965  -14.581  38.987 0.0000000000
60708  53.432  -14.278  39.157 0.0000000000
59243  54.919  -16.412  29.962 0.0000000000
58483  54.892  -17.778  29.630 0.0000000000
60016  55.075  -16.545  29.851 0.0000000000
59257  55.678  -17.033  29.734 0.0000000000
60749  54.504  -14.359  32.902 0.0000000000
61609  56.171  -14.060  32.841 0.0000000000
60748  55.494  -14.387  33.198 0.0000000000
102261  56.309  -14.205  33.808 0.0000000000
60738  55.888  -14.709  34.076 0.0000000000
29659  29.380  -50.416  65.236 0.0000000000
29658  30.355  -50.757  64.994 0.0000000000
28665  30.116  -51.166  65.515 0.0000000000
111312  13.430  -51.676  69.803 0.0000000000
26933  13.049  -52.190  69.236 0.0000000000
26924  12.279  -52.575  70.656 0.0000000000
27748  12.805  -51.857  71.075 0.0000000000
26912  12.330  -52.244  71.675 0.0000000000
26900  12.253  -51.964  72.656 0.0000000000
53242  43.454  -23.491  39.387 0.0000000000
45059  42.255  -32.328  51.115 0.0000000000
21588  6.866  -58.283  67.887 0.0000000000
21590  5.635  -59.220  68.822 0.0000000000
21585  4.401  -59.655  70.277 0.0000000000
32627  29.387  -46.724  54.180 0.0000000000
31693  29.867  -47.270  54.701 0.0000000000
30765  31.114  -48.253  55.881 0.0000000000
30752  32.228  -48.947  56.400 0.0000000000
31580  23.840  -47.868  62.287 0.0000000000
30656  23.919  -48.144  63.731 0.0000000000
30679  21.716  -48.991  61.551 0.0000000000
29692  21.406  -49.276  62.479 0.0000000000
29707  20.921  -49.395  61.785 0.0000000000
32565  23.056  -46.835  57.903 0.0000000000
106074  23.970  -46.536  58.458 0.0000000000
32552  23.884  -46.880  59.177 0.0000000000
31591  23.922  -47.619  61.436 0.0000000000
30581  22.413  -48.871  69.561 0.0000000000
57652  51.948  -18.057  39.480 0.0000000000
56758  52.485  -19.311  40.128 0.0000000000
57639  52.721  -18.565  40.191 0.0000000000
56745  52.701  -19.292  40.946 0.0000000000
57623  52.974  -18.872  42.482 0.0000000000
56736  52.557  -19.393  41.968 0.0000000000
54094  49.564  -22.531  44.185 0.0000000000
50470  41.507  -26.314  42.548 0.0000000000
49567  41.827  -27.370  43.234 0.0000000000
48711  42.885  -28.351  44.733 0.0000000000
49555  42.715  -27.475  44.448 0.0000000000
49554  43.154  -27.468  45.099 0.0000000000
50441  43.479  -26.930  45.371 0.0000000000
49537  43.613  -27.400  45.705 0.0000000000
118346  33.123  -33.606  49.805 0.0000000000
43179  33.896  -33.789  50.231 0.0000000000
44103  33.975  -33.012  50.765 0.0000000000
101017  34.547  -33.588  50.974 0.0000000000
118021  35.621  -33.622  52.083 0.0000000000
43160  36.024  -33.863  52.548 0.0000000000
44086  36.340  -32.970  53.114 0.0000000000
43147  36.615  -33.807  53.170 0.0000000000
33567  35.451  -45.482  55.604 0.0000000000
115083  37.246  -45.052  55.807 0.0000000000
34538  38.060  -45.091  55.950 0.0000000000
34553  38.625  -44.539  55.541 0.0000000000
34537  38.920  -45.053  56.206 0.0000000000
107224  47.681  -20.491  34.733 0.0000000000
56804  47.612  -19.763  34.495 0.0000000000
112999  48.297  -20.026  34.517 0.0000000000
55877  50.916  -20.562  36.015 0.0000000000
55897  50.455  -20.216  34.803 0.0000000000
56801  50.932  -19.840  34.556 0.0000000000
57685  50.551  -18.912  34.356 0.0000000000
56800  51.595  -19.985  34.895 0.0000000000
57677  52.218  -19.604  35.289 0.0000000000
56787  52.369  -19.652  36.085 0.0000000000
58431  51.246  -18.249  38.249 0.0000000000
117128  51.754  -18.580  37.524 0.0000000000
58422  51.455  -17.511  38.622 0.0000000000
59188  51.627  -16.855  38.810 0.0000000000
59229  49.969  -16.663  31.774 0.0000000000
58468  50.573  -17.361  31.513 0.0000000000
116801  52.242  -17.334  31.480 0.0000000000
59227  52.744  -16.574  31.377 0.0000000000
59981  53.320  -15.710  31.120 0.0000000000
59966  52.510  -15.511  31.611 0.0000000000
59967  51.772  -15.067  32.140 0.0000000000
59950  52.035  -14.414  32.926 0.0000000000
60759  52.790  -14.369  32.877 0.0000000000
60760  51.769  -14.401  33.866 0.0000000000
30704  30.341  -48.701  59.242 0.0000000000
29747  29.998  -48.774  59.691 0.0000000000
29702  31.324  -49.839  61.387 0.0000000000
112609  32.638  -50.528  62.081 0.0000000000
30599  16.958  -48.954  68.962 0.0000000000
30585  17.847  -48.768  69.823 0.0000000000
30586  17.110  -48.964  69.914 0.0000000000
109664  16.237  -49.532  71.226 0.0000000000
30577  17.087  -49.056  71.108 0.0000000000
29603  16.742  -49.290  72.017 0.0000000000
30548  17.719  -48.895  73.793 0.0000000000
30549  17.042  -49.154  73.764 0.0000000000
28625  14.488  -50.575  71.492 0.0000000000
28618  14.379  -50.496  72.592 0.0000000000
54990  47.861  -20.932  38.298 0.0000000000
54968  47.847  -21.703  39.312 0.0000000000
54967  48.690  -21.327  39.291 0.0000000000
54126  48.416  -22.226  39.725 0.0000000000
109689  48.941  -22.904  40.269 0.0000000000
54129  45.054  -22.835  38.941 0.0000000000
54128  45.884  -22.622  39.256 0.0000000000
53217  48.063  -24.180  41.141 0.0000000000
53224  47.630  -23.661  40.429 0.0000000000
53216  48.716  -23.766  41.484 0.0000000000
53207  48.903  -23.115  42.882 0.0000000000
53208  48.719  -23.751  42.211 0.0000000000
52250  47.682  -24.724  43.294 0.0000000000
52249  48.028  -24.085  43.890 0.0000000000
52242  47.897  -24.169  44.653 0.0000000000
52233  48.282  -24.052  45.334 0.0000000000
52234  47.458  -24.644  45.197 0.0000000000
46110  43.096  -30.887  45.747 0.0000000000
46096  42.982  -31.609  46.444 0.0000000000
117840  43.945  -32.160  48.291 0.0000000000
102094  44.171  -31.816  47.706 0.0000000000
46072  44.739  -31.894  48.474 0.0000000000
46027  45.575  -31.712  51.350 0.0000000000
46962  47.167  -31.031  51.262 0.0000000000
40508  35.176  -38.011  50.038 0.0000000000
40494  35.627  -37.383  50.476 0.0000000000
102021  35.523  -38.217  50.805 0.0000000000
55902  45.347  -20.148  34.652 0.0000000000
55019  45.776  -20.721  34.873 0.0000000000
55000  47.182  -21.476  36.930 0.0000000000
55880  48.521  -20.910  36.908 0.0000000000
24082  10.215  -55.243  67.584 0.0000000000
24988  10.607  -54.962  68.647 0.0000000000
24075  9.965  -55.583  68.282 0.0000000000
24060  9.702  -55.765  69.757 0.0000000000
24045  8.848  -55.898  71.050 0.0000000000
23208  7.994  -56.178  71.484 0.0000000000
22446  7.372  -57.724  69.540 0.0000000000
48729  40.416  -28.494  42.355 0.0000000000
47938  40.024  -29.148  42.440 0.0000000000
47040  39.107  -30.527  43.308 0.0000000000
47045  39.055  -29.927  42.648 0.0000000000
47039  40.564  -30.053  43.564 0.0000000000
47029  40.367  -30.726  44.169 0.0000000000
103958  40.733  -31.727  45.475 0.0000000000
45139  40.584  -32.281  46.242 0.0000000000
45138  41.311  -32.404  46.804 0.0000000000
45120  40.402  -32.594  47.010 0.0000000000
45160  37.516  -32.600  45.256 0.0000000000
45179  38.177  -32.287  45.051 0.0000000000
45159  38.218  -32.560  45.690 0.0000000000
106832  40.016  -32.679  47.784 0.0000000000
45104  40.415  -32.572  48.531 0.0000000000
45086  41.264  -32.429  49.574 0.0000000000
103571  40.328  -32.353  49.888 0.0000000000
45073  39.340  -32.053  50.524 0.0000000000
104100  40.222  -32.188  50.735 0.0000000000
45051  39.738  -31.825  52.211 0.0000000000
33622  31.724  -45.135  51.797 0.0000000000
33609  32.178  -45.501  52.551 0.0000000000
31703  30.758  -47.230  53.764 0.0000000000
31702  31.261  -47.444  53.934 0.0000000000
31689  33.182  -47.424  54.620 0.0000000000
32625  32.691  -46.975  54.100 0.0000000000
32624  33.395  -46.582  54.432 0.0000000000
32623  33.997  -46.229  54.995 0.0000000000
32604  34.336  -46.922  55.610 0.0000000000
31644  35.975  -47.664  57.239 0.0000000000
31643  36.460  -47.420  57.683 0.0000000000
30731  36.614  -47.864  57.642 0.0000000000
30703  31.001  -48.863  59.030 0.0000000000
30716  31.197  -48.700  58.248 0.0000000000
29763  31.778  -49.150  58.732 0.0000000000
116934  33.531  -50.695  58.101 0.0000000000
28741  34.240  -51.217  58.080 0.0000000000
102376  36.632  -51.875  59.313 0.0000000000
27875  35.626  -52.095  59.420 0.0000000000
27884  35.992  -51.628  58.544 0.0000000000
27896  35.401  -51.206  57.890 0.0000000000
27895  36.484  -50.981  57.920 0.0000000000
28747  35.986  -50.510  57.219 0.0000000000
29760  37.749  -49.789  58.441 0.0000000000
30701  38.094  -48.630  58.817 0.0000000000
118594  27.694  -50.905  67.778 0.0000000000
28657  27.610  -50.285  67.678 0.0000000000
30613  25.786  -48.843  66.791 0.0000000000
29635  25.686  -49.176  67.733 0.0000000000
29625  25.279  -49.573  68.344 0.0000000000
30640  23.728  -48.359  64.450 0.0000000000
107391  24.037  -48.445  65.103 0.0000000000
30641  23.223  -48.548  64.985 0.0000000000
30616  23.157  -48.621  66.509 0.0000000000
30604  23.615  -48.678  67.360 0.0000000000
30605  22.746  -48.689  67.144 0.0000000000
107548  22.967  -48.722  67.943 0.0000000000
30617  22.101  -48.765  66.953 0.0000000000
101509  21.365  -48.712  67.235 0.0000000000
30606  20.412  -48.623  67.241 0.0000000000
30596  20.070  -48.510  68.057 0.0000000000
29749  19.444  -49.447  59.997 0.0000000000
29731  19.492  -49.503  60.957 0.0000000000
121801  19.848  -49.528  61.472 0.0000000000
29709  19.355  -49.490  61.843 0.0000000000
29734  16.349  -49.215  60.951 0.0000000000
29711  17.803  -49.249  61.628 0.0000000000
118998  18.389  -49.212  62.911 0.0000000000
29665  18.636  -48.900  64.176 0.0000000000
29680  18.170  -48.992  63.533 0.0000000000
29652  17.302  -48.876  65.426 0.0000000000
30646  18.099  -48.695  64.951 0.0000000000
28669  16.078  -49.778  66.339 0.0000000000
28670  15.538  -50.326  66.768 0.0000000000
28659  15.437  -50.235  67.626 0.0000000000
27837  14.353  -51.535  63.332 0.0000000000
27836  14.994  -51.168  63.743 0.0000000000
26978  13.975  -52.150  65.221 0.0000000000
27816  14.564  -51.694  64.923 0.0000000000
107155  14.466  -51.594  66.648 0.0000000000
27789  13.858  -52.005  67.034 0.0000000000
26968  13.409  -52.419  66.668 0.0000000000
26969  12.851  -52.833  66.713 0.0000000000
25994  12.280  -53.332  66.242 0.0000000000
25983  12.266  -53.355  67.147 0.0000000000
26004  11.664  -53.652  65.803 0.0000000000
25015  11.106  -54.108  66.195 0.0000000000
25016  10.387  -54.377  65.789 0.0000000000
25007  9.884  -54.861  66.210 0.0000000000
32629  27.949  -46.057  54.786 0.0000000000
32589  28.121  -46.586  56.147 0.0000000000
33570  25.675  -44.984  55.800 0.0000000000
33550  26.139  -45.565  56.529 0.0000000000
32590  26.741  -46.124  56.933 0.0000000000
32576  27.256  -46.576  57.344 0.0000000000
32575  28.051  -46.844  57.048 0.0000000000
31648  27.718  -47.041  57.838 0.0000000000
31629  28.257  -47.486  58.297 0.0000000000
31630  27.478  -47.280  58.589 0.0000000000
31603  27.312  -47.806  60.107 0.0000000000
30706  27.955  -48.006  59.809 0.0000000000
30690  27.766  -48.281  60.567 0.0000000000
30673  28.409  -48.883  61.145 0.0000000000
31604  25.318  -47.295  60.704 0.0000000000
31588  26.099  -47.510  60.747 0.0000000000
119245  26.570  -48.838  63.167 0.0000000000
30652  27.323  -49.119  62.724 0.0000000000
29691  28.318  -49.614  62.667 0.0000000000
29676  27.922  -49.692  63.510 0.0000000000
116137  28.583  -49.995  64.459 0.0000000000
110306  27.597  -49.659  64.298 0.0000000000
29643  27.581  -49.504  66.425 0.0000000000
29642  28.419  -49.881  66.271 0.0000000000
27782  27.148  -51.522  67.749 0.0000000000
103844  18.555  -48.582  71.094 0.0000000000
30566  19.409  -48.462  71.224 0.0000000000
30556  19.567  -48.551  72.610 0.0000000000
24964  10.491  -54.506  70.491 0.0000000000
25939  10.964  -53.829  70.820 0.0000000000
24954  10.300  -54.202  71.404 0.0000000000
25925  9.684  -53.667  74.255 0.0000000000
104475  10.313  -53.268  73.546 0.0000000000
115759  10.751  -52.795  74.141 0.0000000000
26891  11.356  -52.294  74.254 0.0000000000
26886  10.891  -52.705  75.100 0.0000000000
58400  53.770  -17.003  41.542 0.0000000000
57607  54.536  -18.646  44.362 0.0000000000
111974  51.021  -20.474  39.324 0.0000000000
54964  51.289  -21.194  39.979 0.0000000000
54943  51.318  -20.792  42.505 0.0000000000
55836  51.648  -20.688  41.602 0.0000000000
108574  50.389  -22.168  44.741 0.0000000000
54935  50.650  -21.520  44.017 0.0000000000
54919  51.813  -21.417  45.752 0.0000000000
54910  52.722  -21.209  46.698 0.0000000000
55789  53.667  -20.843  47.023 0.0000000000
52291  42.462  -24.262  40.608 0.0000000000
52276  43.767  -24.667  41.354 0.0000000000
50469  42.157  -26.059  42.860 0.0000000000
51330  42.883  -25.915  43.138 0.0000000000
51328  44.669  -25.870  43.720 0.0000000000
119444  45.108  -25.766  43.088 0.0000000000
51358  45.151  -25.341  41.941 0.0000000000
51339  46.462  -25.519  42.874 0.0000000000
117794  46.506  -25.448  46.054 0.0000000000
109621  46.689  -25.269  45.394 0.0000000000
47011  43.765  -30.542  46.044 0.0000000000
47895  44.136  -29.844  46.073 0.0000000000
47893  45.560  -28.980  47.213 0.0000000000
110799  44.983  -28.693  46.647 0.0000000000
48689  45.268  -27.929  46.969 0.0000000000
48679  45.846  -27.876  47.510 0.0000000000
48672  47.290  -28.667  48.207 0.0000000000
49506  46.792  -27.151  47.693 0.0000000000
50403  46.348  -26.772  47.472 0.0000000000
45110  34.821  -32.377  47.800 0.0000000000
112787  35.795  -32.636  47.546 0.0000000000
45109  35.569  -32.309  48.404 0.0000000000
45076  34.323  -32.344  50.897 0.0000000000
46049  34.221  -31.923  50.274 0.0000000000
46048  34.838  -31.890  50.832 0.0000000000
111045  35.538  -31.697  50.697 0.0000000000
46047  36.379  -31.632  50.700 0.0000000000
46046  37.181  -31.684  50.750 0.0000000000
46045  37.958  -31.630  50.966 0.0000000000
45993  37.976  -31.189  53.911 0.0000000000
104101  38.483  -31.331  53.328 0.0000000000
45992  38.887  -31.471  53.702 0.0000000000
35529  34.903  -43.760  53.117 0.0000000000
35528  35.706  -43.561  53.366 0.0000000000
36348  35.698  -42.157  52.580 0.0000000000
37201  35.016  -41.291  51.631 0.0000000000
37996  34.932  -40.527  51.276 0.0000000000
37986  35.364  -40.644  51.898 0.0000000000
38779  36.517  -39.696  53.510 0.0000000000
104945  36.159  -39.414  52.807 0.0000000000
39652  36.292  -38.515  52.508 0.0000000000
103109  36.564  -38.889  53.315 0.0000000000
33516  38.791  -46.191  59.765 0.0000000000
34516  39.803  -44.566  58.672 0.0000000000
111813  39.860  -43.914  57.872 0.0000000000
35476  39.669  -43.752  56.911 0.0000000000
108028  38.723  -40.727  57.865 0.0000000000
114933  38.894  -41.306  57.685 0.0000000000
101821  38.663  -40.909  57.107 0.0000000000
37142  38.561  -41.333  56.329 0.0000000000
37954  38.084  -40.837  55.681 0.0000000000
115636  38.016  -39.971  55.944 0.0000000000
39630  37.797  -38.424  55.090 0.0000000000
40461  37.640  -37.666  54.523 0.0000000000
40468  37.180  -37.903  53.840 0.0000000000
41348  37.343  -37.210  53.937 0.0000000000
42224  37.234  -36.457  53.683 0.0000000000
41341  37.657  -36.661  54.425 0.0000000000
42209  38.098  -35.524  55.584 0.0000000000
42216  37.761  -35.723  54.761 0.0000000000
43136  37.469  -33.943  54.401 0.0000000000
42203  38.163  -34.386  55.924 0.0000000000
40431  38.407  -36.893  58.698 0.0000000000
41315  38.548  -36.024  58.777 0.0000000000
43114  38.570  -34.383  57.942 0.0000000000
43115  38.709  -33.640  57.464 0.0000000000
43121  38.519  -33.602  56.498 0.0000000000
44050  38.898  -33.227  56.908 0.0000000000
121521  38.550  -32.925  55.396 0.0000000000
44999  38.976  -32.860  56.206 0.0000000000
61611  46.515  -13.187  32.697 0.0000000000
117148  46.680  -17.650  34.757 0.0000000000
58454  47.473  -17.061  34.815 0.0000000000
59946  49.119  -14.146  34.743 0.0000000000
59210  51.854  -15.491  34.938 0.0000000000
59936  51.707  -14.945  34.886 0.0000000000
59935  52.446  -14.996  34.540 0.0000000000
59208  53.797  -15.897  34.358 0.0000000000
57669  53.588  -18.276  35.752 0.0000000000
58443  53.672  -17.722  35.010 0.0000000000
58436  54.102  -17.717  36.073 0.0000000000
59925  54.364  -15.989  36.724 0.0000000000
59198  54.594  -16.447  35.765 0.0000000000
59924  54.847  -15.469  36.121 0.0000000000
59928  54.976  -15.818  35.155 0.0000000000
60734  55.440  -14.953  35.645 0.0000000000
60728  55.746  -14.198  36.325 0.0000000000
61567  55.625  -14.345  38.246 0.0000000000
58477  50.514  -17.915  30.733 0.0000000000
58485  51.330  -18.438  30.019 0.0000000000
58484  52.118  -18.643  30.326 0.0000000000
60792  54.784  -14.600  30.632 0.0000000000
27796  29.233  -51.595  66.267 0.0000000000
26945  12.593  -52.775  68.631 0.0000000000
25951  11.589  -53.176  70.760 0.0000000000
45049  41.380  -32.273  52.633 0.0000000000
46010  42.197  -32.244  52.726 0.0000000000
31677  29.610  -47.315  55.631 0.0000000000
30754  30.848  -48.275  56.899 0.0000000000
31592  23.033  -47.955  61.070 0.0000000000
30692  22.220  -48.416  60.819 0.0000000000
30693  21.483  -48.868  60.609 0.0000000000
31633  22.522  -47.391  58.480 0.0000000000
31619  23.404  -47.269  59.582 0.0000000000
30572  21.982  -48.844  70.171 0.0000000000
30573  21.336  -48.643  70.462 0.0000000000
30564  21.335  -48.811  71.435 0.0000000000
58423  51.185  -18.110  38.830 0.0000000000
57653  51.525  -18.729  39.268 0.0000000000
56759  51.988  -19.514  39.635 0.0000000000
55844  52.298  -19.961  40.368 0.0000000000
106464  48.982  -23.503  45.254 0.0000000000
53182  49.606  -23.511  45.836 0.0000000000
52218  50.634  -24.200  47.261 0.0000000000
48722  41.249  -28.183  42.868 0.0000000000
48721  41.910  -28.210  43.532 0.0000000000
42259  35.035  -35.077  50.478 0.0000000000
42252  35.104  -34.277  51.113 0.0000000000
42237  36.073  -34.889  52.090 0.0000000000
33549  36.076  -46.254  56.768 0.0000000000
33566  36.353  -45.456  56.037 0.0000000000
121969  36.700  -45.816  56.883 0.0000000000
33533  37.375  -45.878  57.477 0.0000000000
33532  38.457  -45.779  57.760 0.0000000000
55889  48.540  -21.001  35.699 0.0000000000
55888  49.448  -20.715  35.439 0.0000000000
55878  50.006  -20.594  36.165 0.0000000000
56788  51.437  -19.944  36.716 0.0000000000
57660  50.775  -18.888  38.523 0.0000000000
59221  50.418  -16.221  32.074 0.0000000000
59952  50.391  -14.685  33.170 0.0000000000
29728  29.198  -48.987  60.679 0.0000000000
29727  29.951  -49.091  60.308 0.0000000000
29704  29.864  -49.424  61.039 0.0000000000
29688  30.833  -49.982  62.083 0.0000000000
29619  16.374  -49.340  69.376 0.0000000000
116371  15.605  -49.834  71.378 0.0000000000
27719  13.596  -50.806  73.058 0.0000000000
54991  47.168  -21.291  37.911 0.0000000000
54127  47.152  -22.085  39.380 0.0000000000
53239  46.253  -23.092  39.844 0.0000000000
52286  47.127  -24.252  40.931 0.0000000000
52272  47.545  -24.695  41.637 0.0000000000
51338  47.261  -25.207  42.830 0.0000000000
51325  47.053  -25.226  43.564 0.0000000000
45137  42.167  -32.009  46.607 0.0000000000
46086  42.837  -32.148  47.182 0.0000000000
46073  44.040  -32.313  48.977 0.0000000000
120614  44.315  -31.876  52.063 0.0000000000
55001  46.396  -21.591  36.410 0.0000000000
23246  9.242  -56.175  67.776 0.0000000000
112312  9.723  -55.897  69.060 0.0000000000
23232  9.309  -56.290  68.610 0.0000000000
23216  8.493  -56.782  69.931 0.0000000000
46150  39.560  -31.008  44.052 0.0000000000
46133  39.167  -31.537  44.489 0.0000000000
46113  38.976  -32.063  45.199 0.0000000000
107902  38.205  -32.746  46.481 0.0000000000
45122  38.204  -32.762  47.320 0.0000000000
45087  39.937  -32.434  49.205 0.0000000000
105271  39.168  -32.401  49.190 0.0000000000
30768  32.257  -48.188  54.796 0.0000000000
31674  32.952  -48.166  54.908 0.0000000000
31673  33.801  -47.888  55.178 0.0000000000
31660  34.568  -47.898  55.783 0.0000000000
29724  32.200  -49.717  60.172 0.0000000000
29744  32.388  -49.577  59.239 0.0000000000
28736  32.940  -49.878  59.754 0.0000000000
28735  33.357  -50.498  59.733 0.0000000000
106304  37.374  -51.923  60.202 0.0000000000
28740  37.239  -50.725  58.432 0.0000000000
29633  27.284  -49.625  67.256 0.0000000000
29644  26.703  -49.171  66.560 0.0000000000
105394  22.201  -48.987  63.981 0.0000000000
113143  22.455  -48.848  64.789 0.0000000000
103046  21.767  -48.847  66.277 0.0000000000
113037  21.176  -48.928  65.743 0.0000000000
30631  20.410  -48.873  65.712 0.0000000000
30632  19.460  -48.703  65.695 0.0000000000
29733  18.020  -49.246  60.196 0.0000000000
29713  15.652  -49.619  61.353 0.0000000000
29712  16.421  -49.408  61.779 0.0000000000
108147  17.464  -49.044  63.701 0.0000000000
29653  16.679  -49.294  65.889 0.0000000000
28690  15.650  -50.578  64.992 0.0000000000
26979  13.331  -52.538  65.446 0.0000000000
26994  12.695  -52.822  64.825 0.0000000000
33569  26.597  -45.478  55.452 0.0000000000
33535  25.582  -45.597  57.142 0.0000000000
32577  26.140  -45.934  57.402 0.0000000000
31578  25.269  -47.724  62.017 0.0000000000
30676  25.886  -47.857  61.939 0.0000000000
30664  25.690  -47.993  62.457 0.0000000000
29661  26.859  -49.385  64.515 0.0000000000
24955  9.623  -54.704  71.810 0.0000000000
24948  9.881  -54.137  72.216 0.0000000000
24949  9.313  -54.463  72.721 0.0000000000
57622  53.364  -18.218  42.505 0.0000000000
110926  53.945  -17.825  43.104 0.0000000000
55795  54.890  -20.037  46.184 0.0000000000
54959  50.816  -21.785  40.545 0.0000000000
54953  50.741  -21.703  41.420 0.0000000000
54934  50.968  -21.099  43.320 0.0000000000
54077  51.239  -22.714  46.675 0.0000000000
52278  41.954  -24.718  41.195 0.0000000000
51319  43.758  -26.168  44.326 0.0000000000
51327  45.443  -25.835  44.288 0.0000000000
47003  44.913  -30.660  47.096 0.0000000000
47894  44.869  -29.700  46.644 0.0000000000
47881  45.958  -29.875  47.718 0.0000000000
49493  48.792  -27.578  48.288 0.0000000000
46087  33.825  -32.140  47.723 0.0000000000
46075  34.097  -32.060  48.540 0.0000000000
45052  35.380  -32.477  51.948 0.0000000000
45064  35.404  -31.910  51.490 0.0000000000
46017  35.862  -31.896  52.343 0.0000000000
46016  36.657  -31.627  52.679 0.0000000000
118069  37.389  -31.411  52.547 0.0000000000
45994  37.578  -31.561  54.033 0.0000000000
45978  37.933  -31.522  54.474 0.0000000000
115281  36.728  -43.840  54.127 0.0000000000
35515  36.449  -43.389  53.653 0.0000000000
115286  36.653  -42.740  53.601 0.0000000000
36335  36.421  -41.958  53.287 0.0000000000
37187  35.976  -41.281  52.804 0.0000000000
37985  35.715  -40.717  52.443 0.0000000000
37174  36.405  -41.092  53.315 0.0000000000
37965  36.594  -40.500  53.733 0.0000000000
38768  36.812  -39.876  54.212 0.0000000000
33515  39.548  -45.599  60.082 0.0000000000
34483  40.253  -44.833  60.481 0.0000000000
35441  40.058  -43.774  59.690 0.0000000000
37931  38.499  -40.030  57.401 0.0000000000
38747  38.190  -39.460  56.502 0.0000000000
39629  38.077  -38.272  55.867 0.0000000000
40454  37.979  -37.586  55.235 0.0000000000
40453  38.212  -37.322  55.902 0.0000000000
41333  38.268  -36.360  56.132 0.0000000000
41327  38.334  -36.233  57.054 0.0000000000
57686  48.967  -18.226  34.575 0.0000000000
58453  48.430  -16.950  34.838 0.0000000000
107307  48.991  -14.584  35.254 0.0000000000
59211  50.294  -15.091  35.179 0.0000000000
58428  53.599  -17.345  36.913 0.0000000000
59193  53.608  -16.344  37.323 0.0000000000
59919  53.680  -15.327  37.695 0.0000000000
59918  54.483  -14.988  37.177 0.0000000000
60723  54.782  -14.302  37.723 0.0000000000
60715  54.375  -14.070  38.570 0.0000000000
57698  53.178  -18.419  30.669 0.0000000000
57702  53.774  -18.509  30.208 0.0000000000
57701  54.451  -18.078  30.016 0.0000000000
59259  55.260  -17.285  29.407 0.0000000000
61626  54.883  -13.916  31.791 0.0000000000
120733  55.806  -13.952  32.236 0.0000000000
61602  57.530  -13.788  33.270 0.0000000000
29657  30.520  -50.507  64.127 0.0000000000
28675  31.217  -51.065  64.905 0.0000000000
27809  30.557  -51.424  65.281 0.0000000000
27760  14.279  -50.983  69.190 0.0000000000
28643  14.636  -50.586  69.650 0.0000000000
27746  13.996  -51.124  69.965 0.0000000000
28635  13.914  -50.993  70.976 0.0000000000
27735  13.335  -51.356  71.467 0.0000000000
26923  12.918  -52.066  70.166 0.0000000000
112245  13.272  -51.218  72.317 0.0000000000
27720  12.781  -51.309  73.279 0.0000000000
27704  12.520  -51.368  74.857 0.0000000000
53258  44.343  -22.988  38.664 0.0000000000
53227  44.849  -23.712  40.227 0.0000000000
45085  42.215  -32.449  49.565 0.0000000000
45070  42.681  -32.372  50.294 0.0000000000
46044  43.202  -32.300  51.011 0.0000000000
46009  43.706  -31.933  52.439 0.0000000000
101868  43.010  -31.984  52.971 0.0000000000
110948  7.582  -57.696  67.936 0.0000000000
21582  6.865  -58.308  68.924 0.0000000000
21583  6.079  -58.658  69.377 0.0000000000
21579  5.694  -58.356  70.484 0.0000000000
21580  4.944  -58.788  70.878 0.0000000000
45140  36.701  -32.834  46.407 0.0000000000
32626  30.135  -47.088  53.929 0.0000000000
31675  31.113  -47.999  55.003 0.0000000000
30764  31.760  -48.348  55.159 0.0000000000
30751  32.731  -48.991  55.945 0.0000000000
29783  33.484  -49.439  56.188 0.0000000000
30655  24.802  -48.101  63.571 0.0000000000
30667  22.774  -48.486  62.445 0.0000000000
30657  22.573  -48.752  63.174 0.0000000000
30658  21.819  -49.143  63.237 0.0000000000
29677  21.001  -49.377  63.322 0.0000000000
28714  15.128  -50.143  61.692 0.0000000000
28708  15.078  -50.530  62.461 0.0000000000
27844  14.240  -51.236  62.502 0.0000000000
32550  25.339  -46.614  59.069 0.0000000000
31617  25.083  -46.910  59.890 0.0000000000
31605  24.497  -47.262  60.626 0.0000000000
31590  24.845  -47.493  61.394 0.0000000000
103026  25.040  -47.904  62.736 0.0000000000
106112  52.318  -15.691  39.150 0.0000000000
59179  53.413  -15.669  39.875 0.0000000000
59180  52.553  -16.581  39.548 0.0000000000
58406  53.363  -16.878  40.304 0.0000000000
57638  53.198  -17.804  40.708 0.0000000000
110694  53.012  -18.508  41.040 0.0000000000
57630  53.299  -17.938  41.691 0.0000000000
54103  49.429  -22.424  43.295 0.0000000000
54084  50.533  -22.584  45.692 0.0000000000
53181  50.305  -23.166  46.186 0.0000000000
50463  42.366  -26.575  43.459 0.0000000000
49566  42.321  -27.450  43.804 0.0000000000
50455  42.707  -26.789  44.080 0.0000000000
50440  43.927  -26.836  45.838 0.0000000000
46973  47.061  -31.107  50.284 0.0000000000
45093  33.061  -32.547  49.784 0.0000000000
46063  33.595  -32.067  49.722 0.0000000000
44098  35.175  -33.444  51.670 0.0000000000
119940  35.177  -32.923  51.873 0.0000000000
109072  37.071  -32.600  53.636 0.0000000000
115536  33.910  -44.965  53.813 0.0000000000
34581  34.398  -44.427  53.504 0.0000000000
33594  34.572  -44.893  54.273 0.0000000000
34567  35.552  -44.605  54.434 0.0000000000
34566  36.537  -44.414  54.571 0.0000000000
34539  36.825  -44.812  55.285 0.0000000000
34565  37.391  -44.048  54.546 0.0000000000
35514  37.831  -43.411  54.616 0.0000000000
35513  38.424  -43.175  55.016 0.0000000000
116871  47.549  -18.962  34.511 0.0000000000
55898  49.714  -20.298  34.816 0.0000000000
56803  49.129  -19.665  34.509 0.0000000000
111299  49.743  -18.932  34.444 0.0000000000
57683  52.042  -17.861  34.501 0.0000000000
121767  52.482  -18.882  34.908 0.0000000000
57676  52.891  -19.064  35.645 0.0000000000
57671  52.163  -19.247  36.826 0.0000000000
57665  52.591  -18.547  37.027 0.0000000000
58429  52.654  -17.623  37.369 0.0000000000
59194  52.540  -16.578  37.798 0.0000000000
59187  52.036  -16.144  38.716 0.0000000000
58478  49.184  -16.816  30.764 0.0000000000
58476  51.275  -18.269  31.042 0.0000000000
58470  49.174  -16.605  31.255 0.0000000000
58475  52.246  -18.259  31.136 0.0000000000
58467  53.032  -17.580  31.189 0.0000000000
107381  54.929  -15.863  30.107 0.0000000000
60804  54.830  -15.261  30.293 0.0000000000
119874  54.410  -15.049  30.564 0.0000000000
59965  53.909  -14.882  31.032 0.0000000000
60778  53.472  -14.371  31.980 0.0000000000
60758  53.601  -14.355  32.865 0.0000000000
60750  53.889  -14.704  33.374 0.0000000000
30718  29.543  -48.160  58.409 0.0000000000
30736  29.881  -48.106  57.821 0.0000000000
29726  30.743  -49.484  60.684 0.0000000000
29725  31.358  -49.460  60.177 0.0000000000
28713  32.893  -50.513  61.502 0.0000000000
121715  30.637  -50.358  63.398 0.0000000000
116248  31.482  -50.560  63.882 0.0000000000
28706  32.196  -50.599  63.363 0.0000000000
28697  32.982  -50.789  63.801 0.0000000000
28705  32.786  -50.691  62.972 0.0000000000
30597  18.342  -48.571  68.426 0.0000000000
103843  18.143  -48.669  69.234 0.0000000000
106099  18.044  -48.679  71.755 0.0000000000
30558  17.931  -48.742  72.875 0.0000000000
28624  15.096  -50.199  71.011 0.0000000000
29604  15.970  -49.614  72.103 0.0000000000
29595  14.911  -50.073  73.204 0.0000000000
29594  15.725  -49.712  73.226 0.0000000000
116655  16.425  -49.437  73.770 0.0000000000
55865  49.061  -20.166  38.303 0.0000000000
55855  49.396  -20.543  38.948 0.0000000000
54966  49.812  -21.511  39.551 0.0000000000
54978  48.005  -21.120  38.885 0.0000000000
54120  50.228  -22.165  40.186 0.0000000000
54117  49.715  -22.712  41.473 0.0000000000
112522  45.650  -22.329  38.542 0.0000000000
53238  47.138  -22.866  39.907 0.0000000000
54122  48.093  -23.034  39.977 0.0000000000
53222  49.251  -23.271  41.046 0.0000000000
52260  48.294  -24.046  42.913 0.0000000000
120960  48.827  -24.551  46.471 0.0000000000
47027  42.145  -30.095  44.631 0.0000000000
121635  42.648  -29.720  44.793 0.0000000000
47906  42.818  -30.174  45.136 0.0000000000
111544  43.592  -31.750  47.073 0.0000000000
46084  44.312  -31.297  47.029 0.0000000000
46071  45.567  -31.346  48.314 0.0000000000
45084  43.208  -32.434  49.452 0.0000000000
46058  44.069  -32.308  49.812 0.0000000000
120402  44.686  -32.124  50.085 0.0000000000
101713  44.631  -31.938  51.420 0.0000000000
46042  45.020  -31.955  50.651 0.0000000000
113258  45.355  -31.906  49.892 0.0000000000
46040  46.230  -31.538  49.790 0.0000000000
41395  35.215  -37.206  49.694 0.0000000000
103471  36.336  -37.182  51.824 0.0000000000
31612  38.243  -47.520  59.360 0.0000000000
32547  38.365  -47.255  59.642 0.0000000000
32538  38.880  -46.838  60.161 0.0000000000
55900  47.018  -20.153  34.580 0.0000000000
55890  48.009  -20.900  35.035 0.0000000000
117874  47.773  -21.112  35.567 0.0000000000
55871  49.054  -20.334  37.502 0.0000000000
60780  47.345  -14.407  31.628 0.0000000000
24997  11.055  -54.453  68.005 0.0000000000
24987  11.129  -54.415  68.974 0.0000000000
24975  10.625  -54.811  69.443 0.0000000000
24043  10.179  -55.110  70.046 0.0000000000
24038  9.283  -55.352  71.438 0.0000000000
22445  8.075  -57.348  69.248 0.0000000000
22439  7.795  -57.266  70.016 0.0000000000
23217  7.663  -56.817  70.878 0.0000000000
24036  7.606  -55.986  72.352 0.0000000000
23202  7.599  -55.957  73.018 0.0000000000
49575  40.670  -27.609  42.268 0.0000000000
47038  41.172  -29.634  43.628 0.0000000000
109530  41.644  -30.719  44.828 0.0000000000
46112  41.580  -31.305  45.339 0.0000000000
45118  42.023  -32.447  47.390 0.0000000000
104175  41.922  -32.554  48.217 0.0000000000
115224  38.961  -32.695  46.885 0.0000000000
110802  39.732  -32.535  46.498 0.0000000000
103965  41.835  -32.502  48.959 0.0000000000
45060  41.199  -32.296  51.148 0.0000000000
104953  41.078  -32.275  51.955 0.0000000000
45040  40.801  -32.210  53.473 0.0000000000
34597  32.371  -44.420  51.432 0.0000000000
33608  32.637  -44.779  52.156 0.0000000000
32654  30.131  -46.354  52.770 0.0000000000
32653  30.943  -46.382  52.829 0.0000000000
32652  31.776  -46.204  52.966 0.0000000000
31701  31.943  -47.318  53.898 0.0000000000
32640  32.238  -46.617  53.515 0.0000000000
33596  32.575  -45.840  53.220 0.0000000000
33595  33.313  -45.398  53.554 0.0000000000
33581  34.405  -45.569  54.823 0.0000000000
32603  34.709  -45.924  55.551 0.0000000000
32588  34.980  -47.193  56.270 0.0000000000
32587  35.491  -46.716  56.571 0.0000000000
32574  35.984  -46.973  57.379 0.0000000000
32573  36.779  -47.018  58.041 0.0000000000
31613  37.804  -47.541  58.701 0.0000000000
30735  30.647  -48.350  57.716 0.0000000000
30734  31.377  -48.660  57.427 0.0000000000
29762  32.534  -49.524  58.344 0.0000000000
29775  32.595  -49.512  57.424 0.0000000000
29774  33.254  -49.885  56.945 0.0000000000
28758  33.885  -50.009  56.636 0.0000000000
27886  34.143  -51.652  58.916 0.0000000000
28748  34.887  -50.715  57.294 0.0000000000
28757  34.608  -50.188  56.749 0.0000000000
29781  35.290  -49.705  56.498 0.0000000000
29773  36.091  -49.549  56.840 0.0000000000
29772  36.800  -48.861  57.329 0.0000000000
120889  37.125  -48.294  57.758 0.0000000000
30715  37.491  -47.981  58.287 0.0000000000
30702  38.059  -47.836  58.979 0.0000000000
28658  26.994  -49.873  67.901 0.0000000000
104574  26.089  -50.569  68.391 0.0000000000
29626  24.417  -49.276  68.540 0.0000000000
112691  24.888  -48.459  65.135 0.0000000000
30614  24.862  -48.656  66.597 0.0000000000
30629  23.558  -48.559  65.789 0.0000000000
30603  24.479  -48.712  67.270 0.0000000000
30591  24.254  -48.837  67.903 0.0000000000
30593  23.131  -48.827  68.607 0.0000000000
107550  22.380  -48.726  68.632 0.0000000000
30594  21.489  -48.613  68.231 0.0000000000
102045  19.185  -48.464  68.245 0.0000000000
30708  20.858  -48.705  59.119 0.0000000000
29730  20.777  -49.206  60.438 0.0000000000
112428  20.102  -49.411  60.412 0.0000000000
29693  20.141  -49.537  61.912 0.0000000000
29678  20.079  -49.417  63.383 0.0000000000
101797  17.890  -49.270  60.905 0.0000000000
103237  17.132  -49.185  61.327 0.0000000000
29710  18.590  -49.401  61.430 0.0000000000
119820  18.757  -49.394  61.994 0.0000000000
29694  18.908  -49.357  62.492 0.0000000000
29664  19.572  -49.171  64.169 0.0000000000
30633  18.658  -48.624  65.599 0.0000000000
30620  18.813  -48.524  66.494 0.0000000000
30607  18.542  -48.507  67.529 0.0000000000
30608  17.720  -48.668  67.800 0.0000000000
30609  17.005  -48.907  68.128 0.0000000000
29637  16.475  -49.278  67.650 0.0000000000
29646  16.592  -49.292  66.782 0.0000000000
29638  15.846  -49.661  68.051 0.0000000000
28650  15.345  -50.192  68.463 0.0000000000
28660  14.876  -50.733  68.022 0.0000000000
27815  15.147  -51.179  65.400 0.0000000000
26992  14.485  -51.660  64.120 0.0000000000
27802  15.101  -51.071  66.288 0.0000000000
27776  13.780  -51.816  67.931 0.0000000000
112806  13.235  -52.592  66.145 0.0000000000
25984  11.667  -53.838  67.564 0.0000000000
25005  11.158  -54.280  67.056 0.0000000000
24998  10.623  -54.790  67.363 0.0000000000
24093  9.450  -55.466  66.541 0.0000000000
24084  8.980  -56.035  66.922 0.0000000000
32644  28.903  -46.237  53.630 0.0000000000
32628  28.597  -46.365  54.461 0.0000000000
31678  28.835  -46.906  55.849 0.0000000000
101179  28.840  -47.296  57.151 0.0000000000
31628  29.071  -47.678  57.906 0.0000000000
30719  28.852  -47.983  58.700 0.0000000000
30705  28.704  -48.243  59.469 0.0000000000
30691  26.918  -47.939  60.808 0.0000000000
110523  26.865  -48.285  61.553 0.0000000000
29706  27.918  -49.048  61.946 0.0000000000
28678  29.116  -50.407  65.969 0.0000000000
29660  27.999  -49.755  64.941 0.0000000000
104349  28.861  -51.077  66.655 0.0000000000
105564  11.367  -53.642  70.129 0.0000000000
25938  11.210  -53.181  71.686 0.0000000000
25930  10.470  -53.579  72.300 0.0000000000
105905  11.705  -52.251  73.134 0.0000000000
27705  11.852  -51.851  75.206 0.0000000000
59163  54.516  -16.277  41.632 0.0000000000
55853  51.728  -20.339  39.757 0.0000000000
54958  51.363  -21.327  40.960 0.0000000000
109253  52.390  -19.853  43.316 0.0000000000
104554  51.357  -21.032  44.194 0.0000000000
118559  51.708  -21.044  44.978 0.0000000000
54926  52.082  -20.537  44.578 0.0000000000
55806  52.972  -19.977  45.226 0.0000000000
55805  53.834  -19.783  46.016 0.0000000000
53229  42.970  -23.840  40.012 0.0000000000
52289  44.311  -24.214  40.777 0.0000000000
51361  42.325  -25.159  41.820 0.0000000000
51360  43.209  -25.162  41.891 0.0000000000
51342  43.508  -25.529  42.609 0.0000000000
51359  44.162  -25.185  41.979 0.0000000000
51316  46.118  -25.612  44.817 0.0000000000
51315  46.851  -25.177  44.491 0.0000000000
51289  48.695  -25.041  46.869 0.0000000000
47917  43.124  -29.307  45.034 0.0000000000
47904  44.413  -28.909  46.202 0.0000000000
48701  43.951  -28.114  45.958 0.0000000000
49522  44.910  -27.314  46.653 0.0000000000
112257  45.185  -26.888  46.795 0.0000000000
46991  47.080  -29.932  48.658 0.0000000000
47867  47.696  -29.470  48.782 0.0000000000
108128  45.750  -26.659  47.118 0.0000000000
50422  46.519  -26.223  47.064 0.0000000000
50421  47.324  -25.895  47.109 0.0000000000
50390  47.963  -26.862  47.755 0.0000000000
108910  47.783  -26.174  47.484 0.0000000000
51279  48.160  -25.659  47.250 0.0000000000
51278  49.084  -25.601  47.426 0.0000000000
45141  35.966  -32.769  46.718 0.0000000000
46062  34.316  -31.880  49.452 0.0000000000
46061  35.292  -31.833  49.350 0.0000000000
119150  35.382  -31.648  50.044 0.0000000000
45092  36.074  -32.076  48.954 0.0000000000
45091  36.795  -32.175  49.145 0.0000000000
45090  37.516  -32.171  49.362 0.0000000000
45075  37.928  -31.966  50.057 0.0000000000
45074  38.578  -31.890  50.496 0.0000000000
45063  38.747  -31.742  51.182 0.0000000000
46030  38.896  -31.602  52.024 0.0000000000
46012  39.817  -31.836  53.131 0.0000000000
35538  34.602  -43.350  52.448 0.0000000000
36349  34.952  -42.585  52.175 0.0000000000
105094  35.389  -38.896  51.081 0.0000000000
38789  35.639  -39.929  52.270 0.0000000000
38798  35.478  -39.346  51.638 0.0000000000
39660  35.805  -38.517  51.634 0.0000000000
40484  36.223  -37.913  51.933 0.0000000000
32559  38.220  -46.816  59.227 0.0000000000
33522  39.372  -45.496  59.241 0.0000000000
33531  39.271  -45.419  58.091 0.0000000000
33546  39.136  -45.343  57.050 0.0000000000
34536  39.446  -44.642  56.502 0.0000000000
36308  38.837  -42.806  55.544 0.0000000000
36271  39.641  -42.470  58.737 0.0000000000
37119  39.358  -41.654  58.953 0.0000000000
37131  39.266  -41.984  57.943 0.0000000000
102307  39.638  -43.023  57.833 0.0000000000
36281  39.390  -42.654  56.972 0.0000000000
36294  38.937  -42.292  56.239 0.0000000000
37153  37.928  -41.612  55.074 0.0000000000
37955  37.499  -40.741  55.015 0.0000000000
105605  37.264  -39.957  54.783 0.0000000000
117603  37.161  -39.350  54.478 0.0000000000
38757  37.560  -39.226  54.965 0.0000000000
39646  36.770  -38.124  53.195 0.0000000000
41357  36.685  -36.774  52.451 0.0000000000
101217  36.924  -36.335  53.047 0.0000000000
42225  37.007  -35.500  53.442 0.0000000000
42217  37.340  -35.022  54.259 0.0000000000
111411  36.991  -34.387  53.664 0.0000000000
43129  37.881  -33.252  54.793 0.0000000000
42197  38.408  -35.303  57.472 0.0000000000
42190  38.545  -35.271  58.408 0.0000000000
101898  38.252  -33.503  55.554 0.0000000000
44068  38.132  -33.110  55.020 0.0000000000
44069  37.836  -32.631  54.465 0.0000000000
45014  38.228  -32.517  54.921 0.0000000000
45962  38.114  -31.914  54.759 0.0000000000
45961  38.599  -32.017  55.293 0.0000000000
114769  39.123  -32.034  55.831 0.0000000000
45960  38.724  -31.819  55.309 0.0000000000
60781  47.270  -14.234  32.328 0.0000000000
59955  47.888  -14.649  33.044 0.0000000000
59944  51.017  -14.532  34.485 0.0000000000
106543  50.336  -14.527  35.023 0.0000000000
60751  52.350  -14.511  34.052 0.0000000000
60740  54.472  -15.163  33.823 0.0000000000
58449  52.687  -16.853  34.644 0.0000000000
59203  53.849  -16.899  34.676 0.0000000000
58435  54.367  -17.136  35.700 0.0000000000
59934  54.640  -15.696  34.355 0.0000000000
60733  56.010  -14.607  35.215 0.0000000000
61589  56.137  -13.994  35.897 0.0000000000
61583  55.517  -14.130  37.329 0.0000000000
61575  55.690  -14.162  37.710 0.0000000000
23215  9.100  -56.154  70.237 0.0000000000
26913  11.841  -52.715  71.398 0.0000000000
27775  14.303  -51.169  68.436 0.0000000000
28676  30.431  -51.081  65.300 0.0000000000
28677  29.830  -50.860  65.601 0.0000000000
29674  29.838  -50.269  63.420 0.0000000000
30559  17.206  -48.986  72.891 0.0000000000
30733  32.065  -49.032  57.064 0.0000000000
31602  38.443  -47.479  59.766 0.0000000000
34552  39.207  -44.437  55.883 0.0000000000
35501  39.511  -44.003  56.060 0.0000000000
35503  38.268  -43.971  54.985 0.0000000000
39645  36.916  -38.517  53.766 0.0000000000
44076  37.517  -32.986  54.136 0.0000000000
45944  38.669  -32.400  55.330 0.0000000000
46014  38.137  -31.335  52.857 0.0000000000
54137  46.112  -21.859  38.256 0.0000000000
55018  47.275  -21.035  35.074 0.0000000000
55886  51.056  -20.412  35.118 0.0000000000
56761  50.236  -20.039  38.955 0.0000000000
58393  54.569  -17.240  42.504 0.0000000000
58430  51.768  -17.836  37.815 0.0000000000
58462  50.985  -16.812  31.911 0.0000000000
58474  53.838  -17.771  30.624 0.0000000000
59235  53.626  -16.707  30.871 0.0000000000
59896  54.160  -14.972  40.039 0.0000000000
60025  55.968  -17.627  29.225 0.0000000000
60724  53.944  -14.470  38.134 0.0000000000
60757  54.308  -14.099  32.274 0.0000000000
60777  54.385  -14.245  31.442 0.0000000000
60791  55.465  -14.500  30.655 0.0000000000
61568  55.239  -14.313  38.451 0.0000000000
61576  54.884  -14.271  38.035 0.0000000000
104049  38.263  -31.706  54.889 0.0000000000
105292  31.583  -49.701  60.718 0.0000000000
110627  55.980  -13.996  37.081 0.0000000000
115794  27.405  -49.589  64.949 0.0000000000
116494  10.570  -54.668  69.953 0.0000000000
118077  17.524  -48.836  69.300 0.0000000000
118269  40.633  -32.448  49.186 0.0000000000
118800  51.347  -18.120  39.084 0.0000000000
119064  52.040  -17.213  39.376 0.0000000000
119158  17.917  -48.829  64.159 0.0000000000
119247  36.643  -31.574  51.204 0.0000000000
119384  52.334  -14.388  33.521 0.0000000000
119491  54.647  -16.656  42.057 0.0000000000
119718  38.057  -38.870  56.182 0.0000000000
121069  39.853  -32.230  50.249 0.0000000000
121621  37.133  -44.472  54.862 0.0000000000
