#!ascii label  , from subject sub-v1s21x0050421_ses-1 vox2ras=TkReg
1545
3861  -5.801  -81.014  -7.481 0.5000000000
3409  -5.768  -82.710  -9.040 0.5000000000
3424  -6.700  -82.479  -9.535 0.5000000000
2962  -6.966  -83.317  -9.244 0.5000000000
4878  -6.508  -79.654  -6.763 0.5000000000
4381  -6.216  -80.196  -7.503 0.5000000000
5387  -6.317  -79.108  -8.367 0.5000000000
4393  -6.171  -79.918  -8.371 0.5000000000
4906  -5.889  -79.541  -9.233 0.6000000238
4380  -6.016  -80.679  -8.348 0.5000000000
2954  -6.948  -84.149  -8.750 0.5000000000
124556  -5.609  -82.036  -8.849 0.5000000000
134507  -7.736  -83.963  -8.935 0.5000000000
3423  -6.255  -81.981  -9.464 0.6000000238
2963  -8.140  -83.416  -9.218 0.6000000238
3888  -6.843  -81.225  -10.718 0.6000000238
3425  -7.634  -82.551  -9.830 0.6000000238
3426  -8.513  -82.743  -9.362 0.6999999881
3900  -7.666  -81.257  -10.787 0.6999999881
3890  -8.241  -81.617  -10.378 0.6999999881
3891  -8.854  -82.018  -9.377 0.6999999881
137427  -6.564  -78.335  -8.234 0.5000000000
5403  -6.103  -78.668  -9.121 0.6000000238
5940  -6.431  -77.793  -8.893 0.6000000238
5956  -6.390  -77.080  -9.628 0.6000000238
4401  -5.988  -80.902  -9.785 0.5000000000
2964  -9.129  -83.570  -8.778 0.5000000000
2436  -9.766  -84.543  -8.447 0.5000000000
2438  -11.399  -84.763  -8.917 0.6999999881
2956  -10.235  -83.602  -8.331 0.6999999881
126031  -10.801  -84.246  -8.207 0.6999999881
3887  -6.335  -81.419  -10.086 0.6000000238
4402  -6.181  -80.839  -10.456 0.6999999881
3411  -10.401  -82.744  -8.146 0.6999999881
4407  -7.172  -80.508  -11.062 0.6999999881
4408  -8.229  -80.580  -10.584 0.6999999881
3875  -10.383  -81.868  -8.017 0.6999999881
4403  -9.043  -80.165  -9.894 0.6999999881
125742  -8.934  -81.016  -9.714 0.6999999881
3874  -9.582  -81.315  -8.714 0.6999999881
4394  -10.346  -80.893  -7.956 0.6999999881
4916  -9.454  -79.413  -9.613 0.6999999881
4907  -10.048  -79.336  -8.727 0.6999999881
4894  -10.421  -79.973  -7.951 0.6999999881
5404  -10.626  -78.953  -8.830 0.6999999881
138902  -6.853  -77.629  -8.074 0.5000000000
143204  -7.235  -76.261  -8.511 0.6000000238
7161  -7.368  -75.391  -9.768 0.6000000238
6572  -6.967  -76.218  -9.840 0.6000000238
6582  -6.804  -75.709  -10.782 0.6000000238
125343  -5.816  -78.113  -9.874 0.6000000238
6571  -6.102  -76.497  -10.656 0.6000000238
5426  -5.654  -78.610  -10.872 0.6000000238
2441  -11.568  -84.809  -9.720 0.6999999881
128717  -5.790  -79.527  -10.757 0.6999999881
126756  -11.441  -84.015  -8.224 0.6999999881
122900  -11.713  -84.320  -10.360 0.6999999881
2975  -11.967  -83.432  -10.272 0.6999999881
4920  -5.959  -79.359  -11.343 0.6999999881
2958  -11.987  -83.291  -8.373 0.6999999881
3436  -11.909  -82.848  -11.263 0.6999999881
4921  -6.701  -79.685  -11.371 0.6999999881
5427  -7.213  -79.100  -11.566 0.6999999881
2957  -11.084  -83.385  -7.706 0.6999999881
136326  -11.406  -82.750  -7.491 0.6999999881
2966  -12.167  -82.956  -9.467 0.6999999881
135246  -12.193  -82.669  -10.391 0.6999999881
4922  -7.622  -79.586  -11.000 0.6999999881
5428  -8.137  -78.711  -10.949 0.6999999881
3862  -10.968  -82.493  -7.332 0.6999999881
3412  -12.380  -82.315  -8.797 0.6999999881
5417  -9.199  -78.844  -10.382 0.6999999881
4382  -11.059  -80.598  -7.132 0.6999999881
3863  -11.501  -82.078  -7.161 0.6999999881
5418  -9.992  -78.722  -9.593 0.6999999881
134287  -11.601  -81.307  -6.918 0.6999999881
142049  -10.994  -79.810  -7.436 0.6999999881
5419  -11.064  -78.639  -9.474 0.6999999881
6557  -7.730  -76.450  -8.054 0.5000000000
6566  -7.711  -75.705  -8.313 0.6000000238
7153  -7.515  -74.902  -8.637 0.6000000238
7148  -7.962  -74.954  -7.881 0.5000000000
8497  -7.787  -73.602  -10.070 0.6000000238
6547  -9.073  -76.081  -7.018 0.5000000000
6558  -8.371  -75.836  -7.772 0.5000000000
7792  -7.588  -74.477  -9.632 0.6000000238
9265  -7.835  -72.092  -10.400 0.6000000238
7803  -7.329  -74.196  -10.723 0.6000000238
8512  -7.426  -73.160  -10.885 0.6000000238
5970  -5.762  -76.995  -11.564 0.6000000238
127268  -5.730  -77.913  -11.417 0.6999999881
6593  -6.160  -76.296  -11.986 0.6999999881
5437  -6.769  -78.537  -12.040 0.6999999881
5980  -6.142  -77.113  -12.284 0.6999999881
3437  -12.395  -82.199  -10.962 0.6999999881
5438  -7.705  -78.545  -11.816 0.6999999881
5993  -7.695  -77.621  -12.539 0.6999999881
3427  -12.495  -82.174  -9.957 0.6999999881
3908  -12.722  -81.813  -11.597 0.6999999881
5447  -8.273  -78.191  -12.274 0.6999999881
3876  -12.649  -81.663  -8.150 0.6999999881
3892  -12.926  -81.577  -9.462 0.6999999881
3918  -12.541  -81.710  -12.856 0.6999999881
5440  -9.632  -78.365  -11.870 0.6000000238
127411  -12.216  -81.521  -7.240 0.6999999881
3902  -13.363  -81.447  -10.334 0.6999999881
3909  -13.416  -81.512  -11.169 0.6999999881
3919  -13.360  -81.562  -12.176 0.6999999881
5429  -9.694  -78.425  -10.622 0.6999999881
4383  -11.984  -80.667  -6.897 0.6999999881
4895  -12.716  -79.943  -6.824 0.6000000238
4384  -13.753  -80.723  -6.977 0.6999999881
134663  -13.295  -81.169  -8.612 0.6999999881
122991  -10.651  -78.480  -10.392 0.6000000238
5405  -11.456  -78.784  -8.404 0.6999999881
124550  -11.689  -79.930  -7.095 0.6999999881
5388  -12.176  -79.056  -7.412 0.6000000238
138575  -13.474  -80.294  -6.765 0.6000000238
125194  -11.534  -78.313  -10.376 0.6000000238
5420  -11.930  -78.264  -9.346 0.6000000238
121808  -12.398  -78.361  -8.382 0.6000000238
5942  -13.158  -78.067  -8.286 0.5000000000
5389  -13.071  -78.937  -6.897 0.5000000000
5390  -13.834  -78.626  -6.843 0.5000000000
5431  -12.387  -77.911  -10.277 0.6000000238
122681  -13.126  -77.573  -10.229 0.5000000000
5957  -12.889  -77.842  -9.277 0.5000000000
7780  -7.551  -74.111  -8.018 0.6000000238
7766  -8.035  -74.147  -7.305 0.6000000238
10003  -8.178  -71.560  -10.283 0.5000000000
10004  -8.876  -71.164  -9.917 0.6999999881
7141  -8.565  -74.960  -7.202 0.5000000000
7749  -8.491  -74.123  -6.506 0.6000000238
8455  -8.339  -73.641  -6.907 0.6000000238
133763  -10.229  -76.635  -5.925 0.6000000238
10017  -7.591  -71.182  -10.944 0.4000000060
7142  -9.106  -74.988  -6.440 0.6000000238
9264  -7.528  -72.058  -10.901 0.5000000000
9277  -7.487  -72.818  -11.280 0.6000000238
7817  -7.209  -74.659  -11.637 0.6000000238
5992  -6.958  -76.752  -12.389 0.6999999881
7192  -6.746  -75.854  -12.066 0.6000000238
126821  -8.050  -76.759  -12.760 0.6999999881
5448  -9.295  -78.155  -12.473 0.6000000238
6607  -9.316  -76.676  -12.980 0.6000000238
141672  -10.308  -78.338  -11.240 0.6000000238
4369  -14.207  -80.187  -6.714 0.6000000238
122276  -14.059  -80.853  -8.820 0.6000000238
3893  -13.699  -81.170  -9.644 0.6999999881
3910  -14.240  -81.213  -10.652 0.6999999881
120365  -14.237  -81.362  -11.733 0.6999999881
5430  -11.156  -78.471  -11.373 0.6000000238
3920  -14.091  -81.543  -12.830 0.6999999881
5971  -12.050  -78.212  -11.327 0.6000000238
138291  -13.721  -77.902  -8.080 0.4000000060
5391  -14.567  -78.319  -6.985 0.4000000060
4881  -14.667  -79.538  -6.666 0.5000000000
4385  -14.694  -80.465  -7.098 0.6000000238
3894  -14.634  -80.867  -9.720 0.6000000238
126393  -15.106  -81.195  -11.350 0.6000000238
5972  -12.945  -77.809  -11.124 0.5000000000
5973  -13.840  -77.483  -10.768 0.5000000000
5958  -13.638  -77.413  -9.728 0.5000000000
133196  -13.650  -77.666  -8.820 0.5000000000
4882  -15.556  -79.447  -6.679 0.4000000060
4386  -15.652  -80.364  -7.208 0.6000000238
9987  -9.346  -71.690  -8.897 0.6000000238
9986  -8.705  -72.107  -9.374 0.6000000238
11432  -9.227  -69.323  -10.517 0.6000000238
8456  -8.799  -73.460  -6.101 0.6000000238
136527  -8.713  -73.202  -6.761 0.5000000000
135179  -10.031  -72.455  -7.135 0.6000000238
8440  -9.549  -73.021  -5.619 0.6000000238
10726  -8.205  -70.672  -10.709 0.6000000238
6538  -10.169  -75.889  -5.517 0.6999999881
7735  -9.705  -74.173  -4.788 0.6000000238
8441  -9.974  -73.319  -4.792 0.6000000238
10031  -7.674  -70.940  -11.353 0.5000000000
11439  -8.534  -69.889  -11.232 0.6000000238
6539  -10.393  -75.926  -4.540 0.6000000238
7128  -10.096  -74.812  -4.308 0.6999999881
135293  -7.635  -72.213  -11.452 0.5000000000
7122  -10.499  -75.430  -3.758 0.6999999881
8544  -7.463  -73.712  -11.704 0.6000000238
142860  -10.681  -75.885  -3.197 0.6000000238
6605  -7.443  -75.933  -12.561 0.6000000238
7834  -7.578  -74.493  -12.244 0.6000000238
7835  -8.485  -74.568  -12.645 0.6000000238
6606  -8.341  -75.992  -12.880 0.6000000238
5994  -9.886  -77.683  -13.113 0.6000000238
5995  -10.757  -78.019  -13.745 0.6000000238
6618  -12.834  -76.822  -14.217 0.6000000238
5982  -11.588  -78.521  -12.466 0.6000000238
6005  -13.453  -77.300  -13.879 0.6000000238
5983  -12.688  -78.355  -12.185 0.6000000238
4396  -15.295  -80.572  -7.886 0.6000000238
3878  -15.918  -80.954  -8.738 0.6000000238
3903  -15.275  -81.119  -10.438 0.6000000238
5984  -13.734  -78.248  -11.886 0.5000000000
5974  -14.764  -77.300  -10.752 0.5000000000
142805  -14.244  -77.237  -10.090 0.5000000000
3904  -16.043  -81.883  -10.115 0.6000000238
4883  -16.426  -79.378  -6.588 0.4000000060
4397  -16.203  -80.677  -7.985 0.6000000238
9988  -10.175  -71.343  -8.590 0.6000000238
9989  -11.095  -71.001  -8.365 0.5000000000
11425  -10.587  -69.045  -9.400 0.6000000238
137980  -10.384  -68.146  -9.892 0.5000000000
141634  -9.772  -72.203  -8.020 0.6000000238
9969  -11.547  -71.483  -7.579 0.6000000238
10728  -9.717  -69.663  -9.833 0.5000000000
11433  -9.866  -68.722  -10.191 0.5000000000
12137  -9.802  -67.878  -10.794 0.5000000000
9237  -10.957  -72.154  -6.957 0.5000000000
9236  -10.641  -71.838  -7.783 0.6000000238
9210  -10.485  -72.708  -5.402 0.5000000000
11440  -8.960  -69.251  -10.912 0.6000000238
120183  -10.617  -75.139  -3.041 0.6999999881
7720  -10.433  -74.400  -3.627 0.6000000238
7709  -10.684  -74.308  -2.789 0.6000000238
9291  -7.958  -72.589  -11.936 0.5000000000
6499  -10.286  -76.426  -1.170 0.5000000000
123447  -10.488  -75.708  -1.634 0.6999999881
8545  -7.979  -73.573  -12.179 0.5000000000
125116  -9.102  -75.492  -13.147 0.5000000000
6615  -9.862  -76.113  -13.744 0.6000000238
7206  -11.617  -75.798  -14.284 0.6000000238
139822  -11.039  -77.331  -14.197 0.5000000000
6625  -12.357  -76.157  -14.295 0.6000000238
6617  -11.887  -77.047  -14.257 0.6000000238
127741  -14.155  -78.078  -12.397 0.5000000000
4884  -17.126  -79.278  -6.562 0.5000000000
4372  -16.986  -80.048  -6.759 0.5000000000
3879  -16.692  -81.611  -8.704 0.6000000238
3413  -16.726  -82.608  -8.973 0.6000000238
10714  -11.936  -70.556  -8.041 0.6000000238
11426  -11.607  -68.943  -8.723 0.6000000238
9970  -12.414  -71.040  -7.304 0.6000000238
12931  -10.337  -67.186  -10.720 0.5000000000
9951  -11.875  -71.833  -6.773 0.6000000238
9211  -11.495  -72.482  -5.328 0.6999999881
12147  -9.907  -68.148  -11.328 0.6000000238
8417  -10.824  -73.642  -3.262 0.6000000238
8442  -10.893  -72.852  -4.675 0.6000000238
11446  -9.540  -69.112  -11.770 0.6000000238
7698  -10.736  -74.760  -1.186 0.6000000238
7710  -10.807  -74.074  -2.010 0.6000000238
10032  -8.083  -71.103  -11.980 0.5000000000
8546  -9.089  -73.800  -12.435 0.5000000000
6480  -10.034  -76.722  0.145 0.5000000000
7103  -10.556  -75.763  -0.692 0.6000000238
7195  -10.105  -75.246  -13.798 0.5000000000
7838  -11.147  -74.392  -13.653 0.6000000238
7205  -10.668  -76.146  -14.178 0.5000000000
123932  -13.088  -75.041  -14.239 0.5000000000
6626  -13.023  -75.795  -14.312 0.5000000000
4897  -18.438  -79.686  -7.294 0.6000000238
3866  -17.572  -80.798  -7.907 0.6000000238
10715  -12.664  -69.895  -7.575 0.6000000238
12120  -11.818  -68.108  -8.343 0.5000000000
12125  -11.103  -67.949  -9.165 0.5000000000
10696  -12.949  -70.477  -6.771 0.6999999881
128715  -10.891  -66.919  -10.226 0.5000000000
9212  -12.387  -72.216  -5.214 0.6999999881
9225  -12.119  -72.057  -5.964 0.6000000238
12932  -10.609  -66.586  -10.875 0.5000000000
8426  -11.244  -72.915  -4.150 0.6000000238
12936  -10.161  -67.216  -11.008 0.5000000000
11447  -10.704  -68.696  -11.982 0.6000000238
8411  -11.342  -73.305  -2.057 0.6999999881
119031  -10.351  -69.575  -12.104 0.6000000238
7699  -11.113  -73.724  -1.289 0.6000000238
119939  -8.964  -70.565  -12.220 0.6000000238
7668  -10.641  -75.292  0.863 0.6999999881
7685  -10.809  -75.090  -0.088 0.6999999881
9278  -9.347  -72.858  -12.115 0.5000000000
135798  -9.101  -71.762  -12.199 0.5000000000
7088  -10.521  -76.013  0.245 0.6000000238
8528  -10.032  -73.574  -12.320 0.5000000000
6438  -9.620  -76.240  1.205 0.5000000000
7818  -10.558  -74.160  -12.760 0.6000000238
8547  -9.982  -74.102  -12.839 0.5000000000
6436  -8.185  -75.969  1.202 0.6000000238
7837  -10.431  -74.528  -13.454 0.5000000000
7839  -11.951  -74.626  -13.512 0.6000000238
7821  -13.268  -74.514  -12.295 0.5000000000
142791  -12.937  -69.566  -6.768 0.6999999881
12121  -12.229  -67.743  -7.445 0.5000000000
12914  -11.769  -67.256  -8.374 0.5000000000
9938  -13.681  -71.116  -5.449 0.8000000119
9953  -13.220  -70.786  -6.059 0.6999999881
13745  -11.607  -66.499  -9.520 0.5000000000
13759  -11.365  -66.353  -10.459 0.5000000000
9172  -12.924  -72.770  -2.915 0.6999999881
9213  -13.215  -71.934  -5.058 0.6999999881
9937  -12.891  -71.649  -5.720 0.8000000119
9178  -12.611  -72.621  -3.891 0.6999999881
13786  -12.294  -66.057  -11.204 0.5000000000
8405  -12.032  -72.838  -1.740 0.6999999881
8412  -11.993  -72.879  -2.512 0.6999999881
12148  -10.659  -67.670  -11.622 0.6000000238
12940  -11.775  -66.486  -11.434 0.5000000000
8381  -11.491  -73.529  0.145 0.6000000238
8394  -11.487  -73.281  -0.682 0.6000000238
10740  -10.128  -70.456  -12.129 0.6000000238
7647  -10.830  -74.483  1.443 0.6999999881
7669  -11.013  -74.341  0.536 0.6999999881
135291  -10.115  -72.519  -11.743 0.6000000238
10033  -10.071  -71.490  -11.959 0.6000000238
7030  -9.924  -75.115  1.907 0.6000000238
128292  -10.259  -73.289  -11.705 0.6000000238
7819  -11.263  -74.527  -12.316 0.6000000238
125678  -8.245  -74.585  0.915 0.6000000238
7820  -12.170  -74.699  -12.200 0.5000000000
10677  -13.709  -70.052  -5.583 0.6000000238
11406  -12.815  -68.826  -6.182 0.5000000000
12113  -12.514  -67.845  -6.421 0.5000000000
13760  -12.103  -65.937  -9.974 0.5000000000
9195  -14.205  -72.054  -3.980 0.8000000119
14602  -13.253  -65.760  -11.362 0.5000000000
127457  -12.660  -72.783  -2.142 0.6999999881
11455  -11.908  -68.794  -12.185 0.6000000238
11278  -4.892  -69.824  1.176 0.6000000238
134151  -11.865  -72.965  -0.220 0.8000000119
119133  -5.995  -69.580  1.475 0.6000000238
7630  -10.995  -73.922  2.217 0.6999999881
8354  -11.479  -73.634  1.227 0.8000000119
123834  -11.496  -69.487  -11.977 0.6000000238
9875  -6.402  -71.627  1.760 0.6000000238
7629  -10.385  -74.500  2.157 0.6000000238
10018  -10.774  -72.298  -11.063 0.6000000238
9267  -11.290  -73.033  -10.342 0.6000000238
9130  -8.157  -72.883  2.075 0.6000000238
8353  -8.441  -73.711  1.864 0.6000000238
7627  -9.063  -74.193  2.414 0.6000000238
7804  -10.730  -74.014  -11.495 0.6000000238
8513  -11.368  -73.803  -10.576 0.6000000238
7645  -8.603  -74.649  1.641 0.5000000000
7806  -12.172  -74.166  -10.246 0.5000000000
119191  -12.588  -74.488  -11.065 0.5000000000
7793  -12.826  -73.862  -9.559 0.5000000000
11392  -13.171  -69.006  -5.476 0.5000000000
11391  -12.855  -68.019  -5.630 0.5000000000
10658  -14.210  -70.438  -4.905 0.6000000238
11375  -13.746  -69.332  -4.834 0.5000000000
126090  -13.852  -72.655  -2.846 0.8000000119
9911  -14.647  -71.730  -3.518 0.6999999881
9169  -13.536  -72.564  -1.219 0.8000000119
9162  -12.973  -72.554  -0.683 0.8000000119
12953  -12.412  -67.020  -12.052 0.6000000238
13787  -13.175  -65.844  -11.495 0.5000000000
11308  -5.235  -69.404  -0.900 0.6000000238
9152  -12.666  -72.609  0.690 0.8000000119
12161  -13.244  -67.749  -12.121 0.5000000000
11297  -6.409  -68.966  0.667 0.6999999881
12040  -5.865  -69.052  -0.122 0.6000000238
128487  -11.681  -73.264  2.267 0.8000000119
10742  -12.218  -70.232  -11.504 0.6000000238
11448  -12.698  -69.316  -11.891 0.6000000238
11456  -12.733  -68.600  -12.124 0.6000000238
11256  -6.768  -69.683  1.891 0.6000000238
10019  -11.539  -72.077  -10.651 0.6000000238
10034  -10.941  -71.280  -11.360 0.6000000238
10743  -13.249  -70.132  -11.393 0.6000000238
9876  -7.129  -71.840  1.932 0.6000000238
8330  -9.586  -73.681  3.021 0.6000000238
8331  -10.394  -73.784  2.874 0.5000000000
9268  -12.085  -72.748  -10.028 0.6000000238
8329  -8.844  -73.309  2.666 0.6000000238
8514  -12.011  -73.548  -9.953 0.6000000238
9256  -12.724  -73.209  -9.445 0.6000000238
8498  -13.377  -73.557  -8.901 0.5000000000
8484  -13.823  -73.860  -8.563 0.5000000000
132267  -14.019  -74.360  -9.398 0.5000000000
135902  -14.681  -74.233  -8.364 0.5000000000
10645  -14.858  -71.067  -3.344 0.6000000238
9173  -14.437  -72.456  -2.367 0.6999999881
11354  -3.898  -70.340  -4.276 0.6000000238
11317  -4.668  -70.005  -2.677 0.6000000238
131236  -13.211  -72.434  0.079 0.8000000119
12954  -14.012  -66.906  -12.183 0.5000000000
143061  -6.338  -69.704  -2.535 0.6000000238
9131  -12.959  -72.450  1.458 0.8000000119
140860  -15.102  -67.832  -11.945 0.5000000000
12050  -6.351  -69.181  -1.408 0.6999999881
9106  -11.631  -72.851  3.135 0.8000000119
11449  -13.788  -69.362  -11.624 0.6000000238
11458  -14.310  -68.758  -11.775 0.6000000238
12028  -7.389  -68.903  0.387 0.8000000119
8314  -10.825  -73.071  3.346 0.6999999881
10733  -12.795  -70.892  -10.911 0.6000000238
10744  -14.225  -70.059  -11.252 0.6000000238
11279  -7.589  -69.566  1.810 0.6999999881
9852  -8.292  -71.478  2.519 0.6999999881
9105  -9.500  -72.709  3.244 0.6000000238
10021  -13.219  -71.431  -10.294 0.6000000238
10735  -14.529  -70.478  -10.692 0.6000000238
9103  -7.831  -72.088  2.256 0.6000000238
10022  -13.947  -71.110  -10.110 0.5000000000
9245  -13.431  -72.592  -8.942 0.5000000000
9901  -14.913  -71.747  -2.770 0.6000000238
10634  -14.986  -70.634  -2.707 0.5000000000
12851  -3.437  -68.978  -4.698 0.6000000238
9897  -14.902  -71.921  -1.811 0.6999999881
121594  -3.709  -70.008  -4.916 0.6000000238
9164  -14.295  -72.082  -0.521 0.6999999881
9889  -14.529  -71.556  0.031 0.6000000238
11333  -5.624  -70.111  -3.387 0.6000000238
137642  -4.724  -70.282  -4.798 0.6000000238
9154  -13.971  -72.122  0.291 0.6000000238
9132  -13.773  -72.030  1.337 0.6999999881
11319  -7.346  -69.867  -2.524 0.8000000119
8333  -12.487  -72.594  2.466 0.6999999881
9093  -13.012  -71.667  3.464 0.6000000238
12041  -6.871  -68.861  -0.372 0.8000000119
9837  -10.825  -71.804  3.630 0.8000000119
10557  -11.207  -71.094  3.445 0.6999999881
11298  -8.182  -69.229  0.912 0.6999999881
10578  -8.862  -70.825  2.586 0.6999999881
10579  -9.848  -70.699  2.717 0.6000000238
10556  -10.354  -71.234  3.261 0.8000000119
12840  -3.625  -67.851  -4.478 0.6000000238
12852  -3.831  -69.550  -5.612 0.6000000238
11355  -5.742  -70.404  -4.423 0.6999999881
9841  -13.921  -71.011  3.289 0.6000000238
11334  -7.050  -70.465  -3.430 0.6999999881
11335  -7.887  -70.320  -3.231 0.6999999881
9839  -12.582  -71.314  3.606 0.6999999881
10581  -11.470  -70.459  3.068 0.6000000238
12051  -7.535  -69.294  -1.448 0.8000000119
12043  -9.002  -69.592  -0.907 0.6000000238
11299  -9.485  -69.678  -0.126 0.5000000000
10580  -10.755  -70.597  2.809 0.6999999881
11283  -11.304  -69.699  1.559 0.6999999881
125537  -11.625  -69.476  2.169 0.6000000238
12029  -8.305  -69.155  -0.004 0.8000000119
11300  -10.505  -70.017  0.082 0.6000000238
11260  -10.447  -70.205  2.077 0.6000000238
14515  -3.816  -66.442  -3.372 0.6000000238
14528  -3.724  -67.283  -5.047 0.6000000238
139386  -4.442  -69.576  -5.821 0.6999999881
121814  -3.732  -68.932  -5.788 0.6000000238
12077  -4.571  -69.951  -5.473 0.6999999881
12092  -6.342  -69.712  -4.884 0.6999999881
12079  -6.652  -70.337  -4.397 0.6999999881
11358  -8.504  -70.143  -3.271 0.6000000238
11238  -12.647  -70.046  3.289 0.6000000238
11320  -8.513  -70.131  -2.572 0.6000000238
11309  -10.125  -70.069  -1.332 0.6000000238
11262  -12.756  -69.309  2.942 0.5000000000
12013  -11.220  -69.472  0.877 0.6000000238
12783  -11.381  -68.287  1.438 0.5000000000
140494  -11.669  -67.391  1.845 0.5000000000
12802  -11.042  -68.471  0.388 0.6000000238
14527  -3.500  -65.971  -3.864 0.6000000238
14539  -2.853  -67.519  -6.259 0.6999999881
12864  -4.191  -69.226  -6.075 0.6999999881
12091  -5.231  -69.698  -5.524 0.6999999881
12866  -5.925  -68.995  -5.414 0.6000000238
12080  -7.528  -69.853  -4.262 0.5000000000
12854  -8.324  -69.363  -3.637 0.6999999881
12853  -7.691  -68.846  -4.116 0.6000000238
12065  -9.204  -69.902  -3.212 0.6000000238
12843  -9.925  -69.322  -2.730 0.6000000238
12826  -9.508  -68.149  -2.458 0.6000000238
132104  -11.029  -69.323  -0.650 0.6000000238
12054  -10.714  -68.926  -1.417 0.5000000000
12817  -10.226  -67.457  -1.192 0.5000000000
13639  -10.399  -66.569  -0.432 0.5000000000
15327  -0.013  -63.815  -4.258 0.6999999881
15343  -0.521  -64.486  -4.884 0.6999999881
16118  -0.005  -63.218  -4.223 0.6999999881
14538  -1.673  -66.271  -5.860 0.6000000238
15344  -0.990  -65.328  -5.714 0.6999999881
16925  -1.492  -63.724  -5.287 0.6999999881
123676  -3.138  -62.098  -5.183 0.6000000238
14549  -1.446  -66.318  -6.677 0.6999999881
15358  -1.267  -65.247  -6.337 0.6999999881
16131  -2.045  -64.178  -6.222 0.6999999881
13708  -2.856  -68.100  -7.626 0.6999999881
128236  -1.930  -67.169  -6.929 0.6999999881
15374  -2.785  -64.744  -7.314 0.6999999881
12865  -4.749  -69.318  -5.939 0.6999999881
13693  -6.574  -67.834  -5.005 0.6000000238
12867  -6.989  -68.914  -4.728 0.6000000238
13677  -7.772  -66.601  -4.022 0.6000000238
12842  -9.021  -68.703  -3.078 0.6000000238
12841  -8.135  -67.806  -3.539 0.6000000238
13664  -8.374  -66.258  -3.309 0.6000000238
13650  -8.790  -67.205  -2.688 0.5000000000
14516  -9.000  -65.837  -2.636 0.6000000238
14517  -9.678  -64.759  -3.163 0.6000000238
12827  -10.183  -68.495  -2.032 0.5000000000
13651  -9.476  -66.889  -1.891 0.5000000000
14500  -9.738  -65.484  -2.178 0.5000000000
16103  0.174  -63.171  -3.690 0.6999999881
16915  -0.887  -63.191  -4.518 0.6999999881
16916  -2.239  -62.799  -4.817 0.6000000238
140008  -3.656  -61.457  -5.640 0.6000000238
17724  -4.280  -61.520  -6.558 0.4000000060
143186  -3.113  -63.572  -7.092 0.6000000238
16926  -2.869  -63.053  -5.955 0.5000000000
131239  -3.648  -62.107  -6.359 0.5000000000
143544  -5.685  -61.436  -6.991 0.4000000060
19458  -5.951  -60.435  -6.614 0.5000000000
13691  -3.624  -68.797  -6.834 0.6999999881
13727  -2.848  -67.931  -8.225 0.8000000119
14566  -1.956  -66.211  -7.366 0.6999999881
16142  -4.006  -63.584  -8.060 0.5000000000
16940  -5.100  -62.853  -8.014 0.4000000060
17739  -5.378  -61.987  -7.393 0.4000000060
18554  -6.236  -61.409  -7.076 0.4000000060
18556  -7.469  -61.801  -6.845 0.4000000060
12900  -3.508  -68.320  -8.218 0.8000000119
12913  -3.401  -68.150  -8.366 0.8000000119
14567  -2.773  -67.059  -8.202 0.8000000119
131360  -3.724  -66.142  -8.365 0.8000000119
15375  -4.204  -64.785  -8.252 0.6000000238
16143  -5.058  -63.724  -8.211 0.5000000000
122558  -6.320  -62.685  -7.894 0.4000000060
17727  -6.858  -62.014  -7.138 0.4000000060
13692  -4.204  -68.896  -6.870 0.6999999881
127916  -5.404  -68.109  -6.029 0.8000000119
13711  -5.854  -66.797  -6.452 0.6999999881
14540  -6.591  -66.643  -5.304 0.5000000000
16927  -6.554  -63.076  -7.091 0.5000000000
17726  -6.888  -62.372  -7.380 0.4000000060
18524  -7.088  -61.800  -6.367 0.4000000060
136289  -7.191  -66.879  -4.609 0.5000000000
14529  -7.490  -65.898  -4.598 0.5000000000
15331  -7.759  -64.821  -4.506 0.6000000238
13678  -8.189  -65.427  -4.030 0.6000000238
15332  -8.675  -64.339  -4.088 0.6000000238
16901  -0.536  -62.505  -4.019 0.6000000238
17695  -0.516  -61.946  -3.432 0.5000000000
17697  -2.762  -62.129  -4.134 0.5000000000
121435  -3.486  -61.150  -4.460 0.4000000060
140785  -4.026  -60.197  -5.022 0.5000000000
18535  -4.615  -60.187  -5.781 0.5000000000
18536  -5.403  -60.618  -6.483 0.5000000000
19444  -5.710  -59.168  -5.974 0.5000000000
20363  -6.812  -59.653  -6.594 0.5000000000
20364  -7.493  -59.252  -6.631 0.5000000000
141760  -7.521  -61.312  -7.349 0.5000000000
20365  -8.571  -60.004  -7.420 0.5000000000
14568  -3.680  -67.297  -8.412 0.6999999881
15376  -4.681  -65.832  -8.243 0.6000000238
15359  -5.561  -65.019  -7.298 0.5000000000
16144  -5.340  -64.349  -8.164 0.5000000000
19445  -8.123  -62.005  -7.597 0.5000000000
20366  -10.138  -60.542  -8.065 0.5000000000
13710  -4.696  -67.995  -7.533 0.8000000119
14569  -4.529  -67.232  -8.184 0.6999999881
14551  -5.330  -66.443  -7.485 0.6000000238
16132  -6.027  -64.016  -7.086 0.5000000000
17712  -6.488  -62.530  -6.243 0.4000000060
18538  -7.620  -62.090  -6.961 0.4000000060
19461  -9.300  -61.711  -7.854 0.5000000000
139188  -6.466  -65.778  -5.709 0.5000000000
15346  -6.448  -64.785  -5.423 0.5000000000
15345  -5.943  -64.366  -5.961 0.6000000238
16903  -6.057  -62.716  -4.951 0.5000000000
119634  -6.249  -62.121  -5.067 0.5000000000
18526  -7.700  -60.754  -5.019 0.5000000000
15330  -6.916  -64.310  -4.707 0.5000000000
16105  -6.577  -63.483  -4.167 0.5000000000
16104  -6.120  -63.209  -4.516 0.5000000000
17698  -6.330  -62.094  -3.753 0.5000000000
16106  -7.656  -63.816  -4.172 0.6000000238
16089  -7.638  -63.202  -3.298 0.6000000238
17683  -1.206  -61.063  -2.943 0.5000000000
17684  -2.624  -61.143  -2.938 0.5000000000
140082  -2.981  -61.576  -3.521 0.5000000000
123469  -3.387  -60.828  -3.192 0.4000000060
140975  -3.858  -59.801  -4.058 0.4000000060
18496  -2.265  -60.586  -2.341 0.5000000000
18497  -3.164  -60.599  -2.277 0.4000000060
19442  -4.381  -59.363  -5.103 0.5000000000
19443  -5.082  -59.586  -5.860 0.6000000238
20348  -5.930  -58.261  -5.743 0.5000000000
20349  -6.559  -58.037  -5.953 0.5000000000
21216  -7.454  -57.773  -6.268 0.4000000060
21217  -8.854  -58.254  -6.794 0.4000000060
22099  -9.555  -56.268  -6.958 0.4000000060
19405  -3.491  -59.945  -1.778 0.4000000060
19418  -3.697  -59.963  -2.713 0.4000000060
19427  -4.406  -58.701  -4.402 0.4000000060
19428  -4.820  -58.484  -5.229 0.5000000000
20347  -5.289  -57.884  -5.296 0.5000000000
20329  -4.727  -58.030  -4.576 0.4000000060
21192  -5.207  -57.239  -4.829 0.4000000060
21205  -5.786  -57.231  -5.309 0.5000000000
21206  -6.498  -56.978  -5.617 0.4000000060
22097  -7.752  -56.661  -6.271 0.4000000060
22098  -8.607  -56.594  -6.599 0.4000000060
19392  -3.821  -59.256  -1.513 0.4000000060
19406  -4.033  -59.163  -2.293 0.4000000060
19419  -4.163  -58.965  -3.376 0.4000000060
135983  -5.007  -58.480  -1.422 0.4000000060
20281  -5.028  -58.227  -2.278 0.4000000060
20315  -4.942  -57.555  -4.321 0.4000000060
21177  -5.312  -57.084  -4.164 0.4000000060
21193  -5.671  -56.757  -4.739 0.5000000000
22070  -6.273  -56.497  -5.220 0.5000000000
22087  -7.110  -56.261  -5.682 0.4000000060
22088  -7.670  -55.667  -6.151 0.4000000060
22056  -6.419  -56.421  -4.510 0.4000000060
22072  -7.490  -55.408  -5.229 0.4000000060
22949  -7.855  -54.990  -5.692 0.4000000060
22963  -7.809  -55.092  -6.081 0.4000000060
22971  -8.280  -55.332  -6.429 0.4000000060
20266  -4.581  -58.721  -0.815 0.4000000060
20267  -5.484  -58.604  -0.621 0.3000000119
21164  -5.936  -57.282  -3.249 0.3000000119
21179  -6.438  -56.846  -3.652 0.4000000060
20283  -6.821  -58.158  -1.049 0.4000000060
20282  -6.616  -57.730  -2.012 0.3000000119
21180  -7.354  -56.756  -3.495 0.4000000060
22046  -9.788  -55.666  -3.675 0.5000000000
22073  -8.164  -55.157  -4.934 0.4000000060
22950  -8.750  -54.628  -5.334 0.4000000060
23700  -9.028  -53.974  -5.929 0.4000000060
24446  -10.627  -52.821  -6.759 0.3000000119
22924  -10.208  -55.354  -3.323 0.5000000000
22937  -9.963  -54.888  -4.163 0.5000000000
23701  -9.614  -53.948  -5.075 0.4000000060
23711  -9.575  -53.362  -5.691 0.4000000060
24435  -9.630  -53.386  -6.300 0.3000000119
20268  -6.551  -58.589  -0.429 0.4000000060
141337  -8.087  -57.662  -0.799 0.4000000060
21149  -8.257  -57.411  -1.385 0.4000000060
21166  -7.991  -57.139  -2.436 0.5000000000
22044  -8.578  -56.580  -3.167 0.5000000000
123879  -8.758  -57.020  -1.165 0.4000000060
22029  -9.439  -56.389  -2.472 0.5000000000
22911  -10.252  -55.233  -2.651 0.5000000000
23679  -10.359  -54.734  -3.327 0.4000000060
130076  -10.377  -52.704  -4.525 0.4000000060
24436  -10.112  -52.564  -5.666 0.3000000119
23678  -10.238  -54.404  -2.515 0.3000000119
24408  -10.435  -53.887  -3.191 0.3000000119
138837  -10.388  -53.114  -3.135 0.3000000119
20269  -7.351  -58.397  -0.283 0.4000000060
22020  -8.609  -56.548  -0.575 0.3000000119
23668  -9.130  -55.272  -1.231 0.4000000060
25240  -10.500  -51.947  -4.679 0.3000000119
23667  -8.164  -54.809  -0.740 0.3000000119
8483  -7.904  -73.546  -8.244 0.6000000238
141117  -8.979  -72.595  -8.331 0.5000000000
12030  -11.079  -69.583  -0.008 0.6000000238
11301  -10.959  -69.966  -0.488 0.6000000238
2953  -5.938  -83.596  -8.781 0.5000000000
3889  -7.662  -81.828  -10.486 0.6000000238
4915  -5.820  -80.141  -10.145 0.5000000000
140869  -8.188  -82.216  -10.115 0.6999999881
3410  -9.460  -82.818  -8.759 0.6999999881
131310  -9.732  -82.157  -8.611 0.6999999881
4923  -8.662  -79.499  -10.431 0.6999999881
140222  -9.537  -80.219  -8.790 0.6999999881
143453  -6.698  -75.682  -11.199 0.5000000000
3404  -11.987  -82.496  -7.725 0.6999999881
5439  -8.615  -78.409  -11.860 0.6999999881
131606  -8.911  -78.347  -10.934 0.6999999881
9255  -8.043  -73.063  -9.494 0.6000000238
3864  -13.011  -81.055  -7.532 0.6999999881
5449  -10.234  -78.247  -12.834 0.6000000238
137818  -9.469  -74.405  -5.326 0.6999999881
5450  -10.929  -78.467  -13.065 0.6000000238
4395  -14.396  -80.717  -7.846 0.6000000238
5985  -14.501  -77.719  -11.676 0.5000000000
4371  -16.071  -80.054  -6.812 0.5000000000
7135  -9.860  -75.039  -5.004 0.6999999881
10739  -8.848  -69.800  -11.793 0.6000000238
6616  -10.281  -77.099  -13.814 0.5000000000
5996  -11.412  -78.324  -13.406 0.5000000000
5998  -13.301  -78.035  -13.042 0.6000000238
5997  -12.202  -78.236  -13.266 0.5000000000
5999  -14.109  -77.489  -13.266 0.5000000000
3896  -16.383  -81.907  -9.123 0.6000000238
123569  -17.154  -80.560  -7.264 0.6000000238
134352  -18.363  -78.915  -7.068 0.5000000000
126489  -11.323  -73.166  -2.889 0.6000000238
129809  -13.192  -66.730  -12.106 0.5000000000
9849  -5.696  -70.832  1.939 0.6000000238
8352  -7.971  -73.123  1.149 0.6000000238
7805  -11.634  -74.377  -11.170 0.6000000238
10577  -6.282  -70.293  2.059 0.6000000238
8355  -12.187  -72.879  1.428 0.8000000119
133413  -7.788  -70.696  2.389 0.6000000238
10734  -13.671  -70.679  -10.776 0.6000000238
9104  -8.637  -72.369  2.630 0.6000000238
128471  -13.467  -71.782  -9.608 0.6000000238
9092  -12.317  -72.128  3.475 0.8000000119
11450  -14.761  -69.370  -11.598 0.6000000238
9836  -9.965  -71.876  3.398 0.6000000238
9853  -9.174  -71.735  2.905 0.6999999881
142723  -9.351  -69.791  1.511 0.6000000238
11321  -9.571  -70.096  -2.139 0.6000000238
11282  -11.022  -70.037  1.249 0.6999999881
11322  -10.244  -70.072  -2.053 0.6000000238
131451  -10.695  -67.963  -0.476 0.5000000000
12053  -10.364  -69.608  -2.121 0.6000000238
13638  -9.921  -66.075  -1.195 0.5000000000
137365  -0.351  -64.360  -4.171 0.6999999881
15328  -1.029  -65.181  -4.720 0.6000000238
16130  -0.954  -64.499  -5.620 0.6999999881
14550  -2.164  -67.241  -7.546 0.8000000119
16902  -1.678  -62.497  -4.215 0.6000000238
17738  -4.407  -62.152  -7.314 0.5000000000
16939  -3.815  -62.757  -7.349 0.5000000000
18539  -8.147  -61.565  -6.658 0.5000000000
17696  -1.770  -61.833  -3.614 0.5000000000
19460  -7.987  -61.059  -7.595 0.5000000000
15360  -6.020  -65.491  -6.387 0.6000000238
16886  -6.835  -62.598  -2.923 0.5000000000
20330  -4.937  -57.724  -4.888 0.6000000238
20265  -3.847  -59.023  -0.928 0.4000000060
20280  -4.419  -58.752  -1.740 0.4000000060
20301  -4.566  -58.454  -2.845 0.4000000060
20303  -5.631  -57.803  -2.501 0.3000000119
20302  -5.060  -57.712  -3.363 0.4000000060
22071  -6.888  -55.910  -5.261 0.5000000000
22948  -7.485  -55.479  -5.732 0.4000000060
22057  -7.607  -56.107  -4.398 0.4000000060
138673  -7.937  -55.600  -4.667 0.4000000060
22964  -8.339  -54.623  -6.151 0.4000000060
118664  -9.222  -54.186  -6.495 0.4000000060
125394  -7.539  -57.509  -1.917 0.3000000119
22936  -9.229  -55.274  -4.412 0.5000000000
22058  -8.796  -55.907  -4.098 0.4000000060
23690  -10.316  -54.079  -4.078 0.5000000000
24424  -10.135  -53.297  -4.805 0.4000000060
22028  -8.810  -56.924  -1.987 0.5000000000
22021  -9.194  -56.339  -1.383 0.5000000000
22910  -9.873  -55.755  -2.023 0.4000000060
25232  -10.429  -52.378  -3.693 0.4000000060
23673  -9.838  -54.857  -1.864 0.4000000060
22901  -8.537  -55.625  -0.596 0.3000000119
23672  -8.572  -54.220  -1.320 0.3000000119
2484  -16.651  -83.936  -15.487 0.5000000000
2485  -17.419  -84.092  -15.430 0.5000000000
2071  -18.387  -85.445  -13.293 0.5000000000
2470  -18.495  -84.109  -14.664 0.5000000000
2059  -18.333  -85.505  -12.742 0.5000000000
2454  -18.561  -84.842  -12.790 0.5000000000
2456  -18.601  -85.491  -11.849 0.6000000238
3003  -16.020  -83.172  -15.180 0.5000000000
3004  -17.186  -83.144  -15.399 0.5000000000
2997  -17.999  -83.192  -14.828 0.5000000000
133382  -18.215  -84.276  -12.964 0.5000000000
123158  -19.338  -85.661  -11.690 0.6000000238
2448  -17.591  -84.647  -11.690 0.6000000238
2455  -18.124  -85.229  -12.412 0.6000000238
3002  -14.811  -83.687  -14.875 0.4000000060
2996  -9.983  -83.009  -14.154 0.4000000060
3463  -10.477  -82.179  -14.753 0.4000000060
3469  -10.542  -82.198  -15.117 0.5000000000
3470  -11.515  -82.084  -15.330 0.5000000000
2481  -12.766  -83.499  -15.326 0.5000000000
3471  -12.652  -82.379  -15.249 0.5000000000
3465  -12.135  -81.485  -15.059 0.5000000000
3001  -13.688  -83.182  -14.954 0.5000000000
3472  -13.598  -82.491  -14.767 0.5000000000
2063  -20.346  -85.769  -11.547 0.6000000238
2064  -21.781  -86.089  -12.116 0.6000000238
3467  -15.913  -82.669  -14.269 0.5000000000
136857  -16.689  -82.536  -15.161 0.5000000000
3461  -15.810  -82.400  -13.737 0.5000000000
2457  -19.760  -85.811  -11.742 0.6000000238
3462  -17.003  -82.730  -14.163 0.5000000000
2983  -17.336  -84.483  -11.995 0.6000000238
137108  -19.017  -85.078  -11.342 0.6000000238
2459  -21.126  -85.590  -11.517 0.6000000238
2979  -19.286  -84.095  -10.849 0.6000000238
133007  -20.337  -85.252  -11.242 0.6000000238
2986  -21.800  -84.342  -11.691 0.6999999881
2984  -20.139  -84.134  -10.915 0.6000000238
139833  -21.310  -83.323  -11.840 0.6999999881
2981  -10.673  -83.858  -12.214 0.6000000238
2993  -10.912  -83.142  -12.692 0.6000000238
3442  -11.535  -82.698  -12.475 0.6000000238
3451  -10.777  -82.500  -13.678 0.5000000000
3458  -11.312  -81.740  -14.361 0.5000000000
3452  -11.721  -82.002  -13.239 0.6000000238
3464  -11.210  -81.643  -15.013 0.5000000000
3929  -12.704  -81.475  -14.581 0.5000000000
3466  -13.048  -81.810  -14.813 0.5000000000
3928  -13.377  -81.559  -13.791 0.5000000000
3460  -14.985  -82.270  -13.991 0.5000000000
2065  -23.402  -85.966  -12.314 0.6999999881
133449  -23.641  -85.001  -11.817 0.8000000119
140646  -16.320  -82.470  -13.385 0.5000000000
3445  -16.885  -83.425  -12.014 0.5000000000
2976  -17.130  -83.740  -11.035 0.6000000238
2460  -22.411  -85.261  -11.855 0.6999999881
2978  -18.375  -83.910  -10.814 0.6000000238
3447  -22.159  -83.188  -12.208 0.6999999881
3440  -19.538  -82.811  -11.215 0.6000000238
3446  -20.385  -82.579  -11.834 0.6999999881
3455  -21.350  -82.338  -12.204 0.6999999881
3456  -22.341  -82.239  -12.415 0.6000000238
2452  -10.309  -84.681  -11.637 0.5000000000
2982  -11.381  -83.433  -11.795 0.6000000238
3443  -12.128  -82.165  -12.045 0.6000000238
3927  -12.597  -81.444  -13.939 0.6000000238
122822  -13.202  -81.544  -13.115 0.6000000238
134667  -14.210  -81.750  -13.647 0.5000000000
120492  -15.068  -81.384  -12.282 0.6000000238
2066  -24.877  -86.220  -11.749 0.6999999881
3921  -15.003  -81.768  -13.220 0.5000000000
3911  -15.796  -81.584  -11.802 0.5000000000
2461  -24.821  -85.325  -11.792 0.5000000000
126872  -26.515  -84.912  -11.741 0.6000000238
3453  -15.893  -81.939  -12.774 0.6000000238
124782  -16.924  -83.360  -9.797 0.5000000000
2988  -24.651  -84.185  -11.617 0.6000000238
2968  -17.765  -83.125  -10.164 0.5000000000
2987  -22.967  -84.164  -11.801 0.6999999881
3439  -18.664  -82.802  -10.618 0.5000000000
3448  -23.353  -83.114  -12.159 0.6000000238
3457  -23.441  -82.162  -12.300 0.6000000238
3906  -19.103  -81.806  -11.081 0.5000000000
3913  -19.615  -81.690  -11.877 0.6000000238
3923  -21.434  -81.444  -12.388 0.5000000000
4414  -20.689  -79.917  -12.523 0.5000000000
3925  -23.333  -81.191  -12.233 0.5000000000
2453  -11.248  -84.287  -11.266 0.6000000238
2045  -11.114  -85.337  -9.589 0.4000000060
120185  -15.689  -81.534  -11.005 0.5000000000
131673  -26.214  -84.765  -12.034 0.6000000238
3912  -16.236  -82.184  -11.235 0.5000000000
2989  -26.535  -83.799  -12.150 0.5000000000
2967  -17.051  -83.303  -9.437 0.5000000000
3449  -24.805  -82.997  -11.784 0.5000000000
3450  -26.355  -82.529  -11.867 0.5000000000
2990  -28.061  -83.131  -12.482 0.5000000000
3430  -17.976  -82.267  -9.919 0.5000000000
3915  -24.656  -81.883  -11.914 0.5000000000
3905  -18.593  -81.829  -10.351 0.6000000238
4924  -19.475  -80.194  -10.392 0.6000000238
3924  -22.384  -81.334  -12.446 0.5000000000
4410  -19.925  -79.816  -11.384 0.6000000238
4931  -20.505  -79.462  -12.050 0.5000000000
137863  -10.503  -85.027  -8.474 0.4000000060
3428  -16.605  -82.817  -9.374 0.5000000000
124613  -27.928  -81.764  -12.279 0.5000000000
2959  -16.789  -83.058  -9.154 0.5000000000
3897  -18.407  -81.386  -9.449 0.5000000000
3916  -26.047  -81.329  -11.646 0.5000000000
129966  -27.381  -81.255  -11.791 0.5000000000
4412  -27.272  -81.216  -10.439 0.5000000000
4929  -26.702  -80.461  -9.657 0.5000000000
126699  -26.322  -78.896  -8.557 0.5000000000
4404  -19.058  -80.562  -9.414 0.6000000238
4415  -24.257  -80.853  -11.661 0.5000000000
124957  -23.968  -80.065  -11.617 0.5000000000
4925  -20.761  -78.958  -10.859 0.5000000000
4926  -21.196  -78.607  -11.702 0.5000000000
4898  -19.249  -79.100  -7.508 0.5000000000
4411  -26.746  -80.868  -10.851 0.5000000000
4918  -26.528  -79.074  -9.279 0.5000000000
4389  -18.967  -80.077  -7.786 0.5000000000
4909  -19.731  -79.527  -8.130 0.6000000238
4417  -25.955  -80.701  -11.283 0.5000000000
4936  -25.761  -80.127  -10.882 0.5000000000
5411  -25.970  -78.070  -8.812 0.5000000000
127139  -25.325  -77.419  -8.208 0.5000000000
121391  -20.212  -79.385  -10.087 0.5000000000
4935  -24.921  -79.753  -11.436 0.5000000000
5434  -24.652  -78.909  -11.677 0.5000000000
123713  -18.937  -78.275  -7.383 0.5000000000
5422  -25.673  -77.986  -9.783 0.5000000000
132254  -25.293  -77.166  -8.994 0.5000000000
6567  -25.989  -75.965  -8.143 0.4000000060
6576  -25.322  -76.286  -9.306 0.4000000060
5927  -8.233  -76.769  -7.374 0.4000000060
11296  -5.009  -69.489  0.193 0.5000000000
11353  -2.933  -70.164  -4.215 0.5000000000
11316  -3.592  -70.379  -2.652 0.5000000000
12839  -3.244  -67.964  -3.700 0.5000000000
12064  -2.877  -69.314  -4.278 0.5000000000
126101  -4.488  -69.920  -1.677 0.5000000000
16086  -0.051  -63.841  -3.386 0.5000000000
16085  0.129  -63.096  -2.811 0.5000000000
17694  -0.121  -62.354  -3.087 0.5000000000
3880  -17.221  -81.484  -8.589 0.5000000000
3415  -17.576  -81.975  -9.117 0.5000000000
2994  -18.063  -83.616  -13.748 0.6000000238
139280  -19.744  -84.956  -11.106 0.6000000238
2977  -17.465  -83.774  -10.674 0.6000000238
3444  -16.342  -82.272  -12.131 0.5000000000
3922  -20.692  -81.639  -12.257 0.6000000238
3914  -19.994  -81.293  -12.327 0.6000000238
133561  -25.516  -85.146  -12.020 0.6999999881
3438  -16.573  -82.998  -10.443 0.5000000000
4409  -19.475  -80.833  -11.472 0.6000000238
4413  -19.931  -80.369  -12.277 0.6000000238
4419  -21.463  -80.585  -12.513 0.5000000000
3898  -18.957  -81.073  -10.411 0.5000000000
4398  -18.707  -80.723  -8.516 0.5000000000
4917  -19.643  -79.763  -9.234 0.5000000000
4399  -19.268  -80.187  -8.509 0.5000000000
4928  -26.040  -79.869  -10.135 0.5000000000
4927  -25.470  -79.257  -10.911 0.5000000000
140994  -25.844  -78.878  -10.123 0.5000000000
5950  -25.459  -76.648  -8.106 0.5000000000
5435  -25.252  -78.378  -10.844 0.4000000060
143676  -25.478  -76.067  -8.615 0.4000000060
2972  -25.827  -84.003  -9.661 0.5000000000
2973  -27.583  -83.758  -10.955 0.6000000238
2446  -25.860  -84.787  -10.596 0.6000000238
3435  -27.964  -82.720  -10.291 0.4000000060
3907  -28.484  -81.947  -11.165 0.4000000060
2980  -28.277  -83.579  -12.124 0.5000000000
124446  -27.521  -84.198  -12.228 0.5000000000
2050  -25.663  -85.786  -10.779 0.6000000238
1732  -24.795  -86.925  -11.402 0.6000000238
2072  -23.741  -86.553  -12.116 0.6000000238
1742  -23.003  -86.773  -12.341 0.6000000238
1741  -22.449  -86.470  -12.374 0.6000000238
1731  -22.016  -86.685  -12.238 0.6000000238
126264  -21.296  -86.321  -11.803 0.5000000000
2062  -19.880  -85.816  -11.613 0.5000000000
2061  -19.114  -85.776  -11.796 0.4000000060
2060  -18.377  -85.694  -12.099 0.5000000000
6559  -26.007  -76.396  -7.265 0.3000000119
2468  -17.492  -85.343  -14.912 0.4000000060
142636  -15.751  -68.540  -11.866 0.4000000060
11441  -16.020  -69.830  -11.203 0.4000000060
10745  -15.158  -69.966  -11.233 0.5000000000
15300  -10.372  -64.528  -2.762 0.5000000000
15333  -9.380  -63.764  -3.799 0.5000000000
16092  -10.466  -63.383  -2.936 0.5000000000
16091  -9.785  -63.224  -3.381 0.4000000060
16873  -7.296  -62.115  -2.268 0.4000000060
16857  -10.997  -62.216  -0.627 0.4000000060
136160  -6.737  -61.961  -2.717 0.4000000060
18482  -7.844  -61.239  -1.861 0.4000000060
17670  -7.734  -61.791  -1.884 0.4000000060
17699  -6.770  -61.496  -3.232 0.4000000060
18498  -7.396  -60.969  -2.738 0.4000000060
18461  -9.955  -60.992  -0.680 0.4000000060
18512  -7.922  -60.419  -3.702 0.4000000060
19407  -8.821  -59.852  -3.435 0.4000000060
19409  -10.317  -59.033  -2.271 0.4000000060
19429  -8.538  -60.458  -5.300 0.4000000060
19420  -9.318  -59.927  -4.956 0.4000000060
140410  -8.847  -61.318  -6.562 0.4000000060
19430  -9.506  -61.198  -6.611 0.4000000060
21218  -10.143  -58.238  -7.595 0.3000000119
143793  -9.884  -54.644  -7.087 0.3000000119
22973  -10.292  -55.677  -7.437 0.3000000119
136476  -11.308  -58.498  -8.469 0.3000000119
21219  -10.830  -57.133  -8.113 0.3000000119
16877  -10.739  -62.689  -1.418 0.4000000060
16855  -9.335  -62.096  -0.912 0.4000000060
16875  -9.009  -62.399  -1.588 0.4000000060
16889  -9.885  -62.816  -2.540 0.4000000060
17653  -9.230  -61.359  -0.938 0.4000000060
134318  -8.648  -60.875  -1.467 0.4000000060
18462  -10.750  -60.754  -0.503 0.4000000060
18483  -9.525  -60.523  -1.243 0.4000000060
19408  -9.611  -59.453  -2.687 0.4000000060
18499  -8.242  -60.491  -2.361 0.4000000060
2919  -24.244  -84.075  -4.310 0.3000000119
3372  -24.595  -83.304  -4.040 0.3000000119
131374  -23.262  -84.071  -4.857 0.4000000060
3384  -23.861  -83.437  -4.637 0.3000000119
3835  -23.849  -82.314  -4.875 0.4000000060
3402  -21.740  -82.899  -6.210 0.3000000119
143643  -23.062  -83.220  -5.278 0.3000000119
3846  -23.365  -81.905  -5.460 0.4000000060
3401  -21.125  -83.250  -6.555 0.3000000119
3845  -22.539  -82.377  -5.815 0.3000000119
3855  -22.459  -81.779  -6.454 0.3000000119
140125  -21.224  -82.626  -6.983 0.3000000119
3868  -21.706  -82.163  -7.488 0.3000000119
3869  -22.305  -81.643  -7.327 0.3000000119
3407  -21.142  -82.830  -7.521 0.3000000119
3418  -21.752  -82.479  -8.430 0.3000000119
3882  -22.275  -81.851  -8.102 0.3000000119
2442  -20.947  -83.740  -8.635 0.3000000119
2961  -21.555  -83.225  -8.841 0.3000000119
3419  -22.742  -82.153  -8.876 0.3000000119
1702  -19.593  -85.784  -8.003 0.3000000119
132041  -20.132  -84.117  -8.525 0.3000000119
140128  -20.967  -84.248  -8.803 0.3000000119
2969  -21.815  -83.847  -9.313 0.3000000119
2970  -22.986  -83.644  -9.618 0.3000000119
2439  -20.461  -84.790  -8.698 0.4000000060
2941  -22.500  -84.198  -5.006 0.4000000060
3393  -21.183  -84.326  -6.107 0.3000000119
3856  -23.292  -81.290  -6.327 0.4000000060
3406  -20.288  -83.176  -7.653 0.3000000119
3870  -23.174  -81.330  -7.074 0.4000000060
3883  -23.192  -81.534  -8.099 0.4000000060
2960  -19.475  -83.994  -8.072 0.3000000119
3432  -23.421  -82.879  -9.389 0.4000000060
1693  -19.166  -86.306  -7.350 0.3000000119
138447  -18.770  -85.381  -7.478 0.4000000060
1684  -18.500  -86.133  -6.638 0.3000000119
3836  -24.409  -82.448  -4.250 0.3000000119
3837  -24.986  -81.612  -3.986 0.3000000119
3820  -25.691  -82.248  -3.731 0.3000000119
3847  -24.076  -81.371  -5.070 0.3000000119
4346  -24.619  -80.894  -4.597 0.3000000119
2929  -21.346  -84.229  -5.360 0.4000000060
4358  -23.761  -81.047  -5.758 0.3000000119
4359  -24.364  -80.484  -5.224 0.3000000119
140490  -20.816  -84.090  -6.230 0.3000000119
2940  -21.483  -84.183  -5.537 0.4000000060
3857  -24.141  -80.895  -6.706 0.3000000119
139816  -24.025  -81.235  -7.550 0.4000000060
3405  -19.619  -83.541  -7.780 0.3000000119
2946  -19.213  -83.707  -6.529 0.3000000119
3884  -24.588  -81.680  -8.088 0.4000000060
2431  -18.966  -84.533  -7.689 0.3000000119
2945  -18.293  -84.261  -6.554 0.3000000119
3421  -25.438  -82.479  -8.544 0.4000000060
3885  -26.103  -81.676  -8.152 0.5000000000
2427  -18.436  -84.670  -7.019 0.3000000119
3433  -24.798  -83.178  -9.069 0.4000000060
3434  -26.492  -83.159  -9.441 0.4000000060
1341  -18.885  -86.763  -6.062 0.3000000119
120015  -25.874  -81.417  -3.870 0.3000000119
2928  -20.858  -84.268  -5.485 0.4000000060
4390  -24.914  -80.355  -6.903 0.4000000060
4391  -25.937  -80.421  -7.647 0.4000000060
2938  -19.906  -83.894  -6.011 0.4000000060
3872  -26.481  -81.016  -7.996 0.5000000000
3899  -27.357  -81.813  -10.018 0.4000000060
2937  -18.410  -83.909  -6.319 0.3000000119
3886  -26.952  -81.354  -8.694 0.4000000060
2944  -17.772  -84.057  -6.073 0.3000000119
140289  -28.173  -81.346  -10.674 0.4000000060
2027  -18.128  -85.274  -6.578 0.3000000119
1675  -18.405  -86.407  -5.536 0.3000000119
4858  -24.795  -79.937  -4.757 0.3000000119
4373  -24.281  -80.289  -5.933 0.3000000119
2927  -20.376  -84.059  -5.722 0.4000000060
4912  -27.016  -79.830  -8.867 0.4000000060
139768  -17.915  -83.683  -5.885 0.4000000060
4405  -27.040  -81.013  -9.510 0.4000000060
2409  -17.263  -84.112  -4.469 0.3000000119
2936  -17.504  -83.724  -5.464 0.3000000119
2410  -17.361  -84.583  -4.981 0.3000000119
2010  -17.659  -85.358  -4.794 0.3000000119
1307  -19.074  -87.152  -3.849 0.3000000119
1664  -18.185  -86.122  -4.632 0.3000000119
4869  -24.535  -79.489  -5.348 0.3000000119
4899  -25.272  -79.676  -7.142 0.4000000060
4911  -26.270  -79.688  -8.091 0.4000000060
1994  -17.463  -84.779  -4.086 0.3000000119
1980  -17.664  -84.366  -3.267 0.3000000119
1995  -17.959  -85.695  -3.916 0.3000000119
130305  -18.054  -85.121  -3.273 0.3000000119
2390  -17.843  -83.940  -2.522 0.3000000119
1965  -18.928  -85.011  -1.794 0.3000000119
139853  -18.576  -85.284  -2.609 0.3000000119
1982  -19.143  -85.718  -2.193 0.3000000119
1645  -18.579  -85.821  -3.116 0.3000000119
5398  -25.105  -78.038  -6.794 0.3000000119
119192  -25.383  -78.854  -7.507 0.4000000060
1966  -19.763  -85.378  -0.983 0.3000000119
5366  -25.985  -78.120  -4.971 0.3000000119
5906  -25.498  -77.641  -5.498 0.3000000119
5919  -25.406  -77.316  -6.295 0.3000000119
5907  -26.249  -77.436  -5.533 0.3000000119
6540  -25.836  -77.053  -5.874 0.3000000119
6549  -25.946  -76.679  -6.431 0.3000000119
16107  -8.545  -63.673  -3.880 0.5000000000
19462  -10.175  -61.475  -7.775 0.5000000000
19447  -10.479  -61.208  -7.416 0.4000000060
16887  -7.793  -62.707  -2.566 0.4000000060
2067  -25.474  -85.881  -11.428 0.6000000238
2450  -27.080  -84.632  -11.867 0.5000000000
3917  -28.233  -81.424  -11.626 0.4000000060
121699  -25.402  -78.082  -7.877 0.4000000060
5934  -25.613  -76.880  -7.057 0.3000000119
15315  -10.793  -63.882  -2.775 0.5000000000
16075  -11.173  -63.382  -2.242 0.4000000060
17654  -10.439  -61.583  -0.481 0.4000000060
3394  -21.999  -83.652  -5.621 0.3000000119
3416  -20.111  -83.576  -8.270 0.3000000119
2033  -19.533  -84.816  -8.235 0.3000000119
3420  -23.922  -82.248  -8.770 0.4000000060
2939  -20.837  -84.516  -6.001 0.4000000060
2947  -20.136  -83.743  -6.303 0.3000000119
2951  -19.686  -83.381  -7.070 0.3000000119
3871  -25.278  -81.040  -7.545 0.4000000060
2026  -17.612  -85.105  -5.738 0.3000000119
4400  -26.852  -80.532  -8.446 0.4000000060
1663  -17.959  -85.739  -5.359 0.3000000119
2926  -17.323  -83.230  -4.803 0.3000000119
137448  -19.069  -86.860  -3.405 0.3000000119
4886  -24.735  -78.844  -6.229 0.3000000119
130747  -20.048  -86.825  -11.782 0.5000000000
1396  -20.674  -87.239  -11.721 0.5000000000
1090  -22.464  -87.656  -11.388 0.5000000000
1399  -24.404  -87.438  -11.303 0.5000000000
1719  -25.721  -87.316  -11.461 0.4000000060
5408  -20.093  -78.670  -7.897 0.4000000060
2445  -24.994  -84.598  -9.660 0.5000000000
2046  -22.451  -85.458  -9.232 0.3000000119
2971  -24.234  -83.712  -9.573 0.4000000060
2440  -21.557  -84.855  -9.100 0.3000000119
3391  -17.797  -83.195  -5.407 0.3000000119
3380  -18.460  -82.681  -5.195 0.3000000119
3381  -19.500  -83.322  -5.507 0.3000000119
2424  -23.117  -84.547  -4.529 0.3000000119
3832  -19.296  -82.068  -4.767 0.3000000119
3382  -20.323  -83.262  -5.039 0.3000000119
134213  -21.758  -84.103  -4.712 0.3000000119
2918  -22.280  -84.192  -4.140 0.3000000119
2917  -21.784  -83.716  -4.189 0.3000000119
3833  -20.324  -81.838  -4.492 0.3000000119
3383  -20.912  -82.638  -4.481 0.3000000119
2916  -21.229  -83.778  -4.781 0.3000000119
2907  -22.096  -83.451  -3.467 0.3000000119
2411  -22.681  -84.493  -4.419 0.3000000119
2412  -23.533  -84.925  -4.227 0.3000000119
3834  -21.097  -81.624  -4.068 0.3000000119
2402  -23.350  -85.077  -3.848 0.3000000119
2391  -23.248  -84.654  -3.308 0.3000000119
2049  -25.322  -85.841  -10.441 0.5000000000
1400  -25.613  -87.445  -11.427 0.4000000060
1398  -23.053  -87.277  -11.809 0.5000000000
143569  -23.781  -84.327  -9.672 0.3000000119
19395  -11.457  -59.148  -1.040 0.3000000119
18484  -10.318  -60.197  -1.003 0.3000000119
20332  -10.537  -59.758  -6.062 0.3000000119
1729  -19.474  -86.611  -11.832 0.4000000060
1088  -20.300  -88.054  -11.390 0.4000000060
546  -23.692  -90.094  -6.677 0.4000000060
783  -22.325  -89.338  -9.027 0.4000000060
797  -22.695  -88.550  -9.482 0.4000000060
1080  -24.052  -88.752  -11.164 0.4000000060
1385  -24.582  -87.661  -11.013 0.4000000060
1078  -21.521  -88.303  -10.468 0.4000000060
1079  -22.368  -88.024  -10.830 0.4000000060
1384  -23.737  -88.317  -10.749 0.4000000060
740  -25.172  -89.931  -5.350 0.3000000119
547  -24.065  -89.786  -6.575 0.4000000060
138765  -23.269  -89.086  -8.460 0.4000000060
1089  -21.379  -87.665  -11.370 0.4000000060
757  -23.183  -89.685  -7.202 0.4000000060
544  -24.627  -90.090  -6.218 0.3000000119
774  -23.166  -89.411  -7.978 0.4000000060
784  -23.054  -89.246  -8.696 0.4000000060
1067  -22.427  -88.015  -10.344 0.4000000060
798  -23.313  -88.651  -9.065 0.4000000060
1376  -24.288  -87.510  -10.653 0.4000000060
1009  -24.795  -89.299  -5.261 0.3000000119
745  -24.696  -89.653  -6.073 0.3000000119
1050  -23.324  -89.070  -7.979 0.3000000119
1034  -23.868  -89.382  -6.549 0.3000000119
1368  -23.548  -87.834  -8.767 0.3000000119
1707  -24.156  -86.665  -9.749 0.3000000119
1069  -23.426  -87.620  -9.742 0.3000000119
1713  -24.195  -86.617  -9.590 0.3000000119
139308  -25.170  -85.371  -9.805 0.3000000119
2048  -24.790  -86.007  -9.664 0.3000000119
1369  -24.492  -87.004  -10.479 0.3000000119
1714  -24.952  -86.655  -10.543 0.3000000119
1386  -25.293  -87.416  -11.230 0.3000000119
2845  -14.315  -82.898  2.164 0.3000000119
3308  -14.428  -82.159  2.367 0.3000000119
3360  -17.423  -82.237  -2.761 0.3000000119
4271  -15.649  -80.258  2.979 0.3000000119
3754  -16.211  -80.633  2.547 0.3000000119
4279  -17.896  -80.743  2.065 0.3000000119
4280  -18.326  -80.707  1.344 0.3000000119
4283  -18.591  -80.629  0.526 0.3000000119
4296  -18.647  -80.591  -0.101 0.3000000119
3795  -18.452  -81.026  -0.865 0.3000000119
3794  -17.934  -81.269  -1.904 0.3000000119
4272  -16.523  -79.992  2.644 0.3000000119
4273  -17.332  -79.912  2.180 0.3000000119
130200  -17.952  -80.154  1.737 0.3000000119
4798  -18.184  -79.906  0.971 0.3000000119
128651  -18.335  -79.981  0.116 0.3000000119
1358  -23.365  -88.502  -8.143 0.3000000119
3310  -14.780  -82.445  1.765 0.3000000119
3762  -17.448  -81.453  2.237 0.3000000119
124137  -15.634  -81.718  1.918 0.3000000119
3753  -15.413  -81.099  2.427 0.3000000119
3761  -16.396  -81.277  2.277 0.3000000119
4278  -17.059  -80.649  2.366 0.3000000119
140620  -17.175  -79.214  2.131 0.3000000119
785  -23.382  -88.602  -8.640 0.4000000060
1068  -23.138  -87.796  -10.145 0.4000000060
1318  -18.689  -86.884  -4.586 0.3000000119
1329  -19.028  -87.160  -5.349 0.3000000119
1397  -21.716  -87.118  -11.942 0.5000000000
1405  -23.860  -86.956  -11.809 0.6000000238
1654  -18.609  -86.498  -3.741 0.3000000119
1715  -25.286  -86.566  -11.168 0.4000000060
1720  -25.302  -86.471  -11.343 0.6000000238
1730  -20.863  -86.470  -11.713 0.5000000000
1981  -18.271  -84.657  -2.550 0.3000000119
2022  -18.055  -85.726  -6.023 0.3000000119
2040  -20.133  -85.404  -8.446 0.4000000060
2054  -25.841  -85.411  -11.448 0.6000000238
2400  -17.284  -83.924  -3.861 0.3000000119
2401  -22.834  -84.685  -3.898 0.3000000119
2422  -17.231  -83.878  -4.990 0.3000000119
2423  -17.471  -84.329  -5.614 0.3000000119
2426  -17.859  -84.624  -6.284 0.3000000119
2437  -11.052  -84.694  -8.447 0.6999999881
2443  -22.827  -84.693  -9.544 0.3000000119
2444  -24.193  -85.164  -9.612 0.3000000119
2449  -18.092  -84.740  -11.500 0.6000000238
2458  -20.263  -85.857  -12.263 0.6000000238
2464  -19.035  -84.634  -13.829 0.5000000000
2469  -18.400  -84.894  -14.675 0.4000000060
2478  -17.947  -84.674  -15.168 0.5000000000
2479  -17.985  -83.671  -15.181 0.5000000000
2483  -15.768  -84.225  -15.253 0.5000000000
2908  -22.645  -84.082  -3.355 0.3000000119
2930  -22.011  -84.203  -4.921 0.4000000060
2949  -11.555  -83.216  -7.869 0.6999999881
2950  -18.948  -83.925  -7.232 0.3000000119
2965  -11.887  -84.033  -9.204 0.6999999881
2974  -28.499  -82.900  -11.415 0.5000000000
2985  -20.901  -84.345  -11.303 0.6999999881
2999  -11.094  -82.947  -15.470 0.5000000000
3000  -11.954  -82.917  -15.530 0.5000000000
3005  -17.846  -82.928  -15.094 0.5000000000
3370  -21.541  -82.734  -3.910 0.3000000119
3392  -18.690  -83.543  -5.937 0.4000000060
3400  -20.527  -83.187  -6.851 0.3000000119
3414  -16.934  -82.646  -8.880 0.5000000000
3417  -21.009  -83.212  -8.196 0.3000000119
3422  -26.861  -82.254  -9.020 0.4000000060
3429  -17.334  -82.851  -9.324 0.5000000000
3431  -22.311  -82.915  -9.315 0.3000000119
3441  -28.432  -82.435  -11.959 0.4000000060
3454  -16.748  -82.740  -12.995 0.5000000000
3459  -12.029  -81.505  -13.919 0.6000000238
3468  -17.257  -82.737  -15.236 0.5000000000
3473  -14.691  -82.955  -14.565 0.5000000000
3760  -14.960  -81.798  1.948 0.3000000119
3854  -21.684  -82.228  -6.795 0.3000000119
3865  -16.905  -80.843  -7.986 0.6000000238
3867  -18.305  -80.592  -7.850 0.6000000238
3877  -14.975  -80.714  -8.808 0.6000000238
3881  -17.973  -81.173  -8.536 0.5000000000
3895  -15.571  -81.114  -9.524 0.6000000238
3901  -12.846  -81.771  -10.595 0.6999999881
3926  -11.978  -81.360  -14.694 0.5000000000
3930  -13.661  -81.847  -14.267 0.5000000000
4368  -12.762  -80.766  -6.955 0.6000000238
4370  -15.123  -80.054  -6.871 0.6000000238
4387  -16.528  -80.502  -7.152 0.6000000238
4388  -17.815  -80.250  -7.264 0.6000000238
4406  -6.182  -80.281  -10.998 0.6999999881
4416  -25.052  -80.499  -11.527 0.5000000000
4418  -20.569  -80.809  -12.454 0.6000000238
4421  -23.232  -80.315  -12.198 0.5000000000
4880  -13.738  -79.522  -6.620 0.6000000238
4885  -17.575  -78.744  -6.756 0.5000000000
4893  -6.416  -79.403  -7.562 0.5000000000
4896  -17.724  -79.509  -6.845 0.5000000000
4905  -5.891  -80.380  -9.201 0.5000000000
4908  -10.772  -79.310  -8.096 0.6999999881
4930  -6.497  -79.064  -11.616 0.6999999881
5377  -14.347  -78.939  -6.625 0.4000000060
5380  -16.789  -78.644  -6.635 0.4000000060
5381  -24.992  -78.064  -5.739 0.3000000119
5396  -19.652  -78.330  -7.604 0.4000000060
5397  -20.200  -77.958  -7.851 0.4000000060
5406  -12.839  -78.512  -7.652 0.5000000000
5407  -13.441  -78.312  -7.508 0.4000000060
5416  -5.686  -79.112  -10.042 0.6000000238
5436  -5.962  -78.606  -11.680 0.6999999881
5441  -10.678  -78.546  -12.258 0.6000000238
5446  -7.434  -78.206  -12.268 0.6999999881
5850  -9.955  -76.926  -0.690 0.5000000000
5908  -26.966  -77.277  -5.708 0.3000000119
5917  -8.631  -77.200  -6.606 0.5000000000
5926  -7.456  -77.222  -7.697 0.5000000000
5928  -14.099  -78.054  -7.508 0.4000000060
5941  -6.923  -76.938  -8.484 0.6000000238
5955  -5.731  -77.519  -10.693 0.6000000238
5959  -14.244  -77.417  -9.299 0.5000000000
5981  -6.777  -77.728  -12.365 0.6999999881
6003  -11.596  -77.892  -13.996 0.5000000000
6004  -12.532  -77.653  -13.900 0.6000000238
6466  -10.097  -76.334  0.806 0.6000000238
6517  -10.361  -76.508  -2.033 0.6000000238
6526  -10.629  -76.589  -2.844 0.6000000238
6548  -9.835  -75.908  -6.313 0.6000000238
6581  -6.233  -76.064  -11.300 0.6000000238
6619  -13.610  -76.385  -14.217 0.6000000238
7029  -9.274  -75.009  2.030 0.5000000000
7049  -8.315  -75.235  1.219 0.6000000238
7050  -8.737  -75.522  1.580 0.5000000000
7051  -9.453  -75.683  1.569 0.5000000000
7052  -10.148  -75.739  1.300 0.5000000000
7116  -10.589  -75.807  -2.498 0.6000000238
7134  -9.597  -75.046  -5.742 0.6000000238
7179  -6.663  -75.772  -11.490 0.5000000000
7193  -7.209  -75.248  -12.170 0.6000000238
7194  -7.921  -75.270  -12.680 0.6000000238
7207  -12.430  -75.224  -14.286 0.6000000238
7628  -9.787  -74.396  2.458 0.6000000238
7644  -8.236  -73.890  0.936 0.6000000238
7646  -10.411  -75.075  1.564 0.6000000238
7686  -11.055  -74.095  -0.426 0.6999999881
7726  -10.019  -73.961  -4.234 0.6999999881
7734  -9.380  -73.694  -5.399 0.6000000238
7750  -8.968  -74.202  -5.818 0.6999999881
7767  -14.347  -73.912  -8.198 0.5000000000
7781  -14.144  -74.229  -8.697 0.5000000000
7794  -13.531  -74.130  -9.072 0.5000000000
7836  -9.578  -74.679  -12.999 0.5000000000
7840  -12.975  -74.650  -13.440 0.5000000000
7855  -10.926  -74.856  -14.189 0.5000000000
7856  -11.780  -74.738  -14.146 0.6000000238
7857  -12.646  -74.729  -14.072 0.5000000000
8313  -10.129  -73.219  3.384 0.6000000238
8332  -11.124  -73.441  2.854 0.8000000119
8382  -11.976  -72.972  0.519 0.8000000119
8395  -12.102  -72.746  -0.891 0.6999999881
8410  -10.939  -73.662  -2.595 0.6000000238
8418  -11.232  -73.062  -3.592 0.6000000238
8419  -11.942  -72.833  -3.293 0.6999999881
8425  -10.627  -73.450  -4.046 0.6000000238
8468  -8.385  -73.244  -7.613 0.6000000238
8482  -7.668  -73.845  -8.835 0.6000000238
8527  -7.288  -73.935  -11.229 0.6000000238
9090  -10.422  -72.526  3.515 0.6999999881
9091  -11.284  -72.335  3.561 0.8000000119
9107  -13.182  -72.121  2.941 0.6000000238
9153  -13.346  -72.338  0.779 0.8000000119
9163  -13.787  -72.370  -0.565 0.8000000119
9168  -12.805  -72.675  -1.455 0.6999999881
9170  -14.286  -72.377  -1.355 0.6999999881
9177  -11.763  -72.796  -3.910 0.6000000238
9179  -13.596  -72.547  -3.554 0.8000000119
9180  -14.345  -72.337  -3.203 0.6999999881
9192  -11.862  -72.607  -4.545 0.6000000238
9193  -12.700  -72.363  -4.615 0.6999999881
9194  -13.418  -72.282  -4.346 0.6999999881
9223  -10.207  -72.569  -6.228 0.5000000000
9224  -11.209  -72.348  -6.120 0.6000000238
9235  -9.147  -72.761  -7.333 0.5000000000
9244  -8.357  -72.889  -8.752 0.6000000238
9254  -7.700  -72.729  -10.455 0.6000000238
9266  -10.696  -73.278  -11.001 0.6000000238
9269  -12.890  -72.320  -9.801 0.6000000238
9290  -7.663  -72.937  -11.688 0.6000000238
9292  -8.341  -72.122  -12.054 0.5000000000
9838  -11.724  -71.600  3.628 0.6999999881
9840  -13.299  -71.101  3.521 0.6000000238
9850  -6.273  -71.059  2.090 0.6000000238
9851  -7.445  -71.359  2.308 0.6000000238
9854  -13.617  -71.544  3.124 0.6000000238
9893  -14.702  -71.768  -0.929 0.6999999881
9924  -14.035  -71.558  -4.745 0.8000000119
9952  -12.632  -71.395  -6.460 0.6999999881
10016  -7.553  -71.571  -11.216 0.5000000000
10020  -12.408  -71.772  -10.435 0.6000000238
10030  -7.762  -71.652  -11.631 0.5000000000
10035  -11.855  -71.105  -11.060 0.6000000238
10558  -12.099  -70.724  3.480 0.6999999881
10559  -12.948  -70.577  3.532 0.6000000238
10560  -13.671  -70.472  3.384 0.6000000238
10601  -5.357  -70.340  1.739 0.6000000238
10659  -14.580  -70.970  -4.088 0.6000000238
10720  -9.583  -70.709  -9.439 0.5000000000
10721  -10.428  -70.300  -9.066 0.6000000238
10722  -11.362  -69.963  -8.736 0.5000000000
10727  -8.944  -70.165  -10.240 0.6999999881
10732  -7.979  -70.503  -11.138 0.6000000238
10736  -15.367  -70.277  -10.613 0.5000000000
10738  -8.203  -70.406  -11.567 0.6000000238
10741  -11.162  -70.346  -11.695 0.6000000238
11237  -12.015  -69.840  2.893 0.6000000238
11257  -7.208  -70.101  2.223 0.6000000238
11258  -8.149  -70.085  2.226 0.6999999881
11259  -9.293  -70.118  2.153 0.6000000238
11261  -11.252  -70.071  2.199 0.6999999881
11280  -8.581  -69.652  1.664 0.6999999881
11281  -10.331  -70.003  1.155 0.6000000238
11307  -4.364  -69.851  -0.563 0.5000000000
11310  -10.635  -69.849  -1.349 0.6000000238
11318  -5.443  -69.560  -2.080 0.6000000238
11331  -3.197  -70.399  -3.642 0.5000000000
11332  -4.244  -70.348  -3.537 0.6000000238
11336  -9.302  -70.139  -2.881 0.6000000238
11337  -9.949  -70.067  -2.664 0.6000000238
11356  -6.699  -70.742  -4.011 0.6999999881
11357  -7.508  -70.312  -3.722 0.6999999881
11359  -14.285  -69.715  -4.145 0.5000000000
11407  -13.185  -69.756  -6.139 0.6999999881
11417  -12.214  -68.859  -7.909 0.5000000000
11418  -12.639  -68.804  -7.080 0.6999999881
11431  -8.608  -69.965  -10.866 0.6000000238
11445  -8.982  -69.343  -11.341 0.6000000238
11451  -15.727  -69.231  -11.680 0.4000000060
11457  -13.514  -68.629  -11.901 0.6000000238
11459  -15.124  -68.528  -11.849 0.4000000060
11997  -12.202  -68.986  2.447 0.5000000000
12012  -7.003  -69.118  1.336 0.8000000119
12014  -11.603  -69.015  1.760 0.6000000238
12042  -7.862  -69.078  -0.570 0.8000000119
12052  -8.477  -69.609  -1.488 0.6000000238
12078  -5.597  -70.135  -5.050 0.6999999881
12081  -8.245  -69.997  -3.591 0.6000000238
12130  -9.544  -68.606  -10.687 0.5000000000
12131  -10.086  -67.957  -10.461 0.5000000000
12132  -10.587  -67.489  -10.011 0.5000000000
12146  -9.356  -68.674  -11.077 0.6000000238
12159  -11.401  -68.152  -12.055 0.6000000238
12160  -12.230  -68.007  -12.141 0.6000000238
12884  -3.826  -68.228  -8.281 0.8000000119
12901  -3.634  -68.452  -8.233 0.8000000119
12923  -11.277  -67.104  -9.309 0.5000000000
12939  -10.823  -66.796  -11.243 0.5000000000
12952  -11.500  -67.312  -11.860 0.6000000238
13709  -3.708  -68.721  -7.922 0.8000000119
13773  -12.048  -65.967  -10.810 0.5000000000
13788  -13.845  -65.705  -11.769 0.5000000000
13801  -12.735  -66.188  -11.769 0.5000000000
13802  -13.566  -66.034  -12.037 0.5000000000
14526  -2.347  -65.813  -4.684 0.6000000238
14578  -3.092  -67.790  -8.419 0.8000000119
14587  -12.805  -65.740  -10.693 0.5000000000
14601  -12.805  -65.886  -11.091 0.5000000000
15301  -10.892  -64.397  -2.330 0.5000000000
15313  -9.451  -64.261  -3.722 0.5000000000
15314  -10.152  -63.907  -3.459 0.5000000000
15347  -7.066  -65.344  -5.092 0.5000000000
15357  -0.789  -64.672  -5.482 0.6999999881
16088  -6.871  -63.193  -3.503 0.5000000000
16090  -8.770  -63.218  -3.371 0.5000000000
16119  -0.415  -63.987  -4.906 0.6999999881
16120  -6.066  -63.485  -5.522 0.5000000000
16121  -6.285  -63.834  -4.936 0.5000000000
16856  -10.083  -62.230  -0.719 0.4000000060
16874  -8.078  -62.240  -1.873 0.4000000060
16876  -9.836  -62.593  -1.317 0.4000000060
16888  -8.856  -62.759  -2.502 0.4000000060
16890  -10.543  -62.927  -2.292 0.4000000060
16900  -0.006  -62.640  -3.783 0.5000000000
16904  -6.299  -62.878  -3.778 0.5000000000
16941  -6.020  -63.422  -8.111 0.5000000000
17671  -8.493  -61.732  -1.391 0.4000000060
17685  -7.233  -61.622  -2.346 0.4000000060
17713  -6.928  -62.121  -6.621 0.4000000060
17725  -4.900  -61.019  -6.521 0.4000000060
17740  -6.382  -62.084  -7.424 0.4000000060
18500  -9.120  -60.101  -2.039 0.4000000060
18510  -6.598  -61.575  -4.793 0.5000000000
18511  -7.118  -60.950  -4.042 0.4000000060
18523  -4.070  -60.826  -5.692 0.5000000000
18525  -7.241  -61.328  -5.647 0.5000000000
18537  -7.279  -62.210  -7.238 0.4000000060
18555  -6.799  -61.632  -7.154 0.4000000060
19393  -9.931  -59.753  -1.720 0.4000000060
19394  -10.704  -59.436  -1.395 0.3000000119
19446  -9.098  -61.970  -7.356 0.4000000060
19459  -6.691  -60.635  -6.818 0.5000000000
20314  -4.622  -58.147  -3.850 0.4000000060
20331  -9.915  -60.224  -6.022 0.3000000119
21148  -7.581  -57.844  -1.077 0.4000000060
21165  -6.985  -57.214  -2.776 0.3000000119
21178  -5.813  -56.749  -4.125 0.4000000060
22045  -9.471  -56.194  -3.278 0.5000000000
22923  -10.044  -55.876  -2.911 0.5000000000
22972  -9.074  -54.977  -6.722 0.3000000119
24415  -10.469  -53.305  -3.890 0.5000000000
118855  -13.250  -72.198  2.095 0.6999999881
119216  -23.224  -89.426  -7.124 0.3000000119
119257  -7.281  -74.972  -10.532 0.6000000238
120329  -14.244  -82.358  -14.362 0.5000000000
120373  -23.047  -81.592  -5.924 0.4000000060
120671  -25.385  -77.385  -7.354 0.3000000119
120909  -9.379  -69.622  0.910 0.6000000238
121628  -3.148  -66.494  -5.021 0.6999999881
122057  -14.279  -83.679  1.983 0.3000000119
122975  -6.921  -81.927  -10.154 0.6000000238
123398  -7.240  -75.812  -8.941 0.6000000238
123520  -7.036  -75.089  -11.154 0.5000000000
124724  -8.918  -65.078  -3.545 0.6000000238
124933  -10.535  -70.060  -0.734 0.6000000238
125022  -5.807  -58.155  -1.474 0.3000000119
125429  -8.471  -72.974  -12.114 0.5000000000
125504  -11.012  -70.014  0.337 0.6999999881
126332  -9.638  -71.270  2.999 0.6999999881
126380  -14.354  -67.924  -11.929 0.6000000238
126702  -10.606  -74.954  -2.190 0.6000000238
126743  -9.272  -72.860  -6.409 0.6000000238
126838  -13.587  -72.737  -2.052 0.8000000119
127611  -20.861  -85.954  -11.578 0.6000000238
127731  -6.949  -70.775  2.268 0.6000000238
127974  -19.662  -86.234  -12.055 0.6000000238
127998  -7.955  -73.739  -7.550 0.6000000238
128228  -9.882  -61.828  -7.572 0.4000000060
128304  -14.723  -70.123  -3.437 0.5000000000
128375  -8.295  -72.373  -9.743 0.6000000238
128515  -6.850  -76.419  -9.005 0.6000000238
128842  -5.973  -77.877  -12.115 0.6999999881
128853  -11.713  -83.722  -11.005 0.6000000238
130008  -16.385  -82.371  -14.786 0.5000000000
131322  -7.405  -67.755  -4.312 0.5000000000
131773  -3.099  -65.782  -7.910 0.8000000119
131906  -10.920  -81.577  -7.185 0.6999999881
132087  -13.185  -74.335  -9.978 0.5000000000
132230  -20.955  -88.271  -10.862 0.4000000060
133169  -23.740  -88.588  -11.018 0.4000000060
133191  -25.589  -87.052  -11.465 0.6000000238
133409  -12.441  -72.693  -0.089 0.8000000119
133866  -17.650  -81.865  -2.126 0.3000000119
134003  -10.322  -76.408  -0.414 0.6000000238
134166  -24.384  -81.686  -4.527 0.3000000119
134567  -8.788  -77.612  -12.684 0.6999999881
134571  -6.826  -71.337  2.123 0.6000000238
134778  -9.469  -69.824  -12.162 0.6000000238
136120  -11.211  -67.299  1.179 0.5000000000
136292  -12.029  -69.658  -8.246 0.6000000238
136485  -18.401  -80.174  -7.523 0.6000000238
136715  -11.151  -66.248  -10.962 0.5000000000
136856  -4.817  -70.457  -4.175 0.6000000238
137008  -24.973  -82.524  -3.806 0.3000000119
137474  -10.516  -66.666  -10.939 0.5000000000
137589  -9.755  -61.694  -0.651 0.4000000060
137601  -11.380  -79.345  -7.618 0.6999999881
138081  -11.578  -73.100  -1.346 0.6999999881
138559  -5.596  -69.293  0.759 0.6000000238
138762  -24.629  -79.712  -6.252 0.3000000119
139180  -23.835  -87.074  -9.631 0.3000000119
139567  -14.093  -81.869  2.984 0.3000000119
139878  -23.053  -84.881  -4.212 0.3000000119
140938  -6.588  -78.730  -7.651 0.5000000000
141380  -11.288  -76.635  -14.258 0.5000000000
141493  -7.537  -72.096  -11.228 0.5000000000
141556  -7.506  -74.281  -8.589 0.6000000238
142107  -12.150  -81.109  -6.914 0.6999999881
142371  -10.406  -75.894  0.824 0.6999999881
142522  -1.286  -60.464  -2.324 0.5000000000
142590  -19.713  -81.022  -12.131 0.6000000238
142903  -6.983  -75.376  -11.611 0.6000000238
143033  -13.678  -80.901  -7.936 0.6999999881
