#!ascii label  , from subject sub-v1s21x0050421_ses-1 vox2ras=TkReg
879
65479  16.150  -8.536  -19.548 0.2500000000
65490  16.629  -8.602  -20.117 0.2500000000
64480  17.051  -9.406  -20.233 0.7500000000
68544  13.362  -4.902  -22.884 0.2500000000
68555  14.843  -5.235  -22.388 0.1250000000
67566  13.668  -5.790  -23.260 0.3750000000
67555  15.064  -6.100  -21.444 0.2500000000
126750  15.781  -7.270  -20.418 0.2500000000
65502  16.801  -7.931  -20.640 0.7500000000
137511  16.202  -7.445  -20.652 0.3750000000
64506  17.869  -9.484  -20.802 0.8750000000
124220  17.386  -8.655  -20.674 0.8750000000
64505  18.769  -9.403  -21.139 0.8750000000
68571  14.509  -5.444  -23.226 0.3750000000
67554  15.884  -6.364  -21.691 0.3750000000
66536  16.714  -7.218  -21.284 0.7500000000
65524  18.349  -8.018  -21.791 1.0000000000
65501  17.584  -7.968  -21.264 1.0000000000
135546  19.627  -9.282  -21.103 1.0000000000
67586  11.277  -6.017  -23.676 0.2500000000
66570  14.101  -6.302  -23.715 0.7500000000
67564  16.030  -5.638  -22.708 0.8750000000
66551  16.964  -6.613  -22.132 0.8750000000
67565  15.234  -5.466  -22.466 0.7500000000
144417  19.049  -7.828  -22.037 1.0000000000
66550  17.664  -7.404  -21.985 1.0000000000
65522  20.618  -7.919  -21.922 1.0000000000
65523  19.775  -7.903  -21.986 1.0000000000
64531  20.096  -8.519  -21.365 1.0000000000
65499  19.135  -8.508  -21.490 1.0000000000
69564  13.926  -4.760  -23.039 0.1250000000
66586  12.458  -7.002  -24.168 0.6250000000
67584  15.358  -5.322  -23.514 1.0000000000
66584  14.316  -6.738  -24.811 0.8750000000
67563  17.184  -6.114  -22.834 1.0000000000
66549  20.262  -7.237  -22.405 1.0000000000
135301  19.414  -7.202  -22.334 1.0000000000
67562  17.907  -6.734  -22.552 1.0000000000
65519  23.153  -8.409  -22.317 1.0000000000
65521  21.455  -8.048  -22.023 1.0000000000
72395  18.604  -1.266  -22.451 0.2500000000
69588  12.437  -4.690  -23.338 0.2500000000
70533  14.465  -4.076  -23.474 0.3750000000
69605  13.037  -4.600  -24.108 0.5000000000
136644  14.492  -5.204  -24.657 1.0000000000
119646  13.928  -4.696  -24.614 0.6250000000
68584  15.346  -5.282  -23.627 1.0000000000
68569  17.281  -5.453  -23.216 1.0000000000
68570  16.083  -5.265  -23.344 1.0000000000
66566  20.660  -6.799  -23.157 1.0000000000
66567  19.803  -6.679  -22.981 1.0000000000
67582  19.277  -5.890  -23.354 1.0000000000
66565  21.537  -6.848  -23.321 1.0000000000
66546  22.810  -7.703  -22.727 1.0000000000
66563  23.329  -7.204  -23.325 1.0000000000
72407  18.620  -1.355  -23.098 0.5000000000
72408  18.152  -1.874  -22.813 0.3750000000
71478  17.844  -2.556  -23.037 0.3750000000
70517  17.313  -3.126  -22.796 0.5000000000
70530  17.501  -3.068  -23.053 0.5000000000
70549  17.427  -3.459  -23.240 0.8750000000
69604  16.427  -3.943  -23.298 1.0000000000
70548  18.635  -3.650  -23.714 1.0000000000
68568  18.433  -5.329  -23.438 1.0000000000
68583  18.697  -4.562  -23.772 1.0000000000
68566  20.826  -5.720  -24.271 1.0000000000
68567  19.945  -5.424  -23.998 1.0000000000
67593  23.352  -5.971  -24.388 1.0000000000
67578  22.926  -6.569  -23.795 1.0000000000
66562  24.256  -7.326  -23.465 0.8750000000
71477  18.408  -2.182  -23.302 0.6250000000
71491  18.966  -2.734  -23.710 0.6250000000
70529  18.114  -2.999  -23.375 0.7500000000
69598  23.056  -4.311  -24.710 1.0000000000
69599  22.201  -4.097  -24.642 1.0000000000
126058  21.310  -4.860  -24.503 1.0000000000
68582  19.593  -4.786  -24.117 1.0000000000
68579  22.912  -5.326  -24.581 1.0000000000
68580  21.605  -5.633  -24.408 1.0000000000
68578  23.749  -5.042  -24.694 0.8750000000
67592  24.357  -5.849  -24.474 0.8750000000
71476  19.116  -1.787  -23.687 0.8750000000
71489  21.246  -2.221  -24.509 1.0000000000
70546  20.729  -3.271  -24.289 1.0000000000
124574  22.847  -3.459  -24.785 1.0000000000
70544  22.336  -3.114  -24.739 1.0000000000
69601  20.053  -4.202  -24.207 1.0000000000
70558  23.806  -2.429  -25.365 1.0000000000
69596  25.655  -3.916  -24.713 1.0000000000
69597  24.018  -3.967  -24.758 1.0000000000
70543  23.514  -3.279  -24.941 1.0000000000
133918  24.759  -3.735  -24.884 1.0000000000
72406  19.184  -0.857  -23.453 0.5000000000
72420  19.870  -1.350  -24.099 0.8750000000
137638  22.686  -0.948  -25.281 1.0000000000
71488  22.116  -1.844  -24.961 1.0000000000
124698  20.789  -1.710  -24.378 1.0000000000
72444  25.032  -0.873  -25.919 1.0000000000
72433  24.598  -1.132  -25.754 1.0000000000
72432  25.391  -1.413  -25.994 1.0000000000
71503  24.159  -1.694  -25.619 1.0000000000
70556  25.426  -2.459  -25.625 1.0000000000
71502  24.994  -1.807  -25.733 1.0000000000
69611  25.964  -3.112  -25.214 0.8750000000
123215  22.186  2.666  -25.267 1.0000000000
127719  21.364  2.047  -24.549 0.3750000000
122890  22.101  1.852  -24.860 0.8750000000
120852  23.034  -0.191  -25.268 1.0000000000
73340  24.652  -0.438  -25.865 1.0000000000
73325  23.928  -0.749  -25.594 1.0000000000
77076  22.333  3.538  -25.679 0.8750000000
76107  22.942  1.610  -25.321 1.0000000000
74213  24.769  -0.359  -25.954 1.0000000000
74214  24.227  -0.136  -25.718 1.0000000000
130495  21.655  4.245  -25.467 0.7500000000
76128  23.124  2.504  -25.909 1.0000000000
76106  23.567  1.429  -25.701 1.0000000000
75177  24.569  1.255  -26.533 1.0000000000
75178  24.125  0.799  -25.864 1.0000000000
77088  23.068  3.466  -26.481 1.0000000000
76127  23.656  2.736  -26.751 1.0000000000
120028  23.910  1.834  -26.244 1.0000000000
82935  23.974  9.031  -26.879 0.1250000000
82934  24.256  10.008  -27.196 0.1250000000
122515  23.927  8.753  -27.828 0.2500000000
81971  23.962  8.720  -28.717 0.3750000000
82942  23.955  9.435  -28.432 0.2500000000
81976  23.862  8.738  -29.633 0.5000000000
82949  23.738  9.487  -29.254 0.2500000000
83880  23.725  10.237  -28.897 0.2500000000
133310  23.349  10.104  -29.611 0.2500000000
83886  22.583  11.021  -30.030 0.2500000000
82958  23.317  9.567  -30.134 0.2500000000
82959  22.464  9.988  -30.615 0.2500000000
82970  22.973  9.242  -30.911 0.3750000000
83895  22.837  10.394  -30.112 0.2500000000
82971  22.230  9.583  -31.278 0.2500000000
65480  15.890  -8.250  -19.379 0.1250000000
66537  15.571  -6.936  -21.022 0.2500000000
67546  15.048  -6.486  -20.796 0.1250000000
64529  21.792  -8.804  -21.633 1.0000000000
71490  20.020  -2.354  -24.172 0.8750000000
71504  23.333  -1.736  -25.444 1.0000000000
63425  16.460  -9.624  -19.323 0.1250000000
63450  17.538  -10.343  -20.207 0.6250000000
63449  18.380  -11.116  -20.551 0.7500000000
68542  14.807  -5.535  -21.357 0.1250000000
62369  19.028  -11.074  -21.057 1.0000000000
66521  15.846  -7.790  -19.610 0.1250000000
139604  19.989  -9.928  -20.959 1.0000000000
64503  21.287  -9.414  -21.123 1.0000000000
64527  23.472  -9.189  -22.034 1.0000000000
70520  14.794  -3.834  -23.021 0.3750000000
71468  17.738  -2.494  -22.529 0.2500000000
132590  25.189  -7.493  -23.542 0.8750000000
67591  25.426  -5.716  -24.554 0.8750000000
67576  24.985  -6.644  -24.099 0.8750000000
76109  20.735  2.554  -24.419 0.1250000000
75162  20.941  1.767  -24.322 0.1250000000
73296  19.223  0.026  -23.243 0.3750000000
73313  20.728  -0.261  -24.258 0.6250000000
71501  25.746  -1.998  -25.992 1.0000000000
76108  21.320  2.710  -24.773 0.5000000000
75161  21.753  1.244  -24.607 0.8750000000
73339  25.377  -0.810  -26.321 1.0000000000
125125  26.006  -0.648  -27.013 1.0000000000
74212  25.400  -0.160  -26.472 1.0000000000
123660  24.711  0.296  -26.206 1.0000000000
78075  22.566  4.401  -26.078 0.8750000000
77087  23.320  4.100  -27.061 1.0000000000
82926  24.012  9.721  -26.383 0.1250000000
81964  23.738  8.240  -26.074 0.1250000000
120837  23.960  6.890  -27.950 0.6250000000
121502  23.938  7.860  -28.058 0.6250000000
81062  23.952  7.836  -30.009 0.5000000000
140528  24.030  9.431  -27.701 0.2500000000
81987  23.555  8.608  -30.520 0.5000000000
83879  24.056  10.709  -28.391 0.2500000000
83885  23.168  10.765  -29.563 0.2500000000
81997  23.155  8.418  -31.266 0.5000000000
84842  22.921  11.622  -29.601 0.1250000000
83896  22.092  10.714  -30.407 0.2500000000
126102  21.171  10.595  -31.432 0.2500000000
123434  22.665  8.924  -31.498 0.3750000000
83925  21.299  10.525  -32.349 0.2500000000
84845  21.981  11.505  -30.240 0.1250000000
64466  16.097  -8.974  -19.212 0.1250000000
64481  16.493  -9.216  -19.610 0.3750000000
63451  16.792  -9.939  -19.751 0.5000000000
63472  18.458  -10.294  -20.914 0.7500000000
65500  18.199  -8.689  -21.222 0.8750000000
64504  20.448  -9.286  -21.021 1.0000000000
64530  20.962  -8.623  -21.422 1.0000000000
119697  13.927  -6.002  -25.094 0.8750000000
68554  16.607  -5.664  -23.072 1.0000000000
66547  21.944  -7.507  -22.619 1.0000000000
67561  18.855  -6.660  -22.797 1.0000000000
67583  18.135  -6.127  -23.134 1.0000000000
65520  22.295  -8.217  -22.157 1.0000000000
70518  16.100  -3.441  -22.838 0.3750000000
70550  14.808  -4.135  -23.586 0.5000000000
119495  15.144  -4.309  -23.517 0.8750000000
69586  16.837  -4.621  -23.312 1.0000000000
69585  17.814  -4.799  -23.465 1.0000000000
66564  22.448  -7.081  -23.250 1.0000000000
67581  20.286  -6.106  -23.595 1.0000000000
133468  20.958  -6.362  -23.768 1.0000000000
67577  23.860  -6.621  -23.945 1.0000000000
70531  16.507  -3.438  -22.942 0.6250000000
69603  17.718  -4.052  -23.496 1.0000000000
70547  19.607  -3.427  -24.020 1.0000000000
69602  19.307  -4.164  -24.034 1.0000000000
67594  22.354  -5.984  -24.323 1.0000000000
120680  25.976  -6.988  -24.043 0.8750000000
70542  24.270  -3.133  -25.178 1.0000000000
126657  22.202  -5.079  -24.580 1.0000000000
144241  20.787  -4.266  -24.337 1.0000000000
69600  21.516  -3.721  -24.500 1.0000000000
68576  25.835  -4.905  -24.559 0.8750000000
71505  22.746  -1.546  -25.283 1.0000000000
71487  22.565  -2.225  -25.085 1.0000000000
70545  21.771  -2.698  -24.642 1.0000000000
70559  23.057  -2.665  -25.090 1.0000000000
70557  24.599  -2.397  -25.529 1.0000000000
73314  19.801  -0.444  -23.939 0.6250000000
72419  20.846  -1.050  -24.336 0.7500000000
121489  21.648  -1.508  -24.741 1.0000000000
72418  21.844  -0.884  -24.845 1.0000000000
72436  22.427  -1.275  -25.166 1.0000000000
73326  23.293  -0.751  -25.436 1.0000000000
142124  23.598  -0.889  -25.515 1.0000000000
72443  25.806  -1.487  -26.594 1.0000000000
72434  23.878  -1.072  -25.622 1.0000000000
75160  22.712  0.802  -24.927 1.0000000000
73327  22.476  -0.557  -25.110 1.0000000000
74195  23.780  -0.469  -25.543 1.0000000000
74196  22.142  0.257  -24.817 1.0000000000
75159  23.534  0.445  -25.438 1.0000000000
144514  23.588  3.387  -27.199 1.0000000000
82927  23.756  9.150  -25.786 0.1250000000
133252  24.108  10.067  -28.086 0.2500000000
81967  23.838  8.088  -27.099 0.3750000000
81045  24.051  7.934  -29.071 0.7500000000
83910  21.540  10.341  -30.900 0.2500000000
63436  16.415  -9.873  -19.136 0.2500000000
64459  16.801  -10.301  -19.452 0.1250000000
63424  16.742  -10.484  -18.800 0.1250000000
63435  16.857  -10.664  -19.265 0.6250000000
63471  19.285  -10.153  -21.090 1.0000000000
140707  20.484  1.524  -24.163 0.5000000000
74186  21.517  -0.068  -24.562 0.7500000000
74197  21.094  0.873  -24.299 0.7500000000
141278  20.563  0.449  -24.181 0.8750000000
77095  23.931  3.616  -27.970 1.0000000000
76126  24.380  2.216  -26.971 1.0000000000
81032  23.685  7.482  -26.424 0.3750000000
141363  24.134  7.256  -28.637 0.7500000000
81037  23.811  7.200  -27.169 0.5000000000
82977  22.084  9.000  -32.144 0.2500000000
58274  21.468  -14.684  -20.039 0.7500000000
58271  23.483  -15.251  -20.175 0.7500000000
58259  21.367  -14.582  -19.436 0.7500000000
59294  20.775  -13.282  -19.394 0.7500000000
59316  23.392  -14.089  -20.048 0.7500000000
59319  21.125  -13.989  -20.069 0.7500000000
125236  20.863  -13.475  -19.936 0.7500000000
60306  23.635  -13.477  -19.998 0.7500000000
60308  22.079  -13.645  -20.353 0.7500000000
59334  21.355  -13.579  -20.263 0.7500000000
62349  18.650  -11.703  -20.154 0.7500000000
60329  21.020  -13.017  -20.407 0.7500000000
61348  20.329  -11.983  -20.546 0.8750000000
61349  19.566  -11.973  -20.513 0.8750000000
60326  24.329  -13.149  -20.248 0.7500000000
60328  22.424  -12.907  -20.520 0.7500000000
131412  22.129  -12.531  -20.648 0.7500000000
126920  20.433  -11.731  -20.778 0.8750000000
63470  19.934  -10.882  -21.062 0.8750000000
127272  23.585  -12.108  -21.056 0.7500000000
62365  22.999  -11.800  -21.054 0.7500000000
134694  21.905  -11.039  -20.751 0.8750000000
136126  20.710  -10.087  -20.796 0.8750000000
63466  24.216  -10.710  -21.516 0.7500000000
63468  22.436  -10.358  -21.164 0.8750000000
64499  24.581  -9.999  -21.952 0.8750000000
64500  23.796  -9.910  -21.751 0.8750000000
64526  24.272  -9.339  -22.195 0.8750000000
65518  24.009  -8.626  -22.486 0.8750000000
65514  28.942  -8.701  -23.115 0.3750000000
65540  26.807  -8.381  -23.225 0.6250000000
65517  25.868  -8.559  -22.933 0.7500000000
65538  28.809  -7.868  -23.635 0.5000000000
65539  27.865  -8.179  -23.483 0.5000000000
138306  27.169  -7.745  -23.643 0.7500000000
66561  26.165  -7.769  -23.483 0.7500000000
67553  29.431  -6.922  -23.429 0.1250000000
66559  29.096  -7.280  -23.937 0.3750000000
66560  28.067  -7.379  -24.054 0.6250000000
126447  26.947  -7.180  -24.072 0.6250000000
67575  26.737  -6.454  -24.467 0.6250000000
68536  29.392  -6.091  -22.128 0.1250000000
68537  29.180  -6.437  -22.872 0.1250000000
68563  28.473  -6.210  -24.132 0.1250000000
68553  28.199  -5.570  -23.664 0.1250000000
68565  27.240  -5.443  -24.692 0.6250000000
141733  26.878  -5.133  -24.716 0.6250000000
130647  26.481  -4.663  -24.597 0.7500000000
69571  29.035  -4.718  -22.484 0.1250000000
134802  29.072  -3.216  -22.670 0.1250000000
70516  27.977  -3.885  -23.547 0.1250000000
132877  27.526  -3.869  -24.182 0.5000000000
69584  26.931  -4.603  -24.574 0.6250000000
69595  26.531  -3.755  -24.702 0.7500000000
70485  29.774  -4.331  -21.685 0.1250000000
70527  27.961  -3.194  -24.263 0.5000000000
142353  27.685  -3.228  -24.678 0.5000000000
70528  27.497  -2.861  -25.104 0.6250000000
70540  26.806  -3.012  -25.168 0.7500000000
79100  22.569  5.325  -25.948 0.5000000000
71486  27.626  -2.261  -25.462 0.6250000000
71499  27.091  -2.023  -26.487 0.6250000000
139386  25.985  -1.892  -26.620 0.8750000000
129196  27.950  -1.811  -25.131 0.5000000000
72417  27.508  -1.664  -25.981 0.6250000000
141354  27.461  -1.032  -26.261 0.6250000000
72430  27.092  -1.447  -26.995 0.7500000000
78074  23.128  5.001  -26.827 0.7500000000
138856  25.467  0.859  -26.757 0.8750000000
72442  26.312  -1.297  -27.056 0.7500000000
74211  26.236  0.135  -26.958 0.8750000000
75176  26.411  1.093  -26.934 0.8750000000
75184  25.811  1.729  -27.225 0.8750000000
73312  27.676  -0.970  -25.293 0.3750000000
73323  27.476  -0.395  -25.920 0.5000000000
73338  26.704  -0.621  -27.134 0.6250000000
75149  27.741  0.569  -24.362 0.2500000000
74185  27.516  0.081  -25.081 0.3750000000
73337  27.196  -0.498  -26.688 0.5000000000
123906  23.127  5.808  -26.657 0.6250000000
79107  23.612  5.547  -27.433 0.7500000000
76141  24.835  2.467  -28.021 0.7500000000
76140  25.383  2.233  -27.889 0.8750000000
74210  26.884  0.318  -26.777 0.6250000000
74193  27.365  0.558  -26.060 0.5000000000
76125  26.590  1.968  -26.999 0.7500000000
78081  23.703  4.648  -27.678 0.8750000000
77094  24.456  2.897  -28.400 0.8750000000
78087  24.106  4.283  -28.547 0.7500000000
76153  24.848  2.381  -29.192 0.8750000000
139996  25.580  2.368  -28.532 0.7500000000
76105  27.622  2.935  -25.573 0.2500000000
76124  27.162  2.361  -26.451 0.5000000000
75175  27.021  1.364  -26.531 0.5000000000
75150  27.618  1.238  -24.951 0.2500000000
80106  23.661  6.362  -27.243 0.5000000000
120239  23.967  6.059  -28.005 0.6250000000
80119  24.207  5.694  -28.625 0.7500000000
79113  24.265  4.940  -28.964 0.7500000000
78086  24.284  4.038  -29.394 0.7500000000
78093  24.630  3.332  -30.282 0.7500000000
79120  24.258  4.553  -29.900 0.7500000000
77110  24.873  2.339  -30.089 0.7500000000
76162  25.091  2.048  -29.817 0.7500000000
77109  25.271  2.084  -30.420 0.7500000000
77093  26.051  2.736  -28.452 0.5000000000
76151  25.596  2.234  -29.574 0.6250000000
77086  27.324  3.324  -26.451 0.2500000000
76138  26.703  2.861  -27.301 0.3750000000
78080  26.590  3.522  -28.130 0.3750000000
80120  24.223  6.445  -28.754 0.6250000000
80130  24.262  5.646  -29.389 0.7500000000
77120  25.478  2.627  -30.839 0.6250000000
77099  26.313  2.972  -29.361 0.3750000000
77108  25.993  2.506  -30.374 0.3750000000
78084  27.108  4.521  -27.783 0.1250000000
143539  24.255  6.339  -29.397 0.6250000000
80131  24.135  6.138  -30.094 0.7500000000
136006  24.195  5.212  -30.242 0.6250000000
79125  24.591  4.338  -30.868 0.7500000000
77119  26.096  3.060  -30.804 0.3750000000
78099  25.033  3.194  -31.100 0.3750000000
77121  25.009  2.462  -30.699 0.7500000000
78092  26.587  3.563  -30.089 0.2500000000
79106  27.564  5.368  -27.363 0.1250000000
79111  27.231  5.293  -28.416 0.1250000000
134361  27.413  4.723  -26.969 0.1250000000
120277  24.191  7.017  -29.450 0.6250000000
142665  23.982  6.982  -30.332 0.6250000000
80138  24.219  5.388  -30.933 0.3750000000
79138  24.618  4.813  -31.671 0.3750000000
78110  26.035  4.327  -31.279 0.2500000000
78098  25.643  3.572  -31.149 0.3750000000
122386  25.171  4.198  -31.433 0.3750000000
79118  27.086  5.608  -29.325 0.1250000000
80105  27.808  6.074  -27.823 0.1250000000
79112  26.842  4.702  -29.344 0.1250000000
133044  22.999  7.642  -31.621 0.3750000000
80139  23.723  6.259  -31.103 0.3750000000
80148  24.040  5.444  -31.631 0.3750000000
78112  24.984  4.653  -32.393 0.3750000000
78111  25.445  4.470  -31.635 0.3750000000
80136  27.199  6.598  -30.191 0.1250000000
79124  26.405  5.034  -30.787 0.1250000000
80118  27.580  6.214  -28.706 0.1250000000
81116  23.049  6.311  -32.592 0.2500000000
79147  23.754  5.283  -33.069 0.2500000000
80149  23.515  5.758  -32.087 0.3750000000
79145  25.047  4.666  -33.118 0.1250000000
79146  24.653  4.761  -33.160 0.3750000000
79139  24.275  5.021  -32.389 0.3750000000
79137  25.432  5.076  -32.422 0.1250000000
81092  26.556  6.957  -32.204 0.1250000000
79136  26.009  5.139  -31.501 0.1250000000
81094  22.651  7.263  -32.298 0.3750000000
81093  23.075  6.717  -31.731 0.3750000000
80161  23.255  6.157  -33.288 0.2500000000
79151  24.885  4.985  -33.555 0.1250000000
79155  24.641  5.512  -34.004 0.1250000000
80166  25.225  5.801  -33.998 0.1250000000
81091  27.380  7.358  -31.697 0.1250000000
81128  25.942  6.868  -33.893 0.1250000000
81141  23.562  7.120  -34.614 0.1250000000
80172  24.813  6.280  -34.474 0.1250000000
81114  27.368  7.493  -32.781 0.1250000000
63469  21.589  -10.211  -20.913 0.8750000000
123157  25.619  -9.211  -22.460 0.6250000000
79114  24.038  5.227  -28.177 0.8750000000
123693  24.448  3.197  -29.160 0.8750000000
76152  25.154  2.168  -28.965 0.7500000000
76139  26.038  2.357  -27.693 0.7500000000
81078  26.717  6.902  -31.387 0.1250000000
79152  24.442  5.107  -33.567 0.2500000000
81127  26.874  7.451  -33.791 0.1250000000
133436  27.868  -6.072  -24.496 0.5000000000
139253  27.303  -6.031  -24.807 0.6250000000
139928  25.937  -6.304  -24.447 0.7500000000
72416  28.100  -2.250  -24.935 0.3750000000
74184  27.868  -0.349  -24.290 0.2500000000
80147  26.163  6.088  -31.837 0.1250000000
74168  28.136  0.536  -23.737 0.1250000000
57220  22.931  -16.331  -19.283 0.7500000000
145135  22.177  -15.855  -19.405 0.7500000000
58246  21.431  -14.254  -18.587 0.7500000000
59293  20.923  -13.890  -18.983 0.7500000000
56240  24.226  -16.480  -20.162 0.7500000000
57241  22.621  -15.732  -20.237 0.7500000000
58269  24.906  -15.157  -19.969 0.7500000000
61325  19.226  -12.010  -19.703 0.6250000000
59320  20.700  -12.890  -19.847 0.7500000000
60305  24.996  -13.762  -20.260 0.6250000000
129214  24.174  -12.496  -20.894 0.7500000000
61343  25.521  -11.962  -21.217 0.6250000000
143611  24.766  -11.035  -21.449 0.6250000000
63481  26.665  -10.177  -22.104 0.5000000000
64523  28.181  -9.478  -22.531 0.3750000000
64524  27.042  -9.535  -22.433 0.5000000000
66535  29.896  -7.580  -23.105 0.1250000000
67552  29.575  -6.971  -22.631 0.1250000000
68524  29.618  -5.657  -21.358 0.1250000000
125712  30.354  -3.967  -20.934 0.1250000000
70484  30.105  -3.439  -21.607 0.1250000000
70499  29.412  -3.731  -22.232 0.1250000000
78065  21.702  4.964  -25.411 0.3750000000
71447  29.721  -2.831  -22.222 0.1250000000
71464  28.453  -3.039  -23.353 0.1250000000
71474  28.204  -2.504  -24.282 0.1250000000
72405  28.256  -1.806  -24.243 0.2500000000
73311  27.991  -1.267  -24.561 0.2500000000
79099  22.812  6.000  -25.829 0.5000000000
76096  27.958  2.105  -24.397 0.1250000000
76104  27.896  2.735  -24.746 0.1250000000
78073  27.561  4.288  -26.270 0.1250000000
79098  27.811  5.235  -26.521 0.1250000000
79105  28.116  5.947  -26.965 0.1250000000
80117  28.336  6.535  -28.355 0.1250000000
80104  28.592  6.378  -27.560 0.1250000000
81061  27.784  7.026  -29.908 0.1250000000
81090  28.867  7.582  -30.964 0.1250000000
83876  24.362  10.764  -27.756 0.1250000000
82024  22.128  7.898  -33.609 0.2500000000
81130  22.553  7.305  -33.943 0.1250000000
82039  22.455  8.344  -34.511 0.1250000000
81129  25.536  6.891  -34.490 0.1250000000
81140  24.255  6.895  -34.790 0.1250000000
81138  26.419  7.420  -34.550 0.1250000000
81113  28.184  7.609  -32.100 0.1250000000
66545  23.672  -7.901  -22.903 0.7500000000
71500  26.464  -2.150  -26.435 0.7500000000
131136  26.262  -2.497  -25.721 0.7500000000
77077  21.199  3.646  -25.108 0.3750000000
75185  25.058  1.815  -27.185 0.8750000000
64501  22.958  -9.747  -21.550 0.8750000000
140158  18.975  -11.653  -20.798 0.7500000000
62368  19.604  -11.713  -20.953 0.8750000000
142799  25.314  -8.167  -23.153 0.7500000000
68575  26.570  -5.609  -24.759 0.6250000000
76142  24.111  2.900  -27.557 0.8750000000
81079  23.563  7.531  -30.964 0.3750000000
81998  22.643  8.231  -31.940 0.3750000000
82011  21.814  8.738  -33.222 0.1250000000
82010  22.247  8.001  -32.761 0.2500000000
127108  20.987  -14.036  -19.658 0.7500000000
58245  21.881  -15.040  -18.954 0.7500000000
58258  21.822  -15.581  -20.099 0.7500000000
58272  22.805  -14.993  -20.231 0.7500000000
57240  23.281  -15.758  -20.277 0.7500000000
57238  24.538  -15.862  -20.042 0.7500000000
134671  24.547  -14.668  -20.052 0.7500000000
141620  20.579  -12.547  -19.498 0.7500000000
59318  21.863  -14.368  -20.258 0.7500000000
60309  20.883  -12.961  -20.201 0.7500000000
124679  21.608  -12.960  -20.538 0.7500000000
60285  20.145  -12.141  -19.844 0.7500000000
60310  20.612  -12.250  -20.327 0.7500000000
61346  21.659  -12.385  -20.633 0.8750000000
60327  23.377  -12.745  -20.545 0.7500000000
62366  22.241  -11.899  -20.816 0.8750000000
133901  20.983  -10.943  -20.697 0.8750000000
62364  23.569  -11.336  -21.232 0.7500000000
62363  24.519  -11.707  -21.248 0.7500000000
63467  23.289  -10.516  -21.376 0.8750000000
63464  25.934  -10.542  -21.797 0.6250000000
129750  24.942  -8.768  -22.638 0.7500000000
65515  27.510  -8.898  -22.955 0.5000000000
65516  26.473  -9.023  -22.692 0.6250000000
135420  29.531  -7.249  -23.593 0.2500000000
66543  29.743  -7.953  -23.326 0.1250000000
68552  28.864  -6.257  -23.509 0.2500000000
67573  28.497  -6.683  -24.232 0.3750000000
67574  27.616  -6.598  -24.381 0.6250000000
68551  29.013  -5.716  -22.614 0.1250000000
69554  29.498  -5.230  -21.861 0.1250000000
68564  27.734  -5.557  -24.242 0.5000000000
69573  27.665  -4.745  -23.782 0.1250000000
69572  28.249  -4.715  -23.159 0.1250000000
69583  27.234  -4.696  -24.328 0.5000000000
136410  27.165  -3.671  -24.587 0.6250000000
132264  27.027  -2.435  -25.756 0.6250000000
75158  27.433  1.770  -25.801 0.3750000000
141631  27.576  3.646  -25.925 0.1250000000
136487  27.729  2.149  -25.094 0.2500000000
78079  27.113  3.889  -27.131 0.3750000000
78085  26.737  4.108  -28.853 0.3750000000
79119  26.734  4.769  -30.113 0.2500000000
131143  26.322  3.937  -30.805 0.2500000000
80128  27.413  6.402  -29.526 0.1250000000
80129  26.859  5.855  -30.090 0.1250000000
80137  26.548  6.264  -30.843 0.1250000000
81077  27.363  7.163  -30.741 0.1250000000
80127  28.093  6.806  -29.141 0.1250000000
81117  22.588  7.035  -33.191 0.2500000000
80167  23.934  5.775  -33.834 0.2500000000
80160  25.313  5.242  -33.304 0.1250000000
81115  26.295  6.979  -33.087 0.1250000000
80168  23.184  6.624  -33.807 0.1250000000
80174  23.764  6.534  -34.327 0.1250000000
80173  24.340  6.124  -34.306 0.1250000000
80165  25.662  6.139  -33.429 0.1250000000
80159  25.889  6.032  -32.739 0.1250000000
81152  23.020  8.395  -34.931 0.1250000000
80175  23.178  7.040  -34.236 0.1250000000
56242  23.216  -16.105  -20.231 0.7500000000
57230  24.124  -17.057  -20.118 0.7500000000
127139  21.847  -14.707  -18.221 0.7500000000
57221  22.339  -15.382  -18.529 0.7500000000
60286  20.025  -12.041  -19.188 0.5000000000
63463  26.884  -10.762  -21.725 0.5000000000
72388  29.473  -2.182  -22.558 0.1250000000
72389  28.787  -2.110  -23.292 0.1250000000
78064  27.815  3.991  -25.434 0.1250000000
81076  28.266  7.393  -30.446 0.1250000000
125076  28.113  7.552  -31.225 0.1250000000
59277  20.872  -12.967  -18.449 0.5000000000
57203  24.117  -16.476  -18.005 0.6250000000
57218  24.364  -16.357  -18.752 0.6250000000
58244  25.609  -15.477  -18.927 0.3750000000
57228  24.647  -16.335  -19.858 0.6250000000
59275  26.658  -14.711  -18.627 0.2500000000
58257  25.670  -14.961  -19.627 0.3750000000
63480  27.539  -10.199  -22.133 0.3750000000
80090  23.397  6.643  -26.275 0.2500000000
57219  23.721  -16.752  -19.404 0.6250000000
139728  25.688  -13.898  -20.225 0.5000000000
137688  25.941  -12.553  -20.968 0.5000000000
58233  26.388  -15.721  -17.646 0.5000000000
57201  25.700  -16.093  -18.150 0.6250000000
62361  26.248  -11.455  -21.355 0.5000000000
56219  24.341  -17.274  -17.087 0.6250000000
59263  20.693  -12.828  -17.398 0.3750000000
58234  21.515  -14.112  -17.417 0.3750000000
56220  23.773  -16.791  -17.371 0.6250000000
57204  23.531  -16.231  -18.145 0.6250000000
57206  22.094  -15.089  -17.378 0.6250000000
57189  26.258  -16.516  -16.491 0.3750000000
141154  25.197  -16.945  -17.505 0.5000000000
125451  20.285  -12.417  -17.896 0.2500000000
58219  26.585  -15.843  -16.845 0.3750000000
59291  27.079  -14.112  -19.103 0.2500000000
59261  26.772  -15.008  -17.851 0.2500000000
62350  17.717  -11.258  -19.695 0.3750000000
60284  26.846  -14.020  -19.872 0.2500000000
60324  26.570  -13.047  -20.709 0.3750000000
61342  26.774  -12.261  -21.094 0.2500000000
62360  27.284  -11.445  -21.318 0.2500000000
63462  27.888  -10.795  -21.667 0.2500000000
70507  17.089  -3.569  -22.316 0.1250000000
73297  18.866  -0.576  -22.846 0.2500000000
64522  29.504  -9.482  -22.426 0.2500000000
74187  20.169  1.050  -24.045 0.3750000000
74171  19.806  0.472  -23.758 0.2500000000
72396  18.189  -1.773  -22.050 0.1250000000
62341  17.312  -11.319  -18.938 0.2500000000
143603  25.000  -13.188  -20.468 0.5000000000
59276  21.266  -13.375  -17.972 0.5000000000
57229  24.547  -16.748  -19.881 0.6250000000
129030  24.996  -15.592  -19.559 0.5000000000
59314  25.255  -14.465  -20.069 0.5000000000
63479  28.701  -10.215  -22.067 0.2500000000
60270  20.542  -12.482  -18.804 0.3750000000
62340  18.214  -11.756  -19.292 0.2500000000
57205  22.860  -15.792  -17.854 0.6250000000
60271  19.798  -12.078  -18.370 0.3750000000
57202  24.799  -16.835  -17.743 0.6250000000
130325  25.109  -16.570  -18.125 0.5000000000
138467  26.129  -15.012  -18.997 0.2500000000
59274  27.215  -14.167  -18.077 0.2500000000
59313  26.083  -14.312  -19.982 0.3750000000
60304  26.354  -13.688  -20.295 0.3750000000
139113  25.508  -16.652  -17.599 0.5000000000
121654  26.017  -16.354  -17.291 0.3750000000
59262  21.034  -13.409  -16.871 0.3750000000
56221  23.204  -16.544  -17.168 0.6250000000
56202  25.883  -17.139  -16.109 0.3750000000
56218  24.982  -17.350  -17.098 0.5000000000
132787  27.154  -13.484  -20.385 0.2500000000
61341  27.823  -12.146  -21.052 0.2500000000
121377  17.503  -2.987  -21.663 0.1250000000
55168  23.018  -17.866  -16.237 0.5000000000
56203  25.244  -17.599  -16.436 0.2500000000
55165  24.882  -18.225  -16.037 0.3750000000
56204  24.639  -17.841  -16.532 0.5000000000
56206  22.770  -17.046  -16.437 0.5000000000
56190  22.339  -17.553  -15.780 0.3750000000
56207  22.037  -16.510  -15.925 0.5000000000
57192  21.806  -15.463  -16.244 0.3750000000
57191  22.529  -16.023  -16.768 0.5000000000
55140  21.272  -18.564  -14.403 0.1250000000
55156  21.838  -18.087  -15.109 0.3750000000
127075  21.557  -14.670  -16.621 0.2500000000
54035  21.591  -20.201  -13.785 0.1250000000
54057  23.178  -19.384  -15.284 0.3750000000
55152  24.994  -18.257  -15.243 0.2500000000
55154  23.804  -19.025  -15.851 0.3750000000
54046  20.730  -18.955  -13.881 0.1250000000
55139  22.185  -19.058  -15.014 0.3750000000
55155  22.856  -18.549  -15.710 0.3750000000
57170  20.833  -16.614  -14.628 0.1250000000
57179  21.187  -15.960  -15.313 0.1250000000
73294  28.320  -0.929  -23.833 0.1250000000
139614  24.099  -17.964  -16.572 0.5000000000
58221  21.118  -14.153  -16.361 0.2500000000
55167  23.624  -18.337  -16.284 0.5000000000
55166  24.288  -18.492  -16.226 0.3750000000
55153  24.439  -18.832  -15.672 0.3750000000
56191  21.531  -17.047  -15.172 0.2500000000
55141  20.417  -18.166  -13.758 0.1250000000
56177  20.876  -17.509  -14.396 0.1250000000
133249  20.269  -17.418  -13.778 0.1250000000
58220  21.122  -14.964  -15.847 0.1250000000
54036  20.792  -19.596  -13.526 0.1250000000
54045  21.622  -19.500  -14.247 0.1250000000
55137  24.564  -18.872  -14.829 0.2500000000
54044  22.608  -19.764  -14.688 0.2500000000
54043  23.457  -19.822  -14.718 0.2500000000
61299  19.010  -11.994  -18.225 0.2500000000
138292  22.243  -20.159  -14.219 0.1250000000
78066  20.819  4.573  -25.084 0.1250000000
79083  21.068  5.391  -25.122 0.1250000000
79082  21.877  5.892  -25.245 0.1250000000
80078  20.937  6.132  -24.713 0.1250000000
81027  23.268  7.484  -25.612 0.1250000000
79081  22.623  6.716  -25.388 0.1250000000
81024  21.634  7.624  -24.379 0.1250000000
77078  20.557  3.352  -24.560 0.1250000000
78052  20.327  4.155  -24.640 0.1250000000
61287  19.569  -12.270  -17.331 0.1250000000
78034  19.599  4.419  -24.239 0.1250000000
79067  20.199  4.919  -24.507 0.1250000000
80073  20.655  6.076  -24.326 0.1250000000
81961  22.014  8.459  -24.534 0.1250000000
81028  22.203  7.682  -25.003 0.1250000000
61310  19.081  -11.932  -18.870 0.1250000000
61298  19.597  -12.180  -17.685 0.1250000000
60258  20.015  -12.529  -17.119 0.1250000000
62327  18.144  -11.742  -18.692 0.1250000000
62317  18.849  -11.973  -17.848 0.1250000000
61288  19.092  -11.784  -17.609 0.1250000000
80077  21.628  6.837  -24.846 0.1250000000
80072  21.224  6.665  -24.352 0.1250000000
58218  27.229  -15.200  -16.487 0.1250000000
58232  26.812  -15.273  -17.183 0.1250000000
59260  27.192  -14.625  -17.189 0.1250000000
60256  27.670  -13.403  -17.943 0.1250000000
60283  27.619  -13.555  -19.728 0.1250000000
137267  27.820  -13.225  -20.434 0.1250000000
62326  29.344  -11.962  -19.236 0.1250000000
61323  28.992  -12.453  -20.325 0.1250000000
61324  28.268  -12.716  -20.712 0.1250000000
62338  29.704  -11.352  -20.157 0.1250000000
62359  28.247  -11.373  -21.219 0.1250000000
128062  29.727  -10.442  -20.142 0.1250000000
63448  29.557  -10.795  -20.582 0.1250000000
64498  29.713  -10.098  -21.851 0.1250000000
55136  25.208  -18.315  -14.391 0.1250000000
55138  24.010  -19.456  -15.279 0.1250000000
56176  25.625  -17.693  -14.791 0.1250000000
57169  26.790  -16.677  -14.828 0.1250000000
58203  27.588  -15.449  -15.642 0.1250000000
57177  27.198  -16.076  -15.238 0.1250000000
142011  27.654  -14.497  -16.617 0.1250000000
60248  27.748  -13.798  -17.164 0.1250000000
60255  28.325  -12.948  -17.598 0.1250000000
60268  28.198  -13.075  -19.192 0.1250000000
135532  29.049  -12.199  -18.761 0.1250000000
63422  29.165  -10.402  -19.034 0.1250000000
64497  30.408  -9.678  -21.867 0.1250000000
64479  29.697  -9.563  -20.882 0.1250000000
64465  29.348  -9.508  -19.614 0.1250000000
64521  30.429  -9.440  -22.226 0.1250000000
57178  26.520  -16.588  -15.663 0.1250000000
58204  26.893  -15.948  -16.050 0.1250000000
139611  28.813  -10.716  -21.457 0.1250000000
61340  28.797  -11.955  -20.878 0.1250000000
56189  25.454  -17.706  -15.693 0.1250000000
56188  26.061  -17.118  -15.211 0.1250000000
55127  24.733  -18.878  -13.941 0.1250000000
61297  27.979  -13.048  -18.370 0.1250000000
60282  28.342  -12.991  -20.044 0.1250000000
61322  29.391  -11.886  -20.430 0.1250000000
61309  28.925  -12.508  -19.474 0.1250000000
63423  29.268  -11.272  -18.956 0.1250000000
62358  29.352  -11.343  -20.692 0.1250000000
125221  29.613  -10.155  -21.110 0.1250000000
55126  25.565  -18.569  -13.645 0.1250000000
56164  25.979  -17.934  -14.039 0.1250000000
59242  27.969  -14.807  -15.998 0.1250000000
65478  29.584  -8.812  -20.349 0.1250000000
56205  23.553  -17.470  -16.728 0.5000000000
56241  23.750  -16.361  -20.257 0.7500000000
57190  25.582  -16.991  -16.954 0.5000000000
57217  24.865  -15.972  -18.937 0.6250000000
57231  23.424  -16.743  -20.197 0.7500000000
57232  22.581  -16.236  -20.193 0.7500000000
57239  23.899  -15.890  -20.240 0.7500000000
58270  24.144  -15.268  -20.113 0.7500000000
58273  22.073  -15.214  -20.221 0.7500000000
59292  26.437  -14.547  -19.403 0.3750000000
59315  24.185  -13.968  -19.922 0.6250000000
59317  22.676  -14.257  -20.207 0.7500000000
60269  27.610  -13.562  -18.752 0.1250000000
60307  22.910  -13.505  -20.203 0.7500000000
60323  27.440  -12.885  -20.818 0.2500000000
60325  25.665  -13.239  -20.513 0.5000000000
61296  28.587  -12.609  -18.567 0.1250000000
61344  25.021  -12.619  -20.829 0.7500000000
61345  22.798  -12.341  -20.804 0.7500000000
61347  21.131  -12.300  -20.542 0.8750000000
62339  29.516  -12.050  -19.918 0.1250000000
62362  25.337  -11.209  -21.425 0.6250000000
62367  21.355  -11.786  -20.673 0.8750000000
63433  29.615  -11.056  -19.643 0.1250000000
63434  29.587  -11.591  -19.620 0.1250000000
63461  29.325  -10.704  -21.102 0.1250000000
63465  25.019  -10.570  -21.703 0.6250000000
64502  22.118  -9.581  -21.344 0.8750000000
64525  25.378  -9.878  -22.128 0.8750000000
64528  22.633  -8.996  -21.814 1.0000000000
65491  16.090  -7.970  -20.115 0.2500000000
65513  30.315  -8.911  -22.747 0.1250000000
66529  15.842  -7.653  -19.926 0.1250000000
66544  24.557  -8.086  -23.053 0.7500000000
66548  21.088  -7.371  -22.552 1.0000000000
66552  13.348  -6.546  -23.639 0.3750000000
66553  12.637  -6.575  -23.589 0.3750000000
66554  12.061  -6.473  -23.578 0.2500000000
66568  16.049  -6.300  -24.738 1.0000000000
66569  15.436  -6.163  -24.537 0.8750000000
66571  12.931  -7.176  -23.970 0.6250000000
66572  12.444  -6.905  -23.883 0.6250000000
66573  11.840  -6.553  -23.837 0.2500000000
66582  16.274  -6.604  -25.324 1.0000000000
66583  15.130  -6.732  -25.261 0.8750000000
66585  13.391  -7.010  -24.387 0.8750000000
66587  11.729  -6.494  -24.096 0.6250000000
66600  15.054  -7.002  -25.214 0.8750000000
66601  13.078  -6.756  -24.619 0.6250000000
66602  12.176  -6.518  -24.381 0.6250000000
67556  11.608  -5.126  -22.686 0.2500000000
67560  29.153  -6.756  -24.002 0.2500000000
67567  12.812  -6.086  -23.026 0.3750000000
67568  12.047  -6.196  -23.005 0.2500000000
67569  11.510  -6.109  -23.355 0.2500000000
67579  22.162  -6.533  -23.730 1.0000000000
67580  21.536  -6.234  -24.077 1.0000000000
67585  14.867  -5.587  -23.621 0.7500000000
67595  12.098  -5.460  -24.168 0.5000000000
67596  11.460  -6.136  -24.089 0.2500000000
67603  12.806  -6.019  -24.660 0.6250000000
68531  14.759  -5.424  -20.844 0.1250000000
68543  14.583  -4.908  -22.481 0.2500000000
68545  12.283  -4.990  -22.594 0.2500000000
68556  14.075  -5.079  -23.032 0.1250000000
68557  13.048  -5.328  -22.834 0.2500000000
68558  12.199  -5.514  -22.748 0.2500000000
68572  11.184  -5.329  -22.989 0.2500000000
68577  24.831  -4.689  -24.598 0.8750000000
68581  20.397  -4.944  -24.317 1.0000000000
68585  11.339  -5.524  -23.417 0.2500000000
69563  14.793  -4.532  -22.420 0.1250000000
69565  12.547  -4.814  -22.788 0.1250000000
69566  11.734  -4.930  -22.637 0.1250000000
69575  13.230  -4.554  -23.231 0.2500000000
69576  11.887  -4.789  -22.805 0.1250000000
69577  11.425  -4.987  -22.705 0.2500000000
69587  13.591  -4.233  -23.778 0.2500000000
69589  11.253  -4.919  -23.040 0.2500000000
69606  11.935  -4.960  -23.528 0.2500000000
70515  28.651  -3.873  -22.860 0.1250000000
70519  15.313  -3.610  -22.798 0.3750000000
70532  15.304  -3.639  -23.061 0.3750000000
70541  25.093  -3.153  -25.299 1.0000000000
71463  29.093  -2.658  -22.808 0.1250000000
71475  27.962  -2.727  -24.925 0.5000000000
72431  26.512  -1.898  -27.016 0.7500000000
72435  23.177  -1.097  -25.431 1.0000000000
73324  24.402  -0.672  -25.719 1.0000000000
74194  24.356  -0.508  -25.710 1.0000000000
77075  28.074  3.497  -24.766 0.1250000000
81139  25.073  7.230  -34.913 0.1250000000
81142  22.911  7.664  -34.508 0.1250000000
81151  23.650  7.701  -35.022 0.1250000000
82972  21.631  9.928  -31.734 0.2500000000
119492  14.960  -5.167  -24.145 1.0000000000
119493  15.876  -6.525  -25.423 1.0000000000
119494  15.967  -5.803  -24.988 1.0000000000
119670  14.375  -5.549  -25.019 0.8750000000
119685  16.089  -6.665  -25.191 0.8750000000
119693  14.201  -6.636  -24.848 0.8750000000
119710  13.375  -5.380  -24.666 0.8750000000
119731  15.646  -4.677  -23.422 1.0000000000
119777  13.993  -4.109  -24.110 0.6250000000
120365  14.553  -6.479  -24.386 0.8750000000
124708  13.529  -6.976  -23.949 0.7500000000
126986  26.156  -9.692  -22.264 0.5000000000
129278  18.563  -7.288  -22.243 1.0000000000
129879  28.558  -5.436  -23.020 0.1250000000
131128  26.248  -15.379  -18.380 0.2500000000
131147  22.302  7.944  -34.143 0.1250000000
131659  24.944  -9.458  -22.268 0.8750000000
132651  14.151  -4.230  -23.356 0.2500000000
133609  23.812  -14.733  -20.086 0.7500000000
135497  22.754  -11.142  -21.068 0.8750000000
136307  14.375  -4.463  -24.187 0.6250000000
136329  15.323  -5.752  -25.111 1.0000000000
136339  16.233  -6.695  -25.373 1.0000000000
136349  16.082  -6.932  -25.401 0.8750000000
136352  16.084  -6.843  -25.397 0.8750000000
136368  14.901  -6.324  -25.271 1.0000000000
136436  15.571  -3.783  -23.231 0.5000000000
138253  19.205  -5.188  -23.806 1.0000000000
138711  23.223  -14.689  -20.162 0.7500000000
140491  20.854  -12.482  -20.368 0.7500000000
141475  11.620  -5.619  -22.858 0.2500000000
141953  26.109  -12.076  -21.175 0.3750000000
142336  11.995  -6.075  -24.414 0.6250000000
142346  20.974  -13.411  -20.149 0.7500000000
143276  24.775  -14.272  -20.083 0.7500000000
143853  28.943  -11.236  -21.085 0.1250000000
143976  17.998  -3.522  -23.488 1.0000000000
