#!ascii label  , from subject sub-v1s21x0050421_ses-1 vox2ras=TkReg
1754
124804  31.743  -47.943  -0.592 0.8999999762
129283  31.286  -49.125  -0.561 0.8000000119
25819  32.404  -48.360  -0.889 0.8000000119
24083  32.091  -50.393  -0.937 0.6999999881
24082  32.502  -49.950  -1.439 0.8000000119
138282  30.304  -48.222  -0.490 0.8999999762
138413  32.302  -47.575  -0.723 1.0000000000
27614  33.408  -46.630  -2.219 1.0000000000
26646  33.129  -47.416  -1.845 0.8999999762
24954  32.586  -49.038  -1.367 0.8000000119
25833  32.744  -48.935  -2.876 0.8000000119
25832  32.889  -48.087  -2.571 0.8999999762
24980  32.629  -49.756  -3.063 0.8000000119
24992  32.328  -49.092  -3.714 0.6999999881
24981  31.955  -49.847  -3.772 0.6999999881
26631  29.880  -47.539  -0.503 0.8000000119
26630  30.848  -47.535  -0.476 0.8999999762
127840  30.900  -46.530  -0.437 0.8999999762
135483  29.520  -46.847  -0.565 0.8999999762
26633  27.255  -47.739  -0.751 0.8999999762
26629  32.504  -46.876  -0.766 0.8999999762
121649  33.487  -46.066  -1.822 1.0000000000
26671  33.168  -47.236  -2.776 0.8999999762
27621  33.393  -46.499  -3.103 1.0000000000
27628  33.103  -46.357  -3.986 0.8999999762
127627  32.742  -46.900  -4.377 0.8999999762
25848  32.652  -48.337  -3.589 0.8000000119
24993  31.446  -49.156  -4.432 0.6999999881
28500  32.090  -45.428  -0.579 0.8999999762
28502  30.234  -45.685  -0.519 0.8999999762
27584  29.410  -46.104  -0.626 0.8999999762
28504  28.758  -45.805  -0.846 0.8999999762
27602  28.073  -45.990  -1.038 0.8999999762
127256  31.885  -46.275  -0.555 0.8999999762
130384  32.652  -46.035  -0.834 0.8999999762
124964  33.690  -45.831  -2.552 1.0000000000
26682  32.577  -47.652  -4.255 0.8000000119
26692  32.194  -47.118  -5.054 0.8000000119
25859  31.396  -48.375  -4.983 0.8000000119
26694  30.685  -47.471  -5.876 0.8000000119
25870  30.649  -48.156  -5.507 0.8000000119
26695  29.983  -47.883  -6.017 0.8000000119
29389  30.053  -44.776  -0.715 0.8999999762
27603  27.277  -46.233  -1.300 0.8999999762
28522  26.700  -45.676  -1.593 0.8999999762
131801  31.482  -44.868  -0.494 0.8999999762
29401  27.676  -44.606  -1.586 0.8999999762
29402  26.887  -44.897  -1.732 0.8000000119
28523  25.922  -45.945  -1.751 0.8000000119
29397  33.018  -44.654  -1.090 0.8999999762
29407  27.065  -44.121  -1.947 0.6999999881
28528  25.340  -45.537  -2.163 0.6999999881
28529  24.663  -45.969  -2.398 0.6999999881
29396  33.603  -44.599  -1.696 0.8999999762
122710  24.651  -45.195  -2.558 0.6999999881
29410  24.014  -44.938  -3.058 0.6999999881
29406  34.129  -44.374  -2.341 1.0000000000
29412  24.077  -44.263  -3.315 0.6000000238
28526  33.946  -45.032  -2.429 1.0000000000
29416  34.193  -44.367  -4.124 1.0000000000
29417  33.855  -45.109  -3.845 1.0000000000
28537  33.246  -45.654  -4.488 1.0000000000
27629  32.709  -46.350  -4.793 0.8999999762
128767  33.634  -44.866  -4.740 1.0000000000
28545  33.007  -45.257  -5.322 0.8999999762
28538  32.717  -45.816  -5.163 0.8000000119
27636  32.083  -46.243  -5.540 0.8000000119
129924  31.400  -46.968  -5.739 0.8000000119
28555  31.013  -45.603  -6.703 0.8000000119
27649  30.274  -46.308  -6.646 0.8000000119
26707  30.047  -47.151  -6.341 0.8000000119
28556  30.142  -45.490  -7.071 0.8000000119
28557  29.481  -45.978  -7.173 0.8000000119
130005  30.764  -45.065  -0.497 0.8999999762
30186  31.053  -43.526  -0.821 0.8999999762
29398  30.121  -43.928  -1.006 0.8999999762
29399  29.179  -44.376  -1.205 0.8999999762
30200  27.867  -43.765  -1.790 0.8999999762
30195  33.027  -43.843  -1.158 0.8999999762
123018  25.440  -44.663  -2.402 0.6999999881
30204  33.904  -43.756  -1.878 0.8999999762
129364  25.861  -44.016  -2.500 0.6000000238
30208  25.206  -43.851  -2.771 0.6000000238
30203  34.434  -43.766  -2.680 1.0000000000
30222  23.349  -42.901  -4.438 0.5000000000
30212  34.600  -43.754  -3.563 1.0000000000
31112  23.610  -41.718  -5.004 0.5000000000
30221  34.487  -43.620  -4.471 1.0000000000
29422  33.935  -44.135  -5.038 1.0000000000
29423  33.317  -44.580  -5.629 1.0000000000
30231  32.843  -44.177  -6.380 0.8999999762
28547  31.833  -45.602  -6.191 0.8000000119
129468  32.210  -43.698  -7.056 0.8999999762
29429  31.599  -44.936  -6.667 0.8000000119
30240  31.421  -43.591  -7.440 0.8999999762
30241  31.356  -44.264  -7.181 0.8000000119
30248  31.013  -43.156  -7.799 0.8999999762
133000  30.523  -44.407  -7.419 0.8000000119
29440  29.219  -44.893  -7.706 0.8000000119
142262  29.274  -43.729  -8.246 0.8000000119
30250  28.830  -44.349  -8.220 0.8000000119
121833  28.629  -43.687  -1.586 0.8999999762
30185  32.056  -43.610  -0.709 0.8999999762
31075  31.647  -42.865  -0.963 0.8999999762
30205  27.948  -42.968  -2.105 0.6999999881
30207  26.475  -43.713  -2.393 0.8000000119
31093  34.267  -42.968  -2.213 0.8999999762
134456  32.556  -42.904  -1.097 0.8999999762
129993  25.827  -43.353  -2.762 0.6999999881
30213  25.110  -43.047  -3.251 0.6000000238
30215  23.741  -43.632  -3.740 0.6000000238
31102  25.823  -42.529  -3.190 0.6999999881
31103  25.074  -42.102  -3.784 0.6000000238
31104  24.192  -42.646  -3.906 0.5000000000
30211  35.073  -43.121  -3.989 1.0000000000
31120  23.007  -40.865  -5.784 0.5000000000
31110  34.798  -42.856  -4.890 1.0000000000
30237  34.414  -42.886  -5.685 1.0000000000
31126  34.325  -42.416  -6.384 1.0000000000
31127  33.574  -42.778  -6.950 1.0000000000
31128  32.688  -42.908  -7.258 0.8999999762
31955  34.620  -41.549  -6.779 1.0000000000
31138  33.915  -41.994  -7.205 0.8999999762
31139  33.096  -42.202  -7.450 0.8999999762
31140  32.214  -42.256  -7.742 0.8999999762
141627  32.721  -41.731  -7.796 0.8999999762
31141  31.366  -42.513  -8.001 0.8999999762
137668  30.664  -42.682  -8.195 0.8999999762
31142  30.095  -43.307  -8.106 0.8999999762
32859  31.946  -41.183  -8.443 0.8999999762
31969  30.849  -42.069  -8.399 0.8999999762
31144  29.183  -43.065  -8.551 0.8999999762
31980  30.343  -41.560  -8.803 0.8999999762
30196  30.933  -42.798  -1.190 0.8999999762
30197  30.267  -43.088  -1.324 0.8999999762
30199  28.735  -42.881  -1.835 0.8999999762
125769  29.603  -42.559  -1.683 0.8999999762
31088  29.075  -42.128  -2.078 1.0000000000
31094  28.304  -42.073  -2.413 0.8000000119
31086  32.018  -42.132  -1.141 0.8999999762
31097  26.527  -42.909  -2.689 0.6999999881
130133  33.863  -42.097  -1.855 0.8999999762
31096  26.549  -42.062  -3.112 0.6999999881
31923  25.828  -41.522  -3.709 0.6999999881
31924  25.112  -41.234  -4.298 0.5000000000
31100  35.294  -42.528  -3.656 1.0000000000
31936  23.568  -40.315  -5.425 0.5000000000
31109  35.365  -42.384  -4.270 1.0000000000
31118  35.192  -42.056  -5.054 1.0000000000
31941  35.439  -41.216  -5.341 1.0000000000
31942  34.927  -41.789  -5.910 1.0000000000
31965  34.135  -41.166  -7.419 1.0000000000
32844  34.862  -40.693  -7.061 1.0000000000
32831  35.525  -40.112  -6.627 1.0000000000
32845  33.539  -40.722  -7.882 0.8999999762
32846  32.749  -41.080  -8.136 0.8999999762
32860  31.495  -40.613  -8.852 0.8999999762
31180  27.416  -42.685  -11.348 0.6999999881
31182  26.079  -42.044  -11.090 0.8000000119
31173  26.054  -42.040  -10.905 0.8000000119
32009  25.437  -41.388  -10.691 0.8000000119
123337  32.944  -42.086  -1.404 0.8999999762
31900  32.269  -41.287  -1.375 1.0000000000
31901  31.262  -41.523  -1.454 1.0000000000
133411  29.720  -41.579  -1.919 1.0000000000
31909  28.979  -41.373  -2.380 0.6999999881
31911  27.677  -41.568  -2.790 0.6999999881
126904  34.619  -42.158  -2.513 0.8999999762
31908  34.279  -41.179  -2.139 0.8999999762
31922  26.651  -41.215  -3.531 0.6999999881
31935  24.635  -40.370  -4.896 0.6000000238
121915  35.551  -41.820  -3.718 1.0000000000
31092  35.212  -42.067  -3.134 0.8999999762
31907  34.954  -41.501  -2.722 0.8999999762
32811  22.943  -39.766  -5.435 0.4000000060
31933  35.603  -41.473  -4.435 1.0000000000
32843  34.996  -39.835  -7.329 1.0000000000
33841  33.691  -39.991  -8.115 1.0000000000
33840  34.258  -39.513  -7.827 1.0000000000
32877  26.922  -41.050  -10.242 0.8999999762
31179  28.676  -41.833  -11.416 0.6000000238
32019  27.702  -41.650  -11.578 0.6000000238
32028  26.871  -41.339  -11.506 0.8000000119
32020  25.565  -41.591  -10.800 0.8000000119
31161  26.194  -42.050  -10.704 0.8999999762
31995  26.438  -41.737  -10.434 0.8999999762
32783  34.452  -40.223  -2.186 0.8999999762
31899  33.265  -41.206  -1.614 0.8999999762
32785  29.001  -40.520  -2.618 0.8000000119
31910  28.271  -40.934  -2.775 0.6999999881
124952  26.680  -40.315  -3.857 0.6999999881
33787  25.592  -39.148  -4.483 0.6000000238
33802  24.099  -38.852  -4.666 0.4000000060
31920  35.777  -41.048  -3.829 1.0000000000
31906  35.436  -41.188  -3.183 0.8999999762
32808  35.937  -39.997  -4.872 1.0000000000
32822  35.745  -40.289  -5.621 1.0000000000
33814  36.002  -39.460  -5.989 1.0000000000
33826  35.646  -39.126  -6.881 1.0000000000
33839  34.845  -38.948  -7.549 1.0000000000
34822  34.110  -38.683  -7.958 1.0000000000
33870  27.820  -40.293  -10.255 0.8999999762
34843  27.160  -38.859  -10.041 0.8999999762
33871  26.648  -40.068  -10.120 0.8999999762
33872  25.224  -40.343  -9.893 0.8999999762
32878  25.784  -40.983  -10.209 0.8999999762
32018  29.793  -41.390  -11.251 0.6000000238
32904  29.212  -40.852  -11.536 0.6000000238
32029  25.897  -41.403  -11.192 0.8000000119
32879  24.915  -41.055  -10.268 0.8999999762
32772  31.531  -40.566  -1.526 0.8999999762
125229  30.815  -40.776  -1.710 0.8999999762
142868  29.477  -40.837  -2.294 0.6999999881
138630  31.633  -39.740  -1.468 0.8999999762
32773  30.739  -39.893  -1.854 0.8999999762
32786  27.954  -40.036  -3.106 0.6000000238
130338  35.081  -40.013  -2.617 1.0000000000
143564  34.699  -39.563  -2.284 1.0000000000
32770  33.540  -40.239  -1.648 1.0000000000
33769  27.705  -39.284  -3.193 0.6000000238
32798  26.437  -39.433  -4.049 0.6000000238
34779  25.206  -38.584  -4.262 0.5000000000
32796  35.747  -40.398  -3.440 1.0000000000
32781  35.424  -40.464  -2.954 1.0000000000
33784  35.674  -39.773  -3.033 1.0000000000
33799  36.366  -39.352  -4.555 1.0000000000
33800  36.146  -39.579  -5.284 1.0000000000
34810  35.271  -38.202  -7.313 1.0000000000
141429  34.589  -38.216  -7.678 1.0000000000
34823  33.335  -38.331  -8.344 1.0000000000
34824  32.470  -38.225  -8.645 1.0000000000
133010  31.798  -37.923  -8.787 1.0000000000
34825  31.066  -38.079  -9.070 1.0000000000
120316  30.222  -37.734  -9.243 1.0000000000
132464  29.755  -38.249  -9.545 0.8999999762
33868  31.082  -39.131  -9.274 0.8999999762
121852  28.705  -39.485  -10.136 0.8999999762
34844  25.975  -39.174  -9.814 0.8999999762
33873  24.541  -40.474  -10.180 0.8999999762
32925  30.392  -39.930  -12.188 0.6000000238
32903  30.105  -40.608  -11.581 0.6000000238
32927  28.671  -40.357  -11.788 0.6000000238
32905  28.452  -41.073  -11.620 0.6000000238
32929  26.485  -40.755  -11.519 0.8000000119
131256  24.735  -40.643  -10.765 0.8000000119
33752  32.552  -39.637  -1.352 0.8999999762
33754  30.898  -39.105  -1.610 0.6999999881
142623  28.563  -40.132  -2.852 0.6000000238
33768  28.394  -39.547  -2.847 0.6000000238
34745  34.677  -38.801  -2.064 0.8999999762
34764  27.384  -38.681  -3.049 0.6000000238
34778  26.571  -38.462  -3.336 0.5000000000
132976  35.322  -39.247  -2.595 1.0000000000
127318  36.660  -38.704  -3.968 1.0000000000
34777  36.075  -38.808  -3.232 0.8999999762
129051  36.792  -38.568  -4.619 1.0000000000
33813  36.528  -38.864  -5.350 1.0000000000
34798  36.576  -38.155  -5.777 1.0000000000
34799  35.959  -38.179  -6.567 1.0000000000
35820  35.541  -37.307  -6.989 1.0000000000
35824  34.688  -37.370  -7.554 1.0000000000
34811  34.013  -37.852  -7.916 1.0000000000
35834  32.223  -37.359  -8.571 1.0000000000
35836  30.669  -37.217  -8.888 1.0000000000
35854  29.371  -37.425  -9.403 1.0000000000
35855  28.517  -37.679  -9.694 0.8999999762
123270  28.164  -38.618  -10.125 0.8999999762
34827  24.797  -38.168  -9.715 0.8999999762
33925  29.759  -39.354  -12.401 0.6000000238
32926  29.491  -40.089  -11.907 0.6000000238
121168  28.061  -39.952  -12.015 0.6000000238
33927  27.472  -39.637  -11.982 0.6999999881
124836  25.510  -39.044  -11.633 0.6999999881
33930  24.567  -39.581  -11.224 0.6999999881
33889  23.968  -39.553  -10.590 0.8000000119
33874  24.144  -39.672  -10.280 0.8999999762
32924  31.356  -39.792  -12.532 0.6000000238
34897  24.884  -38.802  -11.538 0.6999999881
33903  23.909  -39.279  -10.861 0.8000000119
34863  23.201  -38.501  -10.706 0.8999999762
34762  29.439  -39.118  -2.040 0.6999999881
123705  28.146  -39.014  -2.704 0.6000000238
34746  33.787  -38.796  -1.404 0.8999999762
143003  32.648  -38.870  -1.075 0.8000000119
34747  31.505  -38.727  -1.002 0.6999999881
34761  35.529  -38.408  -2.600 0.8999999762
35762  34.354  -38.045  -1.548 0.8000000119
34776  36.714  -37.979  -3.698 1.0000000000
35797  37.029  -37.245  -4.012 0.8999999762
35798  36.620  -37.284  -3.485 0.8000000119
34793  36.933  -38.072  -4.973 1.0000000000
35815  36.818  -37.397  -5.309 1.0000000000
35819  36.277  -37.342  -6.184 1.0000000000
36693  34.999  -36.454  -7.177 1.0000000000
36695  33.484  -36.468  -7.827 1.0000000000
128716  31.985  -36.564  -8.380 1.0000000000
35835  31.406  -37.082  -8.693 1.0000000000
35853  29.995  -36.738  -8.932 1.0000000000
138552  28.727  -36.864  -9.369 0.8999999762
128680  27.231  -37.001  -9.555 0.8999999762
35857  26.578  -37.958  -9.707 0.8999999762
35838  24.967  -37.158  -9.538 0.8999999762
127394  28.872  -39.578  -12.172 0.6000000238
34895  26.310  -38.523  -11.854 0.6999999881
35839  23.805  -37.708  -9.730 0.8999999762
33924  30.612  -39.164  -12.696 0.6000000238
34896  25.533  -38.270  -11.729 0.6999999881
35888  23.121  -38.200  -11.014 0.6999999881
34748  30.073  -38.922  -1.698 0.6999999881
34749  29.310  -38.794  -1.710 0.6000000238
35763  33.432  -37.962  -0.892 0.8000000119
121439  32.262  -38.131  -0.687 0.8000000119
35765  31.348  -38.058  -0.742 0.6999999881
35766  29.956  -38.518  -1.240 0.6999999881
35783  34.896  -37.337  -1.858 0.6999999881
36670  36.321  -36.534  -3.128 0.6999999881
36669  36.914  -36.433  -3.828 0.6999999881
36678  37.109  -36.450  -4.393 0.8000000119
123988  37.132  -35.613  -5.179 0.8000000119
36688  36.603  -36.536  -5.671 0.8000000119
141798  36.379  -35.729  -5.971 0.8000000119
127228  35.774  -36.322  -6.472 0.8999999762
37588  35.089  -35.718  -6.778 0.8999999762
36694  34.218  -36.450  -7.541 1.0000000000
36696  32.835  -35.634  -7.601 1.0000000000
36703  30.650  -36.306  -8.515 1.0000000000
36704  29.737  -35.625  -8.245 1.0000000000
129813  32.075  -35.830  -7.894 1.0000000000
36702  31.363  -36.009  -8.209 1.0000000000
36719  29.173  -36.284  -8.928 1.0000000000
36720  28.383  -36.047  -9.115 1.0000000000
124181  28.038  -36.914  -9.528 0.8999999762
144766  26.966  -36.253  -9.416 0.8999999762
124951  26.472  -36.898  -9.523 0.8999999762
139801  25.799  -36.731  -9.481 0.8999999762
34894  29.142  -38.769  -12.522 0.6000000238
33926  28.136  -39.037  -12.308 0.6000000238
136617  26.941  -38.169  -12.084 0.6999999881
36707  24.161  -36.612  -9.493 0.8999999762
34847  23.148  -38.159  -10.216 0.8999999762
35886  25.285  -37.532  -11.726 0.6999999881
35887  24.051  -37.552  -11.332 0.6999999881
35869  22.753  -37.851  -10.507 0.8999999762
36723  22.229  -36.627  -9.917 0.8999999762
35764  32.777  -37.270  -0.595 0.6999999881
139474  31.933  -37.523  -0.555 0.6000000238
140018  30.594  -37.948  -0.748 0.6000000238
34750  28.524  -38.554  -1.721 0.6000000238
36651  34.535  -36.553  -1.357 0.6999999881
36663  35.470  -36.607  -2.226 0.6999999881
37565  36.761  -35.615  -3.471 0.6999999881
37580  37.328  -34.742  -5.409 0.8000000119
37584  35.622  -35.218  -6.417 0.8000000119
38544  35.002  -34.418  -6.471 0.8000000119
126251  34.406  -35.693  -7.108 0.8000000119
124664  33.662  -35.687  -7.402 1.0000000000
37589  33.807  -34.973  -6.918 0.8000000119
37596  31.308  -35.186  -7.362 1.0000000000
37597  30.559  -35.426  -7.827 1.0000000000
37616  28.686  -35.272  -8.315 1.0000000000
38554  29.604  -34.362  -6.930 1.0000000000
37598  29.130  -34.855  -7.491 1.0000000000
37617  27.959  -35.209  -9.017 1.0000000000
37599  27.418  -34.758  -9.082 1.0000000000
37600  26.493  -34.988  -9.082 1.0000000000
36705  26.274  -35.910  -9.338 0.8999999762
36706  25.265  -36.189  -9.378 0.8999999762
127330  30.009  -38.570  -12.747 0.6000000238
128724  28.565  -38.125  -12.549 0.6000000238
134589  27.677  -38.219  -12.335 0.6999999881
34877  26.316  -37.691  -11.916 0.6999999881
36744  23.732  -36.469  -11.219 0.6999999881
36732  22.380  -36.973  -10.178 0.8999999762
36633  30.517  -36.969  -0.237 0.5000000000
128200  33.991  -36.148  -0.683 0.6000000238
35743  32.137  -36.751  -0.461 0.5000000000
37559  35.265  -35.848  -1.800 0.6999999881
37558  35.970  -35.782  -2.696 0.6999999881
134211  36.973  -34.844  -3.757 0.6999999881
38533  37.355  -34.501  -4.425 0.6999999881
37572  37.616  -34.177  -5.189 0.6999999881
38542  36.704  -34.899  -6.024 0.8000000119
38543  35.882  -34.488  -6.395 0.8000000119
38547  34.052  -34.205  -6.606 0.8000000119
39501  34.123  -33.315  -6.772 0.8000000119
137266  33.424  -33.594  -6.707 0.8000000119
38549  32.194  -34.132  -6.740 0.8999999762
37592  31.721  -34.665  -6.899 1.0000000000
39502  32.719  -33.504  -6.837 0.8000000119
38552  31.400  -33.990  -6.804 0.8999999762
129935  30.448  -33.966  -6.922 1.0000000000
136568  28.837  -34.167  -7.294 1.0000000000
122684  28.558  -34.596  -7.808 1.0000000000
38556  26.778  -34.484  -9.125 1.0000000000
37601  25.653  -34.521  -8.999 0.8999999762
126383  25.549  -35.278  -9.114 0.8999999762
37602  24.537  -35.593  -9.261 0.8999999762
142229  24.867  -34.872  -8.989 0.8999999762
132737  23.876  -34.924  -9.216 0.8999999762
128993  29.464  -37.950  -12.747 0.6000000238
35908  28.034  -37.416  -12.439 0.6000000238
35885  26.000  -36.871  -11.816 0.6999999881
37639  22.487  -36.122  -10.548 0.8000000119
37618  22.031  -35.639  -9.766 0.8999999762
35906  29.929  -37.046  -12.760 0.6000000238
126602  26.708  -36.329  -11.879 0.6999999881
36743  24.949  -36.675  -11.656 0.6999999881
37640  21.825  -35.230  -10.216 0.8000000119
37604  21.978  -34.837  -9.661 0.8999999762
37638  23.523  -35.326  -11.167 0.6999999881
38577  21.699  -34.444  -10.079 0.8999999762
36653  33.135  -36.199  -0.507 0.5000000000
37523  32.292  -35.815  -0.286 0.5000000000
38517  35.157  -35.042  -1.546 0.6999999881
37546  33.004  -35.209  -0.375 0.5000000000
138269  35.741  -35.230  -2.206 0.6999999881
37557  36.520  -34.813  -2.855 0.6999999881
38526  37.033  -33.983  -3.572 0.6999999881
39474  37.460  -33.870  -4.503 0.6999999881
39482  37.302  -33.593  -5.798 0.6999999881
38539  37.246  -34.307  -5.815 0.6999999881
39493  35.607  -33.752  -6.493 0.8000000119
39500  34.982  -33.146  -6.827 0.8000000119
39503  32.001  -33.495  -6.980 0.8000000119
126144  30.407  -33.414  -7.555 0.8999999762
39513  29.527  -33.660  -7.368 1.0000000000
38555  28.355  -34.185  -7.994 1.0000000000
136632  28.104  -34.615  -8.573 1.0000000000
40568  33.401  -32.839  -7.327 0.8000000119
39512  31.274  -33.378  -7.417 0.8000000119
39514  28.770  -33.786  -7.700 0.8999999762
38567  27.907  -34.237  -8.900 1.0000000000
38568  27.022  -34.243  -9.141 1.0000000000
39533  28.434  -33.813  -8.461 0.8999999762
39535  26.367  -33.882  -9.187 1.0000000000
39515  25.061  -33.868  -8.929 1.0000000000
39517  22.712  -33.650  -9.463 0.8999999762
35909  27.196  -37.550  -12.184 0.6999999881
39516  23.900  -33.707  -9.234 0.8999999762
35907  28.941  -37.277  -12.609 0.6000000238
36765  27.430  -36.777  -12.183 0.6000000238
39518  22.068  -33.796  -9.662 0.8999999762
36742  25.812  -35.977  -11.732 0.6999999881
37637  24.739  -35.646  -11.565 0.6999999881
126039  22.448  -34.904  -10.753 0.6999999881
38587  21.946  -34.445  -10.432 0.8000000119
39547  21.921  -33.765  -10.413 0.8000000119
40617  22.368  -32.546  -10.527 0.8999999762
123540  23.232  -34.273  -11.306 0.6999999881
37544  34.503  -35.620  -1.135 0.6000000238
38497  33.588  -34.735  -0.505 0.5000000000
38516  35.792  -34.455  -2.022 0.6999999881
38495  35.183  -34.188  -1.346 0.5000000000
128588  37.227  -33.172  -4.068 0.6999999881
39464  37.004  -33.181  -2.935 0.6999999881
134484  37.349  -32.902  -4.769 0.6999999881
40516  37.250  -32.497  -3.327 0.6999999881
132533  37.300  -32.949  -5.356 0.6999999881
39491  36.982  -32.848  -5.980 0.6999999881
39492  36.486  -33.311  -6.336 0.6999999881
40557  36.513  -32.548  -6.491 0.6999999881
40558  35.841  -32.912  -6.746 0.8000000119
40567  34.513  -32.728  -7.375 0.8000000119
40566  35.402  -32.561  -7.315 0.8000000119
39510  32.648  -32.728  -8.001 0.8000000119
40576  34.260  -32.330  -8.212 0.8000000119
128022  32.648  -32.282  -8.897 0.8000000119
39530  30.940  -32.989  -8.382 0.8000000119
39532  29.141  -33.382  -8.339 0.8999999762
141044  27.979  -33.746  -9.184 0.8999999762
39534  27.120  -33.756  -9.283 1.0000000000
144080  32.093  -32.264  -9.282 0.8000000119
40593  31.416  -32.447  -9.272 0.8000000119
39536  25.532  -33.618  -9.164 1.0000000000
40598  26.119  -33.416  -9.442 1.0000000000
36764  28.394  -36.465  -12.382 0.6000000238
123987  24.469  -33.325  -9.288 1.0000000000
37653  26.584  -35.414  -11.803 0.6999999881
37636  25.653  -35.015  -11.745 0.6999999881
40601  22.800  -32.744  -9.907 0.8999999762
40600  23.830  -32.701  -9.809 1.0000000000
38585  24.510  -34.570  -11.635 0.6999999881
39557  23.790  -33.645  -11.822 0.8000000119
39558  22.174  -33.053  -11.019 0.8000000119
40537  37.181  -32.419  -4.268 0.6999999881
41577  37.346  -31.642  -3.692 0.6999999881
40536  37.257  -32.398  -4.977 0.6999999881
40548  37.092  -32.332  -5.581 0.6999999881
40556  36.876  -32.228  -6.115 0.6999999881
41607  36.729  -31.734  -6.610 0.6999999881
41619  35.822  -31.983  -7.839 0.6999999881
41618  36.421  -31.475  -7.423 0.6999999881
40575  35.100  -32.290  -8.068 0.8000000119
41646  33.295  -31.800  -9.374 0.8000000119
41645  34.184  -31.670  -9.093 0.8000000119
41647  32.599  -31.884  -9.702 0.8000000119
40595  29.643  -32.843  -9.280 0.8999999762
40596  28.622  -33.187  -9.384 0.8999999762
40611  30.216  -32.333  -10.172 0.8000000119
40612  29.257  -32.450  -10.215 0.8999999762
139865  26.773  -33.171  -9.735 0.8999999762
37652  27.540  -35.796  -11.989 0.6000000238
40613  28.186  -32.448  -10.380 0.8999999762
40614  27.080  -32.581  -10.265 0.8999999762
40599  25.110  -33.064  -9.553 1.0000000000
37651  28.399  -35.582  -12.217 0.6000000238
40616  24.772  -32.512  -10.158 0.8999999762
38600  25.453  -34.299  -11.964 0.6999999881
41672  23.683  -31.808  -10.558 0.8999999762
122200  22.776  -33.330  -11.520 0.8000000119
40623  22.236  -32.095  -11.343 0.8999999762
41673  22.276  -31.613  -11.185 0.8000000119
134055  37.199  -31.890  -4.567 0.6999999881
41589  37.217  -31.747  -5.195 0.6999999881
131857  37.151  -31.123  -6.277 0.6999999881
41627  36.139  -31.212  -8.176 0.6999999881
42615  36.664  -30.664  -7.686 0.6999999881
41628  35.468  -31.618  -8.483 0.6999999881
40610  31.113  -32.172  -10.137 0.8000000119
41667  29.819  -31.766  -10.838 0.8000000119
41666  30.714  -31.606  -10.766 0.8000000119
40615  25.938  -32.734  -10.111 0.8999999762
120989  27.211  -34.955  -11.886 0.6000000238
41668  28.918  -31.860  -10.960 0.8000000119
139977  28.189  -31.845  -11.138 0.8999999762
41670  26.400  -32.003  -10.817 0.8999999762
41671  25.206  -31.929  -10.663 0.8999999762
121674  27.972  -34.953  -12.023 0.6000000238
38599  26.426  -34.409  -12.006 0.6999999881
138784  24.763  -33.875  -12.052 0.6999999881
42646  22.764  -30.855  -11.293 0.8000000119
40642  22.424  -32.032  -12.431 0.6999999881
41685  21.669  -31.140  -11.785 0.8000000119
42601  37.347  -30.891  -5.502 0.6999999881
42614  37.172  -30.098  -7.142 0.6999999881
43606  36.866  -29.866  -7.883 0.6999999881
41664  32.512  -31.438  -10.412 0.8000000119
41665  31.665  -31.388  -10.720 0.8000000119
41679  31.131  -30.937  -11.269 0.8000000119
41681  29.432  -31.255  -11.479 0.8000000119
41669  27.432  -31.981  -10.990 0.8999999762
41683  26.843  -31.352  -11.481 0.8999999762
38598  27.454  -34.270  -12.160 0.6000000238
41684  25.748  -31.305  -11.293 0.8999999762
39573  26.830  -33.596  -12.470 0.6999999881
39574  25.595  -33.588  -12.407 0.6999999881
130943  25.091  -30.485  -11.603 0.8999999762
40641  23.595  -32.405  -12.800 0.6999999881
128812  21.907  -31.141  -12.509 0.8000000119
42664  23.703  -30.231  -11.593 0.8000000119
40662  22.907  -31.612  -13.031 0.6999999881
42666  21.819  -30.472  -12.058 0.8000000119
42647  21.847  -30.745  -11.656 0.8000000119
42699  22.959  -30.260  -13.401 0.8000000119
43584  37.495  -29.841  -5.585 0.6999999881
43597  37.463  -29.389  -6.555 0.6000000238
42661  28.965  -30.699  -12.075 0.8000000119
133600  27.317  -30.664  -12.092 0.8999999762
42663  26.220  -30.652  -11.836 0.8999999762
136097  25.561  -30.026  -12.103 0.8999999762
40640  24.970  -32.723  -12.927 0.8000000119
43647  24.529  -29.645  -12.000 0.8999999762
42665  22.375  -30.170  -11.871 0.8000000119
40661  24.339  -31.690  -13.343 0.6999999881
43669  22.829  -29.819  -12.529 0.8000000119
43668  23.577  -29.085  -12.738 0.8000000119
135837  26.244  -32.909  -12.910 0.6999999881
42681  28.179  -30.331  -12.405 0.8000000119
136037  26.831  -32.363  -13.396 0.5000000000
40660  25.791  -32.209  -13.342 0.6000000238
142926  26.480  -31.824  -13.652 0.6000000238
41720  25.670  -31.453  -13.692 0.6000000238
42697  24.803  -30.943  -13.761 0.6000000238
42717  23.662  -29.689  -13.687 0.6999999881
43683  23.665  -29.077  -13.295 0.8000000119
43648  23.408  -29.540  -12.185 0.8000000119
43692  24.443  -29.299  -14.226 0.6000000238
42682  27.411  -29.843  -12.671 0.8000000119
124453  26.506  -29.231  -13.013 0.8000000119
43666  25.281  -29.255  -12.655 0.8999999762
136078  27.238  -31.800  -13.840 0.6000000238
44699  23.911  -28.703  -13.072 0.8000000119
43667  24.080  -28.960  -12.574 0.8000000119
44680  25.515  -28.520  -13.350 0.8000000119
43693  24.072  -29.046  -13.766 0.6000000238
121010  27.546  -29.100  -13.237 0.8000000119
44679  26.623  -28.372  -13.507 0.8000000119
41737  26.578  -31.314  -14.070 0.6000000238
41738  25.671  -30.718  -14.162 0.6000000238
45682  24.898  -28.071  -13.729 0.8000000119
134267  25.478  -29.702  -14.600 0.6000000238
44698  24.642  -28.341  -13.652 0.6999999881
45681  25.648  -27.636  -13.817 0.8000000119
45712  25.369  -27.535  -15.372 0.6000000238
45709  24.862  -27.127  -14.716 0.6000000238
46706  24.972  -27.182  -14.228 0.6999999881
43691  26.583  -29.666  -15.008 0.6000000238
43701  25.622  -28.693  -15.169 0.6000000238
44696  28.861  -28.285  -13.825 0.8000000119
142745  27.350  -31.324  -14.291 0.6000000238
44697  27.718  -28.177  -13.748 0.8000000119
41736  27.869  -30.962  -14.587 0.5000000000
45701  25.793  -26.668  -14.206 0.8000000119
45680  26.669  -27.445  -13.922 0.8000000119
42714  27.547  -30.226  -14.940 0.6000000238
42715  26.751  -30.594  -14.557 0.6000000238
42725  28.958  -30.180  -15.400 0.5000000000
139532  27.359  -29.584  -15.255 0.6000000238
121024  26.743  -29.044  -15.338 0.6000000238
43700  27.687  -28.879  -15.577 0.6000000238
44708  26.422  -28.195  -15.514 0.6000000238
138646  26.100  -27.259  -15.657 0.6000000238
140235  25.453  -26.582  -15.511 0.6000000238
45699  28.161  -27.314  -14.194 0.8000000119
45698  29.364  -27.636  -14.267 0.8000000119
46702  28.931  -26.761  -14.606 0.6999999881
135508  28.612  -29.536  -15.572 0.6000000238
46718  25.280  -25.706  -14.929 0.6000000238
132497  25.920  -25.843  -14.572 0.6000000238
45700  26.892  -26.546  -14.272 0.6999999881
44707  28.807  -28.891  -15.868 0.5000000000
134810  26.346  -25.510  -15.876 0.6000000238
120224  29.210  -28.110  -16.295 0.5000000000
44716  27.036  -27.628  -15.820 0.6000000238
45711  26.367  -26.459  -16.021 0.6000000238
125619  30.030  -28.503  -16.387 0.5000000000
46701  29.964  -27.039  -14.646 0.6999999881
47677  28.571  -25.944  -14.978 0.6000000238
47678  27.701  -25.633  -14.961 0.6000000238
46703  27.824  -26.239  -14.580 0.6000000238
47691  27.300  -25.179  -15.315 0.6000000238
47690  28.291  -25.324  -15.258 0.6000000238
141496  30.026  -27.095  -16.634 0.5000000000
45720  28.370  -27.126  -16.367 0.6000000238
120425  27.419  -26.052  -16.411 0.6000000238
46723  26.153  -25.331  -15.209 0.6000000238
48800  28.161  -24.854  -15.575 0.6000000238
135512  29.628  -26.465  -16.703 0.6000000238
46732  28.661  -26.327  -16.582 0.6000000238
45718  30.648  -27.417  -16.659 0.5000000000
46731  30.421  -26.649  -16.793 0.5000000000
45729  31.281  -26.915  -16.960 0.4000000060
46741  30.786  -26.188  -17.050 0.5000000000
46717  29.598  -26.228  -14.960 0.6000000238
47689  29.272  -25.459  -15.225 0.6000000238
47706  28.215  -25.472  -16.563 0.6000000238
48808  27.661  -24.784  -16.100 0.6000000238
48799  29.008  -24.820  -15.457 0.6000000238
47718  29.634  -25.114  -17.222 0.6000000238
47719  28.875  -25.054  -16.963 0.6000000238
46742  30.043  -25.916  -16.953 0.5000000000
47717  30.586  -25.462  -17.323 0.5000000000
131692  31.548  -26.025  -17.398 0.4000000060
48825  31.989  -24.607  -18.133 0.4000000060
48815  28.428  -24.516  -16.353 0.6000000238
49964  28.841  -24.357  -15.786 0.5000000000
49954  30.328  -24.126  -15.430 0.5000000000
48798  30.006  -24.800  -15.332 0.5000000000
48816  28.156  -24.839  -16.474 0.6000000238
49973  28.922  -24.046  -16.202 0.5000000000
48827  30.274  -24.457  -17.574 0.6000000238
143900  31.135  -24.284  -17.877 0.4000000060
49953  30.963  -23.774  -15.316 0.4000000060
48829  28.688  -24.483  -16.787 0.6000000238
49984  29.595  -23.495  -17.235 0.5000000000
49982  30.608  -23.612  -17.897 0.4000000060
49983  29.905  -23.662  -17.524 0.6000000238
49992  30.245  -22.974  -17.821 0.6000000238
51019  30.008  -22.974  -17.305 0.4000000060
48826  31.559  -23.757  -18.251 0.4000000060
49991  31.064  -22.965  -18.343 0.4000000060
51007  30.123  -22.886  -16.714 0.4000000060
51018  30.585  -22.463  -17.806 0.4000000060
49990  32.107  -23.108  -18.709 0.4000000060
51026  30.901  -22.307  -18.370 0.4000000060
49960  31.924  -22.746  -15.314 0.4000000060
50996  31.294  -22.429  -15.807 0.4000000060
133876  30.439  -22.532  -17.230 0.4000000060
51032  31.630  -21.848  -19.354 0.4000000060
51025  31.477  -22.338  -18.841 0.4000000060
51033  31.265  -21.729  -18.971 0.4000000060
52027  31.075  -21.746  -18.352 0.4000000060
52012  31.589  -21.837  -16.181 0.4000000060
52011  31.835  -21.245  -16.646 0.4000000060
51006  30.842  -22.308  -16.607 0.4000000060
52037  31.559  -21.156  -19.703 0.3000000119
125801  31.258  -21.155  -18.579 0.4000000060
52021  30.853  -21.994  -17.488 0.4000000060
52020  31.396  -21.291  -17.661 0.4000000060
31172  26.533  -42.824  -10.895 0.8000000119
133041  26.863  -42.389  -10.248 0.8999999762
31994  27.441  -42.070  -9.889 0.8999999762
31151  27.455  -42.908  -9.675 0.8999999762
31150  28.346  -43.010  -9.034 0.8999999762
32858  33.070  -40.235  -8.334 0.8999999762
33852  32.727  -39.337  -8.610 1.0000000000
33851  33.585  -39.257  -8.255 1.0000000000
31143  29.934  -42.374  -8.545 0.8999999762
31979  31.172  -41.364  -8.621 0.8999999762
32874  30.996  -40.036  -9.300 0.8999999762
127220  31.828  -38.754  -8.927 1.0000000000
31981  29.505  -41.706  -9.148 0.8999999762
32861  30.713  -40.858  -9.083 0.8999999762
33854  29.568  -40.125  -9.757 0.8999999762
33853  31.777  -39.746  -9.007 1.0000000000
31982  28.534  -41.793  -9.547 0.8999999762
128638  29.678  -39.041  -9.763 0.8999999762
49955  29.626  -24.210  -15.614 0.4000000060
50998  29.919  -23.295  -16.237 0.4000000060
49962  30.231  -23.553  -15.715 0.4000000060
133222  31.732  -23.458  -15.142 0.4000000060
27583  31.738  -47.126  -0.537 0.8999999762
25858  32.113  -48.434  -4.355 0.8000000119
143140  28.391  -47.123  -0.656 0.8999999762
28518  33.613  -45.409  -1.826 1.0000000000
26683  31.991  -47.871  -4.864 0.8000000119
31085  33.457  -42.945  -1.578 0.8999999762
30239  33.157  -43.454  -6.644 0.8999999762
29424  32.487  -44.952  -6.140 0.8000000119
29430  30.781  -44.930  -7.132 0.8000000119
29439  29.965  -44.861  -7.394 0.8000000119
31119  34.730  -42.413  -5.580 1.0000000000
133857  30.704  -43.818  -7.596 0.8999999762
30249  29.778  -44.192  -7.764 0.8000000119
31149  28.965  -42.402  -9.029 0.8999999762
31966  33.367  -41.483  -7.639 0.8999999762
32862  29.956  -40.978  -9.347 0.8999999762
31087  31.266  -42.311  -1.272 0.8999999762
31934  25.486  -40.597  -4.390 0.6000000238
32810  24.026  -39.390  -5.065 0.4000000060
32809  25.092  -39.660  -4.812 0.4000000060
131914  34.264  -40.333  -7.626 1.0000000000
125456  32.314  -40.391  -8.603 0.8999999762
144493  27.319  -44.015  -10.997 0.6999999881
32889  24.754  -40.931  -10.315 0.8000000119
32771  32.472  -40.411  -1.456 0.8999999762
32876  27.992  -41.203  -10.085 0.8999999762
31171  28.495  -42.938  -11.215 0.6000000238
31996  25.531  -41.339  -10.276 0.8999999762
33766  29.499  -39.529  -2.289 0.6999999881
34787  24.531  -38.603  -4.400 0.4000000060
33855  28.672  -40.432  -10.062 0.8999999762
34845  24.749  -39.379  -9.839 0.8999999762
136502  27.874  -40.781  -11.753 0.6999999881
33928  26.583  -39.924  -11.696 0.6999999881
33753  31.779  -39.216  -1.210 0.8000000119
141618  33.339  -39.415  -1.438 0.8999999762
36701  32.728  -36.670  -8.187 1.0000000000
33869  30.352  -39.522  -9.519 0.8999999762
34842  29.061  -38.406  -9.797 0.8999999762
34826  25.602  -38.436  -9.711 0.8999999762
130428  35.026  -38.008  -2.158 0.8000000119
35784  27.819  -38.527  -2.294 0.5000000000
34786  36.964  -37.941  -4.283 1.0000000000
35782  35.721  -37.460  -2.671 0.6999999881
35810  37.046  -37.320  -4.566 0.8999999762
36683  36.995  -36.665  -4.934 0.8999999762
35840  23.082  -37.073  -9.747 0.8999999762
36745  22.880  -37.317  -10.810 0.8000000119
35745  29.798  -37.881  -0.670 0.6000000238
125386  34.211  -37.362  -1.202 0.8000000119
35744  31.310  -37.275  -0.506 0.6000000238
122012  37.176  -35.399  -4.280 0.6999999881
37573  37.495  -34.851  -4.948 0.6999999881
37591  32.468  -34.862  -6.961 1.0000000000
36708  23.187  -35.922  -9.532 0.8999999762
36632  31.472  -36.386  -0.220 0.6000000238
35746  28.984  -37.825  -0.626 0.5000000000
38548  33.084  -34.336  -6.755 0.8999999762
37525  30.885  -35.848  0.264 0.5000000000
39473  37.548  -33.448  -4.995 0.6999999881
126093  36.606  -34.081  -6.238 0.8000000119
38557  24.491  -34.307  -9.053 0.8999999762
38496  34.386  -34.708  -0.854 0.6000000238
38468  33.826  -34.059  -0.544 0.5000000000
38515  36.439  -33.777  -2.425 0.6999999881
39531  29.997  -33.054  -8.250 0.8999999762
40592  33.403  -32.303  -8.505 0.8000000119
40577  31.860  -32.718  -8.406 0.8000000119
41648  22.907  -32.300  -10.363 0.8999999762
39395  34.602  -33.818  -0.834 0.5000000000
39448  36.014  -33.331  -1.893 0.6999999881
40565  36.141  -32.226  -7.098 0.6999999881
41629  34.837  -31.878  -8.641 0.8000000119
40594  30.556  -32.629  -9.267 0.8999999762
39575  23.107  -32.848  -12.205 0.8000000119
39576  22.324  -32.416  -11.743 0.8000000119
41606  37.124  -31.690  -5.913 0.6999999881
42610  36.900  -30.896  -6.912 0.6999999881
41663  33.120  -31.508  -10.091 0.8000000119
42645  24.387  -31.097  -11.113 0.8999999762
42609  37.344  -30.376  -6.347 0.6999999881
135650  27.771  -31.365  -11.572 0.8999999762
42585  37.398  -30.217  -4.652 0.6000000238
42698  23.680  -30.720  -13.619 0.6999999881
43646  26.429  -29.977  -12.410 0.8999999762
44705  24.297  -28.688  -13.573 0.6999999881
43702  24.888  -28.789  -14.653 0.6000000238
44709  24.810  -27.848  -14.825 0.6000000238
46725  25.103  -26.020  -15.203 0.6000000238
143193  27.381  -27.394  -14.043 0.6999999881
44715  28.113  -27.977  -16.033 0.6000000238
47707  27.340  -25.140  -16.246 0.6000000238
48807  28.159  -24.576  -15.909 0.6000000238
49961  31.073  -23.086  -15.535 0.4000000060
50997  30.506  -22.858  -16.031 0.4000000060
52002  32.271  -21.421  -15.873 0.4000000060
52026  31.282  -21.210  -19.090 0.4000000060
138492  28.156  -42.447  -9.434 0.8999999762
17285  28.970  -58.430  0.036 0.4000000060
132644  27.792  -57.806  0.396 0.4000000060
133167  27.011  -57.864  0.449 0.4000000060
18137  29.376  -57.703  -0.045 0.4000000060
18123  27.297  -57.151  0.443 0.4000000060
18124  26.554  -57.227  0.366 0.4000000060
138995  30.680  -55.726  -0.421 0.3000000119
18971  28.397  -56.303  0.343 0.4000000060
19863  31.165  -55.170  -0.629 0.4000000060
143675  31.779  -54.596  -1.562 0.4000000060
20733  31.901  -54.201  -2.023 0.4000000060
21590  31.317  -53.138  -3.240 0.4000000060
19849  27.967  -55.753  0.385 0.5000000000
130552  26.643  -55.949  0.342 0.4000000060
19864  29.521  -55.487  0.152 0.4000000060
19848  28.688  -55.490  0.336 0.4000000060
20734  31.834  -53.970  -1.482 0.4000000060
140428  32.049  -53.618  -1.954 0.4000000060
22393  31.891  -52.876  -2.686 0.5000000000
22404  31.657  -52.309  -3.229 0.5000000000
24110  30.871  -51.138  -4.015 0.6000000238
137978  29.896  -52.207  -4.100 0.5000000000
23286  29.817  -51.442  -4.415 0.6000000238
24133  28.955  -50.113  -5.571 0.4000000060
20705  27.317  -54.808  0.401 0.5000000000
20706  26.685  -55.055  0.343 0.5000000000
19851  25.994  -55.393  0.114 0.5000000000
19866  24.670  -55.469  -0.606 0.5000000000
20719  29.312  -54.790  0.257 0.6000000238
125084  28.513  -54.744  0.362 0.6000000238
122258  29.980  -53.973  0.121 0.5000000000
137345  30.054  -53.078  0.042 0.6000000238
20718  30.985  -54.314  -0.384 0.5000000000
20717  31.532  -53.714  -0.809 0.5000000000
136542  32.334  -52.541  -1.841 0.4000000060
142652  32.180  -51.856  -2.941 0.6000000238
23271  31.804  -51.400  -3.432 0.6000000238
24122  31.148  -49.913  -4.279 0.6000000238
24994  30.548  -49.593  -4.813 0.6000000238
139280  30.013  -49.277  -5.281 0.6000000238
145226  29.430  -48.228  -6.133 0.6000000238
24123  30.385  -50.464  -4.508 0.6000000238
24995  29.728  -49.921  -5.145 0.6000000238
25872  29.107  -48.805  -6.010 0.6000000238
25873  28.711  -48.963  -6.500 0.6000000238
21554  27.357  -53.525  0.285 0.5000000000
21538  26.827  -54.148  0.305 0.5000000000
20721  25.401  -54.081  -0.260 0.5000000000
20735  24.572  -54.465  -0.627 0.5000000000
21536  29.225  -53.205  0.232 0.6000000238
21537  28.180  -53.237  0.278 0.6000000238
22354  31.387  -52.007  -0.698 0.6000000238
23226  30.108  -51.814  -0.219 0.6000000238
22377  31.962  -52.280  -1.282 0.5000000000
23224  31.154  -51.263  -0.557 0.6000000238
22376  32.459  -51.819  -1.762 0.6000000238
23261  32.510  -51.355  -2.561 0.6000000238
25860  30.651  -48.873  -5.137 0.6000000238
26708  29.340  -47.571  -6.506 0.6000000238
26709  28.769  -47.723  -6.906 0.6999999881
120125  26.608  -53.205  0.068 0.6000000238
21555  25.654  -53.286  -0.219 0.5000000000
21556  24.817  -53.499  -0.493 0.5000000000
22356  29.537  -52.351  0.014 0.6000000238
141318  28.745  -51.985  0.029 0.6000000238
143370  27.395  -52.897  0.192 0.6000000238
22378  24.344  -52.860  -0.760 0.5000000000
140237  23.798  -53.067  -1.209 0.5000000000
23227  29.330  -51.334  -0.176 0.6000000238
23247  32.503  -50.900  -1.620 0.6000000238
27651  28.877  -47.160  -7.022 0.6999999881
123378  27.303  -51.544  -0.146 0.6000000238
22360  26.006  -52.495  -0.211 0.6000000238
22361  25.091  -52.655  -0.415 0.6000000238
23228  28.254  -51.397  -0.146 0.6000000238
24067  26.718  -50.825  -0.268 0.6000000238
123738  25.420  -51.807  -0.406 0.6000000238
122127  24.564  -52.010  -0.693 0.6000000238
23250  23.372  -51.888  -1.719 0.6000000238
24065  28.624  -50.531  -0.283 0.6000000238
22380  22.771  -52.391  -2.280 0.5000000000
133939  30.303  -51.162  -0.356 0.6000000238
23262  23.023  -51.470  -2.480 0.6000000238
27663  28.682  -46.464  -7.496 0.6999999881
24066  27.657  -50.684  -0.251 0.6000000238
23231  24.879  -51.124  -0.712 0.6000000238
130837  27.995  -49.801  -0.337 0.6000000238
130836  27.094  -49.934  -0.324 0.6000000238
24068  26.174  -50.087  -0.415 0.6000000238
24084  24.468  -50.510  -1.170 0.6000000238
132307  23.484  -51.106  -1.853 0.6000000238
24064  29.714  -50.284  -0.387 0.6000000238
24098  23.510  -50.417  -2.126 0.6000000238
24942  30.483  -49.547  -0.491 0.6000000238
24955  32.092  -49.367  -0.812 0.6000000238
29441  28.573  -45.077  -8.083 0.6999999881
136591  28.363  -44.684  -8.545 0.6999999881
141970  29.628  -49.431  -0.454 0.6000000238
129491  26.543  -49.190  -0.506 0.6999999881
24945  25.758  -49.526  -0.640 0.6999999881
144730  30.622  -48.824  -0.495 0.6000000238
30263  27.907  -43.577  -9.218 0.6999999881
128128  27.474  -49.125  -0.415 0.6999999881
24943  29.138  -48.895  -0.482 0.6999999881
24944  28.317  -49.009  -0.433 0.6999999881
25806  26.395  -48.312  -0.847 0.6999999881
25821  25.517  -48.484  -1.193 0.6999999881
24957  24.680  -49.838  -1.189 0.6000000238
25822  24.762  -48.665  -1.506 0.6999999881
25834  24.388  -48.149  -1.889 0.6000000238
24971  23.594  -49.675  -2.340 0.5000000000
31160  26.868  -42.974  -10.369 0.8000000119
127379  28.957  -47.448  -0.571 0.6999999881
25805  27.095  -48.532  -0.551 0.6999999881
26649  26.561  -47.584  -1.106 0.6999999881
26650  25.877  -47.789  -1.272 0.6999999881
142060  23.191  -49.052  -3.523 0.5000000000
125702  25.580  -47.274  -1.532 0.6999999881
26661  24.470  -47.451  -2.112 0.6000000238
26662  23.947  -47.065  -2.633 0.6000000238
41680  30.305  -31.122  -11.364 0.6999999881
41644  35.087  -31.305  -9.119 0.6999999881
41662  33.829  -31.282  -9.980 0.6999999881
42643  32.430  -30.836  -11.026 0.6999999881
42620  35.773  -30.866  -8.831 0.6000000238
42626  35.418  -30.560  -9.514 0.6000000238
42644  31.802  -30.756  -11.263 0.6999999881
42659  30.738  -30.520  -11.778 0.6999999881
42660  29.899  -30.637  -11.911 0.6999999881
134162  28.812  -30.079  -12.550 0.6999999881
42619  36.401  -30.409  -8.438 0.6000000238
42640  35.071  -30.253  -10.223 0.6000000238
42641  34.244  -30.574  -10.467 0.6999999881
42657  32.249  -30.325  -11.550 0.6999999881
42679  30.346  -30.106  -12.362 0.6999999881
42680  29.510  -30.122  -12.461 0.6999999881
44678  28.510  -28.999  -13.360 0.6999999881
42625  36.132  -30.126  -9.170 0.6000000238
43617  35.747  -29.785  -9.840 0.6000000238
43633  34.686  -29.858  -10.879 0.6000000238
43643  33.529  -29.733  -11.726 0.6999999881
43645  31.979  -29.919  -12.116 0.6999999881
43663  30.764  -29.583  -12.857 0.6999999881
43681  30.315  -29.001  -13.351 0.6999999881
43682  29.432  -28.989  -13.380 0.6999999881
43610  36.695  -29.622  -8.666 0.6000000238
43616  36.434  -29.314  -9.435 0.6000000238
44656  35.679  -28.706  -10.798 0.5000000000
43642  34.352  -29.520  -11.572 0.6000000238
44677  33.409  -28.939  -12.735 0.5000000000
43662  31.617  -29.511  -12.769 0.6999999881
44693  31.601  -28.404  -13.696 0.6999999881
44695  29.849  -28.372  -13.833 0.6999999881
52025  33.851  -21.632  -19.203 0.3000000119
141577  33.223  -22.226  -19.230 0.3000000119
51024  32.235  -22.375  -19.211 0.3000000119
141703  28.071  -58.901  0.379 0.4000000060
16478  27.098  -59.323  0.601 0.3000000119
16479  26.270  -59.273  0.697 0.4000000060
17304  29.751  -58.416  -0.246 0.3000000119
17288  26.171  -57.862  0.337 0.4000000060
18994  31.158  -56.930  -0.810 0.4000000060
18125  25.772  -57.194  0.092 0.4000000060
19017  31.503  -56.507  -1.467 0.4000000060
128388  31.664  -55.780  -2.146 0.4000000060
21578  31.111  -53.877  -3.238 0.4000000060
22405  30.606  -52.645  -3.725 0.5000000000
22418  29.147  -52.234  -4.569 0.4000000060
18138  24.993  -57.078  -0.345 0.4000000060
25006  28.759  -49.520  -6.007 0.5000000000
19867  23.998  -56.008  -0.981 0.5000000000
125604  28.620  -48.376  -7.158 0.6000000238
20736  23.803  -54.523  -1.179 0.5000000000
21568  24.093  -53.682  -0.927 0.5000000000
21569  23.335  -53.753  -1.585 0.5000000000
26727  28.538  -47.483  -7.714 0.6000000238
21580  22.661  -53.274  -2.181 0.5000000000
23263  22.420  -52.106  -3.125 0.4000000060
28572  28.322  -45.848  -8.216 0.6999999881
24099  23.142  -50.636  -2.866 0.5000000000
132214  27.615  -44.125  -9.410 0.6999999881
24972  23.202  -49.771  -3.168 0.5000000000
30277  27.295  -44.166  -10.101 0.8000000119
30287  27.052  -43.662  -10.653 0.6999999881
25850  23.037  -48.685  -4.219 0.5000000000
130504  23.379  -47.439  -3.257 0.6000000238
39447  36.476  -33.091  -2.256 0.6000000238
41551  37.278  -31.897  -2.599 0.6000000238
43605  37.265  -29.392  -7.363 0.6000000238
44637  36.984  -28.776  -8.827 0.5000000000
44655  36.158  -28.328  -10.345 0.5000000000
44665  35.385  -28.268  -11.571 0.5000000000
44676  34.205  -28.518  -12.656 0.5000000000
122714  32.859  -27.955  -13.636 0.5000000000
45695  32.135  -27.855  -14.022 0.5000000000
46715  31.487  -26.438  -14.758 0.5000000000
52035  33.859  -20.665  -20.022 0.3000000119
51031  32.360  -21.612  -19.663 0.3000000119
24941  31.425  -49.947  -0.622 0.6000000238
24062  31.526  -50.720  -0.680 0.6000000238
23248  31.961  -51.348  -1.028 0.6000000238
121273  26.217  -47.123  -1.395 0.8000000119
27650  29.401  -46.738  -6.814 0.6999999881
28571  28.905  -45.574  -7.611 0.6999999881
30251  28.211  -44.164  -8.820 0.6999999881
42627  34.652  -30.955  -9.765 0.6999999881
43665  28.276  -29.668  -12.869 0.6999999881
45708  30.922  -27.153  -14.602 0.6000000238
134445  27.255  -43.577  -9.842 0.8000000119
29474  27.470  -44.594  -10.736 0.6999999881
42642  33.298  -30.883  -10.677 0.6999999881
127412  28.564  -57.736  0.242 0.4000000060
18970  29.242  -56.199  0.183 0.4000000060
135117  30.587  -57.148  -0.475 0.3000000119
140146  30.264  -55.053  -0.118 0.5000000000
137849  25.942  -56.059  0.095 0.5000000000
21591  30.365  -53.422  -3.666 0.3000000119
23287  28.913  -51.569  -5.132 0.4000000060
18999  24.116  -56.956  -0.780 0.5000000000
24982  23.507  -48.961  -2.760 0.6000000238
42678  31.171  -30.032  -12.253 0.6999999881
128615  29.084  -29.579  -12.923 0.6999999881
43632  35.417  -29.482  -10.551 0.6000000238
42655  33.860  -30.158  -11.136 0.6999999881
43644  32.752  -29.826  -11.908 0.6999999881
43631  36.051  -29.013  -10.138 0.6000000238
43641  35.125  -29.168  -11.299 0.5000000000
43659  33.982  -29.242  -12.245 0.6000000238
43661  32.551  -29.358  -12.643 0.6999999881
43680  31.178  -29.000  -13.308 0.6999999881
44694  30.752  -28.403  -13.780 0.6999999881
44642  36.668  -28.359  -9.664 0.5000000000
44664  35.863  -27.889  -10.813 0.5000000000
121232  34.760  -28.866  -12.048 0.5000000000
44692  32.792  -28.655  -13.203 0.5000000000
144335  32.282  -28.373  -13.579 0.5000000000
45707  31.861  -27.189  -14.469 0.5000000000
45696  31.270  -27.821  -14.183 0.6999999881
44641  37.209  -27.887  -8.854 0.5000000000
44675  34.910  -28.015  -12.349 0.5000000000
138964  34.286  -27.517  -12.989 0.5000000000
45706  32.811  -27.172  -14.139 0.5000000000
28586  27.847  -45.373  -9.664 0.6000000238
28598  27.758  -45.373  -10.579 0.6000000238
30285  28.703  -44.427  -10.906 0.5000000000
28609  27.993  -45.842  -10.956 0.6000000238
126020  27.846  -44.578  -11.165 0.6000000238
30283  30.619  -43.312  -10.228 0.5000000000
127076  29.425  -43.326  -10.756 0.5000000000
30286  27.591  -43.654  -11.227 0.6000000238
28535  22.932  -45.222  -4.157 0.5000000000
30291  26.873  -43.387  -11.048 0.6000000238
31169  30.473  -42.460  -10.561 0.5000000000
31168  31.414  -42.585  -10.191 0.5000000000
29414  22.853  -44.387  -4.427 0.4000000060
29418  22.540  -44.342  -5.268 0.4000000060
30223  22.695  -43.347  -4.964 0.4000000060
31170  29.553  -42.269  -10.996 0.5000000000
32007  31.311  -41.734  -10.641 0.5000000000
32008  30.377  -41.747  -10.850 0.5000000000
30232  22.217  -42.344  -6.176 0.4000000060
32902  31.032  -40.500  -11.806 0.5000000000
32017  30.727  -41.126  -11.176 0.5000000000
31121  22.285  -40.942  -6.221 0.4000000060
34765  26.981  -38.275  -2.694 0.4000000060
35799  26.327  -38.132  -2.928 0.4000000060
35800  25.708  -38.288  -3.483 0.4000000060
34788  24.231  -38.555  -4.238 0.3000000119
120293  31.315  -34.974  0.362 0.4000000060
37526  29.989  -36.125  0.367 0.4000000060
143344  28.498  -38.252  -1.179 0.4000000060
35769  27.504  -37.944  -1.239 0.4000000060
38471  30.965  -34.328  0.343 0.4000000060
35747  28.136  -37.724  -0.697 0.4000000060
35786  26.561  -38.037  -2.236 0.4000000060
36635  27.976  -36.906  0.227 0.4000000060
35770  26.864  -37.804  -1.347 0.4000000060
35787  25.904  -38.019  -2.656 0.4000000060
35788  25.261  -38.137  -3.015 0.4000000060
36634  29.572  -37.108  -0.079 0.4000000060
144253  29.250  -36.354  0.373 0.4000000060
129995  28.761  -37.091  0.066 0.4000000060
121700  32.112  -33.914  -0.125 0.4000000060
121523  30.296  -34.957  0.500 0.4000000060
141394  29.335  -35.389  0.529 0.4000000060
121166  28.532  -35.939  0.557 0.4000000060
36610  27.655  -35.836  0.620 0.4000000060
36611  27.308  -36.636  0.385 0.4000000060
35771  26.037  -37.796  -1.523 0.4000000060
37504  26.842  -35.773  0.608 0.4000000060
36637  25.383  -37.355  -0.136 0.4000000060
123588  25.475  -38.024  -2.153 0.4000000060
39399  31.209  -33.664  -0.066 0.4000000060
124647  30.288  -33.915  0.273 0.4000000060
38472  29.335  -34.234  0.403 0.4000000060
139072  35.798  -33.827  -1.768 0.5000000000
141112  34.720  -33.291  -0.813 0.4000000060
40446  34.096  -33.222  -0.584 0.4000000060
39397  32.681  -33.364  -0.428 0.4000000060
39400  29.575  -33.447  -0.189 0.4000000060
143006  28.646  -34.142  0.326 0.4000000060
37527  28.640  -34.771  0.541 0.4000000060
38455  28.005  -35.039  0.653 0.4000000060
38456  27.203  -34.753  0.511 0.4000000060
37505  25.985  -35.910  0.578 0.4000000060
40486  36.829  -32.579  -2.420 0.5000000000
40487  36.125  -32.684  -1.721 0.5000000000
127005  34.744  -32.091  -0.824 0.5000000000
41512  34.095  -32.409  -0.746 0.4000000060
40448  32.527  -32.604  -0.735 0.4000000060
39398  31.894  -33.127  -0.440 0.4000000060
39420  31.096  -32.845  -0.576 0.4000000060
38473  27.999  -34.167  0.298 0.4000000060
41534  35.994  -31.953  -1.332 0.5000000000
41513  33.301  -32.013  -1.155 0.4000000060
40461  31.047  -32.289  -1.042 0.4000000060
40462  30.285  -32.474  -0.986 0.4000000060
41523  35.247  -31.429  -0.910 0.4000000060
41525  33.774  -31.121  -1.384 0.4000000060
41514  32.262  -31.932  -1.284 0.4000000060
41528  30.663  -31.892  -1.545 0.4000000060
42541  34.264  -30.533  -1.724 0.4000000060
42555  33.643  -30.085  -2.426 0.4000000060
42542  33.228  -30.649  -1.917 0.4000000060
42543  32.306  -30.783  -2.144 0.4000000060
41535  31.285  -30.736  -2.494 0.4000000060
42562  36.614  -30.233  -2.028 0.5000000000
43514  35.252  -29.533  -1.710 0.4000000060
43538  33.189  -29.755  -2.981 0.4000000060
42556  32.668  -30.219  -2.606 0.4000000060
42564  31.216  -30.162  -3.255 0.3000000119
41576  37.324  -31.171  -4.560 0.5000000000
142475  35.337  -30.562  -1.013 0.5000000000
122478  34.605  -30.699  -0.942 0.4000000060
41526  32.763  -31.247  -1.562 0.4000000060
134667  31.855  -31.313  -1.764 0.4000000060
41527  31.134  -31.427  -1.866 0.4000000060
43550  37.137  -29.826  -2.840 0.5000000000
43535  35.788  -29.531  -1.949 0.5000000000
43536  34.674  -29.822  -2.239 0.4000000060
43537  33.942  -29.518  -2.930 0.4000000060
42563  31.891  -30.186  -3.014 0.3000000119
43585  37.308  -29.228  -4.771 0.5000000000
43551  36.195  -29.260  -2.510 0.5000000000
44529  35.346  -29.113  -2.376 0.4000000060
44555  34.208  -29.006  -3.473 0.4000000060
43552  33.217  -29.211  -3.570 0.4000000060
43553  32.467  -29.678  -3.290 0.3000000119
43554  30.788  -29.889  -3.830 0.3000000119
44568  36.720  -28.556  -4.065 0.5000000000
44589  37.471  -28.878  -5.690 0.4000000060
126870  35.410  -28.047  -3.802 0.3000000119
44554  35.161  -28.886  -3.372 0.4000000060
44571  33.695  -28.750  -4.025 0.4000000060
43565  32.323  -29.252  -3.984 0.3000000119
43566  31.705  -29.218  -4.297 0.3000000119
131758  30.340  -29.688  -4.383 0.3000000119
43568  29.662  -29.813  -4.615 0.3000000119
120163  36.246  -27.752  -4.328 0.3000000119
44590  36.856  -28.325  -4.978 0.4000000060
135561  37.492  -28.533  -6.431 0.4000000060
43609  37.148  -29.081  -8.012 0.4000000060
44592  34.676  -27.731  -4.499 0.3000000119
44570  34.521  -28.506  -4.012 0.3000000119
44572  32.819  -28.676  -4.378 0.3000000119
44594  32.070  -28.534  -5.000 0.3000000119
44573  31.514  -28.923  -4.800 0.3000000119
43587  29.275  -29.474  -5.337 0.3000000119
43569  28.861  -29.995  -4.828 0.3000000119
44591  35.606  -27.119  -4.392 0.3000000119
44574  30.939  -29.003  -5.127 0.3000000119
43586  30.218  -29.301  -5.107 0.3000000119
43588  28.540  -29.654  -5.433 0.3000000119
44611  37.076  -27.944  -5.915 0.3000000119
141572  37.325  -27.223  -6.900 0.3000000119
44636  37.287  -28.218  -8.057 0.4000000060
45646  36.952  -27.386  -9.456 0.4000000060
45660  36.445  -27.633  -10.199 0.4000000060
45670  35.625  -27.389  -11.327 0.4000000060
44691  33.551  -28.207  -13.198 0.4000000060
43570  28.025  -30.071  -5.092 0.3000000119
140656  35.305  -27.166  -5.533 0.3000000119
45584  36.216  -27.548  -5.081 0.3000000119
45604  36.447  -27.173  -6.068 0.3000000119
46602  36.912  -26.709  -6.817 0.3000000119
45645  37.270  -27.102  -8.740 0.3000000119
46649  37.144  -26.511  -9.110 0.3000000119
46672  36.712  -26.755  -9.964 0.4000000060
135188  35.494  -26.760  -11.775 0.4000000060
45679  34.996  -27.104  -12.430 0.4000000060
46689  34.531  -26.486  -12.891 0.4000000060
45694  33.510  -27.403  -13.568 0.4000000060
45705  33.472  -26.779  -13.861 0.4000000060
45603  37.120  -27.353  -6.453 0.3000000119
125329  36.894  -25.777  -9.644 0.3000000119
125969  36.420  -26.174  -10.477 0.3000000119
47660  35.641  -25.768  -11.774 0.4000000060
46688  35.126  -26.217  -12.380 0.4000000060
46700  33.989  -26.700  -13.446 0.4000000060
136460  33.877  -25.048  -13.586 0.4000000060
47676  33.578  -25.587  -13.956 0.4000000060
47686  31.997  -25.642  -14.836 0.4000000060
46716  30.561  -26.397  -14.876 0.5000000000
124783  36.504  -24.885  -10.645 0.3000000119
133838  35.504  -24.925  -12.122 0.4000000060
133843  34.891  -24.917  -12.632 0.4000000060
48773  34.525  -24.228  -12.927 0.4000000060
133837  34.322  -24.982  -13.097 0.4000000060
48785  33.958  -24.332  -13.473 0.3000000119
48786  33.342  -24.658  -14.121 0.4000000060
48795  32.383  -24.668  -14.708 0.3000000119
131295  31.479  -24.969  -15.043 0.3000000119
47688  30.224  -25.631  -15.128 0.4000000060
48796  31.619  -24.187  -15.020 0.3000000119
48797  30.870  -24.478  -15.232 0.3000000119
48751  36.726  -24.213  -10.242 0.3000000119
48765  36.433  -24.187  -10.993 0.3000000119
48766  35.885  -24.161  -11.759 0.3000000119
48772  35.235  -24.188  -12.449 0.3000000119
49929  34.854  -23.448  -12.774 0.3000000119
49939  34.168  -23.521  -13.316 0.3000000119
49940  33.544  -23.660  -13.888 0.3000000119
49951  32.853  -23.816  -14.424 0.3000000119
50989  32.452  -23.182  -14.812 0.3000000119
122605  33.150  -22.954  -14.332 0.3000000119
48722  36.762  -23.562  -9.938 0.3000000119
49920  36.394  -23.308  -11.259 0.3000000119
50966  35.277  -22.652  -12.580 0.3000000119
50976  34.495  -22.718  -13.172 0.3000000119
50977  33.829  -22.805  -13.765 0.3000000119
51995  33.514  -22.042  -14.320 0.3000000119
50995  32.725  -22.338  -14.936 0.3000000119
50994  33.134  -21.689  -14.957 0.3000000119
132077  32.653  -21.706  -15.332 0.3000000119
53037  32.997  -21.057  -15.449 0.3000000119
41533  36.618  -31.971  -1.874 0.5000000000
138257  36.945  -31.271  -2.030 0.5000000000
28573  28.191  -45.240  -8.749 0.6000000238
28597  28.042  -45.992  -10.331 0.5000000000
29471  29.172  -45.053  -10.612 0.5000000000
28608  28.599  -45.815  -10.679 0.5000000000
137751  31.584  -43.342  -9.743 0.5000000000
30276  30.865  -44.061  -9.830 0.5000000000
30284  29.850  -44.158  -10.395 0.5000000000
27616  24.599  -46.697  -2.271 0.6000000238
27617  24.125  -46.377  -2.639 0.6000000238
28530  24.018  -45.723  -2.813 0.6000000238
27623  22.955  -46.072  -4.040 0.5000000000
127762  22.782  -46.550  -4.927 0.5000000000
133725  22.721  -45.723  -4.873 0.5000000000
28548  22.584  -45.270  -5.778 0.5000000000
29425  22.278  -44.389  -6.285 0.4000000060
132867  21.934  -43.405  -6.675 0.4000000060
30242  21.549  -42.241  -7.123 0.4000000060
31130  21.523  -41.065  -6.845 0.4000000060
124801  23.507  -39.314  -4.860 0.3000000119
33788  23.817  -38.841  -4.254 0.3000000119
34766  24.635  -38.366  -2.984 0.4000000060
142949  25.006  -38.201  -2.400 0.4000000060
36613  25.390  -36.355  0.476 0.4000000060
40451  29.047  -32.979  -0.768 0.4000000060
38457  26.249  -34.927  0.540 0.4000000060
38477  24.820  -34.703  0.284 0.4000000060
39401  28.641  -33.587  -0.153 0.4000000060
38474  27.255  -33.954  0.021 0.4000000060
40463  29.479  -32.542  -1.178 0.4000000060
122052  26.952  -33.617  -0.470 0.4000000060
42565  30.543  -30.406  -3.265 0.4000000060
141431  29.681  -31.977  -1.849 0.4000000060
41536  30.441  -31.372  -2.204 0.4000000060
43555  30.050  -30.161  -3.950 0.3000000119
42587  29.258  -30.350  -4.135 0.3000000119
42588  28.385  -30.502  -4.264 0.3000000119
143435  32.297  -42.667  -9.824 0.5000000000
32823  22.302  -40.008  -5.912 0.4000000060
36638  24.343  -37.068  0.133 0.4000000060
37506  24.853  -35.633  0.519 0.4000000060
40452  28.323  -33.063  -0.944 0.4000000060
31943  22.547  -40.105  -6.006 0.4000000060
144201  28.342  -43.821  -11.162 0.5000000000
120000  32.184  -34.863  -0.006 0.4000000060
44626  37.421  -28.585  -7.216 0.5000000000
39396  33.357  -33.541  -0.489 0.4000000060
46681  36.054  -27.010  -10.712 0.4000000060
46714  32.401  -26.411  -14.548 0.4000000060
143820  33.710  -26.226  -13.771 0.4000000060
29472  28.170  -45.331  -11.087 0.6000000238
35748  26.390  -37.405  -0.431 0.4000000060
36612  26.644  -36.776  0.314 0.4000000060
35749  25.374  -37.929  -1.169 0.4000000060
39419  35.366  -33.287  -1.244 0.5000000000
40447  33.330  -32.837  -0.597 0.4000000060
38475  26.490  -34.060  0.020 0.4000000060
38458  25.469  -35.154  0.524 0.4000000060
41524  34.328  -31.606  -1.041 0.4000000060
42554  36.177  -31.080  -1.402 0.5000000000
134180  31.446  -31.876  -1.388 0.4000000060
42586  37.409  -30.545  -3.666 0.5000000000
42561  37.431  -30.909  -2.679 0.5000000000
133198  35.695  -30.105  -1.516 0.5000000000
43564  36.533  -28.898  -3.271 0.5000000000
43563  37.168  -29.522  -3.808 0.5000000000
44553  35.776  -28.632  -3.139 0.4000000060
44569  35.999  -28.104  -3.871 0.4000000060
123546  37.419  -27.854  -6.700 0.3000000119
45635  37.369  -27.349  -8.093 0.3000000119
130641  35.875  -26.370  -11.138 0.4000000060
45620  36.255  -26.478  -6.511 0.3000000119
47665  34.674  -25.643  -12.776 0.4000000060
137584  36.599  -25.470  -10.328 0.3000000119
47659  36.183  -25.607  -10.970 0.3000000119
47685  32.868  -25.550  -14.453 0.4000000060
133529  36.039  -24.930  -11.408 0.3000000119
130020  36.654  -23.632  -10.547 0.3000000119
49921  35.651  -23.391  -12.168 0.3000000119
51973  35.714  -21.864  -12.254 0.3000000119
38476  25.598  -34.363  0.154 0.4000000060
131394  22.736  -51.302  -3.516 0.4000000060
24111  22.950  -50.441  -4.035 0.4000000060
23273  22.760  -51.255  -4.628 0.4000000060
124657  23.053  -49.950  -5.123 0.3000000119
24983  23.063  -49.502  -4.177 0.4000000060
129843  23.006  -49.099  -5.201 0.3000000119
129206  28.543  -49.127  -6.993 0.5000000000
131625  23.018  -47.851  -4.130 0.5000000000
25861  22.988  -48.247  -5.127 0.3000000119
25900  28.567  -48.295  -8.143 0.5000000000
26744  28.496  -47.790  -8.872 0.5000000000
128997  28.745  -48.797  -8.484 0.5000000000
27622  23.501  -46.443  -3.206 0.5000000000
26684  22.884  -47.399  -5.030 0.4000000060
27677  28.424  -46.812  -8.754 0.5000000000
25908  28.701  -48.466  -9.056 0.5000000000
26759  28.985  -48.015  -9.919 0.3000000119
28585  28.225  -45.972  -9.289 0.5000000000
128691  28.656  -47.486  -9.701 0.4000000060
27699  28.433  -46.273  -10.446 0.4000000060
26758  29.476  -47.781  -9.916 0.3000000119
27688  28.922  -47.146  -10.168 0.3000000119
27687  29.687  -46.913  -10.071 0.3000000119
28596  29.113  -46.375  -10.391 0.3000000119
28595  30.508  -45.490  -9.729 0.3000000119
27686  30.668  -46.265  -9.399 0.3000000119
144472  29.954  -46.155  -10.085 0.4000000060
29431  21.724  -44.355  -7.115 0.3000000119
29461  31.743  -44.104  -9.413 0.4000000060
29462  31.119  -44.767  -9.517 0.4000000060
28607  29.615  -45.634  -10.323 0.4000000060
133847  21.415  -43.372  -7.330 0.3000000119
31944  21.664  -40.497  -6.235 0.3000000119
34751  24.464  -38.545  -1.911 0.3000000119
137526  24.643  -37.764  -0.566 0.3000000119
35773  24.099  -38.287  -0.914 0.3000000119
35750  23.731  -37.530  -0.314 0.3000000119
36639  23.451  -36.628  0.096 0.3000000119
38459  24.080  -35.115  0.355 0.3000000119
39402  26.446  -33.521  -0.654 0.3000000119
39403  25.786  -33.696  -0.495 0.3000000119
39404  24.836  -33.898  -0.373 0.3000000119
125107  24.179  -34.378  -0.044 0.3000000119
39406  22.543  -34.132  -0.674 0.3000000119
40464  28.676  -32.482  -1.632 0.3000000119
39421  26.910  -33.141  -1.148 0.3000000119
39422  26.104  -33.189  -1.187 0.3000000119
39423  25.284  -33.252  -1.120 0.3000000119
142120  29.627  -31.323  -2.683 0.3000000119
41529  28.646  -31.740  -2.632 0.3000000119
40489  27.036  -32.377  -2.274 0.3000000119
40466  26.487  -32.703  -1.741 0.3000000119
40467  25.682  -32.694  -1.750 0.3000000119
41537  27.435  -31.889  -2.851 0.3000000119
40490  26.106  -32.266  -2.394 0.3000000119
42566  29.665  -30.713  -3.372 0.3000000119
143449  27.961  -31.864  -2.752 0.3000000119
41538  26.556  -31.781  -3.061 0.3000000119
25014  28.592  -49.666  -6.572 0.5000000000
29463  30.228  -44.845  -10.080 0.4000000060
40465  27.650  -32.788  -1.541 0.3000000119
38478  23.370  -34.540  -0.182 0.3000000119
40488  27.897  -32.218  -2.316 0.3000000119
130894  22.983  -47.797  -6.137 0.3000000119
26696  22.913  -46.962  -6.007 0.3000000119
140312  22.431  -45.876  -6.518 0.3000000119
139884  24.517  -57.542  -0.404 0.4000000060
18140  23.055  -57.871  -0.938 0.4000000060
18153  23.406  -57.310  -1.075 0.4000000060
18169  22.205  -57.184  -2.097 0.4000000060
19039  21.989  -56.723  -2.508 0.3000000119
142522  23.473  -55.980  -1.383 0.4000000060
19019  22.564  -56.630  -1.949 0.4000000060
132250  22.469  -55.179  -2.293 0.4000000060
22406  29.458  -52.949  -4.105 0.3000000119
20737  23.126  -54.807  -1.758 0.4000000060
20761  21.877  -54.452  -3.079 0.3000000119
21594  21.862  -53.608  -3.435 0.3000000119
20748  22.505  -54.265  -2.284 0.4000000060
21610  22.318  -53.792  -5.557 0.3000000119
132559  22.000  -54.501  -5.023 0.3000000119
22428  22.877  -52.991  -6.229 0.3000000119
22394  22.184  -52.929  -2.840 0.4000000060
22419  22.281  -52.843  -4.854 0.3000000119
120376  22.331  -51.999  -4.162 0.3000000119
17321  22.203  -58.084  -1.309 0.4000000060
18154  22.714  -57.372  -1.574 0.4000000060
130871  22.827  -51.165  -5.944 0.3000000119
18126  25.224  -57.831  0.045 0.3000000119
22440  23.601  -52.594  -7.365 0.3000000119
17286  28.258  -58.439  0.311 0.4000000060
17287  26.659  -58.563  0.511 0.4000000060
18121  28.922  -56.985  0.202 0.4000000060
18122  28.081  -57.054  0.391 0.4000000060
18136  30.210  -57.747  -0.336 0.3000000119
18139  23.837  -57.689  -0.639 0.4000000060
18155  22.072  -57.646  -1.890 0.4000000060
18170  21.635  -57.456  -2.471 0.4000000060
18972  27.510  -56.337  0.419 0.5000000000
18973  26.208  -56.611  0.230 0.4000000060
18995  30.613  -56.444  -0.450 0.3000000119
18996  30.028  -55.971  -0.114 0.3000000119
18997  25.503  -56.513  -0.168 0.5000000000
18998  24.758  -56.330  -0.546 0.4000000060
19018  23.327  -56.611  -1.388 0.4000000060
19850  27.339  -55.499  0.415 0.5000000000
19865  25.372  -55.785  -0.286 0.5000000000
19884  31.808  -54.944  -2.046 0.4000000060
19885  31.589  -55.361  -1.332 0.4000000060
19886  23.598  -55.368  -1.342 0.4000000060
19887  22.966  -55.802  -1.776 0.4000000060
19898  31.390  -55.185  -2.841 0.4000000060
19900  22.277  -55.997  -2.401 0.3000000119
19901  21.782  -56.176  -2.907 0.3000000119
20703  28.849  -54.028  0.317 0.6000000238
20704  27.839  -54.238  0.358 0.5000000000
20720  26.032  -54.548  0.083 0.5000000000
20745  31.525  -54.403  -2.636 0.4000000060
20746  30.878  -54.583  -3.354 0.4000000060
21552  31.473  -52.839  -0.739 0.5000000000
21553  30.825  -53.387  -0.288 0.5000000000
21566  32.182  -53.033  -2.149 0.4000000060
21567  31.954  -53.153  -1.493 0.5000000000
21577  31.749  -53.594  -2.522 0.4000000060
21579  30.320  -54.069  -3.603 0.3000000119
21595  21.906  -53.619  -4.388 0.3000000119
22355  30.619  -52.462  -0.297 0.6000000238
22357  28.717  -52.601  0.181 0.6000000238
22358  27.929  -52.283  0.057 0.6000000238
22359  26.934  -52.345  -0.050 0.6000000238
22379  23.291  -52.768  -1.661 0.5000000000
22392  32.292  -52.277  -2.445 0.6000000238
22407  21.985  -52.787  -3.759 0.4000000060
23225  30.729  -51.752  -0.413 0.6000000238
23229  26.359  -51.669  -0.231 0.6000000238
23230  25.773  -50.949  -0.418 0.6000000238
23249  24.067  -51.366  -1.249 0.6000000238
23272  30.813  -51.857  -3.838 0.6000000238
23288  28.706  -50.893  -5.680 0.4000000060
24063  30.762  -50.474  -0.489 0.6000000238
24069  25.226  -50.169  -0.700 0.6000000238
24085  23.905  -50.655  -1.592 0.6000000238
24097  32.711  -50.378  -2.342 0.8000000119
24108  32.344  -50.582  -3.231 0.6000000238
24109  31.453  -50.554  -3.861 0.6000000238
24124  29.322  -50.737  -5.052 0.4000000060
24125  22.949  -50.647  -5.068 0.3000000119
24953  32.835  -48.773  -2.043 0.8999999762
24956  25.180  -49.282  -1.069 0.6999999881
24958  24.090  -49.905  -1.663 0.6000000238
24970  32.771  -49.498  -2.157 0.8000000119
25005  29.334  -49.361  -5.581 0.6000000238
25801  31.105  -48.384  -0.513 0.8999999762
25802  29.468  -48.196  -0.497 0.6999999881
25803  28.635  -48.253  -0.501 0.6999999881
25804  27.812  -48.369  -0.498 0.6999999881
25807  25.858  -48.954  -0.819 0.6999999881
25818  32.829  -48.222  -1.540 0.8999999762
25820  31.785  -48.642  -0.636 0.8000000119
25823  24.041  -48.935  -1.933 0.5000000000
25835  23.802  -48.020  -2.491 0.6000000238
25849  23.260  -48.328  -3.347 0.5000000000
25871  29.841  -48.642  -5.646 0.6000000238
25874  23.043  -48.617  -6.236 0.3000000119
25883  28.943  -48.247  -6.486 0.6000000238
26632  28.137  -47.619  -0.588 0.8999999762
26647  32.789  -47.544  -1.083 1.0000000000
26648  26.958  -46.996  -1.181 0.8999999762
26651  25.071  -47.816  -1.599 0.6000000238
26672  32.872  -47.679  -3.392 0.8999999762
26673  22.961  -46.963  -4.030 0.4000000060
26681  33.014  -47.057  -3.653 0.8999999762
26693  31.399  -47.672  -5.364 0.8000000119
26760  28.757  -48.092  -9.560 0.5000000000
27582  33.181  -45.752  -1.330 1.0000000000
27585  28.690  -46.590  -0.709 0.8999999762
27586  27.822  -46.879  -0.835 0.8999999762
27601  33.094  -46.633  -1.359 1.0000000000
27604  26.481  -46.433  -1.484 0.8999999762
27605  25.740  -46.667  -1.634 0.6999999881
27606  25.081  -47.009  -1.793 0.6000000238
27615  25.213  -46.286  -1.954 0.8000000119
27637  30.738  -46.882  -6.217 0.8000000119
27638  22.770  -46.154  -5.824 0.3000000119
27648  31.266  -46.314  -6.266 0.8000000119
27652  21.935  -46.069  -7.346 0.3000000119
27689  28.443  -46.651  -9.961 0.4000000060
28501  31.244  -45.643  -0.457 0.8999999762
28503  29.308  -45.295  -0.799 0.8999999762
28519  32.775  -45.243  -0.899 0.8999999762
28520  28.413  -45.125  -1.235 0.8999999762
28521  27.511  -45.421  -1.432 0.8999999762
28527  26.093  -45.176  -1.913 0.6999999881
28533  33.567  -45.797  -3.508 1.0000000000
28534  23.446  -45.497  -3.451 0.5000000000
28539  22.673  -45.005  -4.831 0.5000000000
28546  32.441  -45.578  -5.671 0.8000000119
28558  22.090  -45.224  -6.800 0.3000000119
28570  29.514  -45.352  -7.398 0.8000000119
28594  31.341  -45.435  -9.160 0.4000000060
29386  32.309  -44.529  -0.680 0.8999999762
29387  31.557  -44.175  -0.580 0.8999999762
29388  30.828  -44.378  -0.611 0.8999999762
29400  28.348  -44.318  -1.488 0.8999999762
29405  34.277  -44.578  -3.154 1.0000000000
29408  26.316  -44.441  -2.157 0.6999999881
29409  24.621  -44.413  -2.822 0.6000000238
29413  23.416  -44.548  -3.700 0.6000000238
29428  32.096  -44.390  -6.677 0.8999999762
29454  27.958  -44.685  -9.119 0.6999999881
29464  27.530  -44.754  -9.910 0.8000000119
29473  27.839  -45.268  -11.049 0.6999999881
30198  29.417  -43.431  -1.459 0.8999999762
30206  27.211  -43.336  -2.277 0.8000000119
30214  24.509  -43.665  -3.289 0.6000000238
30216  23.158  -43.775  -4.170 0.5000000000
30229  34.226  -43.449  -5.369 1.0000000000
30230  33.653  -43.900  -5.950 1.0000000000
30238  33.938  -43.205  -6.211 1.0000000000
30243  21.048  -42.406  -7.471 0.3000000119
30262  28.600  -43.654  -8.649 0.8000000119
31095  27.329  -42.385  -2.618 0.6999999881
31101  34.921  -42.982  -3.075 1.0000000000
31111  24.392  -41.421  -4.634 0.5000000000
31113  22.893  -42.055  -5.447 0.5000000000
31129  31.801  -43.004  -7.512 0.8999999762
31181  26.457  -42.705  -11.087 0.8000000119
31189  26.828  -42.155  -11.338 0.8000000119
31902  30.458  -41.343  -1.701 0.8999999762
31912  27.125  -41.625  -3.053 0.6999999881
31919  35.963  -40.271  -4.181 1.0000000000
31921  27.406  -40.784  -3.288 0.6999999881
31954  35.256  -40.973  -6.289 1.0000000000
31956  21.008  -40.662  -6.964 0.3000000119
31967  32.259  -41.649  -8.094 0.8999999762
31968  31.648  -41.860  -8.238 0.8999999762
31997  25.014  -41.147  -10.354 0.8999999762
32010  25.074  -41.207  -10.540 0.8000000119
32021  25.292  -41.074  -11.028 0.8000000119
32774  30.101  -40.595  -1.993 1.0000000000
32782  34.973  -40.785  -2.639 0.8999999762
32784  29.542  -40.135  -2.399 0.6999999881
32797  27.237  -39.763  -3.603 0.6999999881
32799  25.952  -39.969  -4.363 0.6000000238
32863  29.064  -41.036  -9.661 0.8999999762
32875  30.343  -40.308  -9.425 0.8999999762
32928  27.272  -40.381  -11.758 0.6999999881
32930  25.681  -40.708  -11.293 0.8000000119
33755  30.101  -39.315  -1.962 0.6999999881
33765  34.120  -39.530  -1.766 1.0000000000
33767  29.014  -39.801  -2.654 0.6000000238
33783  36.128  -39.558  -3.693 1.0000000000
33785  26.947  -38.993  -3.651 0.6000000238
33786  26.084  -38.754  -3.964 0.5000000000
33801  24.726  -38.940  -4.733 0.4000000060
33825  36.222  -38.790  -6.133 1.0000000000
33888  24.324  -40.307  -10.411 0.8000000119
33902  24.245  -39.907  -10.695 0.8000000119
33929  25.512  -39.891  -11.447 0.6999999881
34763  28.674  -38.901  -2.155 0.6000000238
34780  24.154  -38.534  -3.630 0.4000000060
34841  30.371  -38.624  -9.434 0.8999999762
34846  23.918  -38.758  -9.932 0.8999999762
34862  23.592  -38.983  -10.766 0.8999999762
34878  23.453  -38.776  -10.992 0.6999999881
34898  24.171  -38.874  -11.228 0.6999999881
35767  29.165  -38.399  -1.194 0.6000000238
35768  27.927  -38.249  -1.584 0.5000000000
35772  24.912  -38.161  -1.514 0.3000000119
35785  27.266  -38.151  -1.960 0.4000000060
35801  24.764  -38.319  -3.823 0.3000000119
35825  33.963  -37.106  -7.814 1.0000000000
35826  33.411  -37.345  -8.117 1.0000000000
35833  32.853  -37.598  -8.420 1.0000000000
35837  25.757  -37.552  -9.591 0.8999999762
35856  27.630  -37.827  -9.804 0.8999999762
35910  24.646  -38.223  -11.534 0.6999999881
35911  23.851  -38.362  -11.219 0.6999999881
36614  24.810  -36.541  0.403 0.4000000060
36636  27.282  -37.383  -0.382 0.4000000060
36652  33.737  -36.918  -0.737 0.6000000238
36721  27.636  -36.096  -9.338 0.8999999762
36722  27.135  -35.451  -9.231 1.0000000000
36766  26.748  -37.046  -11.997 0.6999999881
37524  31.680  -35.587  0.075 0.5000000000
37545  33.786  -35.433  -0.594 0.5000000000
37585  34.622  -35.003  -6.648 0.8000000119
37590  33.162  -35.103  -7.076 1.0000000000
37595  32.073  -35.225  -7.292 1.0000000000
37603  22.682  -34.937  -9.428 0.8999999762
37626  21.825  -36.069  -10.031 0.8999999762
37627  21.732  -35.123  -9.945 0.8999999762
38469  32.961  -34.255  -0.353 0.4000000060
38470  31.613  -34.305  0.226 0.4000000060
38553  30.402  -34.736  -6.995 1.0000000000
38558  23.296  -34.235  -9.267 0.8999999762
38559  22.299  -34.230  -9.496 0.8999999762
38569  26.094  -34.128  -9.080 1.0000000000
38570  21.838  -34.335  -9.794 0.8999999762
38586  22.390  -33.913  -10.861 0.8000000119
39494  34.689  -33.772  -6.558 0.8000000119
39511  32.046  -33.064  -7.549 0.8000000119
39537  23.255  -33.156  -9.522 0.8999999762
39538  22.274  -33.211  -9.850 0.8999999762
39539  21.855  -33.765  -9.956 0.8000000119
39546  22.179  -33.115  -10.479 0.8000000119
40449  31.719  -32.438  -0.879 0.4000000060
40450  30.370  -33.221  -0.368 0.4000000060
40459  35.406  -32.367  -1.060 0.5000000000
40460  34.751  -32.769  -0.779 0.4000000060
40597  27.642  -33.167  -9.686 0.8999999762
40609  31.926  -32.013  -10.008 0.8000000119
40643  21.792  -31.682  -11.980 0.8000000119
41552  29.058  -31.185  -3.173 0.3000000119
41553  27.918  -31.540  -3.153 0.3000000119
41682  28.585  -31.339  -11.559 0.8999999762
41721  22.712  -30.936  -13.251 0.8000000119
42540  34.903  -29.927  -1.165 0.5000000000
42557  30.304  -30.896  -2.796 0.4000000060
42656  33.021  -30.292  -11.349 0.6999999881
42658  31.517  -30.400  -11.684 0.6999999881
42662  28.188  -30.901  -11.968 0.8000000119
42683  22.451  -30.378  -12.807 0.8000000119
42713  28.457  -30.565  -14.980 0.5000000000
42716  24.583  -30.170  -14.052 0.6000000238
42726  28.126  -29.873  -15.299 0.6000000238
43567  31.010  -29.373  -4.466 0.3000000119
43660  33.250  -29.432  -12.256 0.5000000000
43664  29.916  -29.591  -12.909 0.6999999881
43679  32.016  -28.941  -13.263 0.5000000000
43684  23.070  -29.672  -13.112 0.8000000119
43703  24.534  -28.591  -14.201 0.6000000238
44530  34.707  -29.219  -2.840 0.4000000060
44596  30.554  -28.682  -5.707 0.3000000119
44681  24.382  -28.580  -13.136 0.8000000119
44682  23.904  -28.698  -12.873 0.8000000119
44704  24.794  -27.978  -14.165 0.6999999881
45678  35.338  -27.539  -11.949 0.4000000060
45697  30.351  -27.771  -14.260 0.6999999881
45713  24.833  -26.792  -15.105 0.6000000238
45719  29.990  -27.801  -16.518 0.5000000000
45721  25.632  -25.920  -15.634 0.6000000238
46704  26.875  -25.676  -14.751 0.6000000238
46705  25.290  -26.239  -14.575 0.6999999881
46713  33.197  -26.311  -14.203 0.5000000000
46719  24.966  -26.377  -14.840 0.6999999881
46724  25.586  -25.642  -15.327 0.6000000238
47664  35.188  -25.504  -12.376 0.4000000060
47675  34.116  -25.792  -13.355 0.4000000060
47687  31.104  -25.716  -14.991 0.3000000119
47696  26.925  -24.995  -15.822 0.6000000238
47705  29.156  -25.707  -16.837 0.6000000238
47715  32.278  -25.460  -17.862 0.4000000060
47716  31.304  -25.052  -17.679 0.5000000000
48801  27.532  -24.794  -15.792 0.6000000238
48828  29.282  -24.228  -17.228 0.6000000238
49952  32.220  -23.851  -14.801 0.3000000119
49963  29.432  -23.767  -16.030 0.5000000000
49972  29.501  -23.479  -16.704 0.5000000000
49985  28.988  -23.974  -16.790 0.6000000238
52003  32.083  -22.059  -15.554 0.4000000060
121184  27.101  -38.950  -12.011 0.6999999881
121395  36.789  -24.903  -9.880 0.3000000119
122078  23.431  -53.584  -7.257 0.3000000119
122802  31.570  -54.535  -0.937 0.4000000060
123410  22.659  -52.029  -5.331 0.3000000119
125012  23.612  -38.952  -10.492 0.8999999762
125178  37.419  -27.666  -7.384 0.3000000119
125605  27.741  -39.467  -10.247 0.8999999762
125775  25.970  -36.839  0.269 0.4000000060
125941  23.896  -52.319  -1.190 0.5000000000
125953  27.435  -27.032  -16.204 0.6000000238
126114  29.821  -35.041  -7.302 1.0000000000
126544  29.342  -27.163  -16.527 0.6000000238
127168  25.335  -54.942  -0.290 0.5000000000
127961  30.232  -46.979  -0.493 0.8999999762
128177  28.861  -39.310  -2.459 0.6000000238
128360  31.227  -56.023  -0.832 0.4000000060
128379  24.537  -49.323  -1.464 0.6999999881
128710  28.648  -48.908  -7.697 0.5000000000
129122  30.684  -38.598  -1.256 0.6999999881
129342  27.671  -33.457  -0.563 0.4000000060
129344  36.175  -38.010  -3.167 0.8000000119
130606  29.934  -48.846  -0.477 0.6000000238
130838  28.883  -49.672  -0.400 0.6000000238
131470  27.540  -58.601  0.456 0.3000000119
131495  29.867  -56.884  -0.146 0.4000000060
131508  24.263  -33.226  -12.463 0.6999999881
131940  22.432  -43.580  -5.864 0.4000000060
132415  22.641  -37.453  -10.089 0.8999999762
133565  27.932  -55.097  0.395 0.6000000238
134225  23.413  -29.193  -12.974 0.8000000119
135008  31.613  -29.643  -3.709 0.3000000119
135364  30.750  -25.119  -15.171 0.3000000119
135370  35.731  -40.690  -4.775 1.0000000000
135776  32.073  -28.894  -4.478 0.3000000119
136520  30.484  -42.186  -1.514 1.0000000000
137140  25.408  -35.730  0.562 0.4000000060
137317  22.156  -53.679  -2.709 0.4000000060
137808  26.843  -56.661  0.411 0.4000000060
138762  25.778  -58.535  0.450 0.4000000060
140278  31.315  -21.742  -16.918 0.4000000060
141760  28.369  -30.831  -3.748 0.3000000119
141791  30.004  -39.817  -2.147 0.6999999881
141824  27.560  -34.472  -9.067 1.0000000000
141874  32.035  -30.475  -2.555 0.4000000060
142286  22.158  -54.817  -2.642 0.4000000060
142436  35.795  -40.893  -4.269 1.0000000000
142572  23.297  -50.912  -2.308 0.6000000238
142810  35.720  -26.879  -11.215 0.4000000060
142851  29.741  -32.905  -0.684 0.4000000060
142971  26.242  -39.229  -11.741 0.6999999881
143067  28.284  -43.328  -1.802 0.8999999762
143277  26.132  -40.742  -3.966 0.6000000238
143382  33.255  -45.125  -1.356 0.8999999762
143415  23.318  -31.268  -13.377 0.6999999881
143463  30.047  -46.431  -0.507 0.8999999762
143664  27.149  -41.595  -10.159 0.8999999762
143693  32.527  -33.052  -7.206 0.8000000119
143849  33.279  -39.694  -8.360 1.0000000000
143972  33.937  -45.290  -3.089 1.0000000000
144093  23.041  -37.689  -9.889 0.8999999762
144149  23.361  -50.124  -2.614 0.5000000000
144336  27.029  -32.735  -1.690 0.3000000119
144410  26.111  -53.825  0.016 0.5000000000
144779  31.033  -34.459  -6.927 1.0000000000
145027  23.117  -52.032  -6.409 0.3000000119
145206  24.118  -55.154  -0.924 0.5000000000
