#!ascii label  , from subject sub-v1s21x0050423_ses-1 vox2ras=TkReg
954
65947  18.893  -10.352  -2.056 0.2500000000
65946  19.053  -10.661  -2.180 0.2500000000
69296  16.584  -6.689  -1.943 0.2500000000
68542  16.737  -7.475  -1.894 0.1250000000
68555  17.068  -7.611  -2.275 0.3750000000
67685  16.772  -8.775  -2.061 0.2500000000
65948  17.599  -9.525  -1.840 0.2500000000
128817  18.522  -9.824  -2.377 0.7500000000
66783  18.247  -9.843  -2.177 0.3750000000
65945  19.180  -11.152  -2.133 0.8750000000
65958  18.834  -10.469  -2.279 0.8750000000
65197  19.505  -11.462  -2.296 0.8750000000
67683  17.056  -8.115  -2.222 0.3750000000
67700  17.229  -8.571  -2.261 0.3750000000
67719  18.037  -8.804  -2.516 0.8750000000
66806  17.827  -9.276  -2.331 0.7500000000
66803  20.196  -10.054  -3.583 1.0000000000
66804  19.409  -9.534  -3.278 1.0000000000
66805  18.669  -9.358  -2.657 0.8750000000
65956  19.720  -11.056  -2.802 1.0000000000
66790  19.116  -10.108  -2.722 0.8750000000
65213  20.457  -11.160  -2.720 1.0000000000
69294  17.331  -6.452  -2.542 0.2500000000
116014  17.734  -7.374  -2.656 0.7500000000
68568  18.504  -7.497  -3.188 0.8750000000
67718  18.791  -8.575  -3.028 0.8750000000
68569  17.853  -8.099  -2.578 0.7500000000
66814  20.825  -9.338  -3.740 1.0000000000
67716  20.016  -9.109  -3.696 1.0000000000
67717  19.461  -8.703  -3.517 1.0000000000
65978  21.951  -10.211  -3.302 1.0000000000
66802  21.148  -10.029  -3.675 1.0000000000
65967  21.052  -10.612  -3.125 1.0000000000
65968  20.071  -10.691  -3.207 1.0000000000
70091  16.486  -6.062  -1.912 0.1250000000
69308  18.055  -6.667  -3.057 0.6250000000
133791  19.070  -7.173  -3.772 1.0000000000
69321  18.675  -6.583  -3.710 0.8750000000
68567  19.231  -7.924  -3.618 1.0000000000
67723  22.385  -8.792  -3.585 1.0000000000
67724  21.443  -8.617  -3.732 1.0000000000
67725  20.623  -8.584  -3.761 1.0000000000
67726  20.008  -8.120  -3.822 1.0000000000
66812  22.493  -9.668  -3.301 1.0000000000
66813  21.773  -9.483  -3.632 1.0000000000
66817  23.232  -9.277  -2.542 1.0000000000
111082  15.296  -3.177  -4.845 0.2500000000
70100  17.529  -5.613  -2.898 0.2500000000
70112  17.776  -5.185  -3.413 0.3750000000
129197  17.675  -6.066  -2.932 0.5000000000
70126  18.784  -5.874  -4.229 1.0000000000
70111  18.200  -5.762  -3.691 0.6250000000
69320  19.288  -6.543  -4.128 1.0000000000
69318  20.960  -6.423  -4.362 1.0000000000
69319  20.062  -6.510  -4.293 1.0000000000
128210  22.873  -7.772  -3.523 1.0000000000
117050  21.981  -7.834  -3.791 1.0000000000
123977  23.247  -6.752  -3.880 1.0000000000
67722  22.930  -8.900  -3.117 1.0000000000
68575  23.454  -7.194  -3.172 1.0000000000
131733  23.657  -7.449  -2.760 1.0000000000
126994  16.039  -3.147  -5.257 0.5000000000
111253  16.108  -3.744  -4.985 0.3750000000
126965  16.830  -4.194  -4.782 0.3750000000
70989  17.123  -4.271  -5.196 0.5000000000
70987  19.330  -4.611  -5.406 0.8750000000
70134  18.710  -5.268  -4.887 1.0000000000
71857  18.770  -3.948  -5.850 1.0000000000
70123  21.312  -5.707  -4.769 1.0000000000
70133  19.860  -5.233  -4.941 1.0000000000
69316  22.952  -6.172  -4.556 1.0000000000
69317  21.928  -6.319  -4.474 1.0000000000
124414  24.056  -5.803  -3.835 1.0000000000
120373  23.959  -7.035  -2.739 0.8750000000
126864  15.206  -2.478  -5.089 0.5000000000
134135  16.755  -3.717  -5.332 0.5000000000
72804  17.043  -3.252  -5.645 0.6250000000
71865  18.040  -3.203  -6.035 0.6250000000
70988  18.085  -4.642  -5.411 0.7500000000
71856  20.108  -3.917  -5.926 1.0000000000
70983  23.649  -4.047  -5.559 1.0000000000
70985  22.827  -3.915  -5.776 1.0000000000
70130  22.619  -4.787  -5.490 1.0000000000
70131  21.519  -4.924  -5.322 1.0000000000
70976  23.959  -4.809  -5.346 1.0000000000
70121  23.444  -5.395  -5.173 1.0000000000
70122  22.315  -5.571  -5.010 1.0000000000
114733  24.267  -4.880  -4.827 0.8750000000
70120  24.079  -5.440  -4.853 1.0000000000
70110  24.612  -5.664  -3.319 0.8750000000
126824  16.702  -2.293  -5.865 0.5000000000
126908  18.568  -2.472  -6.452 0.8750000000
126531  21.562  -2.234  -6.533 1.0000000000
71863  20.464  -3.216  -6.386 1.0000000000
71853  23.833  -3.430  -5.411 1.0000000000
126758  22.402  -2.953  -6.092 1.0000000000
70986  21.177  -4.166  -5.775 1.0000000000
127065  23.732  -2.250  -5.336 1.0000000000
70974  24.508  -4.110  -4.420 1.0000000000
70975  24.143  -4.158  -5.235 1.0000000000
72802  23.975  -2.774  -5.117 1.0000000000
71845  24.298  -3.402  -4.898 1.0000000000
110825  16.278  -1.069  -6.184 0.5000000000
111004  17.840  -1.515  -6.560 0.8750000000
110978  19.381  -1.835  -6.740 1.0000000000
127070  21.356  -0.678  -6.746 1.0000000000
126535  20.519  -2.041  -6.723 1.0000000000
133243  23.960  -0.545  -5.146 1.0000000000
126756  22.970  -1.260  -5.895 1.0000000000
126698  24.459  -0.897  -4.519 1.0000000000
111230  23.726  -1.403  -5.334 1.0000000000
126564  25.051  -1.604  -3.862 1.0000000000
73657  24.191  -1.957  -4.795 1.0000000000
72794  25.326  -2.484  -3.751 0.8750000000
110970  19.158  2.942  -7.349 1.0000000000
126923  17.631  2.051  -6.391 0.3750000000
126876  19.880  2.302  -7.363 0.8750000000
126544  21.275  0.334  -6.795 1.0000000000
111042  23.774  0.163  -5.298 1.0000000000
126577  23.113  0.307  -5.702 1.0000000000
78692  19.721  4.594  -7.420 0.8750000000
126898  20.335  3.931  -7.288 1.0000000000
110982  20.128  3.115  -7.393 1.0000000000
126784  20.754  2.507  -6.992 1.0000000000
110985  20.967  3.308  -6.896 1.0000000000
126543  21.790  1.115  -6.569 1.0000000000
127056  23.584  0.840  -5.473 1.0000000000
110394  23.736  1.681  -5.437 1.0000000000
126710  24.212  0.891  -5.071 1.0000000000
79535  19.203  5.358  -7.366 0.7500000000
78678  21.152  4.203  -6.775 1.0000000000
77888  21.818  3.487  -6.502 1.0000000000
77873  23.906  3.390  -5.264 1.0000000000
77874  23.073  3.062  -5.793 1.0000000000
111187  23.548  2.536  -5.537 1.0000000000
129708  21.557  4.822  -6.496 1.0000000000
118334  22.048  4.296  -6.322 1.0000000000
125677  23.185  3.816  -5.688 1.0000000000
85570  18.517  11.875  -4.652 0.1250000000
85571  18.008  11.782  -4.620 0.1250000000
84802  20.671  11.485  -4.666 0.2500000000
85561  20.405  12.305  -4.409 0.1250000000
123676  21.418  12.080  -4.416 0.3750000000
85560  21.187  12.994  -4.179 0.2500000000
85559  22.302  12.720  -4.452 0.5000000000
120294  22.911  13.625  -4.534 0.3750000000
118913  20.049  13.210  -4.398 0.2500000000
86307  21.938  13.734  -4.281 0.2500000000
87108  21.609  14.653  -4.309 0.2500000000
87889  22.259  15.284  -4.586 0.2500000000
87106  23.249  14.289  -4.814 0.2500000000
87888  23.024  15.021  -4.885 0.2500000000
131450  23.684  14.614  -5.588 0.3750000000
87107  22.557  14.457  -4.491 0.2500000000
87133  23.731  14.855  -6.696 0.3750000000
65940  18.766  -9.840  -0.973 0.1250000000
66792  16.638  -9.136  -2.005 0.2500000000
67668  17.040  -8.340  -1.441 0.1250000000
65977  22.453  -10.401  -2.558 1.0000000000
110894  22.515  -1.977  -6.216 1.0000000000
65930  19.335  -11.439  -0.431 0.1250000000
65186  19.446  -11.337  -1.775 0.6250000000
65184  20.008  -11.943  -1.957 0.7500000000
68533  17.119  -7.426  -0.895 0.1250000000
64388  20.319  -12.027  -1.941 1.0000000000
66776  17.967  -9.340  -1.421 0.1250000000
65212  21.516  -11.192  -2.328 1.0000000000
65966  22.118  -10.745  -2.461 1.0000000000
65976  22.860  -10.635  -1.804 1.0000000000
70978  16.485  -3.893  -4.390 0.2500000000
70968  17.332  -4.269  -4.002 0.2500000000
68566  24.669  -7.260  -2.242 0.8750000000
70967  24.708  -4.870  -3.692 0.8750000000
69307  24.448  -6.386  -2.819 0.8750000000
70966  25.222  -3.999  -3.620 0.8750000000
126537  17.097  1.599  -5.884 0.1250000000
126471  17.254  -0.474  -6.450 0.6250000000
71844  24.785  -3.268  -4.028 0.8750000000
110733  18.096  2.841  -6.677 0.5000000000
126877  19.435  3.781  -7.441 0.8750000000
110721  17.167  1.287  -6.168 0.3750000000
126677  17.930  0.800  -6.649 0.8750000000
126860  24.982  0.817  -4.318 1.0000000000
110390  25.431  1.601  -4.288 1.0000000000
111349  24.635  1.801  -4.759 1.0000000000
78679  20.430  4.608  -7.138 1.0000000000
133221  24.131  2.445  -5.218 1.0000000000
79519  20.545  5.780  -6.758 0.8750000000
80441  21.784  6.046  -6.143 1.0000000000
121208  23.213  5.054  -5.434 1.0000000000
84794  17.828  11.231  -3.642 0.1250000000
83139  17.871  10.147  -5.288 0.1250000000
84007  21.009  10.102  -5.317 0.6250000000
84801  21.608  11.266  -4.730 0.6250000000
84800  23.053  11.983  -4.533 0.5000000000
85562  19.330  12.309  -4.489 0.2500000000
87122  24.327  13.817  -5.662 0.5000000000
86309  19.905  14.022  -4.375 0.2500000000
86306  23.808  13.644  -4.962 0.5000000000
87132  24.308  14.106  -6.306 0.5000000000
126182  22.006  16.004  -4.814 0.1250000000
87905  23.145  15.413  -5.459 0.2500000000
131407  23.315  15.595  -6.776 0.2500000000
87139  23.649  14.483  -7.502 0.3750000000
87146  22.321  14.988  -8.578 0.2500000000
131828  22.631  15.780  -5.099 0.1250000000
65941  19.274  -10.724  -1.809 0.1250000000
65187  19.371  -10.995  -1.723 0.3750000000
66777  17.192  -8.892  -1.733 0.1250000000
65185  19.625  -11.658  -1.969 0.7500000000
65957  19.288  -10.839  -2.594 0.8750000000
65196  20.005  -11.658  -2.397 1.0000000000
65969  19.605  -10.426  -3.126 1.0000000000
119602  19.674  -7.247  -3.977 1.0000000000
116926  20.999  -7.865  -3.817 1.0000000000
123408  20.524  -7.197  -4.052 1.0000000000
66811  22.828  -9.842  -2.680 1.0000000000
70127  17.848  -4.888  -4.318 0.3750000000
131539  18.269  -5.334  -4.470 0.8750000000
70125  19.516  -5.846  -4.487 1.0000000000
70124  20.418  -5.809  -4.607 1.0000000000
68576  22.459  -6.983  -4.052 1.0000000000
68577  21.483  -7.086  -4.089 1.0000000000
69315  23.795  -6.486  -3.486 1.0000000000
70977  17.666  -4.950  -5.011 0.6250000000
71858  17.621  -3.916  -5.647 0.6250000000
70132  20.720  -5.278  -5.018 1.0000000000
115823  20.467  -4.657  -5.370 1.0000000000
111993  23.678  -5.967  -4.415 1.0000000000
132996  24.212  -5.296  -4.151 0.8750000000
69293  25.227  -6.867  -2.161 0.8750000000
71864  19.351  -3.248  -6.276 1.0000000000
71855  21.022  -3.620  -6.174 1.0000000000
70984  23.408  -4.588  -5.525 1.0000000000
121244  22.017  -4.282  -5.721 1.0000000000
127149  19.896  -2.593  -6.566 1.0000000000
71862  21.396  -3.079  -6.392 1.0000000000
71854  23.273  -3.287  -5.717 1.0000000000
119044  21.842  -3.652  -6.028 1.0000000000
127016  23.035  -2.630  -5.854 1.0000000000
72795  24.544  -2.578  -4.438 1.0000000000
127036  20.120  -1.404  -6.830 1.0000000000
127150  21.007  -1.444  -6.789 1.0000000000
110758  20.359  -0.775  -6.946 1.0000000000
126483  21.780  -1.476  -6.545 1.0000000000
110730  21.999  -0.123  -6.484 1.0000000000
126593  22.674  -0.359  -6.039 1.0000000000
110957  24.362  0.055  -4.734 1.0000000000
110396  23.366  -0.534  -5.568 1.0000000000
126576  22.242  -1.005  -6.371 1.0000000000
126772  18.824  2.131  -7.136 0.7500000000
127035  19.725  1.399  -7.250 1.0000000000
126489  18.404  1.378  -6.809 0.7500000000
126884  19.673  -0.102  -7.098 1.0000000000
135249  21.891  0.476  -6.527 1.0000000000
126530  20.240  0.522  -7.147 1.0000000000
127163  20.834  1.173  -6.899 1.0000000000
110783  22.999  1.153  -5.793 1.0000000000
79534  20.084  5.274  -7.220 0.8750000000
123556  20.528  1.834  -7.088 1.0000000000
127071  21.590  2.658  -6.635 1.0000000000
126482  22.123  1.991  -6.470 1.0000000000
127170  22.447  1.391  -6.220 1.0000000000
110397  21.296  1.875  -6.725 1.0000000000
78677  22.166  5.065  -6.185 1.0000000000
126578  22.382  2.826  -6.276 1.0000000000
78664  22.820  4.549  -5.872 1.0000000000
79517  22.143  5.674  -6.098 1.0000000000
79518  21.461  5.519  -6.402 1.0000000000
84804  17.543  11.227  -4.396 0.1250000000
84808  19.030  11.455  -4.741 0.1250000000
84010  17.522  10.767  -4.901 0.1250000000
86319  18.711  12.331  -4.374 0.2500000000
84002  19.760  10.897  -4.854 0.3750000000
85558  23.370  12.852  -4.618 0.5000000000
128997  22.208  11.799  -4.538 0.7500000000
87913  23.378  15.504  -6.117 0.2500000000
87916  23.309  15.245  -7.391 0.2500000000
65179  19.597  -11.455  -1.003 0.2500000000
65914  19.431  -11.321  0.304 0.1250000000
65178  19.657  -11.814  -0.996 0.6250000000
65177  19.714  -11.798  -1.392 0.7500000000
65195  20.837  -11.721  -2.165 1.0000000000
110373  16.624  0.629  -5.954 0.5000000000
126885  19.040  -0.865  -6.867 0.8750000000
110363  18.293  0.089  -6.828 0.7500000000
111149  19.108  0.647  -7.096 1.0000000000
80442  21.083  6.251  -6.247 1.0000000000
80432  22.854  6.611  -5.439 1.0000000000
83138  18.861  9.769  -5.574 0.3750000000
84000  21.718  10.462  -5.098 0.7500000000
84001  20.856  10.743  -5.080 0.5000000000
119199  22.648  11.021  -4.686 0.7500000000
87145  23.076  14.740  -8.071 0.2500000000
128661  23.387  14.062  -8.106 0.3750000000
60835  21.325  -15.930  -0.242 0.7500000000
61733  23.092  -15.910  -0.610 0.7500000000
60836  20.630  -15.780  -0.060 0.7500000000
61736  20.237  -15.065  -0.188 0.7500000000
61753  22.425  -15.298  -0.768 0.7500000000
61734  21.727  -15.398  -0.545 0.7500000000
61735  20.949  -14.773  -0.448 0.7500000000
132399  20.471  -13.978  -0.474 0.7500000000
134019  23.267  -14.464  -1.371 0.7500000000
62621  22.685  -14.548  -1.053 0.7500000000
133448  21.485  -14.082  -0.636 0.7500000000
63503  20.087  -12.674  -0.970 0.7500000000
64366  19.872  -12.067  -1.402 0.6250000000
63501  21.456  -13.396  -0.760 0.7500000000
64375  21.311  -12.732  -1.121 0.8750000000
63502  20.527  -12.909  -0.983 0.8750000000
63514  22.954  -13.871  -1.455 0.7500000000
63500  22.354  -13.193  -0.925 0.7500000000
64387  21.108  -12.225  -1.627 0.8750000000
63513  23.590  -13.437  -1.837 0.7500000000
115474  22.975  -13.171  -1.507 0.7500000000
64386  22.402  -12.441  -1.108 0.8750000000
65194  21.971  -11.686  -1.511 0.8750000000
64400  23.684  -12.433  -1.883 0.7500000000
64401  23.104  -11.969  -1.494 0.8750000000
65211  22.589  -11.273  -1.701 0.8750000000
65220  24.135  -11.650  -1.718 0.8750000000
119566  23.129  -11.688  -1.429 0.8750000000
65975  23.735  -10.722  -1.610 0.8750000000
66810  23.517  -9.719  -1.977 0.8750000000
66799  27.013  -9.280  -2.589 0.3750000000
66789  26.223  -9.144  -2.264 0.6250000000
66800  25.268  -8.994  -1.831 0.7500000000
66801  24.322  -8.862  -1.920 0.7500000000
67714  27.382  -8.829  -2.754 0.5000000000
67697  26.747  -8.589  -2.451 0.5000000000
117724  26.513  -7.966  -2.267 0.7500000000
67699  25.313  -7.500  -1.940 0.7500000000
68565  28.036  -7.978  -2.951 0.1250000000
68551  27.233  -7.426  -2.559 0.3750000000
68552  26.547  -7.425  -2.221 0.6250000000
120078  25.870  -6.857  -2.056 0.6250000000
69306  25.331  -6.220  -2.465 0.6250000000
112768  29.289  -7.444  -4.203 0.1250000000
68564  28.697  -7.747  -3.472 0.1250000000
112823  27.959  -6.284  -2.836 0.1250000000
70107  28.755  -5.562  -3.478 0.1250000000
70108  26.138  -5.624  -2.629 0.6250000000
70965  26.057  -4.794  -3.048 0.6250000000
135162  28.859  -6.282  -3.689 0.1250000000
70962  29.332  -4.957  -4.242 0.1250000000
71837  28.207  -3.946  -3.146 0.1250000000
71838  26.987  -4.089  -3.073 0.5000000000
134741  26.162  -3.844  -3.321 0.6250000000
71839  25.750  -3.201  -3.591 0.7500000000
69303  29.260  -6.651  -4.395 0.1250000000
122445  28.774  -3.218  -3.557 0.5000000000
72786  28.350  -2.490  -3.555 0.5000000000
72788  26.289  -2.563  -3.585 0.6250000000
79520  19.690  6.022  -7.117 0.6250000000
80444  19.437  6.693  -6.808 0.5000000000
80443  20.223  6.558  -6.676 0.7500000000
127155  27.480  -1.426  -3.616 0.6250000000
126562  26.836  -0.149  -3.783 0.6250000000
127154  25.493  -0.583  -3.898 0.8750000000
110760  29.119  -0.461  -4.145 0.5000000000
127134  27.945  -0.621  -3.682 0.6250000000
127147  28.261  0.257  -3.736 0.6250000000
127133  25.854  0.292  -3.971 0.7500000000
81338  19.987  7.413  -6.581 0.7500000000
110998  24.938  -0.070  -4.188 0.8750000000
113086  24.696  2.821  -4.737 0.8750000000
77859  24.858  3.719  -4.753 0.8750000000
127156  26.080  1.138  -3.995 0.7500000000
111373  26.285  1.958  -4.040 0.8750000000
110392  25.531  3.210  -4.367 0.8750000000
77858  25.780  4.018  -4.508 0.8750000000
78648  25.250  4.535  -4.838 0.8750000000
126800  29.291  -0.116  -4.863 0.3750000000
126528  28.278  1.128  -3.857 0.5000000000
127146  27.247  1.534  -3.843 0.6250000000
110383  29.192  0.674  -5.078 0.2500000000
127148  28.172  1.841  -3.949 0.5000000000
81330  20.539  7.977  -5.690 0.6250000000
121183  21.212  7.902  -5.470 0.7500000000
81337  20.886  7.112  -5.771 0.7500000000
80434  21.740  6.603  -5.981 0.8750000000
78663  23.517  4.366  -5.334 0.8750000000
79490  24.737  5.155  -4.943 0.7500000000
79489  25.742  5.292  -5.028 0.8750000000
110388  27.462  2.429  -3.866 0.6250000000
111311  27.222  3.189  -3.934 0.7500000000
111342  28.739  1.487  -4.544 0.3750000000
111020  28.762  2.185  -5.098 0.5000000000
78645  28.198  4.466  -4.616 0.7500000000
110385  28.963  0.721  -5.871 0.2500000000
82268  20.120  8.895  -6.103 0.6250000000
81329  21.887  7.355  -5.830 0.8750000000
81328  22.556  7.476  -5.650 0.8750000000
80426  23.685  6.576  -4.889 0.8750000000
82265  23.036  8.255  -5.479 0.7500000000
79491  24.192  5.852  -4.898 0.8750000000
80422  27.364  6.226  -5.100 0.7500000000
77856  27.565  3.861  -4.235 0.5000000000
77075  27.922  2.763  -6.396 0.2500000000
77066  28.503  2.830  -5.594 0.5000000000
112960  28.465  2.949  -4.847 0.5000000000
76256  28.003  0.778  -6.693 0.2500000000
83136  20.623  9.497  -5.486 0.5000000000
83135  21.563  9.572  -5.537 0.6250000000
83134  22.553  9.132  -5.848 0.7500000000
83133  23.646  9.026  -5.205 0.7500000000
83128  23.312  9.750  -5.368 0.7500000000
82264  24.614  8.990  -5.027 0.7500000000
82245  25.229  8.329  -4.916 0.7500000000
82246  24.052  8.104  -4.809 0.7500000000
83127  24.290  9.890  -5.065 0.7500000000
81317  24.932  7.503  -4.802 0.7500000000
81327  26.985  7.853  -5.055 0.7500000000
82244  26.295  8.490  -5.041 0.7500000000
79503  28.628  5.531  -5.177 0.5000000000
133957  28.109  6.594  -5.333 0.3750000000
80431  27.611  6.967  -5.243 0.6250000000
77886  28.391  3.594  -6.003 0.2500000000
116584  28.737  5.084  -5.797 0.3750000000
114013  28.717  5.908  -5.961 0.3750000000
125929  22.580  10.070  -5.363 0.7500000000
83997  25.178  10.991  -4.771 0.7500000000
83126  25.071  9.690  -5.054 0.7500000000
83132  25.674  9.629  -5.659 0.7500000000
134848  26.857  8.875  -5.919 0.6250000000
81335  28.290  7.006  -6.648 0.3750000000
82285  27.372  8.072  -7.035 0.3750000000
128242  26.967  4.529  -7.601 0.1250000000
79532  27.126  5.460  -7.835 0.1250000000
127783  27.923  6.113  -7.410 0.2500000000
84799  23.757  11.342  -4.606 0.6250000000
84798  24.615  11.585  -4.690 0.7500000000
123182  25.566  11.155  -5.471 0.6250000000
82299  26.698  8.708  -6.864 0.3750000000
83147  26.284  9.271  -6.310 0.3750000000
82262  26.321  9.026  -5.493 0.7500000000
81352  27.258  7.332  -8.491 0.2500000000
113613  27.176  7.661  -7.837 0.3750000000
117810  26.995  8.477  -5.395 0.6250000000
79562  27.616  5.498  -9.267 0.1250000000
134286  27.360  5.952  -8.396 0.1250000000
79533  26.723  4.810  -8.203 0.1250000000
122487  23.966  12.189  -4.595 0.6250000000
85569  24.684  12.394  -4.968 0.6250000000
84813  25.843  11.832  -6.663 0.3750000000
116871  25.721  11.948  -5.868 0.3750000000
84016  25.934  10.850  -6.924 0.3750000000
133852  26.211  8.987  -9.369 0.2500000000
122973  26.404  8.849  -7.710 0.3750000000
83148  25.958  9.886  -6.640 0.3750000000
81375  27.514  7.283  -10.443 0.1250000000
81353  26.926  7.944  -8.591 0.3750000000
81344  26.771  8.298  -7.768 0.3750000000
79563  27.372  4.340  -10.333 0.1250000000
80472  27.525  6.612  -8.741 0.1250000000
86328  24.677  13.642  -6.892 0.3750000000
86318  24.574  13.142  -5.353 0.3750000000
85568  25.264  12.612  -5.609 0.3750000000
85582  25.069  12.078  -8.036 0.3750000000
85578  25.518  12.421  -7.168 0.3750000000
84029  24.989  10.931  -9.211 0.3750000000
84818  25.220  11.247  -8.369 0.3750000000
84816  25.623  11.542  -7.494 0.3750000000
83186  25.797  9.467  -9.732 0.3750000000
82326  25.967  9.444  -8.920 0.3750000000
84020  25.398  10.584  -8.646 0.3750000000
121371  27.403  7.483  -11.905 0.1250000000
81368  26.738  8.363  -9.530 0.1250000000
82338  26.224  8.948  -10.114 0.2500000000
80483  27.733  6.363  -11.006 0.1250000000
85584  23.702  12.823  -8.914 0.2500000000
84823  23.655  11.813  -10.063 0.2500000000
85587  24.082  12.186  -9.358 0.3750000000
85583  24.385  12.480  -8.534 0.3750000000
84049  24.177  10.221  -10.997 0.1250000000
84822  24.402  11.404  -9.746 0.3750000000
84819  24.721  11.753  -8.923 0.3750000000
83199  24.964  9.792  -10.803 0.1250000000
84038  24.764  10.482  -10.123 0.2500000000
110438  25.764  8.895  -12.995 0.1250000000
83198  25.661  9.393  -10.521 0.1250000000
86334  23.477  13.481  -8.495 0.3750000000
113957  24.048  13.083  -8.262 0.3750000000
84039  23.385  10.682  -11.170 0.1250000000
84040  22.524  11.020  -11.374 0.1250000000
84050  23.573  9.989  -11.662 0.1250000000
119736  22.873  10.413  -11.749 0.1250000000
114135  26.612  8.370  -13.272 0.1250000000
110441  23.408  9.432  -13.235 0.1250000000
84051  21.625  10.845  -11.924 0.1250000000
84064  22.253  10.240  -12.321 0.1250000000
83244  25.220  9.339  -14.578 0.1250000000
110429  26.244  8.880  -14.288 0.1250000000
65974  24.754  -10.877  -1.728 0.6250000000
110777  28.237  -1.839  -3.601 0.6250000000
110389  28.064  3.116  -4.150 0.5000000000
77074  28.588  1.857  -6.011 0.3750000000
82267  20.929  8.682  -5.405 0.6250000000
123709  22.172  8.214  -5.918 0.7500000000
81319  23.329  7.396  -5.038 0.8750000000
81318  24.067  7.245  -4.762 0.7500000000
125498  25.673  6.891  -4.871 0.7500000000
80424  25.197  5.989  -5.020 0.7500000000
78644  28.625  4.343  -4.952 0.5000000000
79486  28.550  4.910  -4.884 0.5000000000
79487  28.022  5.337  -4.840 0.7500000000
78661  28.672  4.335  -5.545 0.5000000000
126368  26.112  8.698  -12.012 0.1250000000
84828  23.944  11.019  -10.495 0.2500000000
112200  22.756  9.680  -12.774 0.1250000000
111756  24.187  9.422  -13.981 0.1250000000
69291  26.733  -6.168  -2.412 0.5000000000
70099  25.903  -6.014  -2.417 0.6250000000
70109  25.373  -5.525  -2.906 0.7500000000
126563  29.077  -2.084  -4.129 0.3750000000
126916  28.681  -1.247  -3.815 0.3750000000
111286  29.254  -0.535  -5.785 0.2500000000
119611  26.647  4.198  -4.404 0.7500000000
83214  25.458  9.294  -11.373 0.1250000000
60818  21.700  -16.600  0.146 0.7500000000
60819  20.974  -16.513  0.256 0.7500000000
61716  19.877  -15.719  0.355 0.7500000000
118488  22.967  -16.851  -0.133 0.7500000000
115910  22.156  -16.113  -0.340 0.7500000000
60833  23.888  -16.562  -0.450 0.7500000000
120211  24.083  -14.839  -1.313 0.6250000000
62620  23.864  -14.104  -1.614 0.7500000000
111727  24.563  -13.726  -1.728 0.6250000000
64399  24.500  -12.748  -1.802 0.6250000000
65219  25.140  -11.744  -1.833 0.5000000000
65965  26.523  -10.741  -2.376 0.3750000000
65973  25.685  -11.039  -2.050 0.5000000000
66798  27.744  -9.426  -2.914 0.1250000000
67712  28.776  -8.469  -3.437 0.1250000000
68573  30.194  -7.823  -4.671 0.1250000000
116677  29.865  -6.245  -5.284 0.1250000000
70119  29.672  -5.430  -5.232 0.1250000000
70973  29.464  -4.727  -5.454 0.1250000000
71836  29.219  -3.999  -4.101 0.1250000000
72785  29.083  -2.741  -4.014 0.1250000000
126533  29.175  -1.405  -4.520 0.2500000000
82287  19.285  8.187  -6.223 0.5000000000
76265  26.621  1.760  -8.206 0.1250000000
77893  26.356  3.475  -8.008 0.1250000000
78706  26.591  3.954  -8.475 0.1250000000
83137  19.782  9.549  -5.811 0.3750000000
133475  27.145  3.620  -10.245 0.1250000000
79575  26.963  4.040  -11.726 0.1250000000
81395  27.344  7.463  -12.635 0.1250000000
110435  27.852  6.466  -14.818 0.1250000000
86311  18.780  12.781  -4.099 0.1250000000
85589  22.488  12.801  -9.832 0.2500000000
85592  21.975  12.399  -10.474 0.1250000000
84831  21.432  12.001  -11.127 0.1250000000
111580  21.797  9.955  -13.270 0.1250000000
84065  21.170  10.504  -12.831 0.1250000000
111110  23.063  9.441  -14.203 0.1250000000
111857  23.439  9.537  -14.883 0.1250000000
67721  23.569  -8.765  -2.415 0.7500000000
110386  26.243  -1.855  -3.650 0.7500000000
78693  18.670  4.517  -7.294 0.3750000000
78662  24.302  4.356  -4.938 0.8750000000
65221  22.583  -11.128  -1.670 0.8750000000
64377  20.197  -12.364  -1.371 0.7500000000
64376  20.383  -12.377  -1.503 0.8750000000
67715  24.899  -8.032  -1.830 0.7500000000
79507  22.715  5.493  -5.781 0.8750000000
79506  23.275  5.790  -5.236 0.8750000000
86317  25.011  13.383  -6.096 0.3750000000
87138  24.173  14.231  -7.012 0.3750000000
86335  22.744  14.041  -8.727 0.1250000000
86340  22.994  13.208  -9.192 0.2500000000
61752  23.210  -15.084  -1.057 0.7500000000
61737  19.656  -14.794  0.014 0.7500000000
62607  20.064  -14.177  -0.371 0.7500000000
62605  21.917  -14.678  -0.726 0.7500000000
62606  20.805  -13.718  -0.608 0.7500000000
62622  22.229  -13.944  -0.851 0.7500000000
63490  20.220  -13.396  -0.622 0.7500000000
64367  19.723  -12.325  -0.820 0.6250000000
64385  23.358  -12.794  -1.834 0.7500000000
63527  24.276  -13.120  -1.930 0.7500000000
64410  23.612  -12.347  -1.748 0.7500000000
65210  23.265  -12.065  -1.555 0.8750000000
64409  24.721  -12.348  -1.757 0.6250000000
66809  24.478  -9.879  -1.714 0.7500000000
127405  27.232  -10.034  -2.614 0.2500000000
118318  26.560  -9.834  -2.392 0.5000000000
65955  25.683  -10.062  -2.011 0.6250000000
67698  25.877  -8.200  -2.011 0.7500000000
67696  27.232  -8.157  -2.631 0.5000000000
67713  28.095  -8.759  -3.094 0.1250000000
69305  27.992  -7.240  -2.919 0.2500000000
134370  27.232  -6.801  -2.542 0.3750000000
69292  26.390  -6.671  -2.183 0.6250000000
133224  29.713  -7.063  -4.920 0.1250000000
69304  28.702  -6.976  -3.549 0.1250000000
129582  28.026  -5.398  -2.869 0.5000000000
70964  27.518  -4.766  -2.897 0.5000000000
70106  29.285  -5.802  -4.395 0.1250000000
70963  28.658  -4.743  -3.294 0.1250000000
119635  27.189  -3.157  -3.349 0.6250000000
126505  26.461  -1.018  -3.702 0.6250000000
126532  27.088  0.695  -3.818 0.6250000000
77857  26.479  3.569  -4.157 0.7500000000
79488  26.808  5.363  -5.056 0.7500000000
127037  28.372  2.351  -4.357 0.5000000000
82266  21.800  8.742  -5.838 0.6250000000
114194  26.267  6.150  -5.100 0.7500000000
80425  24.602  6.659  -4.822 0.7500000000
79504  28.136  6.184  -5.094 0.6250000000
80423  26.756  7.081  -5.003 0.7500000000
77872  28.578  3.624  -5.238 0.5000000000
77887  27.481  3.608  -6.893 0.1250000000
77076  26.870  2.709  -7.507 0.1250000000
76257  27.492  1.849  -6.995 0.1250000000
83999  23.560  10.499  -4.925 0.7500000000
82263  25.524  9.033  -5.098 0.7500000000
81326  27.495  7.736  -5.568 0.6250000000
80440  28.398  6.341  -6.724 0.3750000000
81336  27.772  7.603  -6.395 0.3750000000
131260  28.240  4.430  -6.429 0.1250000000
78691  28.181  5.434  -6.838 0.3750000000
84013  25.757  10.495  -6.002 0.3750000000
80457  28.026  6.789  -7.390 0.3750000000
80471  27.189  6.272  -7.996 0.1250000000
79549  27.072  5.411  -8.318 0.1250000000
134710  26.406  8.721  -8.567 0.3750000000
82312  26.108  9.371  -8.076 0.3750000000
81367  27.370  7.450  -9.389 0.2500000000
80478  27.754  6.462  -9.856 0.1250000000
79574  27.680  5.301  -10.629 0.1250000000
79550  27.246  4.386  -9.139 0.1250000000
82348  27.177  7.917  -11.108 0.1250000000
135190  27.146  7.932  -10.193 0.1250000000
86327  25.265  13.078  -6.783 0.3750000000
84028  25.436  10.115  -9.322 0.3750000000
81386  27.535  7.188  -11.275 0.1250000000
82349  26.663  8.436  -11.340 0.1250000000
110436  27.013  8.098  -12.220 0.1250000000
82337  26.710  8.446  -10.539 0.1250000000
82350  26.162  8.898  -10.975 0.1250000000
79583  27.506  5.149  -12.010 0.1250000000
80493  27.654  6.504  -12.128 0.1250000000
85588  23.291  12.490  -9.594 0.2500000000
84829  23.115  11.395  -10.690 0.2500000000
110440  24.467  9.574  -11.712 0.1250000000
132480  25.202  9.206  -12.856 0.1250000000
110439  25.259  9.200  -12.257 0.1250000000
110437  25.217  9.234  -13.546 0.1250000000
84830  22.318  11.738  -10.883 0.1250000000
135310  22.336  10.612  -11.822 0.1250000000
83215  23.601  9.598  -12.353 0.1250000000
84837  20.894  11.514  -11.716 0.1250000000
59833  21.367  -17.169  0.730 0.7500000000
60834  22.248  -16.683  0.064 0.7500000000
130902  20.364  -16.369  0.445 0.7500000000
63491  19.699  -13.353  -0.465 0.5000000000
63536  25.345  -13.318  -1.834 0.6250000000
64408  25.696  -12.447  -2.043 0.5000000000
71835  29.373  -3.750  -5.140 0.1250000000
126584  29.135  -4.536  -6.712 0.1250000000
126361  29.247  -3.238  -4.318 0.1250000000
111468  27.584  6.592  -13.334 0.1250000000
111242  27.334  7.615  -13.706 0.1250000000
60820  19.647  -16.637  0.894 0.7500000000
121411  19.069  -14.589  0.382 0.5000000000
58901  22.689  -18.393  0.606 0.6250000000
59831  23.373  -17.867  0.257 0.6250000000
59830  24.254  -17.774  0.114 0.3750000000
59840  23.824  -17.320  -0.156 0.6250000000
60831  25.238  -16.712  -0.741 0.2500000000
60832  24.647  -16.533  -0.791 0.3750000000
65218  26.161  -11.810  -2.271 0.3750000000
81339  19.363  7.441  -6.486 0.3750000000
82269  19.401  9.000  -6.118 0.2500000000
84009  19.226  10.224  -5.326 0.2500000000
59832  22.302  -17.359  0.392 0.6250000000
61751  25.002  -15.563  -1.719 0.5000000000
62619  24.828  -14.515  -1.681 0.5000000000
62634  25.483  -14.106  -2.020 0.3750000000
59815  24.622  -17.907  0.758 0.5000000000
129637  25.478  -12.967  -1.862 0.5000000000
58889  22.175  -19.031  0.949 0.6250000000
61717  19.109  -15.299  0.588 0.3750000000
60821  19.030  -16.116  0.938 0.3750000000
58902  21.806  -18.058  0.977 0.6250000000
59834  20.387  -17.077  1.001 0.6250000000
58887  24.355  -18.536  1.305 0.3750000000
58899  24.024  -18.460  0.487 0.5000000000
58060  22.982  -19.171  0.779 0.6250000000
61718  18.424  -14.934  0.959 0.2500000000
58886  25.107  -17.858  1.839 0.3750000000
60830  25.981  -16.441  -0.546 0.2500000000
60817  25.567  -16.944  0.106 0.2500000000
60842  25.830  -16.129  -1.492 0.2500000000
61760  25.691  -15.008  -2.163 0.3750000000
116265  26.160  -14.220  -2.491 0.2500000000
63534  26.694  -13.418  -2.568 0.2500000000
64407  26.452  -12.756  -2.433 0.2500000000
126768  17.271  -4.175  -3.737 0.1250000000
110870  15.478  -1.396  -5.585 0.2500000000
65964  27.387  -10.872  -2.595 0.2500000000
126488  16.589  0.548  -6.183 0.3750000000
126646  15.784  -0.255  -6.034 0.2500000000
110791  18.432  3.618  -7.074 0.2500000000
111569  15.741  -3.471  -4.612 0.1250000000
70953  17.625  -4.783  -3.323 0.2500000000
132914  19.596  -12.474  -0.541 0.2500000000
59839  24.518  -17.125  -0.343 0.5000000000
61732  24.188  -15.736  -0.907 0.5000000000
65209  26.935  -11.641  -2.503 0.2500000000
62592  19.391  -14.011  -0.068 0.3750000000
63481  19.108  -13.384  -0.052 0.3750000000
63526  25.884  -13.797  -2.322 0.2500000000
58900  23.399  -18.661  0.553 0.6250000000
59829  24.925  -17.377  0.051 0.2500000000
60843  25.130  -16.238  -1.471 0.3750000000
58052  24.006  -19.154  1.808 0.3750000000
58888  23.710  -19.039  0.892 0.5000000000
61749  26.191  -15.566  -2.094 0.2500000000
62653  26.819  -13.947  -2.659 0.2500000000
126917  17.560  -4.307  -2.228 0.1250000000
58056  20.781  -19.592  1.737 0.5000000000
58043  22.821  -20.265  1.731 0.3750000000
58054  22.498  -19.691  1.198 0.5000000000
58890  21.238  -18.764  1.433 0.5000000000
58891  20.030  -18.673  1.825 0.5000000000
59816  20.828  -17.896  1.356 0.5000000000
59818  19.286  -17.481  1.382 0.3750000000
57180  19.191  -20.123  3.252 0.1250000000
58044  19.908  -19.443  2.376 0.3750000000
56336  20.021  -21.662  2.998 0.1250000000
57179  19.917  -20.727  2.885 0.2500000000
57187  21.259  -21.077  2.012 0.3750000000
58042  23.655  -19.832  2.171 0.2500000000
57186  22.047  -20.757  1.837 0.3750000000
57190  22.078  -20.198  1.453 0.5000000000
56337  19.182  -21.065  3.516 0.1250000000
121536  20.514  -20.404  2.185 0.3750000000
57191  21.374  -20.329  1.672 0.3750000000
58046  18.218  -19.078  2.753 0.1250000000
59795  17.759  -17.889  2.037 0.1250000000
110916  29.329  -1.260  -5.283 0.1250000000
60801  18.732  -16.949  1.354 0.2500000000
125345  18.297  -16.353  1.398 0.2500000000
58055  21.697  -19.644  1.364 0.5000000000
58053  23.280  -19.586  1.346 0.3750000000
58874  18.927  -18.889  2.269 0.1250000000
58892  18.987  -18.255  1.778 0.1250000000
59817  19.852  -17.894  1.478 0.5000000000
131076  19.790  -19.978  2.784 0.2500000000
58045  19.048  -19.486  2.810 0.1250000000
58033  18.614  -19.593  3.303 0.1250000000
58893  18.352  -17.785  1.709 0.1250000000
56345  20.590  -21.343  2.451 0.3750000000
56342  22.770  -20.935  2.357 0.2500000000
58875  18.135  -18.511  2.065 0.1250000000
56344  21.269  -21.789  2.430 0.2500000000
56343  22.008  -21.435  2.333 0.2500000000
57185  23.383  -20.460  2.390 0.2500000000
56335  20.707  -22.122  2.728 0.1250000000
56334  21.922  -22.161  2.762 0.1250000000
63465  18.534  -13.523  0.629 0.1250000000
79536  18.356  5.318  -7.116 0.1250000000
126597  17.888  4.783  -6.797 0.1250000000
79521  18.716  6.091  -7.038 0.1250000000
111307  17.601  5.866  -6.162 0.1250000000
80435  18.067  6.649  -6.052 0.1250000000
118319  18.680  6.728  -6.507 0.1250000000
80427  18.213  6.779  -5.486 0.1250000000
122187  18.543  9.364  -5.486 0.1250000000
81331  18.482  7.538  -5.454 0.1250000000
82247  18.036  8.511  -4.935 0.1250000000
81311  18.302  7.855  -4.102 0.1250000000
126470  17.579  3.536  -6.369 0.1250000000
126490  17.898  4.148  -6.754 0.1250000000
61701  18.089  -15.693  1.456 0.1250000000
63466  18.102  -13.949  1.051 0.1250000000
111618  16.172  0.029  -6.088 0.1250000000
126891  17.350  3.231  -5.930 0.1250000000
110808  17.390  4.265  -5.972 0.1250000000
111073  17.413  5.125  -5.968 0.1250000000
79493  18.984  5.715  -5.167 0.1250000000
80417  18.646  7.600  -4.246 0.1250000000
82233  18.216  8.399  -3.466 0.1250000000
82234  17.909  8.472  -4.258 0.1250000000
110764  17.309  2.727  -6.036 0.1250000000
65168  19.385  -12.488  -0.292 0.1250000000
63492  19.518  -12.847  -0.496 0.1250000000
81340  18.756  7.494  -6.072 0.1250000000
82270  18.643  8.510  -5.608 0.1250000000
62593  18.730  -14.066  0.508 0.1250000000
62574  18.126  -14.276  1.078 0.1250000000
132709  16.020  0.282  -6.095 0.1250000000
122444  19.160  -12.935  -0.182 0.1250000000
64341  18.392  -13.586  0.798 0.1250000000
79522  17.624  5.178  -6.393 0.1250000000
131187  17.546  5.783  -5.851 0.1250000000
79483  18.318  6.768  -5.304 0.1250000000
81320  18.272  7.741  -4.832 0.1250000000
58873  24.702  -18.592  2.341 0.1250000000
59794  25.791  -17.662  2.552 0.1250000000
59814  25.267  -17.316  0.956 0.1250000000
60800  25.797  -16.806  1.040 0.1250000000
125391  26.523  -15.726  -1.743 0.1250000000
61748  26.931  -15.285  -2.196 0.1250000000
62590  28.050  -14.070  -0.409 0.1250000000
62618  27.516  -14.860  -1.970 0.1250000000
62632  27.113  -14.417  -2.547 0.1250000000
64374  28.742  -13.076  -1.760 0.1250000000
63533  27.005  -13.678  -2.648 0.1250000000
64383  28.444  -12.701  -2.321 0.1250000000
129091  27.945  -12.119  -2.543 0.1250000000
57178  23.549  -20.952  2.911 0.1250000000
57184  24.075  -20.262  2.839 0.1250000000
58031  25.309  -19.368  3.470 0.1250000000
58871  26.158  -17.991  3.177 0.1250000000
58872  25.409  -18.197  2.788 0.1250000000
59813  25.914  -17.142  1.902 0.1250000000
60798  27.035  -16.111  1.980 0.1250000000
61699  27.189  -15.409  0.715 0.1250000000
61714  27.151  -15.421  -0.426 0.1250000000
62591  27.662  -14.663  0.377 0.1250000000
64365  28.922  -12.963  -0.698 0.1250000000
65207  28.095  -11.074  -2.705 0.1250000000
65954  28.825  -11.284  -2.628 0.1250000000
64382  29.101  -12.244  -2.028 0.1250000000
118680  27.995  -10.219  -2.919 0.1250000000
64398  27.192  -13.043  -2.583 0.1250000000
60816  26.158  -16.427  0.528 0.1250000000
63511  27.341  -13.802  -2.559 0.1250000000
58041  24.493  -19.393  2.780 0.1250000000
127930  25.071  -18.760  3.061 0.1250000000
60799  26.370  -16.488  1.523 0.1250000000
61715  26.607  -15.911  0.051 0.1250000000
61700  26.737  -15.941  1.088 0.1250000000
61730  27.123  -15.471  -1.506 0.1250000000
63499  28.265  -13.740  -1.851 0.1250000000
62604  27.582  -14.809  -0.920 0.1250000000
63489  28.466  -13.600  -1.092 0.1250000000
63510  28.084  -13.485  -2.287 0.1250000000
134326  28.777  -11.952  -2.382 0.1250000000
64373  29.259  -12.364  -1.208 0.1250000000
127297  24.523  -21.395  3.868 0.1250000000
56331  25.159  -20.834  4.026 0.1250000000
59793  26.433  -17.346  2.800 0.1250000000
65193  29.406  -11.518  -2.325 0.1250000000
61731  26.544  -15.915  -1.019 0.1250000000
61750  25.572  -15.809  -1.864 0.2500000000
61759  26.501  -14.769  -2.440 0.2500000000
62603  27.958  -14.222  -1.458 0.1250000000
62617  27.739  -14.141  -2.217 0.1250000000
62633  26.732  -14.092  -2.667 0.2500000000
62644  27.030  -13.976  -2.688 0.2500000000
62645  26.358  -13.923  -2.567 0.2500000000
63512  25.212  -13.583  -1.800 0.6250000000
63525  27.170  -13.563  -2.601 0.1250000000
63535  26.175  -13.534  -2.407 0.2500000000
64384  27.742  -13.043  -2.501 0.1250000000
64406  26.914  -12.980  -2.588 0.2500000000
65208  27.172  -12.332  -2.549 0.2500000000
65217  26.761  -12.356  -2.493 0.2500000000
65959  17.261  -9.319  -2.097 0.3750000000
66778  16.946  -8.904  -1.924 0.2500000000
66784  16.892  -9.036  -2.050 0.2500000000
66791  17.283  -8.958  -2.226 0.2500000000
67669  16.837  -8.151  -1.754 0.1250000000
67684  16.824  -8.332  -2.021 0.2500000000
67701  17.086  -8.686  -2.202 0.2500000000
68534  16.823  -7.367  -1.497 0.1250000000
68553  25.934  -7.424  -1.989 0.7500000000
68554  17.139  -7.701  -2.279 0.3750000000
68574  24.077  -7.893  -2.341 0.8750000000
69284  16.637  -6.690  -1.799 0.2500000000
69295  16.565  -6.268  -2.108 0.2500000000
69309  17.398  -6.905  -2.535 0.6250000000
70090  16.744  -5.850  -1.506 0.1250000000
70101  16.542  -5.680  -2.023 0.1250000000
72787  27.269  -2.196  -3.542 0.6250000000
72803  23.544  -2.777  -5.552 1.0000000000
77855  28.314  3.715  -4.649 0.5000000000
77875  22.597  3.676  -6.112 1.0000000000
78646  27.264  4.658  -4.647 0.7500000000
78647  26.223  4.709  -4.764 0.7500000000
79505  23.815  5.068  -4.980 1.0000000000
79537  18.070  5.098  -7.011 0.1250000000
80418  18.490  7.323  -4.849 0.1250000000
80430  28.478  6.324  -5.458 0.3750000000
80433  22.372  6.195  -5.889 1.0000000000
80445  18.081  6.239  -6.511 0.1250000000
80446  17.956  5.704  -6.726 0.1250000000
80458  27.366  7.045  -7.934 0.3750000000
81316  26.069  7.766  -4.878 0.7500000000
81325  28.134  6.994  -5.751 0.3750000000
82248  17.579  9.242  -4.507 0.1250000000
82261  27.317  8.352  -6.099 0.6250000000
82286  19.780  8.230  -6.423 0.5000000000
82300  26.164  9.290  -7.217 0.3750000000
83158  25.927  9.996  -7.535 0.3750000000
83173  25.750  10.012  -8.402 0.3750000000
83993  17.619  10.978  -3.732 0.1250000000
83998  24.521  10.781  -4.693 0.7500000000
84006  25.340  10.367  -5.176 0.7500000000
84008  20.225  10.160  -5.328 0.5000000000
84014  17.839  10.919  -5.230 0.1250000000
84037  25.323  9.858  -10.108 0.3750000000
84063  23.026  9.949  -12.160 0.1250000000
84803  19.830  11.691  -4.593 0.1250000000
84807  25.270  11.805  -5.156 0.3750000000
84809  18.090  11.458  -5.035 0.1250000000
84810  17.728  11.257  -4.942 0.1250000000
84836  21.805  11.423  -11.401 0.1250000000
85557  24.111  12.864  -4.827 0.3750000000
85575  25.564  12.605  -6.346 0.3750000000
85579  24.733  12.937  -7.621 0.3750000000
85591  22.807  12.092  -10.221 0.1250000000
86308  20.881  13.927  -4.172 0.2500000000
86310  19.377  13.147  -4.217 0.1250000000
86329  24.024  13.704  -7.686 0.3750000000
110391  26.352  2.785  -4.034 0.7500000000
110393  17.459  5.221  -5.887 0.1250000000
110995  23.271  -2.096  -5.723 1.0000000000
111134  24.468  9.346  -12.795 0.1250000000
111475  25.429  2.352  -4.348 1.0000000000
111654  22.448  9.617  -13.712 0.1250000000
114618  27.832  7.427  -7.249 0.3750000000
117278  25.637  10.684  -7.881 0.3750000000
119226  18.558  10.912  -5.108 0.1250000000
120557  20.860  5.029  -6.788 1.0000000000
121428  18.320  10.403  -5.331 0.1250000000
122078  28.804  4.854  -5.163 0.5000000000
122237  23.352  -7.931  -2.861 1.0000000000
122999  17.106  -7.185  -2.290 0.3750000000
123177  22.291  6.850  -5.826 0.8750000000
123204  25.835  11.291  -6.195 0.3750000000
126492  17.433  4.243  -6.159 0.1250000000
126551  28.968  0.544  -4.313 0.3750000000
126757  22.421  0.569  -6.214 1.0000000000
126938  28.972  1.434  -5.308 0.3750000000
126960  22.885  2.096  -5.920 1.0000000000
127151  20.621  -0.154  -7.037 1.0000000000
127577  18.552  -15.697  1.052 0.1250000000
129334  24.994  10.351  -4.771 0.7500000000
129610  20.812  -2.652  -6.579 1.0000000000
130595  17.037  -8.039  -1.072 0.1250000000
131942  27.039  -5.543  -2.663 0.6250000000
132171  27.509  7.099  -12.421 0.1250000000
132229  17.335  3.454  -6.040 0.1250000000
132737  22.795  6.013  -5.616 0.8750000000
133321  27.502  -11.607  -2.568 0.1250000000
134068  28.497  6.531  -6.074 0.3750000000
134180  26.069  -13.005  -2.317 0.2500000000
