#!ascii label  , from subject sub-v1s21x0050404_ses-1 vox2ras=TkReg
798
70362  41.903  31.889  28.717 0.0000000000
72144  41.925  36.045  32.151 0.0000000000
67628  49.322  26.389  25.520 0.0000000000
68620  38.033  28.402  30.789 0.0000000000
67606  41.218  26.345  30.557 0.0000000000
73056  41.434  37.648  27.199 0.0000000000
72145  38.041  36.244  32.487 0.0000000000
73498  37.758  38.381  26.950 0.0000000000
65060  49.026  21.352  28.756 0.0000000000
65667  45.396  21.453  21.939 0.0000000000
71336  43.664  33.836  28.131 0.0000000000
68637  45.649  29.153  27.356 0.0000000000
70319  46.283  31.595  30.735 0.0000000000
67086  47.804  25.381  30.269 0.0000000000
73955  38.292  40.205  24.194 0.0000000000
74797  42.562  42.045  27.617 0.0000000000
66161  44.433  23.380  28.458 0.0000000000
94602  40.127  29.928  29.649 0.0000000000
68078  39.569  27.679  30.622 0.0000000000
69189  41.455  28.974  29.649 0.0000000000
71744  41.146  34.355  27.939 0.0000000000
70880  39.875  32.238  29.373 0.0000000000
72170  35.796  35.185  29.323 0.0000000000
63277  49.889  19.050  30.369 0.0000000000
63910  47.648  19.820  26.786 0.0000000000
63871  45.693  19.024  29.201 0.0000000000
73165  41.734  37.710  20.060 0.0000000000
72167  42.661  35.454  29.350 0.0000000000
70878  45.037  32.580  29.281 0.0000000000
71321  44.287  32.979  31.579 0.0000000000
68065  43.538  27.735  32.165 0.0000000000
68609  45.142  28.383  31.739 0.0000000000
98891  45.302  25.430  31.481 0.0000000000
66124  48.192  23.271  31.196 0.0000000000
73023  40.450  38.209  30.560 0.0000000000
73912  40.181  40.287  27.324 0.0000000000
73889  42.608  39.614  30.366 0.0000000000
86074  43.767  38.460  29.212 0.0000000000
68104  47.837  28.323  25.833 0.0000000000
67617  45.668  26.387  28.414 0.0000000000
66690  47.642  25.017  26.472 0.0000000000
66646  38.732  24.895  31.192 0.0000000000
66135  39.821  23.724  29.985 0.0000000000
73953  42.497  39.974  25.150 0.0000000000
73103  39.282  37.267  25.076 0.0000000000
95006  40.638  36.790  32.807 0.0000000000
91732  42.873  33.426  32.711 0.0000000000
73513  31.787  40.141  26.233 0.0000000000
73944  34.306  41.036  25.390 0.0000000000
86156  37.858  36.193  29.504 0.0000000000
66175  49.352  23.713  27.172 0.0000000000
66213  48.932  23.716  23.751 0.0000000000
64510  48.904  20.831  23.724 0.0000000000
64499  44.769  20.590  24.401 0.0000000000
70902  43.414  33.311  27.690 0.0000000000
69813  43.873  30.733  27.988 0.0000000000
70379  45.157  32.080  27.362 0.0000000000
69811  46.917  31.063  27.469 0.0000000000
68636  48.220  29.086  27.940 0.0000000000
70300  45.708  31.578  32.271 0.0000000000
68616  47.036  29.093  30.794 0.0000000000
67102  48.851  26.150  28.689 0.0000000000
66142  48.877  23.252  29.801 0.0000000000
65049  50.582  20.595  31.542 0.0000000000
73155  38.750  37.474  21.555 0.0000000000
91492  40.697  40.091  22.379 0.0000000000
83161  39.655  42.546  24.948 0.0000000000
74820  43.225  41.997  24.853 0.0000000000
73910  43.425  40.013  27.249 0.0000000000
72608  42.624  36.398  27.750 0.0000000000
68092  44.001  27.659  29.263 0.0000000000
66675  43.419  24.307  29.444 0.0000000000
66165  40.856  23.444  28.354 0.0000000000
65634  45.572  22.523  25.065 0.0000000000
69797  40.617  30.485  29.519 0.0000000000
69190  40.874  29.609  29.638 0.0000000000
98878  41.698  29.644  29.409 0.0000000000
70889  41.525  32.762  28.527 0.0000000000
95566  40.779  33.200  28.641 0.0000000000
70879  40.948  32.031  29.193 0.0000000000
69798  39.622  30.634  29.576 0.0000000000
63263  49.636  18.642  31.156 0.0000000000
63294  47.818  18.971  29.771 0.0000000000
63279  47.442  18.662  30.532 0.0000000000
66150  37.392  23.753  29.386 0.0000000000
97550  42.140  35.022  30.947 0.0000000000
71327  42.820  33.881  30.489 0.0000000000
86996  42.568  34.289  32.461 0.0000000000
67585  43.279  26.885  32.271 0.0000000000
67597  44.833  26.625  31.682 0.0000000000
73010  41.103  38.204  31.393 0.0000000000
73473  41.446  38.769  30.912 0.0000000000
73008  42.231  37.684  31.116 0.0000000000
84511  42.674  37.495  30.388 0.0000000000
83698  48.483  27.413  25.887 0.0000000000
67110  47.714  26.224  26.198 0.0000000000
67116  48.832  26.210  24.830 0.0000000000
68610  36.782  28.052  31.549 0.0000000000
68079  38.402  27.738  31.043 0.0000000000
89857  40.573  26.883  30.638 0.0000000000
94190  39.601  26.101  31.136 0.0000000000
67090  40.000  25.296  30.936 0.0000000000
66662  39.356  24.539  30.750 0.0000000000
66661  40.382  24.488  30.464 0.0000000000
73506  41.116  38.897  26.052 0.0000000000
95538  40.639  38.462  24.657 0.0000000000
73088  40.447  38.051  25.908 0.0000000000
69193  37.934  29.640  29.950 0.0000000000
69176  36.911  29.383  30.640 0.0000000000
72559  38.845  36.468  32.659 0.0000000000
72117  40.000  35.438  33.500 0.0000000000
71699  39.440  34.681  33.622 0.0000000000
72156  37.347  35.803  31.074 0.0000000000
72177  37.076  35.872  29.125 0.0000000000
72568  37.994  36.297  31.602 0.0000000000
72575  38.785  36.745  31.195 0.0000000000
83302  48.775  22.369  28.190 0.0000000000
97880  49.521  22.049  25.313 0.0000000000
64482  49.063  20.887  26.518 0.0000000000
64472  46.003  20.119  27.148 0.0000000000
64485  46.908  20.182  25.448 0.0000000000
64487  44.787  20.600  25.877 0.0000000000
71343  43.773  33.599  27.814 0.0000000000
70901  44.179  33.039  27.637 0.0000000000
71342  44.299  33.128  27.827 0.0000000000
70874  45.701  32.312  29.958 0.0000000000
70359  46.050  32.069  27.962 0.0000000000
69794  46.844  31.051  28.820 0.0000000000
69201  47.990  29.954  27.255 0.0000000000
69186  47.166  30.258  29.410 0.0000000000
85397  42.671  32.812  32.789 0.0000000000
70864  44.475  32.543  32.214 0.0000000000
69735  44.697  31.033  32.381 0.0000000000
97684  47.037  27.102  30.936 0.0000000000
83606  46.388  28.648  31.244 0.0000000000
85738  47.388  27.370  30.701 0.0000000000
68084  47.998  27.356  30.149 0.0000000000
67085  48.246  25.318  29.820 0.0000000000
66672  48.810  24.060  29.261 0.0000000000
66658  48.257  24.306  30.117 0.0000000000
65576  48.698  22.148  31.951 0.0000000000
65587  49.533  22.003  31.538 0.0000000000
73558  38.708  38.504  22.802 0.0000000000
73556  40.249  39.275  21.928 0.0000000000
73981  39.773  39.658  22.844 0.0000000000
89037  36.440  38.985  26.221 0.0000000000
73942  35.865  41.564  25.228 0.0000000000
73923  37.459  40.487  25.741 0.0000000000
73911  41.393  40.746  28.150 0.0000000000
74374  39.628  41.905  25.624 0.0000000000
74804  41.659  42.570  26.111 0.0000000000
75230  41.667  42.604  25.039 0.0000000000
74803  42.463  42.420  26.876 0.0000000000
83497  43.276  41.893  26.370 0.0000000000
74364  43.486  41.179  28.151 0.0000000000
72595  42.980  36.524  28.339 0.0000000000
91731  43.327  37.113  28.256 0.0000000000
72184  42.812  35.607  28.252 0.0000000000
71753  42.697  34.680  27.812 0.0000000000
69203  44.909  29.689  27.575 0.0000000000
69187  43.394  29.168  28.951 0.0000000000
68638  44.883  28.685  28.153 0.0000000000
66686  45.576  24.404  28.544 0.0000000000
94960  44.533  25.436  29.295 0.0000000000
66143  43.929  23.764  29.037 0.0000000000
66145  42.167  23.569  29.174 0.0000000000
66181  42.720  23.317  27.619 0.0000000000
65665  47.534  21.484  22.517 0.0000000000
85351  47.221  22.568  24.223 0.0000000000
65653  45.664  22.145  22.825 0.0000000000
69174  39.339  29.062  29.992 0.0000000000
94482  38.966  27.792  30.740 0.0000000000
68618  39.993  28.433  30.227 0.0000000000
68617  40.667  28.133  30.227 0.0000000000
94929  41.738  27.752  30.098 0.0000000000
72187  40.977  35.913  27.388 0.0000000000
69799  38.779  30.344  29.585 0.0000000000
82893  49.446  19.922  29.412 0.0000000000
63899  48.859  20.520  27.410 0.0000000000
63868  48.772  19.565  28.941 0.0000000000
63888  46.869  19.470  28.367 0.0000000000
71735  43.046  34.585  28.586 0.0000000000
71335  44.375  33.143  28.578 0.0000000000
71331  43.560  33.674  29.315 0.0000000000
70875  45.083  32.534  30.773 0.0000000000
70870  45.661  32.293  31.256 0.0000000000
87240  43.273  29.115  32.232 0.0000000000
96754  44.102  29.336  32.164 0.0000000000
68064  44.384  28.079  31.922 0.0000000000
68076  45.765  27.166  31.420 0.0000000000
67072  46.590  25.797  31.059 0.0000000000
66642  47.691  24.608  30.603 0.0000000000
88935  46.482  23.882  31.254 0.0000000000
84238  47.404  22.866  31.485 0.0000000000
65035  47.174  21.587  32.615 0.0000000000
89256  36.599  39.554  24.427 0.0000000000
73489  39.095  38.384  27.890 0.0000000000
73496  39.058  39.462  26.965 0.0000000000
73488  39.900  38.735  28.550 0.0000000000
73902  41.212  39.939  28.885 0.0000000000
74352  42.987  40.830  29.285 0.0000000000
74350  43.762  40.823  28.872 0.0000000000
73020  43.374  38.902  30.000 0.0000000000
98235  42.994  37.238  29.556 0.0000000000
68646  46.424  28.840  26.945 0.0000000000
68099  45.595  28.135  27.912 0.0000000000
67624  47.131  27.687  26.471 0.0000000000
67111  47.004  25.489  27.219 0.0000000000
66159  46.194  23.910  28.098 0.0000000000
65126  44.125  21.265  21.290 0.0000000000
65668  44.224  21.943  21.757 0.0000000000
67078  36.582  25.185  31.609 0.0000000000
67598  38.989  26.956  31.131 0.0000000000
67599  38.261  26.254  31.506 0.0000000000
66648  37.353  24.868  31.361 0.0000000000
66664  37.644  24.399  30.913 0.0000000000
66137  37.984  23.894  30.229 0.0000000000
98822  39.117  23.552  29.531 0.0000000000
73555  42.631  38.776  23.165 0.0000000000
73118  40.665  37.601  23.377 0.0000000000
72556  41.695  36.378  32.466 0.0000000000
71708  42.321  34.632  33.024 0.0000000000
71709  42.075  34.959  33.460 0.0000000000
71304  41.733  33.962  33.521 0.0000000000
94967  42.200  31.910  32.568 0.0000000000
69736  42.307  30.275  32.370 0.0000000000
68594  42.395  28.866  32.442 0.0000000000
73927  32.997  40.224  26.022 0.0000000000
73510  34.983  39.433  26.063 0.0000000000
73072  36.261  37.890  26.679 0.0000000000
73045  37.935  37.102  28.104 0.0000000000
72584  39.047  37.308  29.396 0.0000000000
73011  40.287  37.769  31.480 0.0000000000
67115  49.622  25.555  25.980 0.0000000000
66702  49.015  24.813  24.043 0.0000000000
66212  49.532  23.510  24.893 0.0000000000
65113  49.049  21.784  23.422 0.0000000000
64525  47.624  20.931  22.489 0.0000000000
90880  48.421  20.294  25.193 0.0000000000
64512  46.800  20.537  23.619 0.0000000000
64527  45.429  20.849  22.183 0.0000000000
70888  42.642  32.626  28.085 0.0000000000
69814  43.007  30.855  28.381 0.0000000000
70360  43.733  31.616  27.806 0.0000000000
69823  44.581  31.508  27.437 0.0000000000
69218  45.437  30.616  27.076 0.0000000000
70885  45.446  32.314  27.691 0.0000000000
70378  45.841  31.844  27.256 0.0000000000
69216  46.937  30.297  26.682 0.0000000000
69215  47.699  29.614  26.348 0.0000000000
68644  48.233  29.202  26.602 0.0000000000
68097  48.757  27.356  27.061 0.0000000000
71317  42.841  33.669  32.602 0.0000000000
70311  45.432  32.208  32.008 0.0000000000
70309  46.321  31.204  31.314 0.0000000000
69130  45.406  29.889  31.981 0.0000000000
69159  46.002  30.189  31.750 0.0000000000
69173  46.812  29.877  30.572 0.0000000000
90148  48.026  28.951  29.155 0.0000000000
83952  48.599  27.218  28.146 0.0000000000
67621  49.522  26.167  26.704 0.0000000000
67109  49.509  25.073  27.459 0.0000000000
66158  48.869  23.671  28.843 0.0000000000
84943  49.096  22.019  29.448 0.0000000000
66134  48.640  23.345  30.556 0.0000000000
65597  49.533  22.172  30.999 0.0000000000
65056  49.639  21.301  30.027 0.0000000000
63866  50.755  19.479  30.885 0.0000000000
73153  40.137  38.187  20.812 0.0000000000
73564  41.660  39.254  20.770 0.0000000000
73987  42.829  40.272  21.807 0.0000000000
74375  38.661  41.489  25.579 0.0000000000
74399  38.641  41.484  24.546 0.0000000000
74830  40.913  41.564  24.019 0.0000000000
74408  42.314  41.526  23.656 0.0000000000
74406  43.620  40.988  23.813 0.0000000000
74398  43.501  40.894  25.156 0.0000000000
73938  42.774  40.051  25.896 0.0000000000
73069  41.681  38.564  27.098 0.0000000000
96393  43.920  39.775  28.288 0.0000000000
73054  43.376  38.050  27.736 0.0000000000
72609  41.726  36.615  27.406 0.0000000000
86814  42.357  35.170  27.659 0.0000000000
71337  42.401  33.446  27.901 0.0000000000
69188  42.419  29.245  29.317 0.0000000000
68629  42.826  28.395  29.492 0.0000000000
67612  42.709  26.701  30.063 0.0000000000
67610  44.444  27.002  29.237 0.0000000000
85679  43.296  25.878  29.860 0.0000000000
67087  42.515  25.615  30.186 0.0000000000
66677  41.728  24.009  29.739 0.0000000000
66147  40.383  23.485  29.186 0.0000000000
66195  48.643  24.348  24.223 0.0000000000
65620  46.907  22.985  26.384 0.0000000000
65612  45.410  22.739  27.118 0.0000000000
83432  44.155  22.636  23.914 0.0000000000
66180  43.434  23.102  27.282 0.0000000000
63296  45.607  18.529  30.022 0.0000000000
63891  44.081  19.327  29.131 0.0000000000
70338  41.265  31.199  29.247 0.0000000000
69796  41.502  30.338  29.328 0.0000000000
95906  42.090  35.517  31.565 0.0000000000
72143  42.233  35.109  32.454 0.0000000000
72565  41.806  36.963  31.789 0.0000000000
73009  41.589  37.824  31.533 0.0000000000
72564  42.143  36.649  31.115 0.0000000000
67629  48.799  26.775  25.435 0.0000000000
90078  48.403  26.724  25.548 0.0000000000
67634  49.077  26.239  24.874 0.0000000000
68080  37.631  27.873  31.302 0.0000000000
67607  40.374  26.136  30.845 0.0000000000
67089  40.855  25.337  30.677 0.0000000000
73070  41.088  38.248  26.598 0.0000000000
72626  40.447  37.265  26.574 0.0000000000
86724  38.523  28.921  30.267 0.0000000000
69175  37.696  29.085  30.479 0.0000000000
68621  37.254  28.605  31.033 0.0000000000
72131  38.366  35.962  33.052 0.0000000000
72130  39.350  36.090  33.161 0.0000000000
72118  38.902  35.411  33.406 0.0000000000
72146  37.336  35.964  32.103 0.0000000000
94653  38.532  36.613  32.072 0.0000000000
96034  48.951  21.563  27.335 0.0000000000
65068  48.919  20.964  27.709 0.0000000000
64473  45.126  20.415  26.952 0.0000000000
70320  46.075  32.055  30.466 0.0000000000
70336  46.368  31.611  29.628 0.0000000000
69776  46.555  30.862  30.279 0.0000000000
70303  43.077  31.937  32.564 0.0000000000
70302  44.086  31.916  32.416 0.0000000000
83964  43.297  30.856  32.340 0.0000000000
67595  47.265  26.346  30.714 0.0000000000
67604  47.861  26.324  30.236 0.0000000000
65033  49.255  21.472  32.681 0.0000000000
97074  37.489  39.119  24.096 0.0000000000
94372  38.015  38.231  23.229 0.0000000000
73120  38.312  39.002  23.577 0.0000000000
73545  38.976  39.306  23.297 0.0000000000
99202  39.227  40.006  23.647 0.0000000000
73508  37.238  39.207  26.277 0.0000000000
73924  36.572  40.394  25.661 0.0000000000
73507  38.074  39.333  26.488 0.0000000000
74365  42.025  41.873  27.743 0.0000000000
74798  41.898  42.445  27.070 0.0000000000
74802  43.049  41.813  27.431 0.0000000000
74790  43.065  41.549  28.040 0.0000000000
72166  42.801  35.623  28.437 0.0000000000
71743  42.959  34.692  28.224 0.0000000000
71752  43.271  34.196  27.997 0.0000000000
66160  45.337  23.584  28.374 0.0000000000
66687  44.767  24.022  28.867 0.0000000000
66162  43.464  23.308  28.334 0.0000000000
65666  46.434  21.403  22.303 0.0000000000
65652  46.906  22.040  22.994 0.0000000000
69191  39.446  29.787  29.696 0.0000000000
68632  40.081  29.263  29.835 0.0000000000
68631  40.703  28.778  29.909 0.0000000000
68630  41.260  28.255  30.025 0.0000000000
68086  41.086  27.445  30.370 0.0000000000
99040  41.402  35.402  27.521 0.0000000000
71755  40.761  35.058  27.675 0.0000000000
70890  39.979  33.076  28.996 0.0000000000
88973  40.329  33.801  28.447 0.0000000000
63867  50.107  19.461  30.280 0.0000000000
63292  49.502  19.477  29.737 0.0000000000
63870  46.479  19.160  29.025 0.0000000000
63869  47.271  19.173  29.118 0.0000000000
63903  46.073  19.755  28.008 0.0000000000
63889  45.451  19.575  28.520 0.0000000000
73166  40.508  37.703  20.231 0.0000000000
72714  41.574  36.746  19.732 0.0000000000
71332  42.856  34.375  29.487 0.0000000000
71322  43.198  33.636  31.848 0.0000000000
71326  43.620  33.365  30.676 0.0000000000
70871  44.923  32.507  31.776 0.0000000000
90984  42.959  28.295  32.299 0.0000000000
68593  43.827  28.582  32.122 0.0000000000
67073  45.654  26.093  31.412 0.0000000000
90287  45.860  25.213  31.336 0.0000000000
66643  46.745  24.751  31.047 0.0000000000
66126  45.776  23.305  31.518 0.0000000000
65590  46.531  22.635  31.686 0.0000000000
65044  47.438  22.172  31.881 0.0000000000
65577  46.413  22.080  32.225 0.0000000000
73043  39.441  37.962  28.870 0.0000000000
73481  40.197  38.417  29.458 0.0000000000
73472  42.155  39.066  30.924 0.0000000000
73894  41.586  39.715  29.672 0.0000000000
73479  41.915  39.451  30.499 0.0000000000
73901  42.095  40.550  29.147 0.0000000000
73892  43.195  40.224  29.854 0.0000000000
73471  42.805  39.140  30.486 0.0000000000
72574  42.581  36.538  29.957 0.0000000000
72582  42.924  36.543  28.954 0.0000000000
68105  47.203  28.666  26.167 0.0000000000
66691  46.866  24.391  27.406 0.0000000000
96887  36.822  25.895  31.865 0.0000000000
67075  39.208  25.362  31.210 0.0000000000
89706  38.956  26.024  31.370 0.0000000000
67076  38.480  25.458  31.404 0.0000000000
67077  37.589  25.538  31.586 0.0000000000
66647  38.070  24.878  31.315 0.0000000000
66136  38.865  23.835  30.237 0.0000000000
66149  38.373  23.612  29.475 0.0000000000
86276  43.279  40.365  24.693 0.0000000000
73970  42.545  39.589  24.083 0.0000000000
73523  39.980  37.926  25.082 0.0000000000
73533  40.221  37.901  24.194 0.0000000000
98481  39.611  37.442  24.528 0.0000000000
72557  41.348  36.295  32.987 0.0000000000
71710  41.309  35.445  33.503 0.0000000000
71697  41.614  34.580  33.641 0.0000000000
87609  42.134  33.476  33.110 0.0000000000
70304  41.442  31.271  32.488 0.0000000000
69134  41.764  29.500  32.476 0.0000000000
74378  32.041  40.390  25.850 0.0000000000
73928  32.276  40.394  25.939 0.0000000000
91871  34.356  39.128  26.239 0.0000000000
89164  34.887  38.366  26.375 0.0000000000
84038  35.662  38.639  26.291 0.0000000000
72597  37.545  36.448  28.604 0.0000000000
72611  37.167  36.828  27.819 0.0000000000
72596  38.312  36.804  28.967 0.0000000000
73044  38.684  37.517  28.453 0.0000000000
72585  38.612  36.688  29.983 0.0000000000
83407  39.239  36.932  32.142 0.0000000000
82164  39.563  37.283  31.562 0.0000000000
72567  40.229  37.312  32.275 0.0000000000
72566  41.241  37.126  32.363 0.0000000000
82527  49.588  24.494  26.471 0.0000000000
66695  49.555  24.247  25.430 0.0000000000
66194  49.494  23.592  26.178 0.0000000000
65091  49.456  21.615  24.704 0.0000000000
65649  49.449  22.147  23.910 0.0000000000
65103  49.250  21.371  23.755 0.0000000000
65104  48.748  21.191  23.082 0.0000000000
64524  48.292  20.830  23.016 0.0000000000
63901  48.229  19.836  27.185 0.0000000000
63908  48.783  20.444  26.581 0.0000000000
63909  48.412  20.111  26.305 0.0000000000
64498  45.508  20.523  24.930 0.0000000000
82959  47.477  20.272  24.489 0.0000000000
64526  46.662  20.857  22.534 0.0000000000
64513  45.757  20.596  23.530 0.0000000000
64514  44.735  20.583  22.894 0.0000000000
70361  42.849  31.750  28.240 0.0000000000
70887  43.612  32.517  27.702 0.0000000000
70380  44.428  32.323  27.515 0.0000000000
69812  44.677  30.626  27.462 0.0000000000
69822  45.408  31.384  27.146 0.0000000000
70886  45.005  32.742  28.063 0.0000000000
70877  45.653  32.384  28.594 0.0000000000
94705  46.494  31.673  28.343 0.0000000000
70358  46.332  31.621  27.454 0.0000000000
69821  46.215  31.136  26.908 0.0000000000
69202  47.459  30.353  27.025 0.0000000000
68651  48.305  28.557  26.231 0.0000000000
68643  48.438  28.182  27.295 0.0000000000
70301  44.990  31.931  32.291 0.0000000000
69757  46.205  31.072  32.002 0.0000000000
68592  44.775  29.073  31.970 0.0000000000
69131  44.789  30.013  32.227 0.0000000000
68608  45.716  29.123  31.579 0.0000000000
68607  46.887  28.590  30.996 0.0000000000
69158  46.473  29.431  31.211 0.0000000000
69756  46.399  30.435  31.309 0.0000000000
69172  47.536  29.273  29.997 0.0000000000
88402  47.987  28.304  29.896 0.0000000000
68091  48.374  27.083  29.273 0.0000000000
67615  49.136  26.640  27.442 0.0000000000
67614  49.345  25.797  27.843 0.0000000000
67094  49.068  25.022  28.706 0.0000000000
65605  48.933  22.787  29.405 0.0000000000
66123  48.245  23.756  30.666 0.0000000000
94873  48.684  23.125  30.921 0.0000000000
65586  50.142  21.408  31.723 0.0000000000
65596  50.065  21.554  31.146 0.0000000000
65055  50.156  21.229  30.805 0.0000000000
64444  50.445  20.357  30.666 0.0000000000
72681  38.120  37.043  21.908 0.0000000000
73154  39.425  37.818  21.241 0.0000000000
73565  40.655  38.917  21.130 0.0000000000
73988  41.164  39.653  21.500 0.0000000000
92137  42.203  39.841  21.263 0.0000000000
73980  41.770  40.324  21.973 0.0000000000
73922  38.422  40.460  25.995 0.0000000000
73921  39.383  40.712  26.282 0.0000000000
74812  39.423  42.549  25.059 0.0000000000
74823  38.755  42.408  24.912 0.0000000000
74409  39.681  41.783  24.541 0.0000000000
74822  40.659  42.371  24.768 0.0000000000
75227  42.563  42.504  25.323 0.0000000000
85639  41.623  42.133  24.442 0.0000000000
74821  42.524  42.163  24.599 0.0000000000
74407  43.362  41.026  23.228 0.0000000000
74828  43.446  41.404  24.464 0.0000000000
74397  43.613  40.998  24.403 0.0000000000
74819  43.456  41.539  25.001 0.0000000000
73918  43.437  41.051  27.185 0.0000000000
74372  43.422  40.815  26.334 0.0000000000
73919  43.000  39.881  26.588 0.0000000000
73495  42.531  39.201  27.128 0.0000000000
73477  43.821  39.521  29.459 0.0000000000
73900  44.068  40.183  28.976 0.0000000000
73486  44.008  39.092  28.723 0.0000000000
72607  42.926  36.429  28.121 0.0000000000
91483  43.272  37.137  27.944 0.0000000000
89795  42.506  37.330  27.580 0.0000000000
72186  42.006  35.675  27.493 0.0000000000
71344  43.099  33.956  27.758 0.0000000000
69795  42.340  30.171  29.007 0.0000000000
69205  43.173  30.000  28.647 0.0000000000
68628  43.638  28.378  29.183 0.0000000000
68093  43.173  27.598  29.617 0.0000000000
68094  42.387  27.636  29.915 0.0000000000
91515  45.883  27.344  28.031 0.0000000000
67618  45.192  27.164  28.609 0.0000000000
67097  43.757  25.180  29.567 0.0000000000
93338  44.097  26.105  29.516 0.0000000000
67098  42.979  24.925  29.861 0.0000000000
66659  42.157  24.713  30.103 0.0000000000
66676  42.579  24.135  29.599 0.0000000000
66164  41.747  23.412  28.472 0.0000000000
66146  41.302  23.518  29.202 0.0000000000
66166  39.797  23.499  28.230 0.0000000000
87390  46.559  22.633  25.364 0.0000000000
65619  47.344  22.894  25.281 0.0000000000
65621  45.994  22.551  26.335 0.0000000000
65611  46.224  22.840  27.135 0.0000000000
65622  44.972  22.669  26.115 0.0000000000
65669  43.359  22.074  21.942 0.0000000000
87140  43.943  22.380  22.741 0.0000000000
65655  43.365  22.632  23.605 0.0000000000
71338  41.394  33.631  28.188 0.0000000000
92426  40.628  32.664  28.984 0.0000000000
70340  39.444  31.510  29.524 0.0000000000
70339  40.295  31.341  29.461 0.0000000000
63293  48.856  19.192  29.697 0.0000000000
63278  48.680  18.808  30.399 0.0000000000
63295  46.630  18.820  29.750 0.0000000000
72155  42.275  35.616  30.553 0.0000000000
71727  42.408  34.734  30.347 0.0000000000
71718  42.354  34.546  31.449 0.0000000000
67584  44.137  27.175  31.959 0.0000000000
85024  43.843  26.146  32.034 0.0000000000
85246  45.083  24.789  31.485 0.0000000000
73463  41.758  38.498  31.243 0.0000000000
73022  42.208  38.464  30.997 0.0000000000
73021  42.783  38.337  30.530 0.0000000000
68108  48.147  28.138  25.907 0.0000000000
67623  47.755  27.260  25.998 0.0000000000
67630  48.237  27.460  25.776 0.0000000000
67117  48.312  25.843  25.320 0.0000000000
67608  39.907  26.893  30.821 0.0000000000
73939  41.568  39.471  25.599 0.0000000000
73954  41.372  39.247  24.804 0.0000000000
73522  40.773  38.655  25.353 0.0000000000
73089  39.738  37.340  25.753 0.0000000000
93282  37.442  29.544  30.253 0.0000000000
69160  36.472  28.809  31.325 0.0000000000
94318  36.099  28.252  31.790 0.0000000000
72558  39.768  36.680  32.767 0.0000000000
84972  40.432  36.182  33.221 0.0000000000
72169  36.543  35.375  29.644 0.0000000000
72178  36.296  35.643  28.817 0.0000000000
72168  37.313  35.673  30.038 0.0000000000
95373  38.017  36.167  30.526 0.0000000000
86157  49.140  22.988  27.104 0.0000000000
65618  49.473  22.619  25.878 0.0000000000
65610  49.182  22.228  26.907 0.0000000000
65079  49.345  21.655  25.968 0.0000000000
64495  49.224  20.979  25.298 0.0000000000
63902  46.832  19.780  27.435 0.0000000000
64471  46.845  20.014  26.424 0.0000000000
64486  45.944  20.452  25.981 0.0000000000
70900  44.804  32.654  27.607 0.0000000000
70337  46.115  32.092  29.133 0.0000000000
69793  47.492  30.536  28.007 0.0000000000
69185  47.855  29.795  28.638 0.0000000000
83877  43.581  32.779  32.559 0.0000000000
88875  45.790  28.115  31.430 0.0000000000
68075  46.687  27.760  31.122 0.0000000000
97134  47.131  28.065  30.885 0.0000000000
68074  47.430  28.322  30.601 0.0000000000
67603  48.330  26.219  29.642 0.0000000000
67095  48.659  25.406  29.316 0.0000000000
66673  48.640  24.587  29.559 0.0000000000
66657  48.689  23.679  30.004 0.0000000000
65589  48.147  22.615  31.556 0.0000000000
65588  48.909  22.527  31.389 0.0000000000
65575  49.532  21.842  31.993 0.0000000000
82154  49.957  21.530  32.071 0.0000000000
73139  37.717  37.423  22.721 0.0000000000
73138  38.414  37.759  22.370 0.0000000000
73137  39.097  38.121  21.988 0.0000000000
73557  39.464  38.836  22.412 0.0000000000
73509  35.683  40.108  25.726 0.0000000000
73943  35.042  41.356  25.278 0.0000000000
74367  40.283  41.222  26.503 0.0000000000
74366  41.179  41.421  27.136 0.0000000000
74373  40.961  42.041  26.228 0.0000000000
74805  40.517  42.408  25.488 0.0000000000
74811  40.739  42.533  25.289 0.0000000000
96586  41.864  42.669  25.594 0.0000000000
74810  42.560  42.589  26.022 0.0000000000
74809  43.192  42.135  25.551 0.0000000000
73909  43.653  40.450  27.863 0.0000000000
87458  43.422  37.390  28.848 0.0000000000
73053  43.754  37.925  28.313 0.0000000000
72185  42.708  35.509  27.910 0.0000000000
97052  42.894  34.868  28.168 0.0000000000
69204  44.033  29.865  28.206 0.0000000000
68639  44.163  29.011  28.477 0.0000000000
95074  44.289  28.322  28.793 0.0000000000
67104  45.689  25.353  28.503 0.0000000000
99068  45.161  25.675  28.939 0.0000000000
67105  45.022  24.865  28.984 0.0000000000
66674  44.241  24.533  29.268 0.0000000000
66144  43.020  23.669  29.083 0.0000000000
66163  42.547  23.415  28.472 0.0000000000
85802  42.118  23.399  27.850 0.0000000000
65651  47.908  22.254  23.218 0.0000000000
65633  48.196  22.970  24.217 0.0000000000
85803  46.296  22.411  24.064 0.0000000000
97172  45.620  22.449  23.992 0.0000000000
89206  38.630  28.246  30.636 0.0000000000
68619  39.185  28.363  30.392 0.0000000000
68087  40.298  27.597  30.489 0.0000000000
98826  40.905  36.745  27.159 0.0000000000
72188  39.986  35.554  27.374 0.0000000000
69192  38.726  29.633  29.795 0.0000000000
71728  35.946  34.970  30.156 0.0000000000
72157  36.651  35.361  30.600 0.0000000000
72147  36.663  35.566  31.643 0.0000000000
64445  49.618  20.556  29.636 0.0000000000
64457  49.098  20.542  28.540 0.0000000000
63886  48.850  20.123  28.250 0.0000000000
88392  48.383  19.782  27.966 0.0000000000
88767  48.128  19.245  29.203 0.0000000000
63887  47.849  19.439  28.541 0.0000000000
86761  47.641  19.653  27.726 0.0000000000
64458  45.300  20.097  27.842 0.0000000000
71330  44.315  32.958  30.029 0.0000000000
69133  42.784  29.741  32.319 0.0000000000
69132  43.823  30.000  32.266 0.0000000000
68077  45.012  27.583  31.713 0.0000000000
67596  46.563  26.746  31.132 0.0000000000
67071  47.269  25.417  30.718 0.0000000000
89168  47.449  23.903  31.039 0.0000000000
97581  47.491  23.382  31.281 0.0000000000
66125  46.813  23.306  31.373 0.0000000000
65034  48.074  21.692  32.401 0.0000000000
65022  48.102  21.127  33.131 0.0000000000
73497  38.440  38.613  27.198 0.0000000000
94182  39.721  39.215  27.796 0.0000000000
73903  40.466  39.626  28.300 0.0000000000
73480  41.091  38.896  30.048 0.0000000000
73487  40.723  39.152  29.116 0.0000000000
74358  42.597  41.387  28.414 0.0000000000
74357  43.354  41.152  28.667 0.0000000000
74351  43.525  40.758  29.230 0.0000000000
73033  43.247  38.001  29.794 0.0000000000
88273  46.430  29.600  26.777 0.0000000000
68098  46.450  27.954  27.219 0.0000000000
95312  46.419  26.984  27.518 0.0000000000
90320  47.057  26.629  26.860 0.0000000000
67616  46.370  25.946  27.829 0.0000000000
67103  46.321  24.872  28.041 0.0000000000
64537  44.985  21.125  21.669 0.0000000000
96090  44.925  21.999  21.960 0.0000000000
65679  44.675  21.527  21.642 0.0000000000
67079  35.515  25.207  31.765 0.0000000000
84968  37.999  27.108  31.448 0.0000000000
89471  36.815  24.511  31.060 0.0000000000
66663  38.457  24.400  30.818 0.0000000000
73532  41.289  38.588  23.845 0.0000000000
72627  39.546  36.646  26.277 0.0000000000
72129  42.025  35.624  33.047 0.0000000000
71318  42.303  34.183  33.257 0.0000000000
95415  42.295  31.079  32.393 0.0000000000
74376  33.729  40.641  25.464 0.0000000000
92100  33.610  39.427  26.237 0.0000000000
73926  34.102  40.148  25.899 0.0000000000
73925  34.861  40.416  25.669 0.0000000000
73071  37.017  38.137  26.748 0.0000000000
73059  36.742  37.342  27.220 0.0000000000
73058  37.491  37.562  27.413 0.0000000000
73057  38.241  37.865  27.654 0.0000000000
73034  39.720  37.809  29.738 0.0000000000
72583  39.489  37.382  30.552 0.0000000000
94147  40.931  37.773  31.968 0.0000000000
67120  49.337  25.759  24.932 0.0000000000
87852  49.572  25.017  25.193 0.0000000000
66709  49.254  24.695  24.176 0.0000000000
66226  49.236  23.978  23.938 0.0000000000
65632  49.548  22.470  24.738 0.0000000000
85970  49.447  22.993  24.068 0.0000000000
65650  49.026  22.735  23.615 0.0000000000
65664  48.467  21.772  23.044 0.0000000000
65115  47.069  21.072  22.311 0.0000000000
64483  48.826  20.540  25.729 0.0000000000
64496  48.847  20.654  24.710 0.0000000000
64484  47.753  20.008  25.626 0.0000000000
97105  48.077  20.178  24.832 0.0000000000
64497  48.321  20.426  24.107 0.0000000000
64511  47.605  20.627  23.254 0.0000000000
65116  45.976  21.066  22.009 0.0000000000
64528  44.489  20.892  21.864 0.0000000000
69815  42.134  31.015  28.796 0.0000000000
69217  45.946  30.127  26.931 0.0000000000
68645  47.248  29.453  26.254 0.0000000000
68653  47.705  29.100  25.853 0.0000000000
68652  48.035  28.972  25.872 0.0000000000
68103  48.517  27.812  26.329 0.0000000000
67622  49.060  27.058  26.196 0.0000000000
97775  43.727  33.190  32.267 0.0000000000
70865  43.663  33.085  32.400 0.0000000000
70872  44.242  32.822  32.125 0.0000000000
70310  46.085  31.849  31.636 0.0000000000
69734  45.621  30.715  32.233 0.0000000000
68627  48.267  28.046  28.822 0.0000000000
66689  49.277  24.144  27.785 0.0000000000
66685  49.099  24.386  28.429 0.0000000000
83069  48.885  23.329  28.113 0.0000000000
66133  48.973  22.886  30.484 0.0000000000
66122  49.047  22.645  30.993 0.0000000000
85311  49.173  22.616  30.313 0.0000000000
65600  49.531  22.011  30.415 0.0000000000
96219  50.173  19.880  30.165 0.0000000000
63276  50.690  19.193  30.864 0.0000000000
93662  50.777  18.917  31.255 0.0000000000
73575  41.098  38.475  20.462 0.0000000000
73566  39.819  38.522  21.558 0.0000000000
95669  43.135  39.804  21.316 0.0000000000
73986  43.682  39.910  21.855 0.0000000000
73956  36.845  40.763  24.602 0.0000000000
73971  39.116  40.591  24.114 0.0000000000
95708  40.020  40.646  23.592 0.0000000000
74417  41.372  40.861  22.971 0.0000000000
74416  42.579  40.788  22.602 0.0000000000
74415  43.467  40.415  22.463 0.0000000000
91213  43.670  40.385  23.047 0.0000000000
73968  43.598  40.313  23.609 0.0000000000
74384  43.505  41.545  25.539 0.0000000000
74385  43.431  40.828  25.610 0.0000000000
73920  41.836  39.579  26.180 0.0000000000
73505  41.714  39.147  26.653 0.0000000000
73494  43.450  39.254  27.599 0.0000000000
73493  43.784  38.751  28.085 0.0000000000
73055  42.378  38.404  27.368 0.0000000000
71754  41.835  34.920  27.571 0.0000000000
71345  42.140  34.183  27.734 0.0000000000
82936  41.999  28.365  29.733 0.0000000000
68085  41.890  27.027  30.304 0.0000000000
67605  42.015  26.225  30.372 0.0000000000
68100  44.747  27.823  28.692 0.0000000000
67096  44.884  26.309  29.105 0.0000000000
67611  43.599  26.831  29.629 0.0000000000
67088  41.686  25.440  30.433 0.0000000000
66660  41.293  24.581  30.279 0.0000000000
66678  40.834  23.889  29.865 0.0000000000
66148  39.601  23.466  29.142 0.0000000000
67121  49.008  25.643  24.504 0.0000000000
66696  48.769  25.407  24.478 0.0000000000
66697  48.160  24.651  25.451 0.0000000000
66196  47.829  23.521  25.496 0.0000000000
66176  47.410  23.916  26.613 0.0000000000
66177  46.595  23.490  27.361 0.0000000000
66178  45.851  23.144  27.818 0.0000000000
66179  44.915  22.945  27.856 0.0000000000
65654  44.661  22.353  22.746 0.0000000000
85055  45.017  22.533  23.960 0.0000000000
65635  44.529  22.700  25.060 0.0000000000
65636  43.589  22.900  25.058 0.0000000000
65623  44.136  22.835  25.914 0.0000000000
65613  44.325  22.816  26.956 0.0000000000
88431  44.106  22.980  27.852 0.0000000000
87497  42.140  23.447  27.175 0.0000000000
63872  44.835  18.705  29.549 0.0000000000
94021  44.934  19.283  28.958 0.0000000000
63900  48.640  20.135  27.222 0.0000000000
64438  50.999  19.498  31.723 0.0000000000
64509  49.233  21.010  24.375 0.0000000000
65114  48.022  21.097  22.498 0.0000000000
66701  49.424  24.516  24.536 0.0000000000
72705  40.786  37.199  19.813 0.0000000000
73478  43.378  39.696  29.975 0.0000000000
73891  43.717  40.317  29.434 0.0000000000
73893  42.461  40.099  29.888 0.0000000000
73908  43.838  40.621  28.520 0.0000000000
74829  43.097  41.582  23.972 0.0000000000
83064  46.389  20.430  24.681 0.0000000000
84766  46.093  19.392  28.636 0.0000000000
91146  49.294  25.136  24.432 0.0000000000
96799  48.186  27.683  29.654 0.0000000000
97236  43.046  39.683  30.216 0.0000000000
98558  48.612  22.566  23.561 0.0000000000
98642  39.399  41.066  24.246 0.0000000000
