#!ascii label  , from subject sub-v1s21x0050404_ses-1 vox2ras=TkReg
539
8965  26.580  -51.775  3.729 0.3000000119
13420  26.157  -44.611  8.798 0.6000000238
15478  27.745  -41.601  7.100 0.6999999881
16090  28.157  -41.006  7.031 0.6999999881
10135  24.934  -49.188  7.276 0.4000000060
9557  27.083  -51.207  3.798 0.5000000000
14151  26.573  -43.962  8.258 0.6999999881
15471  27.691  -41.823  8.345 0.6000000238
14846  27.462  -42.235  7.555 0.6000000238
16086  27.886  -41.190  7.746 0.6999999881
16089  28.368  -40.471  6.928 0.6999999881
9547  25.579  -50.585  5.120 0.5000000000
10134  25.989  -49.270  7.100 0.4000000060
9558  26.135  -51.157  4.300 0.6000000238
11334  25.085  -47.824  8.227 0.4000000060
11990  26.272  -46.285  9.003 0.5000000000
10156  26.477  -50.563  4.454 0.6000000238
11327  25.589  -46.998  8.511 0.6000000238
12659  26.459  -45.364  9.313 0.6000000238
10155  26.790  -49.931  4.620 0.6000000238
13410  26.798  -44.774  9.365 0.6000000238
14150  27.086  -43.410  8.261 0.6000000238
14837  27.462  -42.688  8.341 0.6000000238
15470  27.961  -41.052  8.655 0.6999999881
16085  28.210  -40.526  7.664 0.6999999881
16642  28.665  -39.876  6.903 0.6999999881
16635  28.490  -39.840  8.108 0.6999999881
16637  28.750  -39.902  7.135 0.6999999881
17268  29.333  -39.286  6.918 0.6999999881
17264  29.128  -39.349  7.398 0.6999999881
10150  25.056  -50.104  5.894 0.5000000000
10141  24.430  -49.761  6.781 0.5000000000
11333  26.102  -48.067  8.182 0.4000000060
10149  25.880  -49.837  5.116 0.5000000000
11326  26.666  -47.323  8.511 0.5000000000
10148  26.997  -49.388  5.163 0.6000000238
10697  27.267  -49.020  5.755 0.5000000000
93691  27.477  -48.881  6.396 0.5000000000
14140  27.607  -43.295  8.938 0.6000000238
13419  27.057  -44.110  9.006 0.6999999881
15462  28.114  -41.686  9.258 0.6000000238
14826  27.829  -42.442  9.086 0.6000000238
16079  28.271  -40.369  8.918 0.6000000238
16629  28.525  -39.783  9.125 0.6000000238
17261  28.712  -39.261  8.639 0.6000000238
17263  29.838  -38.853  7.104 0.6999999881
17260  29.183  -38.719  8.128 0.6999999881
10690  26.408  -48.816  7.659 0.4000000060
11978  27.540  -45.919  9.296 0.6000000238
10140  25.506  -49.485  6.136 0.4000000060
12658  27.189  -45.313  9.446 0.6000000238
10139  26.401  -49.188  5.975 0.4000000060
91021  26.994  -49.120  6.998 0.4000000060
10689  27.803  -48.730  6.998 0.4000000060
81570  28.101  -48.090  7.514 0.4000000060
13409  27.542  -44.678  9.405 0.6999999881
15461  28.533  -41.004  9.508 0.6000000238
16628  28.903  -39.399  9.620 0.6000000238
17267  29.935  -38.635  6.925 0.6999999881
17981  30.602  -38.110  7.012 0.6999999881
11325  27.623  -47.449  8.213 0.4000000060
11332  27.184  -48.408  7.839 0.4000000060
95068  28.803  -47.805  7.217 0.5000000000
90421  27.852  -43.884  9.287 0.6999999881
14139  28.226  -43.119  9.358 0.6000000238
14825  28.911  -41.697  9.857 0.6000000238
17273  29.544  -38.108  6.697 0.6999999881
90400  29.379  -38.842  9.940 0.6000000238
17991  30.779  -37.982  6.818 0.8000000119
88391  29.286  -38.200  9.225 0.6000000238
80211  28.275  -46.250  9.009 0.5000000000
11989  27.296  -46.600  8.982 0.6000000238
89076  28.095  -46.883  8.471 0.5000000000
81227  29.626  -46.454  7.821 0.6999999881
11995  28.469  -47.363  7.838 0.4000000060
94617  28.523  -43.746  9.436 0.6999999881
90007  28.575  -42.382  9.562 0.6000000238
15460  29.281  -41.045  10.115 0.6000000238
18736  30.390  -37.553  6.598 0.6000000238
17980  31.757  -37.743  6.496 0.6999999881
17966  29.741  -37.514  9.275 0.6999999881
82087  29.830  -37.974  7.898 0.6999999881
17973  31.025  -37.764  7.059 0.6999999881
80210  28.809  -45.683  9.165 0.5000000000
12657  28.079  -45.314  9.356 0.6000000238
80214  29.857  -45.792  8.384 0.6999999881
81373  29.150  -46.109  8.661 0.6000000238
13408  28.337  -44.492  9.412 0.6999999881
93224  30.458  -45.394  8.220 0.6999999881
14138  29.134  -43.195  9.597 0.6999999881
14811  29.605  -41.623  10.116 0.5000000000
14824  29.592  -42.339  9.871 0.6000000238
89099  30.380  -36.693  6.424 0.5000000000
16066  29.741  -40.410  10.289 0.6000000238
16618  29.524  -39.615  10.165 0.6000000238
17979  32.764  -37.928  6.036 0.6000000238
19546  32.258  -36.944  5.693 0.5000000000
17252  29.960  -38.120  10.153 0.6999999881
17974  30.213  -37.201  8.243 0.6999999881
18717  31.314  -37.208  7.228 0.6999999881
18724  32.611  -37.397  6.391 0.5000000000
19525  31.511  -36.402  7.350 0.6000000238
85217  29.056  -45.024  9.369 0.6000000238
80209  29.377  -45.569  9.023 0.6999999881
13418  30.654  -44.723  8.530 0.6999999881
13407  29.189  -44.151  9.431 0.6999999881
19547  30.965  -35.910  6.123 0.4000000060
15448  30.020  -41.147  10.316 0.5000000000
20373  32.253  -35.758  5.589 0.4000000060
17251  30.088  -38.969  10.375 0.6000000238
19534  33.082  -37.420  5.934 0.5000000000
88711  32.860  -37.517  5.822 0.5000000000
19535  32.890  -36.458  6.330 0.4000000060
17961  30.125  -37.338  10.168 0.6000000238
18718  30.366  -36.392  8.497 0.6999999881
84234  30.539  -35.512  8.679 0.5000000000
87521  29.892  -45.103  8.968 0.6000000238
13406  30.035  -44.382  9.175 0.6999999881
97979  29.542  -44.636  9.284 0.6999999881
13417  31.422  -44.347  8.163 0.6999999881
14149  30.812  -43.887  8.977 0.6999999881
90044  29.879  -43.742  9.405 0.6000000238
14137  30.258  -43.117  9.519 0.6000000238
16065  30.504  -40.574  10.429 0.6000000238
16617  30.278  -39.772  10.428 0.6000000238
96183  30.590  -38.344  10.561 0.6000000238
19545  32.994  -36.566  5.845 0.4000000060
20372  32.819  -35.209  5.642 0.4000000060
20362  33.049  -35.484  5.919 0.4000000060
18702  30.074  -36.783  9.537 0.6000000238
14148  31.733  -43.569  8.529 0.6999999881
14136  31.249  -43.063  9.245 0.6000000238
14823  30.674  -42.447  9.733 0.5000000000
16616  31.005  -39.975  10.563 0.6000000238
17960  30.637  -37.627  10.667 0.6000000238
18708  30.173  -35.812  9.902 0.6000000238
94452  30.362  -34.989  9.662 0.5000000000
14822  31.607  -42.254  9.580 0.6999999881
14809  30.975  -41.903  10.029 0.6000000238
16064  31.274  -40.777  10.418 0.5000000000
95707  31.526  -38.629  10.812 0.6000000238
17959  31.201  -38.011  10.880 0.6000000238
18697  31.153  -36.463  11.249 0.6000000238
80202  28.953  -48.172  5.508 0.5000000000
97626  29.675  -47.253  6.654 0.5000000000
80204  29.571  -47.754  5.413 0.5000000000
92586  29.990  -47.205  5.888 0.5000000000
81180  30.010  -46.832  6.924 0.6999999881
81919  31.297  -45.879  6.506 0.6999999881
92542  30.673  -46.579  6.219 0.5000000000
92698  30.487  -46.045  7.411 0.6999999881
8971  27.007  -52.439  3.667 0.3000000119
94448  29.383  -38.884  6.721 0.6999999881
92740  29.298  -47.205  7.336 0.6000000238
16078  28.900  -40.234  9.823 0.6000000238
18735  31.938  -37.853  5.943 0.6000000238
93538  32.099  -37.750  6.502 0.6999999881
14810  30.274  -41.816  10.123 0.5000000000
15447  30.765  -41.310  10.296 0.5000000000
18701  30.486  -36.721  10.700 0.6000000238
17250  30.896  -39.016  10.592 0.6000000238
15446  31.517  -41.506  10.094 0.5000000000
80215  32.641  -45.111  5.754 0.6000000238
14175  35.542  -44.499  4.992 0.6000000238
14167  35.905  -43.643  5.433 0.4000000060
13437  33.447  -44.490  5.632 0.5000000000
81327  31.912  -45.156  6.630 0.6000000238
11996  24.894  -46.136  8.210 0.5000000000
14166  36.855  -43.788  5.597 0.4000000060
12669  25.788  -45.414  8.856 0.5000000000
12670  25.261  -45.434  8.118 0.5000000000
13446  34.153  -45.041  4.720 0.5000000000
14850  37.597  -43.216  5.945 0.4000000060
13429  26.014  -44.241  7.617 0.5000000000
86709  34.956  -43.867  5.407 0.6000000238
13421  25.636  -44.834  8.292 0.5000000000
81823  31.826  -44.587  7.383 0.6000000238
14849  38.383  -42.785  6.447 0.4000000060
14841  38.764  -42.842  6.741 0.4000000060
13439  25.325  -44.143  6.648 0.5000000000
14168  34.050  -43.828  5.904 0.5000000000
97515  25.770  -44.312  6.945 0.5000000000
14854  26.308  -43.030  6.634 0.5000000000
13428  32.572  -44.409  6.735 0.6000000238
95967  31.194  -45.193  7.600 0.6000000238
14161  27.166  -42.820  7.475 0.5000000000
88519  26.808  -42.307  6.574 0.5000000000
95024  25.666  -43.448  6.588 0.4000000060
14169  33.291  -43.919  6.484 0.5000000000
14159  32.874  -43.648  7.291 0.6000000238
14160  32.133  -43.959  7.712 0.6000000238
14147  32.504  -43.306  8.115 0.6000000238
14851  36.764  -42.856  5.795 0.4000000060
15483  27.257  -41.639  6.591 0.5000000000
15484  26.466  -41.710  6.430 0.4000000060
14853  27.311  -42.252  6.880 0.6000000238
89799  26.139  -42.335  6.438 0.4000000060
14852  34.687  -43.303  6.138 0.6000000238
14845  33.219  -42.993  7.684 0.6000000238
96471  32.821  -42.719  8.370 0.6000000238
14840  39.132  -42.483  6.749 0.4000000060
16096  26.948  -41.015  6.437 0.4000000060
16097  25.962  -41.130  6.470 0.4000000060
14843  35.425  -42.741  6.313 0.6000000238
98593  34.967  -42.229  7.288 0.6000000238
14844  34.198  -42.688  7.213 0.5000000000
14834  33.466  -42.392  8.183 0.6000000238
14833  34.241  -42.022  8.014 0.5000000000
14835  32.822  -42.173  8.938 0.6000000238
15481  37.771  -42.617  6.208 0.4000000060
16094  28.173  -40.321  6.732 0.6000000238
86736  27.455  -40.211  6.622 0.5000000000
16644  26.393  -40.354  6.695 0.5000000000
15482  36.917  -42.191  6.460 0.4000000060
15477  35.935  -42.150  6.765 0.5000000000
15468  35.149  -41.615  7.907 0.5000000000
88818  34.274  -41.486  8.572 0.5000000000
15469  33.584  -41.763  8.710 0.6000000238
14836  32.154  -42.779  8.885 0.6000000238
96939  39.172  -41.303  7.045 0.4000000060
88782  38.627  -42.243  6.462 0.4000000060
15475  39.301  -41.916  6.727 0.4000000060
15474  39.534  -42.177  7.052 0.4000000060
88351  38.506  -41.445  6.840 0.4000000060
16638  26.651  -39.480  7.037 0.5000000000
15459  33.799  -41.090  9.280 0.6000000238
14821  32.343  -41.677  9.652 0.6000000238
16082  39.299  -40.789  7.604 0.4000000060
17274  28.836  -39.259  6.725 0.6000000238
16643  28.189  -39.714  6.705 0.6000000238
95981  27.459  -39.352  6.811 0.5000000000
17269  25.907  -38.887  7.438 0.5000000000
15466  37.147  -40.898  7.624 0.4000000060
15467  36.376  -41.549  7.280 0.4000000060
16084  35.770  -40.927  8.282 0.5000000000
15458  34.751  -40.983  8.808 0.5000000000
88294  33.094  -41.540  9.297 0.5000000000
16088  39.464  -41.563  7.257 0.4000000060
90042  28.637  -38.455  6.687 0.6000000238
88250  27.563  -37.966  6.880 0.5000000000
17276  26.898  -38.576  7.114 0.5000000000
16062  33.546  -40.304  9.955 0.4000000060
16077  32.921  -40.975  9.827 0.4000000060
15445  32.093  -40.977  10.255 0.6000000238
85471  31.783  -40.195  10.526 0.4000000060
16632  39.449  -40.059  8.243 0.4000000060
16083  38.401  -40.711  7.522 0.4000000060
17992  28.322  -37.521  6.700 0.5000000000
17982  26.630  -37.596  7.171 0.4000000060
16075  35.283  -40.364  9.101 0.5000000000
16627  34.878  -39.788  9.662 0.6000000238
97455  33.163  -39.911  10.302 0.4000000060
16615  32.222  -39.669  10.594 0.4000000060
16614  33.605  -39.501  10.333 0.5000000000
18737  29.186  -37.107  6.631 0.5000000000
91397  28.844  -36.203  6.682 0.4000000060
89641  32.840  -39.522  10.529 0.5000000000
16613  34.453  -39.255  10.156 0.5000000000
16061  34.187  -39.860  9.922 0.5000000000
16633  38.506  -40.021  8.160 0.4000000060
17954  31.142  -37.181  11.156 0.5000000000
90593  31.570  -39.417  10.649 0.4000000060
17249  32.237  -38.855  10.814 0.5000000000
82440  33.953  -38.696  10.648 0.5000000000
17953  31.634  -37.482  11.253 0.4000000060
17243  31.867  -38.077  11.121 0.5000000000
17242  32.630  -38.145  11.162 0.5000000000
17248  33.106  -38.795  10.783 0.5000000000
17241  33.442  -38.088  11.159 0.5000000000
91811  32.934  -37.552  11.424 0.4000000060
16095  27.832  -40.934  6.677 0.6000000238
14162  26.624  -43.462  7.348 0.6000000238
11991  25.522  -46.084  8.592 0.5000000000
13438  26.035  -43.838  6.837 0.5000000000
14847  26.916  -42.799  6.874 0.5000000000
15485  25.486  -41.933  6.481 0.4000000060
15476  37.605  -41.788  6.659 0.4000000060
16091  25.449  -40.562  7.055 0.5000000000
16098  25.036  -41.293  6.770 0.5000000000
16639  25.703  -39.688  7.341 0.5000000000
17275  27.978  -38.875  6.782 0.5000000000
16076  34.405  -40.410  9.478 0.5000000000
96446  26.069  -38.141  7.363 0.5000000000
16074  36.265  -40.242  8.675 0.5000000000
16063  32.657  -40.243  10.335 0.3000000119
17952  32.255  -37.466  11.395 0.4000000060
3435  26.043  -62.635  8.566 0.3000000119
3441  25.406  -62.254  8.154 0.3000000119
3806  25.575  -61.724  8.370 0.3000000119
4214  25.284  -59.932  8.677 0.3000000119
85197  25.606  -61.085  8.112 0.3000000119
4204  25.671  -60.129  9.419 0.3000000119
4708  25.482  -59.332  7.518 0.3000000119
88363  26.642  -58.284  11.157 0.3000000119
4658  25.205  -59.129  10.199 0.3000000119
5138  24.504  -58.893  9.620 0.3000000119
5145  24.803  -59.190  8.592 0.3000000119
5126  25.877  -58.901  10.771 0.3000000119
6079  25.940  -56.498  10.916 0.3000000119
91757  25.785  -57.989  10.980 0.3000000119
5127  25.007  -58.224  10.347 0.4000000060
90885  24.262  -58.060  9.652 0.4000000060
5611  24.134  -57.367  9.102 0.4000000060
90384  24.472  -57.399  8.093 0.3000000119
6592  26.411  -55.130  10.522 0.3000000119
6593  25.603  -55.645  10.580 0.4000000060
6080  25.005  -56.438  10.352 0.4000000060
6087  24.340  -56.498  9.478 0.4000000060
6095  24.259  -55.864  8.879 0.4000000060
82397  27.709  -54.067  10.296 0.4000000060
7149  26.362  -54.497  10.245 0.4000000060
86637  24.598  -55.840  7.728 0.4000000060
88464  24.623  -54.997  7.736 0.3000000119
6608  25.497  -54.720  10.048 0.3000000119
6609  24.722  -55.513  9.722 0.4000000060
7168  26.770  -54.009  10.091 0.4000000060
82968  24.764  -54.648  9.318 0.5000000000
97876  27.151  -50.772  4.178 0.5000000000
7756  27.197  -53.342  9.941 0.4000000060
6616  24.418  -55.130  8.703 0.4000000060
8366  27.416  -52.632  3.773 0.3000000119
8970  27.388  -51.929  3.721 0.4000000060
7196  25.624  -54.291  6.184 0.3000000119
89195  24.308  -47.560  8.059 0.4000000060
88982  24.628  -46.939  8.231 0.4000000060
92543  28.529  -48.250  6.609 0.4000000060
10696  28.075  -48.615  5.669 0.4000000060
7169  25.969  -54.097  9.885 0.4000000060
10703  27.937  -49.113  4.852 0.4000000060
10147  27.497  -49.732  4.709 0.4000000060
8964  27.570  -51.944  3.673 0.4000000060
7183  24.688  -54.291  8.371 0.4000000060
9560  27.487  -51.359  3.999 0.5000000000
98675  24.862  -53.914  7.781 0.5000000000
8963  27.521  -51.501  4.168 0.4000000060
8361  27.356  -52.238  3.701 0.4000000060
83815  25.093  -53.629  7.196 0.3000000119
8362  27.425  -52.692  3.807 0.4000000060
11997  24.328  -46.137  7.612 0.4000000060
7757  26.180  -53.505  9.593 0.4000000060
80205  28.789  -48.724  4.844 0.4000000060
86528  27.529  -50.407  4.468 0.5000000000
8321  26.503  -52.873  9.229 0.4000000060
7170  25.269  -53.890  9.276 0.4000000060
10154  28.147  -49.714  4.703 0.5000000000
98482  26.751  -52.366  8.871 0.4000000060
7765  25.668  -53.084  8.853 0.4000000060
8331  25.465  -52.693  8.153 0.5000000000
7770  25.243  -52.791  7.340 0.5000000000
10706  28.703  -49.207  4.751 0.4000000060
9555  28.954  -49.536  4.920 0.5000000000
8329  27.298  -52.038  8.836 0.4000000060
9556  27.983  -50.412  4.824 0.4000000060
8348  25.328  -52.062  6.417 0.4000000060
8956  26.508  -51.241  5.292 0.4000000060
8352  27.027  -52.376  4.609 0.4000000060
94903  27.399  -51.374  4.564 0.4000000060
92968  30.200  -47.656  4.895 0.3000000119
8932  26.680  -52.041  8.112 0.4000000060
8341  25.772  -52.052  7.490 0.4000000060
8931  27.835  -51.568  8.750 0.4000000060
8946  25.786  -51.317  6.373 0.5000000000
81554  29.564  -49.158  4.707 0.5000000000
8943  28.213  -51.075  7.776 0.4000000060
8957  25.789  -51.554  5.867 0.4000000060
9538  27.433  -50.926  5.137 0.4000000060
9546  28.143  -50.423  5.074 0.4000000060
80207  30.703  -46.961  5.066 0.4000000060
80203  29.673  -48.376  4.766 0.3000000119
8944  27.433  -51.478  7.791 0.4000000060
8945  26.505  -51.415  7.186 0.4000000060
92475  30.740  -48.567  4.529 0.3000000119
9530  28.021  -50.893  6.935 0.4000000060
8953  27.234  -51.098  6.892 0.4000000060
8954  26.615  -50.831  6.132 0.5000000000
9529  28.825  -50.622  7.652 0.4000000060
88829  28.792  -50.619  6.867 0.4000000060
9536  28.515  -50.359  6.077 0.4000000060
9544  29.795  -49.725  5.060 0.4000000060
80212  31.333  -46.355  5.360 0.4000000060
5168  25.778  -58.276  5.378 0.3000000119
5592  27.408  -57.544  11.142 0.3000000119
88687  26.465  -55.855  10.820 0.3000000119
7148  27.338  -54.709  10.420 0.4000000060
8924  27.823  -52.082  9.732 0.4000000060
8320  27.239  -52.603  9.540 0.4000000060
9520  28.308  -50.922  8.813 0.4000000060
92476  31.163  -47.785  4.455 0.3000000119
92540  31.547  -46.951  4.578 0.4000000060
92954  30.326  -49.066  4.603 0.4000000060
93659  30.178  -50.045  6.677 0.4000000060
9528  29.570  -50.335  6.628 0.4000000060
81348  29.262  -50.325  6.091 0.4000000060
92649  29.843  -50.172  5.704 0.4000000060
92867  30.418  -49.526  4.847 0.4000000060
81397  31.956  -45.722  5.589 0.4000000060
3819  25.338  -61.918  7.825 0.3000000119
4213  25.747  -60.675  8.732 0.3000000119
4228  25.537  -60.333  7.903 0.3000000119
5176  26.053  -58.950  4.755 0.3000000119
4682  25.178  -59.526  9.516 0.3000000119
5593  26.348  -57.353  11.141 0.3000000119
85323  24.393  -58.269  8.543 0.4000000060
5594  25.327  -57.305  10.776 0.3000000119
5603  24.543  -57.318  10.049 0.4000000060
6591  27.390  -55.584  10.699 0.3000000119
7755  28.202  -53.529  10.267 0.4000000060
93322  25.073  -53.425  8.193 0.4000000060
8353  25.793  -52.430  5.338 0.3000000119
9545  29.076  -49.962  5.335 0.4000000060
92942  34.619  -46.496  4.561 0.4000000060
81701  33.763  -45.905  4.483 0.4000000060
13447  35.746  -46.123  4.682 0.4000000060
13444  35.895  -45.417  4.747 0.3000000119
13445  35.096  -44.981  4.614 0.5000000000
93360  33.270  -45.169  4.982 0.4000000060
13404  32.680  -44.776  9.471 0.3000000119
12655  32.422  -45.408  9.111 0.3000000119
14144  35.989  -43.507  7.806 0.3000000119
13425  36.357  -44.683  6.422 0.3000000119
14155  37.455  -43.680  6.356 0.3000000119
14165  37.270  -43.777  5.919 0.3000000119
13416  33.107  -45.099  8.723 0.3000000119
14146  34.109  -43.963  8.687 0.3000000119
14145  34.977  -43.665  8.293 0.3000000119
13405  32.041  -45.150  9.852 0.3000000119
14156  36.722  -44.051  6.809 0.3000000119
14842  38.115  -43.215  6.770 0.3000000119
13403  33.318  -44.345  9.049 0.3000000119
14132  35.316  -42.982  8.727 0.3000000119
14820  34.024  -42.876  9.896 0.3000000119
14133  34.453  -43.251  9.136 0.3000000119
14818  35.754  -42.422  9.253 0.3000000119
14819  34.805  -42.559  9.569 0.3000000119
15457  36.248  -41.822  9.776 0.3000000119
14135  32.908  -43.971  9.730 0.3000000119
14831  37.556  -42.824  7.673 0.3000000119
15465  39.120  -42.462  7.665 0.3000000119
14829  39.312  -42.578  7.085 0.3000000119
14806  34.425  -42.268  10.388 0.3000000119
14817  36.850  -42.324  8.770 0.3000000119
15456  38.810  -41.865  8.663 0.3000000119
14805  35.253  -41.994  10.121 0.3000000119
85448  37.446  -41.781  9.283 0.3000000119
93386  38.020  -41.241  9.771 0.3000000119
15473  39.545  -41.668  7.559 0.3000000119
15464  39.498  -42.069  7.738 0.3000000119
91923  39.762  -40.806  8.164 0.3000000119
16631  40.072  -39.978  8.542 0.3000000119
16623  39.681  -39.277  8.639 0.3000000119
12678  36.365  -45.325  5.140 0.3000000119
13448  35.038  -45.819  4.511 0.4000000060
14154  37.921  -43.169  6.335 0.3000000119
14830  38.764  -42.881  7.211 0.3000000119
80217  34.611  -46.974  4.719 0.5000000000
14832  36.353  -42.855  8.233 0.3000000119
14157  35.687  -44.197  7.405 0.3000000119
13424  37.046  -44.374  5.981 0.3000000119
13435  36.505  -45.052  5.612 0.3000000119
14134  33.660  -43.600  9.462 0.3000000119
14143  37.130  -43.442  7.205 0.3000000119
15442  36.835  -41.260  10.277 0.3000000119
14816  38.127  -42.354  8.196 0.3000000119
15443  35.697  -41.358  10.716 0.3000000119
92879  31.108  -49.302  4.721 0.3000000119
92909  31.064  -49.756  5.154 0.4000000060
80201  32.127  -49.126  5.310 0.4000000060
92962  32.589  -48.970  4.868 0.4000000060
81018  31.898  -48.818  4.568 0.3000000119
93064  33.355  -48.412  5.139 0.4000000060
80216  33.521  -48.143  5.250 0.3000000119
92864  33.239  -48.528  4.994 0.4000000060
92473  33.212  -47.604  4.520 0.3000000119
81012  32.875  -48.443  4.677 0.4000000060
92455  33.685  -48.148  5.033 0.4000000060
92472  33.957  -47.475  4.674 0.4000000060
94045  35.132  -46.744  4.905 0.4000000060
81011  32.227  -47.862  4.442 0.3000000119
81053  32.961  -46.559  4.475 0.3000000119
92541  32.036  -46.281  4.727 0.3000000119
92880  33.559  -48.045  4.758 0.4000000060
92484  31.817  -49.448  4.916 0.4000000060
99031  28.117  -54.584  10.381 0.3000000119
7165  30.604  -55.098  9.204 0.3000000119
86813  29.817  -55.079  9.795 0.3000000119
7167  28.795  -54.370  10.246 0.3000000119
99168  30.258  -50.227  6.042 0.3000000119
7753  30.255  -54.114  9.681 0.3000000119
7754  29.209  -53.791  10.214 0.3000000119
7731  29.631  -53.121  10.292 0.3000000119
8319  27.933  -52.810  10.116 0.3000000119
92483  31.357  -49.553  5.628 0.3000000119
8317  31.335  -52.928  9.784 0.3000000119
8318  30.522  -53.174  10.066 0.3000000119
7732  28.734  -52.918  10.309 0.3000000119
8305  28.453  -52.172  10.244 0.3000000119
8303  30.087  -52.400  10.455 0.3000000119
8304  29.203  -52.270  10.444 0.3000000119
8914  28.347  -51.482  10.135 0.3000000119
89093  28.123  -51.439  9.545 0.3000000119
10128  28.711  -50.297  8.388 0.3000000119
98818  30.854  -52.477  10.302 0.3000000119
8913  28.861  -51.511  10.488 0.3000000119
8912  29.644  -51.563  10.656 0.3000000119
88925  30.690  -51.690  10.591 0.3000000119
9510  28.321  -50.692  9.998 0.3000000119
10133  29.419  -50.132  7.556 0.3000000119
92849  30.725  -49.557  6.567 0.3000000119
92524  32.140  -48.452  5.857 0.3000000119
81501  30.419  -49.977  5.404 0.3000000119
9496  29.110  -50.770  10.946 0.3000000119
91105  28.615  -50.922  10.504 0.3000000119
10116  28.402  -50.042  9.372 0.3000000119
92486  29.920  -49.503  7.493 0.3000000119
7166  29.782  -54.532  9.867 0.3000000119
6094  24.316  -56.616  8.445 0.3000000119
7777  25.300  -53.081  6.263 0.3000000119
8330  26.073  -52.456  8.494 0.4000000060
8351  27.550  -52.074  4.178 0.4000000060
9537  27.572  -50.509  6.014 0.4000000060
9559  24.870  -51.346  5.074 0.5000000000
10691  25.505  -48.657  7.788 0.4000000060
11979  26.913  -45.878  9.350 0.6000000238
14158  33.678  -43.365  6.811 0.5000000000
14174  36.293  -44.589  5.224 0.4000000060
14176  34.522  -44.389  5.139 0.6000000238
81009  32.967  -48.652  5.183 0.4000000060
81019  32.370  -47.044  4.439 0.3000000119
81081  32.669  -45.677  4.844 0.4000000060
81111  29.274  -47.673  6.383 0.5000000000
81510  28.839  -46.728  8.206 0.6000000238
81522  30.777  -50.029  5.896 0.3000000119
81616  35.285  -46.488  4.714 0.5000000000
83551  26.247  -49.464  5.328 0.5000000000
92459  33.932  -46.926  4.508 0.4000000060
92460  34.203  -47.479  4.887 0.4000000060
93059  34.315  -47.436  5.185 0.3000000119
96112  28.935  -38.805  9.226 0.6000000238
97504  32.246  -42.261  9.307 0.6000000238
