#!ascii label  , from subject sub-v1s21x0050404_ses-1 vox2ras=TkReg
1037
18682  22.888  -35.856  13.176 0.8999999762
19478  23.292  -35.414  13.139 0.8000000119
18690  22.956  -36.180  12.606 0.6999999881
19484  23.656  -35.555  12.438 0.8000000119
93455  23.158  -36.854  13.692 0.8999999762
20298  23.547  -34.746  13.070 1.0000000000
20304  23.423  -34.852  12.824 0.8999999762
19492  24.116  -34.923  12.089 0.8000000119
20321  23.770  -34.169  12.452 0.8999999762
19483  24.965  -35.533  11.965 0.8000000119
19491  25.420  -35.058  11.497 0.6999999881
20319  25.981  -34.651  11.009 0.6999999881
17929  23.230  -37.633  14.372 0.8000000119
18678  24.264  -36.722  14.190 0.8999999762
17924  24.087  -37.422  14.747 0.8999999762
17926  22.959  -38.191  15.458 0.8999999762
19477  24.418  -35.885  13.682 0.8999999762
97266  23.626  -34.279  12.769 0.8999999762
21090  23.926  -33.782  12.617 1.0000000000
20320  24.901  -34.133  11.635 0.8000000119
20330  26.226  -34.649  10.342 0.6999999881
18668  25.188  -36.369  14.648 0.8999999762
18669  24.812  -37.001  15.098 0.8999999762
18670  24.125  -37.323  15.488 0.8999999762
20340  26.280  -33.905  10.022 0.8000000119
20341  25.819  -33.887  9.627 0.8000000119
21124  25.453  -33.036  9.144 0.8000000119
18646  24.477  -36.570  15.835 0.8999999762
17911  22.607  -37.748  16.083 0.8999999762
19451  25.763  -35.838  15.075 0.8999999762
18648  22.598  -36.871  16.427 0.8999999762
86665  21.808  -37.433  16.415 0.8000000119
17912  21.160  -37.993  16.427 0.8000000119
19469  25.536  -35.701  14.428 0.8999999762
84820  22.093  -35.909  16.506 0.6999999881
85557  20.798  -37.035  16.517 0.6999999881
20297  25.051  -35.225  13.762 0.8999999762
85501  19.842  -36.762  16.473 0.6999999881
20296  25.751  -34.566  13.832 1.0000000000
97910  24.441  -34.474  13.370 1.0000000000
21083  24.702  -33.807  13.268 1.0000000000
21084  23.912  -33.928  12.997 1.0000000000
21105  24.122  -33.482  12.114 0.8999999762
21843  24.254  -33.179  12.742 1.0000000000
21106  24.232  -33.042  12.397 0.8999999762
94608  24.320  -32.921  11.916 0.8000000119
21104  25.303  -33.130  11.339 0.8000000119
21115  26.088  -33.097  10.353 0.8000000119
21123  26.058  -33.038  9.828 0.8000000119
21894  25.838  -32.174  9.634 0.8000000119
21125  24.467  -32.795  8.653 0.8000000119
19452  25.189  -36.266  15.426 0.8999999762
17910  23.338  -37.556  15.835 0.8999999762
19421  25.376  -35.512  15.722 0.8999999762
19422  24.688  -35.783  16.104 0.8999999762
18647  23.651  -36.780  16.204 0.8999999762
19424  22.940  -35.916  16.471 0.8999999762
19450  26.141  -35.245  14.818 0.8999999762
18649  21.486  -36.421  16.510 0.6999999881
19468  25.891  -35.138  14.295 0.8999999762
19425  21.316  -35.446  16.474 0.6000000238
99171  20.375  -35.961  16.441 0.6000000238
92340  18.428  -36.336  16.274 0.5000000000
82676  18.505  -35.351  16.033 0.5000000000
21842  24.835  -32.893  13.066 1.0000000000
21869  24.293  -32.273  12.090 0.8999999762
21884  25.714  -32.321  10.757 0.8000000119
22659  24.416  -31.643  11.755 0.8999999762
22658  25.179  -31.567  10.938 0.8000000119
96293  25.847  -31.936  10.371 0.8000000119
22670  24.455  -30.945  11.509 0.8999999762
23464  24.916  -30.908  10.507 0.8999999762
22680  25.347  -31.297  9.604 0.8000000119
21896  24.091  -31.809  8.524 0.8000000119
22681  24.597  -30.981  9.001 0.8000000119
22682  23.476  -30.921  8.486 0.8000000119
19423  23.893  -35.918  16.395 0.8999999762
20241  22.220  -35.041  16.520 0.8000000119
20280  26.500  -34.675  14.475 0.8999999762
20257  26.669  -34.718  15.067 0.8999999762
20242  21.329  -34.587  16.465 0.6999999881
19426  20.484  -34.971  16.381 0.6000000238
18650  19.273  -36.043  16.352 0.6000000238
19427  19.585  -35.232  16.274 0.5000000000
21082  25.863  -33.623  13.511 1.0000000000
20245  19.161  -34.589  16.059 0.5000000000
22636  24.934  -31.978  12.756 1.0000000000
21857  24.582  -32.280  12.687 1.0000000000
22649  24.381  -31.428  12.069 0.8999999762
22648  24.708  -31.183  12.428 0.8999999762
94494  24.544  -31.618  12.419 0.8999999762
23478  24.583  -30.431  9.924 0.8999999762
23454  24.499  -30.626  11.756 0.8999999762
23465  24.350  -30.297  11.064 0.8999999762
23479  23.791  -30.160  9.268 0.8999999762
23466  24.273  -29.920  10.142 0.8999999762
20240  23.256  -35.108  16.512 0.8999999762
89841  24.076  -35.235  16.449 0.8999999762
83595  22.784  -34.292  16.567 1.0000000000
20238  25.452  -34.752  16.039 0.8999999762
21081  26.930  -34.024  13.944 0.8999999762
20256  27.140  -34.202  14.662 0.8999999762
20243  20.516  -34.090  16.358 0.6999999881
82100  19.860  -34.576  16.263 0.5000000000
20244  19.642  -34.010  16.154 0.5000000000
20259  19.017  -33.982  15.915 0.5000000000
21840  26.829  -33.156  13.373 1.0000000000
21841  25.655  -32.818  13.119 1.0000000000
21855  27.240  -32.507  12.813 1.0000000000
21856  26.020  -32.254  12.829 1.0000000000
22647  25.305  -31.282  12.556 1.0000000000
22646  26.446  -31.592  12.491 1.0000000000
24269  24.600  -30.368  11.884 0.8999999762
23516  23.520  -30.448  7.596 0.6999999881
88562  22.929  -29.233  7.298 0.8000000119
93914  22.504  -29.987  7.732 0.8000000119
24352  21.628  -29.141  7.570 0.8000000119
21055  26.135  -34.317  15.693 0.8999999762
21039  25.230  -33.885  16.318 1.0000000000
96406  24.657  -34.333  16.397 1.0000000000
21040  24.208  -33.618  16.547 1.0000000000
21041  23.258  -33.576  16.637 0.6999999881
83155  22.010  -34.232  16.523 0.6999999881
21043  21.442  -33.789  16.486 0.6999999881
21045  20.055  -33.380  16.260 0.6000000238
21057  18.617  -33.529  15.664 0.4000000060
23453  25.300  -30.131  11.958 1.0000000000
85362  26.228  -30.271  11.728 1.0000000000
24308  20.875  -28.786  8.656 0.8999999762
23515  25.498  -30.046  6.920 0.6000000238
24351  23.794  -29.633  7.324 0.6000000238
24338  21.477  -29.526  7.965 0.8999999762
24324  21.556  -29.554  8.172 0.8999999762
88958  26.930  -33.848  15.392 0.8999999762
93191  22.907  -32.896  16.739 0.8000000119
21042  22.318  -33.489  16.605 0.6999999881
21810  21.601  -33.028  16.567 0.6999999881
21812  20.384  -32.789  16.343 0.6000000238
21824  19.704  -32.679  16.113 0.4000000060
21080  27.763  -33.442  13.889 1.0000000000
21839  27.820  -33.038  13.334 1.0000000000
22645  27.644  -31.896  12.330 1.0000000000
23440  26.924  -31.016  12.027 1.0000000000
24278  26.567  -29.748  11.302 1.0000000000
24307  22.107  -29.048  8.860 0.8999999762
25019  21.485  -28.361  8.968 0.8999999762
25020  19.566  -28.047  9.167 0.8999999762
25048  19.470  -28.327  8.296 0.8999999762
25034  19.196  -28.252  8.743 0.8999999762
24348  26.399  -29.613  6.476 0.6000000238
24349  25.765  -29.414  6.503 0.6000000238
24350  24.894  -29.328  6.752 0.6000000238
92174  24.738  -28.577  6.398 0.8000000119
24339  20.583  -28.989  7.938 0.8999999762
21808  23.694  -32.807  16.730 0.6999999881
22602  25.859  -32.344  16.298 0.8999999762
21807  24.863  -32.814  16.555 0.8999999762
21809  22.278  -32.614  16.703 0.6000000238
21054  27.590  -33.759  14.986 1.0000000000
21822  27.615  -33.202  15.388 1.0000000000
98746  21.668  -32.381  16.613 0.6000000238
21811  21.028  -32.557  16.485 0.6000000238
22605  20.349  -31.981  16.326 0.5000000000
21069  28.468  -32.979  13.843 1.0000000000
91850  28.259  -33.232  14.502 1.0000000000
21854  28.409  -32.541  12.958 1.0000000000
22657  28.080  -31.370  11.743 1.0000000000
23452  27.457  -30.421  11.366 1.0000000000
24288  26.191  -29.282  10.966 1.0000000000
24279  25.631  -29.659  11.519 1.0000000000
24289  25.199  -29.248  11.167 1.0000000000
25000  25.085  -29.022  10.612 1.0000000000
25016  24.725  -28.910  9.586 1.0000000000
25001  24.520  -29.358  10.080 0.8999999762
88804  24.669  -29.449  11.080 0.8999999762
24292  22.950  -29.105  9.039 0.8999999762
25068  20.340  -28.567  7.811 0.8999999762
25063  27.304  -28.333  6.333 0.6000000238
82452  26.778  -28.995  6.358 0.6000000238
25064  26.044  -28.657  6.192 0.6000000238
89343  23.944  -28.833  6.884 0.8000000119
25066  22.741  -28.417  6.928 0.8000000119
21823  26.757  -32.820  15.908 0.8999999762
93628  25.022  -31.959  16.610 0.6999999881
89114  23.040  -32.052  16.920 0.6000000238
22619  28.268  -32.682  15.227 0.8999999762
89113  22.110  -31.833  16.769 0.6000000238
89509  21.286  -31.812  16.575 0.5000000000
21831  28.718  -32.568  14.572 0.8999999762
21853  29.185  -31.899  12.979 1.0000000000
98245  28.529  -31.882  12.364 1.0000000000
23451  28.688  -30.772  11.369 1.0000000000
23463  28.281  -30.210  10.885 1.0000000000
24287  27.421  -29.620  10.763 1.0000000000
24999  25.786  -28.998  10.499 1.0000000000
25017  23.885  -28.888  9.177 1.0000000000
25752  23.252  -28.206  8.776 0.8999999762
25753  21.835  -27.890  9.034 0.8999999762
25754  20.296  -27.487  9.266 0.8999999762
25777  18.142  -27.464  8.600 0.8999999762
25072  26.478  -28.102  6.034 0.6000000238
25065  25.396  -28.653  6.280 0.6000000238
25075  24.965  -28.065  5.992 0.6999999881
25789  24.068  -28.014  6.313 0.6999999881
25067  21.423  -28.389  7.304 0.8000000119
25792  20.518  -27.758  7.523 0.8999999762
94802  28.128  -28.456  6.492 0.6000000238
25790  22.966  -27.437  6.407 0.6999999881
93885  22.050  -26.890  6.535 0.8999999762
98580  26.567  -31.960  16.115 0.8999999762
22620  27.427  -32.227  15.730 0.8000000119
21830  29.111  -32.276  13.878 1.0000000000
95896  29.058  -31.888  14.647 0.8000000119
22635  29.558  -31.624  13.697 0.8999999762
22630  29.460  -31.477  14.428 0.8000000119
22656  29.200  -31.422  12.037 1.0000000000
24286  28.597  -29.799  10.451 1.0000000000
24305  26.858  -29.089  10.237 1.0000000000
25015  26.483  -28.808  9.539 1.0000000000
89358  25.545  -28.793  9.723 1.0000000000
26544  19.544  -26.472  8.756 0.8999999762
25073  25.999  -27.900  5.775 0.6000000238
98424  24.561  -27.687  5.841 0.6999999881
26557  19.494  -26.991  8.029 0.8999999762
25788  27.846  -27.726  6.311 0.6000000238
25806  23.888  -27.166  5.730 0.6999999881
22603  24.102  -31.974  16.796 0.6999999881
22604  23.596  -31.174  16.937 0.6000000238
22621  26.965  -31.430  15.992 0.8000000119
89744  25.850  -31.438  16.321 0.8000000119
91137  24.617  -31.194  16.731 0.6999999881
23409  29.367  -30.747  16.049 0.6999999881
23410  28.188  -31.412  15.643 0.8000000119
23423  29.662  -30.591  15.054 0.6999999881
85502  29.930  -31.026  14.057 0.6999999881
23438  30.333  -30.461  12.805 0.8000000119
24268  30.146  -30.181  11.815 0.8000000119
23450  29.553  -30.733  11.645 0.8000000119
24285  29.953  -29.561  11.053 0.8000000119
23462  29.318  -30.160  11.050 0.8999999762
88401  29.416  -29.639  10.503 0.8999999762
24304  28.006  -29.399  9.895 1.0000000000
25014  27.507  -29.007  9.214 1.0000000000
96499  25.326  -28.597  8.917 1.0000000000
25032  27.075  -28.433  8.753 1.0000000000
25033  26.146  -28.526  8.863 1.0000000000
25751  24.516  -28.274  8.675 1.0000000000
25768  23.802  -27.449  8.275 1.0000000000
26526  22.438  -27.364  8.642 0.8999999762
91234  21.740  -26.641  8.477 0.8999999762
26527  21.027  -26.995  9.166 0.8999999762
26543  20.554  -26.375  8.632 0.8999999762
25802  26.988  -27.560  5.763 0.6000000238
25074  25.560  -27.987  5.871 0.6000000238
25804  25.749  -27.325  5.481 0.6999999881
26556  20.121  -26.344  8.203 0.8999999762
86195  21.099  -26.825  7.155 0.8999999762
91478  24.553  -26.513  5.299 0.6999999881
89396  22.609  -26.488  6.053 0.8999999762
87118  21.642  -26.061  6.546 0.8999999762
23411  27.536  -30.690  15.896 0.6999999881
23412  26.331  -30.610  16.198 0.6000000238
23386  25.148  -30.334  16.540 0.6000000238
23388  23.177  -30.399  16.960 0.6000000238
23408  29.847  -30.242  16.377 0.6999999881
23422  30.116  -30.142  14.480 0.6999999881
23431  30.431  -29.824  13.662 0.6999999881
24277  30.481  -29.243  11.793 0.8000000119
24998  29.091  -29.488  9.803 0.8000000119
25013  28.602  -29.174  8.991 0.8000000119
25765  26.622  -27.913  8.466 1.0000000000
25766  25.724  -27.826  8.417 1.0000000000
25767  24.928  -27.345  8.035 1.0000000000
26540  25.792  -27.010  7.727 1.0000000000
26541  24.304  -26.755  7.667 1.0000000000
94622  23.825  -26.164  7.354 1.0000000000
26542  23.021  -26.639  7.862 1.0000000000
27407  21.783  -25.936  7.678 0.8999999762
25803  26.281  -27.373  5.529 0.6000000238
27408  20.712  -25.989  7.940 0.8999999762
25801  27.583  -26.996  5.701 0.6000000238
27425  21.234  -25.597  7.356 0.8999999762
26579  25.468  -26.654  5.183 0.6999999881
26580  23.264  -26.023  5.551 0.6999999881
26581  22.090  -25.480  5.924 0.8999999762
85958  24.260  -29.582  16.663 0.5000000000
24233  26.669  -29.846  16.077 0.5000000000
24231  29.979  -29.769  16.337 0.6999999881
24232  28.820  -30.260  15.868 0.6999999881
24252  30.214  -29.033  14.773 0.6999999881
24253  30.019  -29.490  15.802 0.6999999881
24267  30.619  -29.593  12.717 0.6999999881
24997  29.956  -29.131  10.208 0.8000000119
25012  29.614  -28.969  9.182 0.8000000119
25762  29.589  -27.739  8.472 0.8000000119
25749  29.139  -28.454  8.618 0.8000000119
25764  27.546  -27.553  8.258 0.8999999762
25763  28.701  -27.620  8.306 0.8000000119
26539  26.612  -27.260  7.955 1.0000000000
96536  25.132  -26.703  7.556 1.0000000000
27406  22.979  -25.796  7.350 1.0000000000
27424  21.533  -25.279  7.083 0.8999999762
27431  21.822  -24.951  6.600 0.8999999762
26577  26.690  -26.697  5.249 0.6000000238
27442  23.993  -25.526  5.192 0.8000000119
26575  28.189  -26.536  5.717 0.6000000238
26588  25.814  -26.070  4.711 0.6999999881
26589  25.097  -25.983  4.775 0.6999999881
27443  22.646  -24.930  5.536 0.8000000119
27444  21.922  -24.679  6.029 0.8999999762
28374  22.520  -24.145  5.660 0.8999999762
95130  27.909  -29.860  15.900 0.5000000000
84347  25.959  -29.139  16.170 0.5000000000
24945  30.279  -29.070  16.283 0.6999999881
24947  27.007  -29.023  15.832 0.5000000000
24254  30.294  -29.137  16.289 0.6999999881
90276  30.561  -27.995  16.287 0.6999999881
93664  30.564  -28.873  13.649 0.6999999881
83826  30.793  -28.642  12.683 0.6999999881
24987  30.805  -28.387  11.683 0.6999999881
24284  30.331  -28.956  11.057 0.6999999881
25011  30.412  -28.437  9.642 0.8000000119
25748  30.074  -28.226  8.830 0.8000000119
26537  28.359  -26.810  7.861 0.8000000119
26538  27.385  -26.692  7.666 0.8999999762
26553  26.512  -26.500  7.454 1.0000000000
26555  24.735  -26.073  7.190 1.0000000000
26554  25.696  -26.293  7.301 0.8999999762
91671  24.623  -25.357  6.810 1.0000000000
27422  23.685  -25.431  6.908 1.0000000000
27421  25.475  -25.630  6.894 0.8999999762
97149  23.084  -24.763  6.661 1.0000000000
27423  22.415  -25.096  6.894 1.0000000000
28356  22.609  -24.219  6.309 1.0000000000
28366  22.260  -24.188  6.054 0.8999999762
26578  26.040  -26.677  5.142 0.6999999881
28365  22.750  -23.572  5.842 0.8999999762
26586  26.777  -26.053  4.819 0.6000000238
26587  26.299  -26.076  4.749 0.6999999881
27452  25.507  -25.379  4.455 0.6999999881
27454  23.439  -24.595  5.158 0.6999999881
27453  24.571  -25.172  4.640 0.6999999881
28388  23.326  -24.171  5.028 0.8000000119
28373  22.845  -23.613  5.656 0.8999999762
88403  24.095  -24.415  4.698 0.6999999881
24946  28.868  -29.384  15.586 0.6000000238
24968  30.414  -28.277  16.306 0.5000000000
24982  30.601  -27.918  13.509 0.6999999881
24967  30.254  -27.955  14.654 0.6999999881
25728  30.911  -27.742  12.567 0.6999999881
25718  30.614  -27.103  13.261 0.6999999881
24986  31.048  -27.625  11.815 0.6999999881
24994  31.021  -27.898  11.152 0.6999999881
24996  30.590  -28.449  10.657 0.6999999881
25738  31.091  -27.693  10.289 0.6999999881
25747  30.850  -27.697  9.215 0.6999999881
26525  30.374  -27.399  8.571 0.8000000119
26536  29.526  -26.906  8.080 0.8000000119
27403  30.019  -26.041  7.726 0.8000000119
27418  28.682  -25.478  7.139 0.8000000119
27419  27.191  -25.987  7.168 0.8000000119
27420  26.344  -25.839  6.998 0.8999999762
28354  25.107  -24.849  6.612 0.8999999762
28351  28.383  -24.784  6.610 0.8000000119
82538  27.812  -25.443  6.875 0.8000000119
28355  23.834  -24.568  6.524 1.0000000000
27441  27.287  -25.641  4.753 0.6000000238
27451  26.102  -25.449  4.457 0.6999999881
28385  25.800  -24.698  4.214 0.6999999881
28398  25.170  -24.121  4.007 0.8000000119
28387  24.184  -23.752  4.454 0.8000000119
91236  30.547  -26.378  12.951 0.6999999881
26506  30.940  -26.907  12.221 0.6999999881
25735  31.227  -27.217  11.287 0.6999999881
26515  31.424  -26.740  10.602 0.6999999881
26523  31.381  -26.965  9.637 0.6999999881
89364  31.135  -26.938  8.834 0.6999999881
27394  31.529  -26.230  9.202 0.6999999881
26535  30.643  -26.584  8.226 0.8000000119
27417  29.448  -25.543  7.403 0.8000000119
28342  30.258  -25.271  7.492 0.8000000119
28362  26.769  -24.578  6.488 0.8999999762
28353  26.106  -25.129  6.658 0.8999999762
28352  27.529  -24.888  6.579 0.8000000119
28363  25.758  -24.309  6.380 0.8999999762
28364  24.563  -24.020  6.226 0.8999999762
29228  25.289  -23.537  5.944 0.8999999762
29223  23.277  -23.632  6.085 1.0000000000
27449  27.873  -25.065  4.730 0.6000000238
29230  23.408  -23.174  5.822 0.8999999762
90385  26.215  -24.419  4.085 0.6999999881
29233  23.260  -23.339  5.475 0.8999999762
29243  23.403  -23.124  4.954 0.8999999762
26511  31.204  -26.424  11.454 0.6999999881
94030  31.606  -26.118  10.021 0.6999999881
26524  31.290  -26.237  8.565 0.6999999881
27401  31.595  -25.564  8.757 0.6999999881
27402  31.069  -25.712  7.963 0.6999999881
28361  27.591  -24.169  6.266 0.8000000119
87750  27.338  -23.512  5.838 0.8000000119
29229  24.080  -23.315  5.712 0.8999999762
27450  26.595  -25.527  4.498 0.6000000238
29227  26.499  -23.725  6.085 0.8000000119
89053  25.858  -23.054  5.684 0.8999999762
30079  24.846  -22.786  5.472 0.8999999762
88995  27.003  -25.074  4.309 0.6000000238
85076  26.402  -24.949  4.287 0.6999999881
30080  23.779  -22.771  5.172 0.8999999762
28397  25.665  -23.855  3.772 0.6999999881
30086  23.833  -22.736  4.698 0.8000000119
29255  24.694  -23.400  3.845 0.6999999881
29242  24.042  -23.055  4.371 0.8000000119
82762  31.429  -25.920  10.874 0.6999999881
27393  31.758  -25.364  9.579 0.6999999881
29222  28.444  -24.110  6.246 0.8000000119
85022  28.118  -23.622  5.822 0.8000000119
30078  26.727  -22.954  5.639 0.8000000119
28384  26.732  -24.522  4.123 0.6000000238
30084  24.517  -22.085  4.817 0.8999999762
28396  26.437  -23.949  3.817 0.6999999881
98498  24.036  -22.002  4.485 0.8999999762
29254  25.056  -22.907  3.472 0.6999999881
30109  24.195  -22.527  3.876 0.8000000119
30085  23.878  -21.755  4.161 0.8000000119
30094  23.745  -21.647  3.963 0.8000000119
30095  23.926  -22.360  4.414 0.8000000119
30108  24.420  -21.950  3.525 0.8000000119
28324  31.623  -24.635  10.525 0.6999999881
27383  31.857  -24.826  10.057 0.6000000238
28383  27.502  -24.516  4.263 0.6000000238
31022  27.044  -22.168  5.364 0.8000000119
31032  25.087  -21.373  4.630 0.8999999762
29241  27.186  -23.990  3.919 0.6000000238
31033  23.978  -21.237  4.211 0.8999999762
30107  25.416  -22.167  3.273 0.6999999881
31051  23.979  -20.975  3.629 0.8000000119
32040  23.894  -20.551  3.755 0.8000000119
83282  26.926  -23.419  3.615 0.6999999881
31031  26.333  -21.403  4.825 0.8000000119
29253  26.122  -23.054  3.437 0.6000000238
30106  27.186  -22.549  3.412 0.6000000238
32030  23.931  -20.455  3.967 0.8000000119
31050  26.274  -22.049  3.215 0.6000000238
31069  25.613  -21.386  2.990 0.6000000238
32058  24.864  -20.648  3.054 0.6999999881
32059  24.248  -20.229  3.448 0.8000000119
31037  23.788  -20.986  3.928 0.8000000119
84089  25.656  -20.885  2.451 0.6000000238
32020  25.538  -20.741  4.539 0.8000000119
32921  25.455  -19.918  4.332 0.8000000119
32021  24.595  -20.508  4.241 0.8999999762
32943  24.301  -20.096  3.726 0.8000000119
32933  24.575  -19.837  3.890 0.8000000119
32019  26.194  -20.588  4.611 0.8000000119
31049  26.957  -21.686  3.099 0.6000000238
31068  26.367  -21.285  2.701 0.6000000238
32959  24.651  -19.563  3.093 0.6999999881
88035  24.902  -19.072  3.425 0.8000000119
32957  26.007  -19.515  1.691 0.6000000238
32958  24.781  -19.203  2.327 0.6000000238
33880  25.007  -18.335  2.399 0.6999999881
32057  26.464  -20.548  2.099 0.6000000238
32930  26.855  -19.122  4.410 0.8000000119
32932  25.284  -19.121  3.966 0.8000000119
31048  27.910  -21.639  3.253 0.6000000238
32931  26.000  -19.260  4.374 0.8000000119
87774  28.659  -21.140  3.022 0.5000000000
85694  25.225  -17.778  2.861 0.8000000119
33871  25.429  -18.455  3.608 0.8000000119
31066  28.028  -20.919  2.892 0.6000000238
31067  27.220  -21.132  2.677 0.6000000238
34794  24.961  -17.157  2.005 0.6000000238
32055  28.817  -20.495  2.572 0.5000000000
32056  27.669  -20.454  2.405 0.6000000238
32956  27.109  -19.709  1.819 0.6000000238
96677  25.244  -19.132  1.864 0.6000000238
32955  28.279  -19.709  2.137 0.6000000238
32970  26.455  -18.672  1.102 0.6000000238
32971  25.581  -18.553  1.262 0.6000000238
33855  26.620  -18.355  4.034 0.8000000119
33856  25.967  -18.614  4.096 0.8000000119
33854  27.567  -18.675  4.005 0.8000000119
33869  26.996  -17.765  3.669 0.6999999881
33870  25.961  -17.820  3.548 0.6999999881
33891  24.940  -17.420  1.517 0.6000000238
80529  24.946  -16.589  1.760 0.6000000238
34781  25.147  -16.959  2.245 0.6999999881
33900  25.246  -16.904  0.340 0.6000000238
32968  28.822  -19.078  1.563 0.5000000000
33888  26.439  -17.726  0.080 0.6000000238
33868  28.211  -18.071  3.612 0.6999999881
80509  26.374  -17.124  2.920 0.6000000238
95445  25.814  -16.543  2.368 0.6000000238
80543  24.937  -16.166  1.236 0.6000000238
80514  26.328  -16.310  2.214 0.6000000238
33889  25.735  -17.655  0.402 0.6000000238
85275  24.984  -16.379  0.432 0.6000000238
83202  25.945  -15.692  1.253 0.6000000238
33887  27.969  -17.983  0.642 0.6000000238
33898  26.426  -16.729  -0.973 0.6000000238
33886  29.403  -18.516  0.858 0.5000000000
33896  30.206  -17.912  0.166 0.4000000060
33897  28.344  -17.354  -0.195 0.5000000000
80503  27.416  -17.033  2.783 0.6000000238
34814  25.714  -16.250  -1.458 0.6000000238
80554  25.149  -15.622  0.294 0.6000000238
83987  26.792  -15.883  1.640 0.6000000238
83253  25.788  -16.050  -1.566 0.6000000238
34812  28.706  -16.674  -0.835 0.5000000000
80551  24.834  -14.917  -0.709 0.6000000238
89579  25.867  -15.060  0.355 0.5000000000
81303  27.894  -16.307  2.062 0.5000000000
33899  25.156  -16.286  -0.980 0.6000000238
80541  25.757  -14.604  0.017 0.5000000000
34813  26.702  -16.250  -1.529 0.6000000238
96335  28.774  -16.254  -1.409 0.4000000060
92625  28.955  -16.707  2.439 0.4000000060
80540  25.439  -15.253  -1.307 0.6000000238
80534  25.807  -15.473  -0.426 0.5000000000
85421  27.189  -15.983  -1.707 0.4000000060
80526  27.768  -15.989  -1.858 0.4000000060
81307  27.205  -14.746  0.093 0.4000000060
92870  26.850  -15.567  -0.515 0.4000000060
80527  26.586  -15.684  -1.217 0.4000000060
81569  29.654  -16.496  2.392 0.4000000060
80542  29.226  -15.589  1.423 0.4000000060
92747  26.793  -14.579  -0.023 0.4000000060
81512  27.044  -15.897  -1.888 0.4000000060
81657  27.075  -15.036  -0.678 0.4000000060
81186  28.820  -15.006  0.725 0.4000000060
92751  27.514  -14.660  0.115 0.4000000060
92578  30.254  -15.027  1.429 0.4000000060
23502  22.213  -30.410  7.975 0.8000000119
82659  22.087  -29.524  8.591 0.8999999762
23494  22.283  -30.278  8.173 0.8999999762
23480  22.819  -30.176  8.645 0.8999999762
23442  24.850  -30.529  12.224 0.8999999762
24290  24.469  -29.995  11.325 0.8999999762
24306  23.208  -29.581  9.074 0.8999999762
85508  24.473  -29.615  10.661 0.8999999762
24291  24.150  -29.536  9.577 0.8999999762
25002  23.757  -29.176  9.242 0.8999999762
92862  26.873  -15.255  0.921 0.4000000060
81294  28.011  -15.581  1.192 0.4000000060
17925  23.632  -37.901  15.161 0.8999999762
21103  26.023  -33.939  10.725 0.8000000119
21870  24.410  -32.327  12.391 0.8999999762
21868  24.717  -32.255  11.569 0.8000000119
22679  25.780  -31.637  10.132 0.8000000119
21895  25.162  -31.955  8.941 0.8000000119
23443  24.522  -30.891  12.172 0.8999999762
20239  24.711  -35.015  16.292 0.8999999762
87913  23.815  -34.428  16.527 1.0000000000
21044  20.845  -33.285  16.431 0.6000000238
21056  19.305  -33.381  15.970 0.4000000060
23441  25.741  -30.720  12.247 1.0000000000
24280  24.817  -29.845  11.687 0.8999999762
93116  22.651  -30.797  7.870 0.6999999881
21806  26.007  -33.372  16.135 0.8999999762
86138  24.611  -30.108  7.283 0.6000000238
24325  20.461  -28.883  8.203 0.8999999762
25035  18.138  -28.002  8.705 0.8999999762
25049  18.941  -27.966  8.139 0.8999999762
25018  22.843  -28.729  8.969 0.8999999762
25755  18.776  -27.344  9.274 0.8999999762
22631  28.770  -31.739  15.227 0.8000000119
89098  22.647  -31.106  16.945 0.5000000000
26528  19.608  -26.755  9.182 0.8999999762
22618  29.211  -31.069  15.303 0.6999999881
97568  30.246  -30.598  13.609 0.8000000119
22644  29.894  -31.239  13.026 0.8999999762
23439  29.925  -30.890  12.202 0.8999999762
25805  25.018  -27.401  5.534 0.6999999881
90436  20.870  -26.056  7.358 0.8999999762
23387  24.059  -30.400  16.871 0.6000000238
98581  25.819  -29.821  16.260 0.6000000238
27432  21.609  -25.334  6.621 0.8999999762
98530  23.550  -29.846  16.865 0.5000000000
25750  28.096  -28.442  8.605 0.8999999762
24216  25.123  -29.343  16.393 0.5000000000
28357  22.059  -24.727  6.555 0.8999999762
95140  28.035  -28.532  15.753 0.5000000000
27404  29.000  -26.129  7.585 0.8000000119
27405  28.060  -26.065  7.413 0.8000000119
24969  29.473  -28.709  15.158 0.5000000000
25698  30.533  -26.854  15.261 0.6999999881
83596  26.977  -25.350  6.730 0.8999999762
29221  29.151  -24.285  6.475 0.8000000119
27384  31.643  -25.332  10.382 0.6999999881
31023  25.787  -22.232  5.265 0.8999999762
27376  31.337  -25.145  11.167 0.6000000238
30121  24.821  -21.441  3.263 0.6999999881
95878  24.616  -19.912  2.823 0.6999999881
86630  25.233  -20.031  2.207 0.6000000238
32972  25.021  -18.344  1.752 0.6000000238
32969  27.614  -18.807  1.374 0.6000000238
81404  30.469  -15.610  1.947 0.4000000060
15415  23.125  -41.051  13.428 0.4000000060
16581  22.822  -40.125  13.132 0.4000000060
15425  21.546  -40.802  12.848 0.4000000060
16580  23.435  -39.455  13.052 0.4000000060
16037  21.894  -39.861  12.744 0.4000000060
17220  24.023  -38.875  12.928 0.3000000119
17229  24.638  -38.316  12.631 0.4000000060
88663  25.445  -38.198  12.331 0.4000000060
84084  25.907  -36.953  11.474 0.4000000060
16046  22.349  -38.898  12.671 0.5000000000
83636  21.295  -38.523  12.389 0.4000000060
16593  23.005  -38.411  12.687 0.4000000060
97001  24.953  -37.771  12.475 0.4000000060
17941  25.335  -37.252  12.260 0.4000000060
18703  25.919  -36.141  10.683 0.5000000000
19503  25.999  -35.307  10.093 0.6000000238
18704  25.622  -36.301  10.101 0.5000000000
19504  25.215  -35.597  9.610 0.6000000238
94407  24.324  -35.731  9.252 0.4000000060
94154  21.631  -37.831  12.378 0.5000000000
16595  20.171  -37.977  11.858 0.5000000000
16594  22.181  -37.877  12.449 0.6000000238
17230  23.467  -37.820  12.621 0.5000000000
17943  22.567  -36.751  12.573 0.6000000238
17942  24.017  -37.174  12.548 0.5000000000
18689  25.224  -36.282  12.114 0.4000000060
18699  25.772  -35.945  11.389 0.6000000238
18698  26.084  -35.319  10.740 0.6000000238
20331  26.140  -34.536  9.929 0.6000000238
20332  25.551  -34.745  9.555 0.6000000238
20342  24.960  -34.053  9.046 0.6000000238
19514  24.619  -34.996  9.122 0.6000000238
20343  23.926  -34.442  8.723 0.6000000238
17232  20.723  -37.449  12.382 0.5000000000
17233  19.791  -36.944  11.846 0.5000000000
17231  22.406  -37.347  12.466 0.6000000238
96016  24.199  -36.422  12.409 0.5000000000
87191  24.187  -33.638  8.666 0.6000000238
87149  23.166  -33.797  8.519 0.6999999881
17944  21.876  -36.641  12.631 0.6000000238
81862  21.595  -37.095  12.481 0.6000000238
16583  20.304  -37.345  12.645 0.5000000000
16584  19.443  -37.608  12.570 0.5000000000
21126  23.559  -33.180  8.512 0.6999999881
17935  21.519  -36.631  12.730 0.6000000238
17222  21.075  -36.922  12.662 0.6000000238
18684  21.777  -36.381  12.905 0.6000000238
17221  21.615  -37.314  13.413 0.6000000238
16582  21.227  -37.737  13.430 0.6000000238
16574  20.977  -39.065  13.922 0.6000000238
16038  20.181  -38.876  13.523 0.6000000238
16039  19.389  -39.074  13.303 0.5000000000
18683  22.248  -36.237  12.845 0.6000000238
16030  19.994  -40.222  14.316 0.6000000238
89323  23.415  -32.509  8.412 0.6999999881
83748  21.920  -38.539  14.229 0.6000000238
17930  22.333  -37.464  13.738 0.6000000238
16029  20.598  -39.885  14.445 0.6000000238
19485  22.878  -35.699  12.966 0.6000000238
21897  22.778  -31.921  8.208 0.6999999881
17934  22.267  -36.683  13.333 0.6000000238
16573  21.575  -39.165  14.487 0.6999999881
22693  22.685  -31.035  8.141 0.6999999881
17217  22.404  -38.425  14.504 0.6999999881
16565  22.075  -39.103  14.882 0.6999999881
16566  21.447  -39.499  15.162 0.6999999881
16015  21.040  -39.851  14.838 0.6000000238
16549  21.080  -39.238  15.809 0.6000000238
16567  20.706  -39.841  15.500 0.5000000000
17213  23.046  -38.284  14.807 0.6999999881
17214  22.530  -38.738  15.147 0.6999999881
17199  21.813  -39.020  15.487 0.6999999881
16568  19.948  -40.154  15.908 0.5000000000
97598  21.369  -38.675  16.055 0.6999999881
16550  20.319  -39.408  16.148 0.6000000238
30077  27.684  -22.960  5.544 0.6999999881
28341  31.049  -24.934  7.642 0.6999999881
28350  29.453  -24.908  7.004 0.6999999881
29226  28.969  -23.665  6.021 0.6999999881
28340  31.630  -24.817  8.292 0.6000000238
30076  28.631  -23.035  5.567 0.6999999881
98133  31.819  -24.904  9.066 0.6000000238
82410  29.915  -24.355  6.715 0.6999999881
30075  29.641  -23.108  5.760 0.6999999881
28332  32.049  -24.253  9.000 0.6000000238
31021  28.124  -22.279  5.294 0.6999999881
31030  27.539  -21.481  4.896 0.6999999881
85868  26.630  -20.015  4.575 0.6999999881
28348  31.487  -24.211  7.524 0.6000000238
30070  30.691  -23.234  6.237 0.6000000238
31020  29.189  -22.332  5.362 0.6999999881
31029  28.601  -21.637  4.969 0.6999999881
32017  28.180  -21.053  4.656 0.6999999881
32920  27.442  -19.944  4.481 0.6999999881
29215  31.981  -24.018  8.331 0.6000000238
29219  32.264  -23.384  7.858 0.6000000238
84888  31.610  -23.425  6.930 0.5000000000
31028  29.630  -21.598  5.002 0.5000000000
32918  29.062  -20.063  4.293 0.6999999881
32929  27.969  -19.576  4.222 0.6999999881
80525  32.143  -16.174  -3.024 0.3000000119
92767  30.560  -15.803  -2.135 0.3000000119
15416  22.286  -40.866  13.161 0.4000000060
93364  21.926  -41.338  13.178 0.3000000119
16036  23.777  -40.403  13.347 0.3000000119
15426  20.652  -40.995  12.575 0.4000000060
16592  24.896  -39.254  12.860 0.4000000060
16047  20.902  -39.656  12.402 0.4000000060
90401  25.323  -38.859  12.522 0.4000000060
17955  25.898  -37.947  11.881 0.4000000060
19505  24.500  -36.512  9.551 0.4000000060
15427  19.783  -39.750  11.960 0.4000000060
83318  23.484  -35.374  8.804 0.5000000000
16604  19.182  -37.322  11.608 0.5000000000
89817  22.038  -33.872  8.407 0.6000000238
17234  18.935  -36.913  11.842 0.5000000000
93135  19.379  -36.839  12.119 0.5000000000
17223  18.741  -37.054  12.146 0.5000000000
21127  22.433  -32.958  8.340 0.6000000238
16585  18.790  -37.963  12.519 0.5000000000
15418  19.214  -40.566  13.963 0.4000000060
16016  20.224  -40.396  15.144 0.5000000000
22705  22.366  -31.199  7.843 0.8000000119
16001  19.193  -40.256  16.191 0.5000000000
16551  19.469  -39.509  16.368 0.6000000238
25697  30.265  -27.108  14.330 0.6000000238
26489  30.044  -26.675  13.979 0.6000000238
28331  31.937  -24.543  9.608 0.6000000238
29214  32.296  -23.495  8.795 0.5000000000
30069  32.269  -22.896  7.167 0.5000000000
31018  31.606  -21.713  5.619 0.5000000000
31027  30.672  -21.334  5.092 0.5000000000
32016  29.879  -20.793  4.597 0.5000000000
32029  30.128  -19.982  4.384 0.5000000000
94226  28.670  -19.073  3.990 0.5000000000
92854  28.288  -15.866  -2.213 0.3000000119
17198  22.088  -38.342  15.932 0.8000000119
97713  24.807  -33.396  8.810 0.6999999881
28349  30.479  -24.601  7.186 0.6999999881
81281  28.929  -15.932  -1.933 0.3000000119
22717  22.199  -31.294  7.839 0.6999999881
29225  29.829  -23.764  6.344 0.6999999881
16579  24.381  -39.799  13.171 0.3000000119
85110  25.772  -37.063  10.624 0.3000000119
19515  23.620  -36.206  9.112 0.4000000060
16596  19.307  -38.363  11.566 0.5000000000
32018  27.510  -20.654  4.589 0.6999999881
29220  30.707  -23.982  6.779 0.6999999881
30074  31.759  -22.582  6.333 0.5000000000
31019  30.497  -22.347  5.530 0.6000000238
83921  28.940  -20.972  4.577 0.6999999881
32919  28.199  -20.402  4.444 0.6999999881
94883  29.561  -19.376  4.139 0.5000000000
30063  32.534  -22.732  8.487 0.5000000000
31026  31.531  -20.850  5.229 0.5000000000
32928  30.342  -19.202  4.178 0.5000000000
21904  22.180  -31.922  7.833 0.6000000238
21915  22.193  -31.861  7.830 0.6000000238
97407  24.297  -30.754  7.520 0.5000000000
21935  22.546  -31.731  7.782 0.6000000238
89539  25.844  -30.629  7.090 0.5000000000
17914  19.093  -36.812  16.411 0.5000000000
89998  25.183  -30.723  7.288 0.5000000000
22714  26.323  -30.865  7.055 0.5000000000
23513  26.723  -30.436  6.638 0.5000000000
23514  26.120  -30.171  6.708 0.5000000000
20260  18.386  -34.356  15.739 0.4000000060
89090  21.717  -31.035  16.792 0.4000000060
89134  20.815  -31.070  16.518 0.4000000060
22623  19.389  -31.859  15.889 0.3000000119
24948  25.876  -28.385  15.926 0.4000000060
24234  25.248  -28.680  16.234 0.4000000060
23389  22.262  -30.173  16.880 0.4000000060
24949  24.932  -28.008  16.155 0.4000000060
94890  22.956  -29.756  16.891 0.4000000060
23390  21.274  -30.243  16.644 0.4000000060
24219  22.461  -29.267  16.759 0.4000000060
22622  19.917  -31.075  16.130 0.4000000060
24217  24.330  -28.672  16.425 0.4000000060
24218  23.370  -29.129  16.695 0.4000000060
25677  26.711  -27.929  15.588 0.4000000060
24937  23.454  -28.335  16.466 0.4000000060
24938  22.701  -28.477  16.560 0.4000000060
24939  21.865  -28.654  16.592 0.4000000060
25673  22.087  -27.834  16.399 0.4000000060
83821  21.187  -28.874  16.550 0.4000000060
23391  20.395  -30.270  16.355 0.4000000060
25678  25.513  -27.574  15.711 0.4000000060
25679  24.573  -27.312  15.844 0.4000000060
24950  23.980  -27.807  16.268 0.4000000060
25699  30.485  -27.387  15.452 0.5000000000
25700  29.539  -27.696  14.958 0.4000000060
25701  28.009  -27.798  15.444 0.4000000060
91293  26.940  -27.054  15.201 0.4000000060
26457  25.068  -26.790  15.480 0.4000000060
25680  23.667  -27.099  15.926 0.4000000060
25672  23.019  -27.634  16.275 0.4000000060
25681  22.335  -27.073  16.042 0.4000000060
25674  21.149  -28.080  16.387 0.4000000060
26469  30.623  -26.407  15.227 0.5000000000
26470  30.568  -26.228  15.213 0.5000000000
26471  29.875  -26.876  14.750 0.5000000000
26472  28.252  -26.925  14.913 0.4000000060
26456  25.943  -27.018  15.376 0.4000000060
88851  22.977  -26.924  15.914 0.4000000060
26474  25.451  -26.340  15.122 0.4000000060
26475  24.716  -25.952  15.041 0.4000000060
26491  29.645  -26.997  14.586 0.4000000060
26492  28.592  -26.104  14.565 0.4000000060
27324  27.097  -26.153  14.569 0.4000000060
26473  26.131  -26.336  14.908 0.4000000060
27326  25.475  -25.827  14.658 0.4000000060
28283  28.569  -25.423  13.786 0.4000000060
94778  27.611  -24.866  13.320 0.4000000060
27348  26.470  -25.419  13.919 0.4000000060
28285  25.887  -24.842  13.365 0.4000000060
27368  29.923  -25.199  12.778 0.5000000000
28306  29.044  -24.884  13.001 0.4000000060
28307  27.169  -24.380  12.628 0.4000000060
28284  26.776  -24.876  13.265 0.4000000060
28309  25.338  -24.297  12.891 0.3000000119
91472  31.167  -25.773  11.519 0.5000000000
90800  27.491  -25.456  13.889 0.4000000060
27349  25.628  -25.335  14.043 0.4000000060
27378  30.538  -25.114  12.211 0.5000000000
87147  28.117  -24.539  12.901 0.4000000060
28308  26.198  -24.247  12.576 0.3000000119
83918  30.809  -24.664  11.624 0.5000000000
28317  30.207  -24.624  12.145 0.5000000000
28318  28.597  -24.189  12.443 0.4000000060
28319  27.752  -23.792  12.160 0.4000000060
29169  26.775  -23.742  12.018 0.3000000119
29170  26.058  -23.643  11.911 0.3000000119
29171  25.462  -23.745  12.229 0.3000000119
29182  31.291  -24.431  10.997 0.4000000060
93154  29.380  -23.572  11.684 0.3000000119
29185  28.649  -23.640  11.912 0.4000000060
29188  25.556  -23.174  11.541 0.3000000119
29189  24.809  -23.354  11.915 0.3000000119
29184  30.144  -24.006  11.688 0.3000000119
29196  31.588  -23.795  10.417 0.4000000060
29206  32.068  -23.770  9.594 0.4000000060
29199  28.770  -22.908  11.344 0.3000000119
29186  27.161  -23.162  11.402 0.3000000119
29187  26.348  -23.204  11.473 0.3000000119
29190  24.050  -22.844  11.765 0.3000000119
29198  29.965  -23.143  11.203 0.3000000119
98270  25.381  -22.651  11.087 0.3000000119
30035  24.821  -22.780  11.344 0.3000000119
97945  23.561  -22.369  11.302 0.3000000119
29183  30.832  -23.864  11.154 0.3000000119
29197  30.863  -23.235  10.733 0.3000000119
29207  31.883  -23.129  9.798 0.3000000119
30053  32.302  -22.910  9.228 0.4000000060
30068  32.556  -22.626  7.779 0.4000000060
31017  32.414  -21.709  6.346 0.4000000060
30019  23.083  -22.581  11.889 0.3000000119
30043  31.319  -22.819  10.239 0.3000000119
86815  32.409  -22.078  8.934 0.3000000119
31008  32.660  -21.913  8.100 0.4000000060
31961  32.577  -20.971  8.122 0.3000000119
31014  32.719  -21.377  7.287 0.4000000060
32006  32.277  -21.022  5.756 0.4000000060
94039  31.454  -20.179  4.950 0.4000000060
32015  30.793  -20.517  4.743 0.4000000060
31999  32.690  -20.493  7.425 0.3000000119
32014  32.142  -20.158  5.443 0.4000000060
32028  30.970  -19.767  4.537 0.4000000060
81263  31.291  -18.274  4.102 0.4000000060
33852  30.555  -18.436  3.855 0.4000000060
33853  29.488  -18.472  3.746 0.4000000060
31985  32.355  -20.077  8.214 0.3000000119
32908  32.536  -19.601  7.538 0.3000000119
91565  32.629  -19.713  6.028 0.3000000119
32917  32.327  -19.258  5.459 0.4000000060
33851  31.958  -18.639  4.798 0.4000000060
32927  31.171  -19.013  4.359 0.4000000060
92778  31.839  -17.809  4.496 0.3000000119
92840  30.789  -17.843  3.630 0.4000000060
80500  29.918  -17.529  3.249 0.3000000119
81629  28.739  -17.387  3.061 0.4000000060
32914  32.648  -19.238  6.772 0.3000000119
85546  32.626  -18.997  6.101 0.3000000119
33839  32.549  -18.378  5.700 0.3000000119
94160  32.337  -17.930  5.102 0.3000000119
81309  31.296  -17.564  3.801 0.3000000119
92646  30.648  -17.145  3.196 0.3000000119
81249  31.303  -16.766  3.405 0.3000000119
33820  32.387  -18.719  7.506 0.3000000119
33830  32.609  -18.342  6.663 0.3000000119
80499  32.599  -17.472  5.771 0.3000000119
80501  32.347  -17.273  4.922 0.3000000119
80504  32.268  -16.574  4.708 0.3000000119
92807  31.783  -17.086  4.260 0.3000000119
81697  30.550  -16.345  2.534 0.3000000119
95980  31.187  -16.152  2.743 0.3000000119
96026  31.065  -15.250  2.043 0.3000000119
26490  30.222  -26.520  14.512 0.5000000000
27346  30.039  -25.998  13.498 0.5000000000
21916  21.414  -32.671  7.862 0.5000000000
21934  23.612  -31.943  7.634 0.5000000000
98783  22.885  -32.295  7.653 0.5000000000
97893  25.636  -31.504  7.363 0.5000000000
22715  24.501  -31.382  7.514 0.5000000000
17200  20.646  -38.617  16.310 0.6000000238
17201  19.777  -38.605  16.472 0.6000000238
17913  20.131  -37.691  16.501 0.6000000238
90232  19.139  -37.653  16.494 0.5000000000
17202  18.862  -38.631  16.527 0.5000000000
93069  18.479  -37.069  16.404 0.5000000000
88152  18.218  -37.783  16.484 0.5000000000
17915  17.613  -36.930  16.318 0.4000000060
86849  17.680  -35.985  16.063 0.4000000060
95086  17.681  -35.367  15.820 0.4000000060
19428  17.885  -34.901  15.710 0.4000000060
21825  18.838  -32.667  15.657 0.3000000119
24940  20.491  -28.755  16.334 0.4000000060
26458  24.187  -26.536  15.547 0.4000000060
25682  21.507  -27.225  16.085 0.4000000060
26461  20.997  -26.599  15.709 0.4000000060
89549  23.360  -26.425  15.598 0.4000000060
26459  22.611  -26.419  15.672 0.4000000060
27313  22.998  -25.796  15.291 0.4000000060
27350  24.896  -25.331  14.328 0.4000000060
83715  25.002  -24.776  13.599 0.4000000060
29172  24.773  -23.818  12.578 0.3000000119
98589  24.245  -23.428  12.346 0.3000000119
29173  23.536  -23.245  12.477 0.3000000119
24951  20.317  -28.056  16.135 0.4000000060
25683  20.648  -27.360  16.002 0.4000000060
27312  23.813  -25.823  15.213 0.4000000060
26512  30.899  -26.065  12.107 0.5000000000
29195  31.914  -24.308  10.071 0.5000000000
27377  30.899  -25.398  11.876 0.5000000000
30073  32.580  -22.222  7.150 0.4000000060
22716  23.302  -31.224  7.720 0.6000000238
24220  21.642  -29.446  16.684 0.4000000060
24221  20.823  -29.502  16.498 0.4000000060
27325  26.126  -25.794  14.435 0.4000000060
27367  30.505  -25.684  12.568 0.5000000000
27347  29.512  -25.833  13.795 0.5000000000
88058  29.437  -24.274  12.271 0.4000000060
32005  32.694  -20.892  6.528 0.4000000060
97510  32.596  -20.419  6.013 0.4000000060
30055  30.837  -21.982  10.088 0.3000000119
32027  31.710  -19.525  4.893 0.4000000060
83445  32.686  -20.071  6.707 0.3000000119
97029  32.634  -17.889  6.233 0.3000000119
34757  32.627  -16.775  6.221 0.3000000119
26460  21.845  -26.487  15.745 0.4000000060
15406  19.455  -41.156  14.972 0.4000000060
95455  18.783  -41.627  15.080 0.4000000060
15392  18.894  -41.274  15.484 0.3000000119
83644  19.382  -40.752  15.654 0.4000000060
16002  18.433  -40.789  16.122 0.3000000119
20345  21.559  -34.774  8.472 0.5000000000
16552  18.478  -39.583  16.480 0.3000000119
21128  21.221  -33.215  8.249 0.5000000000
94692  21.058  -33.932  8.378 0.5000000000
21905  21.595  -32.607  8.136 0.5000000000
21129  20.404  -33.660  8.183 0.5000000000
21145  20.630  -33.082  7.935 0.3000000119
21136  20.729  -33.030  8.076 0.4000000060
20381  21.091  -33.960  7.601 0.3000000119
21165  21.255  -32.977  7.784 0.3000000119
93001  22.247  -33.703  7.554 0.3000000119
85081  23.646  -32.714  7.540 0.3000000119
21164  22.564  -32.913  7.604 0.4000000060
21936  21.935  -32.212  7.821 0.4000000060
93995  25.370  -32.501  7.449 0.4000000060
21162  24.615  -33.224  7.455 0.4000000060
18651  16.782  -36.317  16.153 0.3000000119
20261  17.569  -34.356  15.477 0.3000000119
23392  19.577  -30.274  15.920 0.3000000119
24222  19.989  -29.490  16.179 0.3000000119
24235  19.212  -29.587  15.695 0.3000000119
24952  19.519  -28.601  15.867 0.3000000119
27314  22.203  -25.803  15.394 0.3000000119
27315  21.388  -25.867  15.428 0.3000000119
26462  20.114  -26.750  15.662 0.3000000119
91284  19.181  -26.999  15.433 0.3000000119
27327  24.160  -25.300  14.599 0.3000000119
27328  23.379  -25.257  14.727 0.3000000119
27329  22.568  -25.234  14.855 0.3000000119
27330  21.747  -25.239  15.007 0.3000000119
28286  24.412  -24.860  14.078 0.3000000119
28267  23.787  -24.728  14.196 0.3000000119
28269  22.102  -24.671  14.433 0.3000000119
28268  22.970  -24.683  14.283 0.3000000119
28310  24.681  -24.255  13.116 0.3000000119
87325  24.231  -24.439  13.609 0.3000000119
28287  23.439  -24.227  13.682 0.3000000119
28288  22.496  -24.114  13.776 0.3000000119
20344  22.804  -34.631  8.560 0.5000000000
21933  24.601  -32.225  7.498 0.4000000060
19429  17.024  -35.578  15.824 0.3000000119
90143  18.068  -38.608  16.525 0.3000000119
96248  17.249  -38.018  16.406 0.3000000119
15438  19.014  -40.414  11.643 0.4000000060
16055  18.737  -39.229  11.382 0.4000000060
15440  16.878  -39.183  10.111 0.4000000060
85218  17.193  -37.999  10.785 0.3000000119
16605  18.473  -38.046  11.323 0.4000000060
16606  17.882  -37.828  11.152 0.4000000060
16598  17.583  -37.767  11.524 0.4000000060
17244  18.331  -37.397  11.552 0.4000000060
16041  17.267  -39.292  12.252 0.3000000119
15419  18.162  -40.583  13.447 0.3000000119
95868  17.457  -38.221  11.946 0.4000000060
14787  18.051  -41.687  14.014 0.3000000119
15420  17.228  -40.643  12.838 0.3000000119
14763  18.343  -42.035  14.901 0.3000000119
16040  18.359  -39.130  12.751 0.4000000060
15407  18.762  -41.464  14.514 0.3000000119
15439  18.057  -39.931  11.130 0.4000000060
16056  17.714  -38.519  10.777 0.4000000060
15393  18.243  -41.666  15.540 0.3000000119
14764  17.681  -42.302  15.160 0.3000000119
16597  18.057  -37.636  12.133 0.5000000000
16607  17.834  -37.641  11.396 0.4000000060
17235  18.228  -37.334  11.786 0.4000000060
20258  26.012  -35.139  15.358 0.8999999762
21070  27.629  -33.654  14.459 0.8999999762
21137  20.185  -33.585  8.005 0.3000000119
21821  28.002  -33.418  14.961 1.0000000000
21883  26.111  -32.308  10.122 0.8000000119
25021  18.262  -27.883  9.155 0.8999999762
25769  17.871  -27.346  9.039 0.8999999762
25791  21.841  -27.648  6.889 0.8000000119
26529  18.556  -26.797  9.095 0.8999999762
26545  18.569  -26.779  8.778 0.8999999762
28386  24.997  -24.661  4.270 0.8000000119
33890  25.122  -17.631  1.008 0.6000000238
33901  24.888  -16.955  0.873 0.6000000238
34780  25.630  -17.120  2.651 0.6999999881
80522  25.499  -16.069  1.596 0.6000000238
80528  25.251  -16.486  2.015 0.6000000238
80535  24.855  -16.686  1.276 0.6000000238
88172  26.882  -20.897  4.663 0.6999999881
98106  19.531  -37.201  16.480 0.6999999881
