#!ascii label  , from subject sub-v1s21x0050404_ses-1 vox2ras=TkReg
516
35689  19.227  -16.265  6.654 0.1428571492
34749  17.969  -17.137  7.185 0.1428571492
36579  18.616  -15.803  6.330 0.1428571492
35675  19.837  -16.565  7.049 0.1428571492
36578  19.504  -15.617  6.310 0.2857142985
35690  18.306  -16.505  6.674 0.1428571492
35688  20.112  -15.968  6.668 0.1428571492
37548  19.188  -14.609  5.122 0.5714285970
36590  19.765  -15.036  5.807 0.1428571492
37545  21.555  -14.455  5.610 0.2857142985
37546  20.853  -14.552  5.390 0.2857142985
38457  21.957  -13.885  5.155 0.1428571492
37544  22.293  -14.269  5.874 0.2857142985
39414  22.405  -12.460  3.426 0.2857142985
39408  22.016  -13.104  3.859 0.2857142985
40411  23.070  -11.124  2.666 0.2857142985
40403  23.487  -11.405  3.414 0.2857142985
41314  22.903  -9.959  1.703 0.2857142985
41306  22.639  -10.798  1.927 0.2857142985
42234  23.239  -9.090  1.449 0.2857142985
98293  23.098  -7.145  -0.780 0.8571428657
87475  22.850  -8.184  -0.051 0.4285714328
45812  23.191  -5.665  -2.522 0.7142857313
80593  23.398  -6.242  -1.039 0.7142857313
81491  23.215  -6.672  -0.775 0.7142857313
41326  22.789  -7.637  -0.550 0.7142857313
81262  23.550  -5.288  -0.535 0.8571428657
45804  23.270  -5.573  -1.943 0.5714285970
96174  23.291  -5.516  -1.905 0.8571428657
80602  23.081  -5.865  -1.651 0.7142857313
82612  22.721  -6.672  -0.663 0.7142857313
47470  24.152  -3.495  -0.365 0.4285714328
46655  23.937  -4.419  -0.286 0.7142857313
45798  23.675  -4.963  -0.454 0.8571428657
48316  24.859  -2.183  -1.149 0.2857142985
48303  24.233  -2.647  -0.588 0.5714285970
46656  23.643  -3.940  -0.203 0.8571428657
94932  23.773  -3.167  -0.383 0.7142857313
49178  24.873  -1.541  -2.154 0.1428571492
89201  24.551  -1.861  -1.157 0.4285714328
85357  24.114  -0.842  -3.784 0.1428571492
50041  24.612  -1.309  -1.910 0.1428571492
48304  23.308  -2.550  -0.317 0.8571428657
50881  24.299  -0.447  -3.371 0.1428571492
50864  24.483  -0.546  -2.066 0.1428571492
98014  24.497  -0.998  -2.529 0.1428571492
50042  24.353  -0.774  -1.236 0.4285714328
50025  24.111  -1.250  -0.753 0.5714285970
49159  23.642  -1.890  -0.475 0.7142857313
48305  22.400  -2.589  -0.167 0.8571428657
51687  24.826  0.590  -2.790 0.1428571492
50026  22.900  -1.015  -0.391 0.8571428657
49160  22.588  -1.865  -0.269 0.8571428657
50882  24.599  0.331  -1.633 0.1428571492
50854  23.632  -0.446  -0.566 0.8571428657
50855  22.593  -0.105  -0.450 0.8571428657
88940  25.464  1.780  -1.848 0.1428571492
52489  25.810  2.583  -2.429 0.1428571492
52491  24.933  1.285  -1.297 0.4285714328
51673  24.177  1.149  -0.670 0.8571428657
51674  22.878  1.124  -0.493 0.8571428657
95099  23.150  0.302  -0.483 0.8571428657
50856  21.767  0.177  -0.555 0.8571428657
89761  25.047  2.180  -1.060 0.4285714328
50866  22.189  0.616  -0.526 0.8571428657
51675  21.626  1.293  -0.685 0.8571428657
52490  25.383  2.848  -1.375 0.1428571492
53234  25.761  3.650  -1.902 0.2857142985
52479  24.484  3.008  -0.739 0.8571428657
52480  24.203  2.134  -0.665 0.8571428657
52481  23.006  2.043  -0.525 0.8571428657
53984  25.478  4.569  -1.659 0.2857142985
53226  25.010  3.916  -0.963 0.7142857313
53228  23.018  3.105  -0.510 0.8571428657
53229  21.633  3.246  -0.681 0.8571428657
52482  21.896  1.958  -0.625 0.8571428657
53227  23.903  3.860  -0.505 0.8571428657
53966  23.445  4.606  -0.434 0.8571428657
82852  22.082  3.933  -0.536 0.7142857313
53951  24.335  4.615  -0.602 0.8571428657
54687  23.915  5.263  -0.482 0.8571428657
90355  22.975  4.019  -0.430 0.8571428657
53952  23.071  5.320  -0.484 0.8571428657
55435  22.777  5.961  -0.673 0.8571428657
53967  22.493  4.646  -0.490 0.7142857313
55444  24.448  6.328  -0.953 0.7142857313
55434  23.663  6.042  -0.642 0.8571428657
93130  23.903  6.792  -1.003 0.8571428657
55445  22.981  6.767  -0.961 0.8571428657
56246  22.788  7.700  -1.298 0.7142857313
83884  23.147  7.282  -5.303 0.1428571492
56245  23.669  7.459  -1.330 0.8571428657
56980  23.385  8.096  -1.627 0.7142857313
56285  22.649  7.922  -5.332 0.1428571492
56993  23.479  8.604  -2.054 0.5714285970
91624  23.476  8.978  -2.763 0.5714285970
56994  22.880  9.366  -2.291 0.5714285970
99061  23.363  9.151  -3.553 0.1428571492
57021  21.322  8.392  -6.657 0.1428571492
57696  22.096  9.984  -2.404 0.5714285970
57730  21.718  9.408  -5.970 0.1428571492
57731  20.987  9.332  -6.946 0.1428571492
57707  22.589  10.212  -3.597 0.1428571492
57741  20.537  10.156  -7.704 0.1428571492
84816  22.630  9.977  -2.832 0.5714285970
58533  21.078  10.108  -6.789 0.1428571492
58532  21.842  10.457  -5.548 0.1428571492
58542  20.386  10.700  -8.128 0.1428571492
97583  21.806  11.234  -5.124 0.1428571492
34747  19.557  -17.151  7.544 0.1428571492
34748  18.776  -17.275  7.548 0.1428571492
36577  20.333  -15.434  6.285 0.2857142985
36588  21.195  -14.910  6.018 0.2857142985
36589  20.527  -14.949  5.877 0.2857142985
39407  22.799  -12.732  4.245 0.2857142985
38467  22.387  -13.332  4.694 0.1428571492
86692  22.401  -9.302  1.094 0.2857142985
80581  23.270  -7.956  0.104 0.4285714328
43091  22.900  -8.521  0.636 0.5714285970
46654  23.998  -4.508  -0.260 0.2857142985
43997  22.021  -7.147  -0.105 0.7142857313
48302  24.523  -2.981  -0.494 0.1428571492
80603  22.546  -3.676  0.000 0.8571428657
50893  23.840  0.016  -4.492 0.1428571492
50865  24.180  0.163  -0.717 0.8571428657
50027  21.837  -0.455  -0.463 0.8571428657
53965  24.998  4.880  -0.999 0.8571428657
56244  24.466  7.070  -1.561 0.8571428657
56261  24.030  7.927  -1.858 0.7142857313
57001  23.738  8.560  -3.534 0.2857142985
57715  22.962  9.573  -4.048 0.1428571492
57740  21.754  9.978  -7.384 0.1428571492
34724  18.190  -17.556  8.022 0.1428571492
37557  21.235  -14.103  4.896 0.2857142985
37547  20.089  -14.605  5.202 0.4285714328
38468  21.606  -13.613  4.402 0.1428571492
40389  24.092  -11.694  4.129 0.2857142985
82979  24.144  -11.119  3.577 0.2857142985
40404  22.741  -11.786  3.046 0.2857142985
39422  22.066  -12.222  2.586 0.2857142985
43112  22.087  -7.979  -0.045 0.7142857313
85432  24.103  -1.056  -4.188 0.1428571492
51686  25.317  1.525  -3.185 0.1428571492
91012  21.780  -1.229  -0.380 0.8571428657
53243  26.134  3.420  -2.955 0.1428571492
84873  25.903  4.443  -2.674 0.1428571492
54716  25.532  5.205  -2.244 0.2857142985
54696  25.265  5.246  -1.537 0.5714285970
91295  24.917  6.353  -1.485 0.5714285970
55465  25.005  6.600  -2.324 0.5714285970
56992  23.997  8.304  -2.584 0.4285714328
55477  24.720  6.882  -3.382 0.2857142985
56270  24.232  7.800  -3.441 0.2857142985
56279  23.646  7.999  -4.512 0.1428571492
57009  23.104  8.776  -4.560 0.1428571492
96150  22.133  10.780  -3.674 0.2857142985
57020  22.019  8.548  -5.601 0.1428571492
58522  22.168  10.705  -4.371 0.1428571492
59400  21.797  11.369  -4.267 0.1428571492
59409  21.407  11.165  -6.556 0.1428571492
59401  21.622  12.198  -5.326 0.1428571492
59423  21.078  11.001  -8.077 0.1428571492
55464  25.364  5.843  -2.814 0.4285714328
97343  25.110  6.380  -3.036 0.4285714328
56260  24.486  7.483  -2.439 0.5714285970
35676  18.947  -16.849  7.059 0.1428571492
36591  18.954  -15.163  5.873 0.4285714328
91412  20.931  -15.310  6.273 0.1428571492
85757  20.972  -13.851  4.257 0.1428571492
39413  23.189  -12.077  3.817 0.2857142985
92737  22.237  -5.983  0.018 0.7142857313
98302  22.921  -4.533  -0.016 0.8571428657
50060  24.549  -1.091  -3.322 0.1428571492
89000  22.068  2.599  -0.587 0.8571428657
53950  24.535  5.230  -0.711 0.8571428657
55433  24.341  5.720  -0.676 0.8571428657
57706  23.038  9.585  -3.100 0.5714285970
57716  22.409  9.994  -4.726 0.1428571492
57033  21.515  9.211  -6.725 0.1428571492
93680  22.518  9.294  -5.006 0.1428571492
39406  23.657  -12.431  4.561 0.1428571492
55443  25.275  5.860  -1.862 0.5714285970
37559  19.750  -14.177  4.435 0.4285714328
40412  22.376  -11.543  2.222 0.5714285970
95507  21.671  11.209  -3.496 0.1428571492
40414  20.589  -11.964  1.643 0.5714285970
89871  19.309  -11.713  2.270 0.5714285970
99287  18.236  -11.399  2.762 0.2857142985
40425  20.555  -11.114  1.486 0.5714285970
40427  19.012  -10.920  2.086 0.5714285970
94949  18.641  -12.460  3.076 0.4285714328
40417  17.703  -11.222  3.006 0.2857142985
41308  17.630  -10.304  2.608 0.4285714328
42235  21.684  -9.715  1.192 0.4285714328
41317  20.453  -10.208  1.471 0.5714285970
86720  18.999  -10.044  1.765 0.5714285970
42238  18.339  -9.358  1.803 0.4285714328
43093  21.176  -8.987  1.195 0.5714285970
43094  20.262  -8.522  1.248 0.5714285970
42237  19.686  -9.754  1.556 0.4285714328
43107  21.009  -8.037  1.114 0.4285714328
41319  18.289  -10.177  2.108 0.4285714328
40418  17.088  -10.533  3.112 0.2857142985
93447  19.035  -9.362  1.595 0.4285714328
43092  21.886  -9.042  0.818 0.7142857313
43989  20.765  -7.070  0.826 0.7142857313
44847  19.078  -6.470  0.818 0.4285714328
81626  20.414  -5.827  0.545 0.7142857313
45788  19.435  -5.853  0.590 0.5714285970
92399  19.714  -5.275  0.355 0.7142857313
81395  18.739  -5.182  0.334 0.2857142985
43988  21.542  -7.605  0.547 0.5714285970
87900  21.581  -6.840  0.390 0.5714285970
97068  20.606  -6.416  0.675 0.7142857313
81656  20.581  -4.934  0.291 0.7142857313
80608  19.415  -4.575  0.087 0.7142857313
80607  20.127  -4.073  -0.035 0.7142857313
81474  18.258  -4.239  -0.325 0.7142857313
80610  18.192  -3.440  -0.672 0.4285714328
80589  23.011  -5.994  -1.115 0.5714285970
80605  21.377  -5.643  0.424 0.5714285970
81101  22.159  -5.271  0.156 0.5714285970
80606  21.200  -4.290  0.188 0.5714285970
47472  19.873  -3.304  -0.336 0.7142857313
48307  19.527  -2.486  -0.642 0.7142857313
95847  17.250  -2.936  -1.109 0.5714285970
48317  18.906  -2.028  -1.032 0.5714285970
90010  23.040  -3.149  -0.185 0.7142857313
96213  21.656  -3.770  0.072 0.5714285970
90425  21.664  -3.023  -0.074 0.7142857313
47471  20.805  -3.525  -0.078 0.7142857313
49162  20.372  -1.877  -0.564 0.8571428657
49180  19.545  -1.590  -0.861 0.7142857313
49179  20.239  -1.097  -0.705 0.7142857313
92148  18.183  -2.038  -1.520 0.5714285970
94814  18.884  -1.363  -1.419 0.7142857313
97548  22.400  -3.091  -0.086 0.5714285970
98102  20.950  -1.383  -0.501 0.8571428657
50045  19.539  -0.808  -1.156 0.7142857313
50869  18.843  0.356  -1.765 0.2857142985
49161  21.464  -2.074  -0.320 0.7142857313
50028  20.988  -0.729  -0.574 0.7142857313
51677  19.826  1.293  -1.417 0.7142857313
50044  20.226  -0.323  -0.869 0.8571428657
89888  21.102  1.871  -0.989 0.8571428657
50868  20.275  0.532  -1.085 0.8571428657
97388  19.489  0.667  -1.492 0.5714285970
51676  20.704  1.309  -1.052 0.8571428657
52484  20.245  2.100  -1.306 0.7142857313
50043  21.035  0.003  -0.696 0.8571428657
52483  21.112  2.592  -1.001 0.8571428657
52492  20.279  2.877  -1.327 0.7142857313
54698  22.128  5.387  -0.660 0.7142857313
54699  21.210  5.559  -0.951 0.7142857313
84451  20.566  5.040  -1.209 0.7142857313
55446  22.006  6.195  -0.858 0.7142857313
87353  21.946  7.089  -1.056 0.8571428657
56247  20.871  7.304  -1.329 0.7142857313
55447  21.084  6.395  -1.104 0.7142857313
56248  20.102  7.918  -1.498 0.7142857313
80641  19.029  7.663  -1.668 0.5714285970
91398  21.859  7.980  -1.339 0.7142857313
91123  21.021  8.146  -1.519 0.7142857313
56984  19.390  8.541  -1.676 0.5714285970
56983  20.534  8.819  -1.676 0.4285714328
57689  18.846  9.049  -1.948 0.5714285970
56982  21.655  8.753  -1.625 0.5714285970
80645  18.245  8.270  -2.031 0.5714285970
57688  19.650  9.383  -1.790 0.5714285970
80650  17.258  8.492  -2.444 0.5714285970
57700  17.110  9.277  -2.632 0.5714285970
57690  18.055  9.139  -2.548 0.5714285970
95703  20.501  9.596  -1.941 0.5714285970
80655  16.282  8.784  -2.427 0.4285714328
80647  17.273  7.738  -2.220 0.4285714328
81459  14.631  10.622  -2.175 0.4285714328
80578  23.401  -7.286  -0.280 0.2857142985
81874  22.302  -4.468  0.129 0.5714285970
57702  15.280  10.181  -2.578 0.2857142985
81566  14.453  10.011  -1.673 0.4285714328
40415  19.925  -12.367  2.161 0.5714285970
41316  21.308  -10.622  1.329 0.2857142985
40423  21.922  -11.203  1.558 0.4285714328
40416  18.688  -11.527  2.545 0.5714285970
41315  22.147  -10.315  1.418 0.2857142985
83455  21.008  -9.788  1.335 0.5714285970
39426  18.337  -11.923  3.045 0.2857142985
42239  17.583  -9.382  2.230 0.4285714328
43095  18.652  -8.638  1.567 0.4285714328
89058  19.544  -8.946  1.431 0.5714285970
91201  16.829  -9.540  2.826 0.2857142985
43990  19.647  -7.157  0.949 0.5714285970
80592  24.064  -5.998  -0.195 0.2857142985
44849  17.234  -5.902  1.159 0.2857142985
87905  19.533  -0.013  -1.356 0.7142857313
86732  21.184  3.896  -0.839 0.7142857313
53968  21.386  4.675  -0.783 0.7142857313
53969  20.361  4.252  -1.291 0.7142857313
56981  22.675  8.611  -1.653 0.5714285970
57687  21.368  9.430  -1.976 0.5714285970
93096  18.113  9.931  -2.922 0.2857142985
81412  22.806  -5.306  -0.187 0.7142857313
50867  21.244  0.680  -0.741 0.7142857313
43106  21.758  -8.413  0.660 0.5714285970
53230  20.721  3.393  -1.155 0.7142857313
40424  21.229  -11.594  1.409 0.5714285970
40426  19.860  -11.455  1.868 0.5714285970
41307  18.251  -10.930  2.494 0.5714285970
41318  19.761  -10.585  1.702 0.5714285970
38486  18.922  -12.973  3.164 0.5714285970
43096  17.593  -8.373  1.888 0.4285714328
98766  20.198  -7.771  1.075 0.5714285970
43972  19.292  -7.981  1.285 0.4285714328
44846  19.991  -6.480  0.705 0.5714285970
44848  18.147  -6.283  0.991 0.4285714328
43991  18.620  -7.051  1.219 0.4285714328
81177  21.215  -6.289  0.565 0.7142857313
45789  17.937  -5.591  0.610 0.2857142985
81916  19.174  -3.856  -0.318 0.7142857313
47473  19.053  -3.209  -0.577 0.7142857313
48318  18.340  -2.702  -0.924 0.7142857313
48306  20.596  -2.704  -0.339 0.5714285970
50046  18.851  -0.520  -1.671 0.5714285970
50870  18.186  -0.098  -2.205 0.2857142985
57699  18.901  9.772  -2.237 0.7142857313
58505  17.129  10.097  -2.927 0.5714285970
80654  15.407  9.368  -2.131 0.4285714328
42223  16.893  -8.530  2.385 0.1428571492
43974  17.158  -7.321  1.845 0.4285714328
36592  18.110  -15.209  6.010 0.4285714328
41292  24.533  -10.594  3.371 0.1428571492
41305  23.367  -10.415  2.377 0.1428571492
41304  24.121  -10.133  2.786 0.1428571492
81511  23.631  -8.145  1.175 0.1428571492
42221  24.467  -9.445  2.586 0.1428571492
42207  24.876  -9.931  3.135 0.1428571492
43090  24.506  -8.109  1.927 0.1428571492
42233  24.039  -8.840  2.025 0.1428571492
92667  23.670  -7.353  0.395 0.1428571492
80601  24.269  -5.590  0.096 0.2857142985
46646  24.118  -4.943  -0.139 0.1428571492
80845  21.534  13.027  -5.692 0.1428571492
52493  19.452  2.759  -1.543 0.4285714328
85292  21.414  12.097  -4.157 0.1428571492
53970  19.583  5.033  -1.498 0.4285714328
59385  19.388  12.396  -3.532 0.2857142985
58503  18.892  10.669  -2.772 0.2857142985
57698  19.889  10.262  -2.175 0.2857142985
88325  19.755  11.003  -2.685 0.2857142985
88918  18.077  4.985  -1.744 0.1428571492
97829  19.481  5.621  -1.508 0.5714285970
95791  20.262  6.539  -1.328 0.5714285970
58504  17.891  10.693  -3.349 0.2857142985
80637  18.680  5.535  -1.652 0.4285714328
80640  18.679  6.834  -1.678 0.5714285970
55448  17.606  6.593  -1.768 0.4285714328
58506  15.938  10.516  -3.135 0.1428571492
90710  17.215  7.193  -1.951 0.1428571492
58507  15.026  10.966  -2.982 0.1428571492
59378  15.742  11.560  -3.352 0.1428571492
92811  13.642  10.416  -1.324 0.2857142985
85222  11.939  10.013  -0.657 0.1428571492
81733  14.331  11.355  -2.121 0.1428571492
59379  14.895  11.994  -3.015 0.1428571492
81150  13.370  10.745  -1.319 0.1428571492
60129  13.064  12.280  -0.626 0.1428571492
89438  14.374  12.436  -2.404 0.1428571492
60772  13.518  13.452  -0.883 0.1428571492
95292  18.501  -14.780  5.489 0.4285714328
37562  16.855  -13.548  5.085 0.2857142985
41293  23.775  -10.773  3.059 0.1428571492
42220  24.866  -8.798  2.473 0.1428571492
80591  24.088  -6.674  0.477 0.1428571492
53235  19.793  3.507  -1.466 0.2857142985
58501  21.562  10.687  -2.825 0.2857142985
59377  17.648  11.624  -3.572 0.2857142985
93551  16.633  12.293  -3.492 0.2857142985
38466  23.213  -13.041  5.011 0.1428571492
38456  22.756  -13.643  5.436 0.1428571492
40402  24.802  -11.143  3.947 0.1428571492
81506  23.621  -6.692  -0.312 0.1428571492
59386  18.354  12.205  -3.743 0.2857142985
59375  19.191  11.533  -3.172 0.2857142985
58502  20.605  10.831  -2.673 0.2857142985
59373  21.053  11.245  -3.101 0.2857142985
59374  20.178  11.616  -3.132 0.2857142985
59384  20.187  12.498  -3.567 0.1428571492
99169  20.177  13.151  -3.830 0.1428571492
60135  15.538  12.646  -3.302 0.2857142985
60142  20.794  12.696  -3.925 0.1428571492
80849  21.230  13.013  -4.703 0.1428571492
46653  24.287  -4.098  0.011 0.2857142985
58500  22.222  10.523  -3.071 0.4285714328
59383  20.928  11.872  -3.538 0.1428571492
89937  18.352  -14.321  4.960 0.4285714328
94400  23.874  -5.609  -0.599 0.4285714328
57686  22.216  9.307  -1.892 0.4285714328
57697  21.037  10.117  -2.356 0.2857142985
54700  20.228  5.751  -1.304 0.5714285970
80639  19.732  7.072  -1.476 0.5714285970
57701  16.127  9.619  -2.761 0.4285714328
80642  17.965  7.371  -1.842 0.5714285970
89824  25.085  -9.327  2.920 0.1428571492
81427  24.217  -7.340  1.274 0.1428571492
53985  19.179  4.231  -1.600 0.2857142985
59376  18.410  11.312  -3.394 0.2857142985
82920  16.871  11.097  -3.281 0.1428571492
94239  18.378  6.176  -1.685 0.4285714328
80638  17.719  5.793  -1.752 0.2857142985
84944  19.363  6.205  -1.533 0.5714285970
37550  16.872  -14.182  5.767 0.2857142985
89827  24.752  -6.595  1.283 0.1428571492
50047  18.036  -1.174  -2.048 0.2857142985
86542  16.800  13.467  -3.567 0.1428571492
60145  17.422  12.463  -3.767 0.1428571492
94589  17.145  14.045  -3.819 0.1428571492
82092  14.223  14.275  -0.905 0.1428571492
60781  16.873  14.737  -2.819 0.1428571492
60789  17.610  13.175  -4.142 0.1428571492
93199  14.929  14.026  -1.899 0.1428571492
60771  15.763  14.400  -1.778 0.1428571492
93887  16.114  13.342  -3.353 0.1428571492
81890  16.321  14.391  -2.490 0.1428571492
60780  17.419  15.014  -3.392 0.1428571492
60770  17.170  14.900  -1.472 0.1428571492
82198  16.494  14.687  -1.063 0.1428571492
61331  17.670  15.254  -2.029 0.1428571492
82228  17.747  14.141  -4.390 0.1428571492
60144  18.589  13.192  -4.122 0.1428571492
38478  20.314  -13.374  3.110 0.2857142985
38477  21.137  -13.431  3.557 0.1428571492
38484  20.314  -12.999  2.436 0.2857142985
39416  20.935  -13.058  2.633 0.1428571492
39424  20.731  -12.627  2.008 0.2857142985
37566  19.491  -13.578  3.612 0.2857142985
40413  21.705  -11.930  1.873 0.2857142985
39423  21.383  -12.540  2.219 0.1428571492
39415  21.640  -12.790  3.055 0.1428571492
39425  19.059  -12.293  2.708 0.4285714328
38485  19.654  -13.033  2.771 0.2857142985
38469  20.362  -13.792  3.908 0.2857142985
38470  18.069  -13.742  4.410 0.2857142985
38479  18.546  -13.381  3.783 0.2857142985
38480  17.657  -12.975  4.003 0.2857142985
43973  18.135  -7.684  1.580 0.2857142985
44832  17.641  -6.782  1.463 0.2857142985
80615  17.752  -4.768  0.226 0.1428571492
81792  17.196  -3.915  -0.436 0.1428571492
49181  17.308  -1.494  -2.857 0.1428571492
91437  18.960  1.172  -1.730 0.1428571492
50883  18.098  0.927  -2.187 0.1428571492
51688  19.233  1.961  -1.630 0.1428571492
51689  18.378  1.811  -1.963 0.1428571492
80635  18.226  4.266  -1.779 0.1428571492
80636  17.527  4.693  -1.979 0.1428571492
81691  16.488  8.017  -2.216 0.1428571492
80646  16.768  7.413  -2.029 0.1428571492
81425  14.538  9.341  -1.143 0.1428571492
37549  17.792  -14.594  5.562 0.2857142985
37560  18.908  -13.997  4.366 0.1428571492
52494  18.546  2.603  -1.797 0.1428571492
82203  18.471  4.827  -1.700 0.1428571492
36593  17.191  -14.995  6.173 0.2857142985
48319  17.245  -2.742  -1.700 0.1428571492
48328  17.211  -3.590  -2.953 0.1428571492
91988  17.360  -2.261  -2.281 0.1428571492
90362  17.057  -0.736  -3.445 0.1428571492
50061  17.482  -0.460  -2.733 0.1428571492
91844  17.536  0.366  -2.614 0.1428571492
81567  17.603  3.979  -2.105 0.1428571492
80609  16.829  -3.229  -1.070 0.1428571492
53236  18.631  3.503  -1.715 0.1428571492
38471  17.400  -13.472  4.580 0.2857142985
44833  16.833  -6.482  1.699 0.1428571492
37533  16.297  -14.692  6.382 0.1428571492
37534  15.722  -14.224  6.654 0.1428571492
47469  24.132  -3.779  -0.202 0.1428571492
54724  25.550  5.480  -3.641 0.1428571492
36580  17.534  -15.884  6.462 0.1428571492
38481  16.890  -12.992  4.524 0.1428571492
39417  18.268  -12.658  3.401 0.1428571492
38472  16.246  -13.000  5.097 0.1428571492
40406  16.821  -11.332  3.626 0.1428571492
86691  25.685  5.167  -2.994 0.1428571492
55476  25.145  6.153  -3.635 0.1428571492
41294  16.378  -10.258  3.536 0.1428571492
47468  24.668  -3.354  -0.241 0.1428571492
40405  17.604  -12.081  3.501 0.1428571492
37561  17.579  -13.982  5.053 0.1428571492
37551  16.044  -14.089  6.127 0.1428571492
39418  16.903  -12.309  4.049 0.1428571492
36576  21.495  -15.380  6.462 0.1428571492
39429  21.149  -12.223  1.671 0.2857142985
42236  20.358  -9.365  1.405 0.5714285970
42243  22.367  -8.454  0.392 0.5714285970
43996  22.528  -7.495  -0.415 0.7142857313
45805  23.196  -5.633  -2.420 0.7142857313
54697  24.916  5.684  -1.083 0.5714285970
58541  20.554  10.660  -7.530 0.1428571492
58549  20.347  10.753  -8.225 0.1428571492
58550  20.145  10.713  -8.360 0.1428571492
59418  20.507  11.163  -7.729 0.1428571492
60128  13.748  12.188  -1.629 0.1428571492
60756  12.493  13.316  0.034 0.1428571492
60782  15.577  13.633  -2.708 0.1428571492
80579  22.616  -7.979  -0.282 0.7142857313
80584  23.093  -7.561  -0.466 0.7142857313
80594  23.149  -6.010  -1.381 0.7142857313
80604  22.811  -7.166  -0.721 0.8571428657
81204  24.944  -7.369  1.985 0.1428571492
81339  23.091  -6.408  -0.952 0.7142857313
81492  23.145  -5.683  -2.459 0.7142857313
81663  23.278  -5.626  -1.964 0.7142857313
91242  18.641  -5.881  0.667 0.5714285970
96851  17.663  9.580  -2.790 0.2857142985
98641  13.383  11.410  -1.053 0.1428571492
