#!ascii label  , from subject sub-v1s21x0050404_ses-1 vox2ras=TkReg
213
48306  20.596  -2.704  -0.339 0.0000000000
83455  21.008  -9.788  1.335 0.0000000000
51677  19.826  1.293  -1.417 0.0000000000
57689  18.846  9.049  -1.948 0.0000000000
40426  19.860  -11.455  1.868 0.0000000000
53228  23.018  3.105  -0.510 0.0000000000
53952  23.071  5.320  -0.484 0.0000000000
81474  18.258  -4.239  -0.325 0.0000000000
81177  21.215  -6.289  0.565 0.0000000000
81412  22.806  -5.306  -0.187 0.0000000000
50026  22.900  -1.015  -0.391 0.0000000000
94932  23.773  -3.167  -0.383 0.0000000000
50045  19.539  -0.808  -1.156 0.0000000000
50866  22.189  0.616  -0.526 0.0000000000
80639  19.732  7.072  -1.476 0.0000000000
56246  22.788  7.700  -1.298 0.0000000000
43091  22.900  -8.521  0.636 0.0000000000
86732  21.184  3.896  -0.839 0.0000000000
54699  21.210  5.559  -0.951 0.0000000000
47472  19.873  -3.304  -0.336 0.0000000000
80606  21.200  -4.290  0.188 0.0000000000
96213  21.656  -3.770  0.072 0.0000000000
40425  20.555  -11.114  1.486 0.0000000000
87905  19.533  -0.013  -1.356 0.0000000000
50043  21.035  0.003  -0.696 0.0000000000
51675  21.626  1.293  -0.685 0.0000000000
53226  25.010  3.916  -0.963 0.0000000000
52480  24.203  2.134  -0.665 0.0000000000
57700  17.110  9.277  -2.632 0.0000000000
80642  17.965  7.371  -1.842 0.0000000000
56984  19.390  8.541  -1.676 0.0000000000
84816  22.630  9.977  -2.832 0.0000000000
91624  23.476  8.978  -2.763 0.0000000000
56981  22.675  8.611  -1.653 0.0000000000
56261  24.030  7.927  -1.858 0.0000000000
56244  24.466  7.070  -1.561 0.0000000000
82612  22.721  -6.672  -0.663 0.0000000000
43988  21.542  -7.605  0.547 0.0000000000
40416  18.688  -11.527  2.545 0.0000000000
89888  21.102  1.871  -0.989 0.0000000000
53229  21.633  3.246  -0.681 0.0000000000
90355  22.975  4.019  -0.430 0.0000000000
53951  24.335  4.615  -0.602 0.0000000000
45788  19.435  -5.853  0.590 0.0000000000
92399  19.714  -5.275  0.355 0.0000000000
81101  22.159  -5.271  0.156 0.0000000000
45812  23.191  -5.665  -2.522 0.0000000000
49161  21.464  -2.074  -0.320 0.0000000000
97548  22.400  -3.091  -0.086 0.0000000000
49159  23.642  -1.890  -0.475 0.0000000000
48318  18.340  -2.702  -0.924 0.0000000000
92148  18.183  -2.038  -1.520 0.0000000000
49162  20.372  -1.877  -0.564 0.0000000000
50028  20.988  -0.729  -0.574 0.0000000000
50855  22.593  -0.105  -0.450 0.0000000000
50865  24.180  0.163  -0.717 0.0000000000
52481  23.006  2.043  -0.525 0.0000000000
51673  24.177  1.149  -0.670 0.0000000000
95791  20.262  6.539  -1.328 0.0000000000
57688  19.650  9.383  -1.790 0.0000000000
91123  21.021  8.146  -1.519 0.0000000000
56247  20.871  7.304  -1.329 0.0000000000
55447  21.084  6.395  -1.104 0.0000000000
55435  22.777  5.961  -0.673 0.0000000000
55444  24.448  6.328  -0.953 0.0000000000
43094  20.262  -8.522  1.248 0.0000000000
43989  20.765  -7.070  0.826 0.0000000000
46656  23.643  -3.940  -0.203 0.0000000000
81262  23.550  -5.288  -0.535 0.0000000000
84451  20.566  5.040  -1.209 0.0000000000
47471  20.805  -3.525  -0.078 0.0000000000
90425  21.664  -3.023  -0.074 0.0000000000
38486  18.922  -12.973  3.164 0.0000000000
94949  18.641  -12.460  3.076 0.0000000000
41316  21.308  -10.622  1.329 0.0000000000
97388  19.489  0.667  -1.492 0.0000000000
50868  20.275  0.532  -1.085 0.0000000000
51676  20.704  1.309  -1.052 0.0000000000
52490  25.383  2.848  -1.375 0.0000000000
57690  18.055  9.139  -2.548 0.0000000000
80650  17.258  8.492  -2.444 0.0000000000
80645  18.245  8.270  -2.031 0.0000000000
56993  23.479  8.604  -2.054 0.0000000000
56260  24.486  7.483  -2.439 0.0000000000
81491  23.215  -6.672  -0.775 0.0000000000
98293  23.098  -7.145  -0.780 0.0000000000
86720  18.999  -10.044  1.765 0.0000000000
52492  20.279  2.877  -1.327 0.0000000000
53230  20.721  3.393  -1.155 0.0000000000
53967  22.493  4.646  -0.490 0.0000000000
82852  22.082  3.933  -0.536 0.0000000000
53966  23.445  4.606  -0.434 0.0000000000
54687  23.915  5.263  -0.482 0.0000000000
58505  17.129  10.097  -2.927 0.0000000000
81395  18.739  -5.182  0.334 0.0000000000
80608  19.415  -4.575  0.087 0.0000000000
80589  23.011  -5.994  -1.115 0.0000000000
96174  23.291  -5.516  -1.905 0.0000000000
89871  19.309  -11.713  2.270 0.0000000000
40415  19.925  -12.367  2.161 0.0000000000
49160  22.588  -1.865  -0.269 0.0000000000
95847  17.250  -2.936  -1.109 0.0000000000
94814  18.884  -1.363  -1.419 0.0000000000
49180  19.545  -1.590  -0.861 0.0000000000
49179  20.239  -1.097  -0.705 0.0000000000
98102  20.950  -1.383  -0.501 0.0000000000
50856  21.767  0.177  -0.555 0.0000000000
95099  23.150  0.302  -0.483 0.0000000000
89000  22.068  2.599  -0.587 0.0000000000
52482  21.896  1.958  -0.625 0.0000000000
52491  24.933  1.285  -1.297 0.0000000000
50882  24.599  0.331  -1.633 0.0000000000
80641  19.029  7.663  -1.668 0.0000000000
80640  18.679  6.834  -1.678 0.0000000000
84944  19.363  6.205  -1.533 0.0000000000
56994  22.880  9.366  -2.291 0.0000000000
57696  22.096  9.984  -2.404 0.0000000000
57687  21.368  9.430  -1.976 0.0000000000
56982  21.655  8.753  -1.625 0.0000000000
91398  21.859  7.980  -1.339 0.0000000000
87353  21.946  7.089  -1.056 0.0000000000
55446  22.006  6.195  -0.858 0.0000000000
55445  22.981  6.767  -0.961 0.0000000000
55465  25.005  6.600  -2.324 0.0000000000
91295  24.917  6.353  -1.485 0.0000000000
55443  25.275  5.860  -1.862 0.0000000000
89058  19.544  -8.946  1.431 0.0000000000
81626  20.414  -5.827  0.545 0.0000000000
44846  19.991  -6.480  0.705 0.0000000000
97068  20.606  -6.416  0.675 0.0000000000
43112  22.087  -7.979  -0.045 0.0000000000
43106  21.758  -8.413  0.660 0.0000000000
43092  21.886  -9.042  0.818 0.0000000000
90010  23.040  -3.149  -0.185 0.0000000000
53969  20.361  4.252  -1.291 0.0000000000
53968  21.386  4.675  -0.783 0.0000000000
54698  22.128  5.387  -0.660 0.0000000000
81916  19.174  -3.856  -0.318 0.0000000000
80607  20.127  -4.073  -0.035 0.0000000000
81874  22.302  -4.468  0.129 0.0000000000
40414  20.589  -11.964  1.643 0.0000000000
40424  21.229  -11.594  1.409 0.0000000000
40412  22.376  -11.543  2.222 0.0000000000
50025  24.111  -1.250  -0.753 0.0000000000
50046  18.851  -0.520  -1.671 0.0000000000
50044  20.226  -0.323  -0.869 0.0000000000
50867  21.244  0.680  -0.741 0.0000000000
52479  24.484  3.008  -0.739 0.0000000000
57706  23.038  9.585  -3.100 0.0000000000
56980  23.385  8.096  -1.627 0.0000000000
56245  23.669  7.459  -1.330 0.0000000000
92737  22.237  -5.983  0.018 0.0000000000
87900  21.581  -6.840  0.390 0.0000000000
43997  22.021  -7.147  -0.105 0.0000000000
41326  22.789  -7.637  -0.550 0.0000000000
39426  18.337  -11.923  3.045 0.0000000000
41307  18.251  -10.930  2.494 0.0000000000
40427  19.012  -10.920  2.086 0.0000000000
41318  19.761  -10.585  1.702 0.0000000000
41317  20.453  -10.208  1.471 0.0000000000
52484  20.245  2.100  -1.306 0.0000000000
52483  21.112  2.592  -1.001 0.0000000000
53227  23.903  3.860  -0.505 0.0000000000
53965  24.998  4.880  -0.999 0.0000000000
81656  20.581  -4.934  0.291 0.0000000000
80605  21.377  -5.643  0.424 0.0000000000
80602  23.081  -5.865  -1.651 0.0000000000
80593  23.398  -6.242  -1.039 0.0000000000
48305  22.400  -2.589  -0.167 0.0000000000
48304  23.308  -2.550  -0.317 0.0000000000
48303  24.233  -2.647  -0.588 0.0000000000
80610  18.192  -3.440  -0.672 0.0000000000
47473  19.053  -3.209  -0.577 0.0000000000
48307  19.527  -2.486  -0.642 0.0000000000
48317  18.906  -2.028  -1.032 0.0000000000
91012  21.780  -1.229  -0.380 0.0000000000
50027  21.837  -0.455  -0.463 0.0000000000
50854  23.632  -0.446  -0.566 0.0000000000
50042  24.353  -0.774  -1.236 0.0000000000
51674  22.878  1.124  -0.493 0.0000000000
97829  19.481  5.621  -1.508 0.0000000000
57699  18.901  9.772  -2.237 0.0000000000
95703  20.501  9.596  -1.941 0.0000000000
56248  20.102  7.918  -1.498 0.0000000000
54700  20.228  5.751  -1.304 0.0000000000
93130  23.903  6.792  -1.003 0.0000000000
55434  23.663  6.042  -0.642 0.0000000000
55433  24.341  5.720  -0.676 0.0000000000
53950  24.535  5.230  -0.711 0.0000000000
54696  25.265  5.246  -1.537 0.0000000000
43990  19.647  -7.157  0.949 0.0000000000
98766  20.198  -7.771  1.075 0.0000000000
43093  21.176  -8.987  1.195 0.0000000000
80603  22.546  -3.676  0.000 0.0000000000
98302  22.921  -4.533  -0.016 0.0000000000
46655  23.937  -4.419  -0.286 0.0000000000
45798  23.675  -4.963  -0.454 0.0000000000
45804  23.270  -5.573  -1.943 0.0000000000
39417  18.268  -12.658  3.401 0.0000000000
42236  20.358  -9.365  1.405 0.0000000000
42243  22.367  -8.454  0.392 0.0000000000
43996  22.528  -7.495  -0.415 0.0000000000
44847  19.078  -6.470  0.818 0.0000000000
45805  23.196  -5.633  -2.420 0.0000000000
54697  24.916  5.684  -1.083 0.0000000000
80579  22.616  -7.979  -0.282 0.0000000000
80584  23.093  -7.561  -0.466 0.0000000000
80594  23.149  -6.010  -1.381 0.0000000000
80604  22.811  -7.166  -0.721 0.0000000000
81339  23.091  -6.408  -0.952 0.0000000000
81492  23.145  -5.683  -2.459 0.0000000000
81663  23.278  -5.626  -1.964 0.0000000000
91242  18.641  -5.881  0.667 0.0000000000
