#Insight Transform File V1.0
#Transform 0
Transform: AffineTransform_float_3_3
Parameters: 1 0.000314511 -0.000554846 -0.000316489 0.999997 -0.00268483 0.000554152 0.00268518 0.999996 0.0295505 -0.00570882 0.0358532
FixedParameters: 0 0 0

#Transform 1
Transform: AffineTransform_float_3_3
Parameters: 1 -7.79481e-07 -0.000336999 2.20516e-07 0.999998 -0.002313 0.000337001 0.002313 0.999998 0.0292006 -0.00459575 -0.0299601
FixedParameters: 0 0 0

#Transform 2
Transform: AffineTransform_float_3_3
Parameters: 1 0 0 0 0.999996 -0.002838 0 0.002838 0.999996 0.034484 0.00378876 -0.0866348
FixedParameters: 0 0 0

#Transform 3
Transform: AffineTransform_float_3_3
Parameters: 1 -0.000239999 8.2032e-07 0.000240002 0.999994 -0.003418 -1.79674e-07 0.003418 0.999994 0.0355103 -0.0117553 -0.0604072
FixedParameters: 0 0 0

#Transform 4
Transform: AffineTransform_float_3_3
Parameters: 1 -8.816e-07 -0.000399999 1.18397e-07 0.999997 -0.002204 0.000400001 0.002204 0.999998 0.0243717 -0.0156155 -0.0443537
FixedParameters: 0 0 0

#Transform 5
Transform: AffineTransform_float_3_3
Parameters: 1 -1.01967e-06 -0.000409999 -1.9673e-08 0.999997 -0.002487 0.000410001 0.002487 0.999997 0.0195928 -0.0162788 -0.0628273
FixedParameters: 0 0 0

#Transform 6
Transform: AffineTransform_float_3_3
Parameters: 1 -0.000163999 4.26072e-07 0.000163999 0.999996 -0.002598 4.26072e-07 0.002598 0.999996 0.0276776 -0.0148261 -0.0666479
FixedParameters: 0 0 0

#Transform 7
Transform: AffineTransform_float_3_3
Parameters: 1 -0.000484347 0.000226403 0.000484652 0.999995 -0.00289389 -0.000224598 0.00289411 0.999996 0.0498078 -0.00247267 -0.13484
FixedParameters: 0 0 0

#Transform 8
Transform: AffineTransform_float_3_3
Parameters: 1 -0.000323537 0.000121242 0.000324466 0.999992 -0.00383696 -0.000120756 0.00383704 0.999992 0.0179876 -0.0115022 -0.0853219
FixedParameters: 0 0 0

#Transform 9
Transform: AffineTransform_float_3_3
Parameters: 0.999999 -4.06887e-06 -0.00153599 -6.8884e-08 0.999997 -0.00264901 0.00153601 0.002649 0.999996 -0.0271359 -0.00859165 -0.0441632
FixedParameters: 0 0 0

#Transform 10
Transform: AffineTransform_float_3_3
Parameters: 1 -5.8377e-07 -0.000365999 4.16229e-07 0.999998 -0.001595 0.000366001 0.001595 0.999998 0.0116472 0.0190208 -0.0114436
FixedParameters: 0 0 0

#Transform 11
Transform: AffineTransform_float_3_3
Parameters: 0.999998 8.87684e-06 -0.00207498 -1.23051e-07 0.999991 0.00427801 0.00207502 -0.00427799 0.999988 -0.0163024 0.0479034 0.0705633
FixedParameters: 0 0 0

#Transform 12
Transform: AffineTransform_float_3_3
Parameters: 0.999999 -0.000399843 -0.00142189 0.000403158 0.999998 0.00222143 0.00142111 -0.00222157 0.999996 -0.00804409 0.0376537 0.00143103
FixedParameters: 0 0 0

#Transform 13
Transform: AffineTransform_float_3_3
Parameters: 1 -0.000187116 -0.00115031 0.000188884 0.999998 0.00163878 0.00114969 -0.00163822 0.999998 -0.00863416 0.0342703 -0.0572911
FixedParameters: 0 0 0

#Transform 14
Transform: AffineTransform_float_3_3
Parameters: 0.999999 -8.12546e-05 -0.00103806 8.17462e-05 0.999999 0.000718915 0.00103794 -0.000718085 0.999999 0.00691227 0.0315022 0.046441
FixedParameters: 0 0 0

#Transform 15
Transform: AffineTransform_float_3_3
Parameters: 0.999999 -0.00016951 -0.00145906 0.00016949 1 0.000335753 0.00145894 -0.000336248 0.999999 0.0232324 0.0425027 0.051432
FixedParameters: 0 0 0

#Transform 16
Transform: AffineTransform_float_3_3
Parameters: 0.999999 -0.000453484 -0.000831282 0.000453516 0.999999 0.000620623 0.000831719 -0.000620378 1 0.00692048 0.0184875 -0.00563784
FixedParameters: 0 0 0

#Transform 17
Transform: AffineTransform_float_3_3
Parameters: 1 -0.000462673 -0.000925163 0.000463326 1 0.000352571 0.000924836 -0.000353428 0.999999 0.0115137 0.0210507 -0.0945653
FixedParameters: 0 0 0

#Transform 18
Transform: AffineTransform_float_3_3
Parameters: 0.999999 -0.0002292 -0.000901203 0.000229799 0.999999 0.000886793 0.000900796 -0.000887207 0.999999 0.00790028 0.0279809 0.0171697
FixedParameters: 0 0 0

#Transform 19
Transform: AffineTransform_float_3_3
Parameters: 1 -0.000145889 -0.00115714 0.000146113 1 0.000960832 0.00115786 -0.00096017 0.999999 0.0171261 0.0164272 -0.000316751
FixedParameters: 0 0 0

#Transform 20
Transform: AffineTransform_float_3_3
Parameters: 1 -0.000403453 -0.000515428 0.000403546 1 0.00106079 0.000514572 -0.00106121 1 0.0111881 0.0595709 0.0271233
FixedParameters: 0 0 0

#Transform 21
Transform: AffineTransform_float_3_3
Parameters: 0.999999 -0.000403369 -0.00150117 0.000403631 1 0.000420394 0.00150083 -0.000420606 0.999999 0.0207778 0.0302109 0.0349283
FixedParameters: 0 0 0

#Transform 22
Transform: AffineTransform_float_3_3
Parameters: 1 -0.000135602 -0.000470541 0.000134397 0.999994 -0.00340206 0.00047146 0.00340194 0.999994 0.0132479 0.0509197 0.213395
FixedParameters: 0 0 0

#Transform 23
Transform: AffineTransform_float_3_3
Parameters: 1 -0.000541958 1.28904e-05 0.000542038 0.999994 -0.00348799 -1.01094e-05 0.003488 0.999994 0.0234293 -0.00396173 0.112142
FixedParameters: 0 0 0

#Transform 24
Transform: AffineTransform_float_3_3
Parameters: 0.999999 -0.000676189 0.0005343 0.00067781 0.999994 -0.00339764 -0.0005317 0.00339736 0.999994 0.0196643 0.016273 0.0181933
FixedParameters: 0 0 0

#Transform 25
Transform: AffineTransform_float_3_3
Parameters: 0.999999 -0.00067167 0.000533678 0.00067333 0.999996 -0.00249564 -0.000532321 0.00249536 0.999996 0.0125743 0.0182342 -0.00140463
FixedParameters: 0 0 0

#Transform 26
Transform: AffineTransform_float_3_3
Parameters: 0.999989 -2.97889e-05 0.00473633 6.22148e-05 0.999976 -0.00701179 -0.00473668 0.00701222 0.999964 0.0463996 0.0828235 0.718633
FixedParameters: 0 0 0

#Transform 27
Transform: AffineTransform_float_3_3
Parameters: 0.999999 -0.000467343 0.00136664 0.00047466 0.999984 -0.00560836 -0.00136436 0.00560865 0.999984 0.0785294 0.0184909 0.0690623
FixedParameters: 0 0 0

#Transform 28
Transform: AffineTransform_float_3_3
Parameters: 0.999999 -0.000281633 0.000829495 0.000285369 0.999986 -0.00526876 -0.000828507 0.00526923 0.999986 0.0835919 0.00234539 -0.106145
FixedParameters: 0 0 0

#Transform 29
Transform: AffineTransform_float_3_3
Parameters: 1 -0.000497709 0.000392642 0.000498289 0.999995 -0.0032958 -0.000390359 0.00329619 0.999994 0.0722708 0.000820347 -0.0808038
FixedParameters: 0 0 0

#Transform 30
Transform: AffineTransform_float_3_3
Parameters: 1 -0.000153727 0.000353556 0.000155274 0.999993 -0.00360195 -0.000353443 0.00360205 0.999994 0.0513458 0.0129818 -0.0886272
FixedParameters: 0 0 0

#Transform 31
Transform: AffineTransform_float_3_3
Parameters: 1 -0.00040009 0.000458673 0.000401911 0.999991 -0.00417182 -0.000457327 0.00417219 0.999991 0.0509697 0.0133159 -0.112766
FixedParameters: 0 0 0

#Transform 32
Transform: AffineTransform_float_3_3
Parameters: 1 -0.000111959 0.000286409 0.000113039 0.999994 -0.00363597 -0.000285591 0.00363603 0.999994 0.0675637 0.0116682 -0.135583
FixedParameters: 0 0 0

#Transform 33
Transform: AffineTransform_float_3_3
Parameters: 1 0.00023403 5.92587e-06 -0.00023397 0.99999 -0.00459001 -7.074e-06 0.00459 0.99999 0.0514175 -0.0213399 -0.0229356
FixedParameters: 0 0 0

#Transform 34
Transform: AffineTransform_float_3_3
Parameters: 1 0.000253221 0.000472287 -0.000249774 0.999977 -0.00680812 -0.000474711 0.00680788 0.999976 0.0813686 0.0242001 0.0101752
FixedParameters: 0 0 0

#Transform 35
Transform: AffineTransform_float_3_3
Parameters: 0.999999 -0.00017548 0.000987996 0.00018052 0.999985 -0.00558983 -0.000987006 0.00559018 0.999984 0.0524497 0.0148159 0.003978
FixedParameters: 0 0 0

#Transform 36
Transform: AffineTransform_float_3_3
Parameters: 0.999999 -0.000249958 0.00120948 0.000257046 0.999983 -0.0058267 -0.00120852 0.00582631 0.999983 0.0461374 0.00121689 -0.0280261
FixedParameters: 0 0 0

#Transform 37
Transform: AffineTransform_float_3_3
Parameters: 0.999999 -0.000450865 0.00122228 0.000456135 0.999988 -0.00502445 -0.00121972 0.00502455 0.999986 0.0513275 0.0285493 -0.0625763
FixedParameters: 0 0 0

#Transform 38
Transform: AffineTransform_float_3_3
Parameters: 1 -0.000441353 0.000157822 0.000441644 0.999992 -0.00412493 -0.00015518 0.00412507 0.999992 0.0761622 0.0580692 -0.00268226
FixedParameters: 0 0 0

#Transform 39
Transform: AffineTransform_float_3_3
Parameters: 0.999999 -0.000497193 0.000582547 0.000498805 0.999995 -0.00310571 -0.000580453 0.00310629 0.999995 0.134292 0.0716493 -0.630667
FixedParameters: 0 0 0

#Transform 40
Transform: AffineTransform_float_3_3
Parameters: 0.999998 -0.000531223 0.00198367 0.000529777 0.999999 0.000617052 -0.00198333 -0.000615947 0.999998 0.0762004 0.0805073 -0.45044
FixedParameters: 0 0 0

#Transform 41
Transform: AffineTransform_float_3_3
Parameters: 0.999998 -0.000529079 0.00156531 0.000529921 0.999999 -0.000588171 -0.00156569 0.000588829 0.999998 0.0685954 0.0807377 -0.414542
FixedParameters: 0 0 0

#Transform 42
Transform: AffineTransform_float_3_3
Parameters: 0.999998 -0.000978829 0.00137783 0.00098017 0.999999 -0.000848651 -0.00137717 0.000850349 0.999998 0.0408964 0.069514 -0.466906
FixedParameters: 0 0 0

#Transform 43
Transform: AffineTransform_float_3_3
Parameters: 0.999999 -0.000615286 0.00170035 0.000618714 0.999998 -0.00218495 -0.00169865 0.00218605 0.999996 0.0485875 0.0777319 -0.49892
FixedParameters: 0 0 0

#Transform 44
Transform: AffineTransform_float_3_3
Parameters: 0.999999 -0.000704494 0.00156903 0.000708506 0.999995 -0.00287289 -0.00156697 0.00287411 0.999994 0.0656804 0.074874 -0.625449
FixedParameters: 0 0 0

#Transform 45
Transform: AffineTransform_float_3_3
Parameters: 0.999998 -0.000610408 0.00217886 0.000624595 0.999981 -0.00624366 -0.00217514 0.00624435 0.999978 0.0585125 -0.00386355 -0.766862
FixedParameters: 0 0 0

#Transform 46
Transform: AffineTransform_float_3_3
Parameters: 0.999998 -0.000446864 0.00222547 0.00045814 0.999985 -0.00545599 -0.00222353 0.00545701 0.999982 0.055196 0.0130003 -0.778961
FixedParameters: 0 0 0

#Transform 47
Transform: AffineTransform_float_3_3
Parameters: 0.999998 -0.000140174 0.00209497 0.000153828 0.999978 -0.00660169 -0.00209403 0.00660131 0.999976 0.0832107 -0.0300064 -0.942204
FixedParameters: 0 0 0

#Transform 48
Transform: AffineTransform_float_3_3
Parameters: 0.999999 -0.000410632 0.00127609 0.000413368 0.999997 -0.00264048 -0.00127491 0.00264053 0.999995 0.0655086 0.0352056 -0.722428
FixedParameters: 0 0 0

#Transform 49
Transform: AffineTransform_float_3_3
Parameters: 0.999996 -0.000273572 0.00286541 0.000287424 0.999988 -0.0050352 -0.00286359 0.00503681 0.999983 0.0688848 -0.00114342 -0.994373
FixedParameters: 0 0 0

#Transform 50
Transform: AffineTransform_float_3_3
Parameters: 0.999997 -0.000369969 0.00209997 0.000381032 0.999986 -0.00525521 -0.00209803 0.00525579 0.999984 0.0636428 -0.0129335 -0.913249
FixedParameters: 0 0 0

#Transform 51
Transform: AffineTransform_float_3_3
Parameters: 0.999997 -0.000551285 0.00239473 0.000562718 0.999988 -0.00489467 -0.00239227 0.00489533 0.999985 0.0641479 -0.010529 -0.842555
FixedParameters: 0 0 0

#Transform 52
Transform: AffineTransform_float_3_3
Parameters: 0.999998 -0.000752538 0.00215069 0.000762463 0.999988 -0.00486737 -0.00214731 0.00486963 0.999986 0.0852935 -0.0130055 -0.907138
FixedParameters: 0 0 0

#Transform 53
Transform: AffineTransform_float_3_3
Parameters: 0.999996 -0.000388433 0.00278022 0.000404566 0.999984 -0.0056009 -0.00277778 0.0056021 0.999981 0.0779937 -0.0565383 -1.01952
FixedParameters: 0 0 0

#Transform 54
Transform: AffineTransform_float_3_3
Parameters: 0.999997 -0.0003269 0.00268901 0.0003431 0.999982 -0.0059891 -0.002687 0.0059899 0.999979 0.0761996 -0.0779616 -1.08096
FixedParameters: 0 0 0

#Transform 55
Transform: AffineTransform_float_3_3
Parameters: 0.999997 -0.000420372 0.00219446 0.000432625 0.999984 -0.00575707 -0.00219154 0.00575794 0.999981 0.0732279 -0.0447797 -1.02188
FixedParameters: 0 0 0

#Transform 56
Transform: AffineTransform_float_3_3
Parameters: 0.999998 -0.00040659 0.00194086 0.00041941 0.999976 -0.0069132 -0.00193815 0.0069148 0.999974 0.0771347 -0.049602 -1.0005
FixedParameters: 0 0 0

#Transform 57
Transform: AffineTransform_float_3_3
Parameters: 0.999998 -0.000300101 0.00205977 0.000311901 0.999984 -0.00577937 -0.00205823 0.00577963 0.999981 0.0596037 -0.027682 -1.03565
FixedParameters: 0 0 0

#Transform 58
Transform: AffineTransform_float_3_3
Parameters: 0.999997 -0.000228825 0.00245936 0.000243174 0.999984 -0.00576542 -0.00245764 0.00576558 0.999981 0.0554388 -0.0431495 -1.04682
FixedParameters: 0 0 0

#Transform 59
Transform: AffineTransform_float_3_3
Parameters: 0.999997 -0.000374028 0.0023844 0.000388977 0.99998 -0.00628209 -0.0023826 0.00628291 0.999978 0.06427 -0.0426358 -1.0487
FixedParameters: 0 0 0

#Transform 60
Transform: AffineTransform_float_3_3
Parameters: 0.999994 1.50784e-05 0.00363997 5.07857e-06 0.999985 -0.00551602 -0.00364003 0.00551598 0.999978 0.0858081 -0.020137 -1.08213
FixedParameters: 0 0 0

#Transform 61
Transform: AffineTransform_float_3_3
Parameters: 0.999993 3.19437e-05 0.00374588 -1.1061e-05 0.999985 -0.00559108 -0.00374512 0.00559092 0.999978 0.0786443 -0.0452297 -1.08666
FixedParameters: 0 0 0

#Transform 62
Transform: AffineTransform_float_3_3
Parameters: 0.999996 -0.000299647 0.00300689 0.000318354 0.999982 -0.00610507 -0.00300511 0.00610593 0.999977 0.0714866 -0.0523431 -1.12405
FixedParameters: 0 0 0

#Transform 63
Transform: AffineTransform_float_3_3
Parameters: 0.999995 -0.000342695 0.00320767 0.000358306 0.999988 -0.00477188 -0.00320633 0.00477312 0.999984 0.0541792 -0.0338305 -1.20625
FixedParameters: 0 0 0

#Transform 64
Transform: AffineTransform_float_3_3
Parameters: 0.999999 -0.000408631 0.00171381 0.00041237 0.999998 -0.0019663 -0.00171319 0.0019667 0.999996 0.0461886 0.0133312 -1.29653
FixedParameters: 0 0 0

#Transform 65
Transform: AffineTransform_float_3_3
Parameters: 0.999996 -0.000530425 0.00277363 0.000543576 0.999988 -0.00489551 -0.00277137 0.00489749 0.999984 0.0583876 -0.0619871 -1.21472
FixedParameters: 0 0 0

#Transform 66
Transform: AffineTransform_float_3_3
Parameters: 0.999997 -0.000185122 0.00268884 0.000196878 0.99999 -0.00441749 -0.00268816 0.00441851 0.999986 0.0587501 -0.0104737 -1.2391
FixedParameters: 0 0 0

#Transform 67
Transform: AffineTransform_float_3_3
Parameters: 0.999999 -0.000251993 0.00172459 0.000256008 0.999998 -0.00232356 -0.00172441 0.00232444 0.999996 0.0386593 0.00586522 -1.28934
FixedParameters: 0 0 0

#Transform 68
Transform: AffineTransform_float_3_3
Parameters: 0.999997 -0.000187815 0.00246596 0.000199184 0.999988 -0.00494152 -0.00246504 0.00494248 0.999984 0.0494145 -0.0359655 -1.04846
FixedParameters: 0 0 0

#Transform 69
Transform: AffineTransform_float_3_3
Parameters: 1 -0.000254028 0.00119142 0.000255971 0.999998 -0.0016547 -0.00119058 0.0016553 0.999998 0.0390376 0.0290305 -1.24164
FixedParameters: 0 0 0

#Transform 70
Transform: AffineTransform_float_3_3
Parameters: 0.999999 -0.000193711 0.00125835 0.00019629 0.999999 -0.00181875 -0.00125864 0.00181925 0.999997 0.0298264 0.0213257 -1.30753
FixedParameters: 0 0 0

#Transform 71
Transform: AffineTransform_float_3_3
Parameters: 0.999998 0.000172981 0.00163869 -0.00017002 0.999999 -0.00181928 -0.00163831 0.00181872 0.999997 0.0410506 0.0107655 -1.30581
FixedParameters: 0 0 0

#Transform 72
Transform: AffineTransform_float_3_3
Parameters: 0.999999 -0.00025245 0.00177251 0.00025555 0.999998 -0.00200355 -0.00177149 0.00200345 0.999997 0.0367899 0.000540308 -1.30675
FixedParameters: 0 0 0

#Transform 73
Transform: AffineTransform_float_3_3
Parameters: 0.999999 -0.000253201 0.00153946 0.000255799 0.999999 -0.00181861 -0.00153854 0.00181839 0.999997 0.0338729 0.00489574 -1.33703
FixedParameters: 0 0 0

#Transform 74
Transform: AffineTransform_float_3_3
Parameters: 0.999999 -0.000253927 0.00151635 0.000256072 0.999999 -0.00136661 -0.00151565 0.00136739 0.999998 0.0347942 0.00700984 -1.29505
FixedParameters: 0 0 0

#Transform 75
Transform: AffineTransform_float_3_3
Parameters: 0.999998 -0.00025308 0.00160646 0.000255922 0.999999 -0.00181859 -0.00160654 0.00181841 0.999997 0.0344305 0.00407544 -1.29501
FixedParameters: 0 0 0

#Transform 76
Transform: AffineTransform_float_3_3
Parameters: 0.999998 -0.000659397 0.00152413 0.000662603 0.999999 -0.00170799 -0.00152287 0.00170901 0.999998 0.0196578 0.00857382 -1.35884
FixedParameters: 0 0 0

#Transform 77
Transform: AffineTransform_float_3_3
Parameters: 0.999999 -0.000273397 0.00139132 0.000274603 1 -0.00115262 -0.00139069 0.00115238 0.999999 0.033391 0.0176681 -1.32086
FixedParameters: 0 0 0

#Transform 78
Transform: AffineTransform_float_3_3
Parameters: 0.999999 -0.000477303 0.00148387 0.000479698 0.999998 -0.00181829 -0.00148313 0.00181871 0.999997 0.0270685 0.00868086 -1.33251
FixedParameters: 0 0 0

#Transform 79
Transform: AffineTransform_float_3_3
Parameters: 0.999999 -0.000345414 0.00148937 0.000346585 1 -0.00106449 -0.00148863 0.00106552 0.999999 0.0310725 0.0235044 -1.39473
FixedParameters: 0 0 0

#Transform 80
Transform: AffineTransform_float_3_3
Parameters: 0.999998 -0.000648597 0.00194452 0.000662408 0.999976 -0.00690073 -0.00194048 0.00690127 0.999975 0.0373808 -0.0479624 -0.946792
FixedParameters: 0 0 0

#Transform 81
Transform: AffineTransform_float_3_3
Parameters: 0.999997 -1.51328e-05 0.00221914 2.88725e-05 0.999981 -0.00624895 -0.00221986 0.00624905 0.999978 0.0455592 -0.00659553 -0.931642
FixedParameters: 0 0 0

#Transform 82
Transform: AffineTransform_float_3_3
Parameters: 0.999998 -0.000215675 0.00165638 0.00022633 0.99998 -0.00623663 -0.00165562 0.00623636 0.999979 0.0439684 -0.0177219 -1.00786
FixedParameters: 0 0 0

#Transform 83
Transform: AffineTransform_float_3_3
Parameters: 0.999999 0.000341095 0.000833335 -0.000336901 0.999988 -0.00490928 -0.000835664 0.00490971 0.999987 0.0352955 -0.0240149 -1.18094
FixedParameters: 0 0 0

#Transform 84
Transform: AffineTransform_float_3_3
Parameters: 1 -4.72392e-05 0.000379096 4.87605e-05 0.999998 -0.00200698 -0.000378903 0.00200702 0.999998 0.0326888 0.0177435 -1.25681
FixedParameters: 0 0 0

#Transform 85
Transform: AffineTransform_float_3_3
Parameters: 0.999996 -0.000330955 0.00278408 0.000348045 0.999981 -0.00612406 -0.00278192 0.00612495 0.999978 0.0404959 -0.0492946 -0.997983
FixedParameters: 0 0 0

#Transform 86
Transform: AffineTransform_float_3_3
Parameters: 0.999997 -0.000368025 0.00237721 0.000381974 0.999982 -0.00588111 -0.00237479 0.00588189 0.99998 0.0476072 -0.0404399 -1.08051
FixedParameters: 0 0 0

#Transform 87
Transform: AffineTransform_float_3_3
Parameters: 0.999997 -0.000457445 0.00231613 0.000472555 0.999978 -0.00671992 -0.00231288 0.00672108 0.999974 0.0547707 -0.0205246 -1.01493
FixedParameters: 0 0 0

#Transform 88
Transform: AffineTransform_float_3_3
Parameters: 0.999999 -0.000220351 0.00180508 0.000229649 0.999989 -0.0047926 -0.00180392 0.00479341 0.999987 0.0560461 -0.0180177 -1.17356
FixedParameters: 0 0 0

#Transform 89
Transform: AffineTransform_float_3_3
Parameters: 0.999998 -0.000341912 0.00197096 0.000353089 0.999984 -0.00562832 -0.00196904 0.00562869 0.999982 0.0500058 -0.0255928 -1.11713
FixedParameters: 0 0 0

#Transform 90
Transform: AffineTransform_float_3_3
Parameters: 0.999999 -0.000158401 0.0015619 0.000167599 0.999985 -0.00550674 -0.0015611 0.00550725 0.999983 0.0369869 -0.0268178 -1.13287
FixedParameters: 0 0 0

#Transform 91
Transform: AffineTransform_float_3_3
Parameters: 0.999998 -6.26617e-05 0.00193036 7.3336e-05 0.999985 -0.00535587 -0.00192963 0.00535613 0.999984 0.0432386 -0.0624479 -1.16326
FixedParameters: 0 0 0

#Transform 92
Transform: AffineTransform_float_3_3
Parameters: 1 -0.000151643 0.00111019 0.000153358 0.999999 -0.00122183 -0.00111081 0.00122217 0.999998 0.0229675 0.0303535 -1.27044
FixedParameters: 0 0 0

#Transform 93
Transform: AffineTransform_float_3_3
Parameters: 1 3.78259e-05 0.00110991 -3.41738e-05 0.999997 -0.00254604 -0.00111009 0.00254596 0.999996 0.0318138 0.00724472 -1.2585
FixedParameters: 0 0 0

#Transform 94
Transform: AffineTransform_float_3_3
Parameters: 1 -0.000148485 0.00115533 0.000150517 0.999997 -0.00217783 -0.00115568 0.00217717 0.999997 0.0253764 0.00698569 -1.30894
FixedParameters: 0 0 0

#Transform 95
Transform: AffineTransform_float_3_3
Parameters: 1 -0.000232465 0.00104757 0.000234537 0.999997 -0.00242075 -0.00104744 0.00242124 0.999996 0.0326755 -0.00235664 -1.318
FixedParameters: 0 0 0

#Transform 96
Transform: AffineTransform_float_3_3
Parameters: 0.999999 -0.000143801 0.00132135 0.0001472 0.999997 -0.00242081 -0.00132165 0.00242119 0.999996 0.0305616 0.0145477 -1.24787
FixedParameters: 0 0 0

#Transform 97
Transform: AffineTransform_float_3_3
Parameters: 0.999998 -0.000239993 0.00193427 0.000250007 0.999986 -0.00517552 -0.00193273 0.00517547 0.999984 0.0338375 -0.0272102 -1.27303
FixedParameters: 0 0 0

#Transform 98
Transform: AffineTransform_float_3_3
Parameters: 0.999999 -0.00034906 0.00141123 0.000353939 0.999994 -0.0035015 -0.00140977 0.00350249 0.999993 0.0284916 0.00822868 -1.33216
FixedParameters: 0 0 0

#Transform 99
Transform: AffineTransform_float_3_3
Parameters: 0.999999 -0.000466767 0.00172969 0.000473231 0.999994 -0.00360519 -0.00172731 0.00360581 0.999992 0.0376201 0.0246974 -1.33618
FixedParameters: 0 0 0

#Transform 100
Transform: AffineTransform_float_3_3
Parameters: 0.999999 -0.000308836 0.00153405 0.000314163 0.999995 -0.00336652 -0.00153295 0.00336748 0.999993 0.0293469 0.0256347 -1.33018
FixedParameters: 0 0 0

#Transform 101
Transform: AffineTransform_float_3_3
Parameters: 0.999998 -0.000352069 0.00208422 0.00036493 0.99998 -0.00620725 -0.00208177 0.00620774 0.999978 0.0386899 -0.0404223 -1.22104
FixedParameters: 0 0 0

#Transform 102
Transform: AffineTransform_float_3_3
Parameters: 0.999999 -0.000264211 0.00123781 0.000267789 0.999996 -0.00306167 -0.00123719 0.00306233 0.999994 0.0339193 0.0110058 -1.37099
FixedParameters: 0 0 0

#Transform 103
Transform: AffineTransform_float_3_3
Parameters: 0.999999 -0.000705791 0.0014077 0.000719211 0.999955 -0.00940499 -0.0014013 0.00940599 0.999955 0.0631978 0.0314896 -0.920522
FixedParameters: 0 0 0

#Transform 104
Transform: AffineTransform_float_3_3
Parameters: 0.999982 0.00323683 0.0050065 -0.00333318 0.999808 0.0193206 -0.0049435 -0.0193373 0.999801 -0.133213 0.461149 1.4951
FixedParameters: 0 0 0

#Transform 105
Transform: AffineTransform_float_3_3
Parameters: 0.999989 -0.000323724 0.00482729 0.000328274 0.999999 -0.000884425 -0.00482771 0.000886573 0.999988 0.0717724 0.194201 -0.493648
FixedParameters: 0 0 0

#Transform 106
Transform: AffineTransform_float_3_3
Parameters: 0.999998 6.26433e-05 0.00199089 -5.93563e-05 0.999999 -0.00183012 -0.00199111 0.00182988 0.999997 0.0433381 0.0874188 -0.639683
FixedParameters: 0 0 0

#Transform 107
Transform: AffineTransform_float_3_3
Parameters: 0.999992 0.000202902 0.00385077 -0.000178104 0.999979 -0.00646573 -0.00385123 0.00646527 0.999971 0.0890471 0.0349636 -0.905411
FixedParameters: 0 0 0

#Transform 108
Transform: AffineTransform_float_3_3
Parameters: 0.999993 -1.01653e-05 0.00368119 3.88329e-05 0.99997 -0.00783291 -0.00368081 0.00783309 0.999962 0.0815436 0.0417646 -0.949684
FixedParameters: 0 0 0

#Transform 109
Transform: AffineTransform_float_3_3
Parameters: 0.999994 -0.000329066 0.00323674 0.000354935 0.999968 -0.00801489 -0.00323426 0.0080161 0.999962 0.0636506 -0.00746015 -1.02029
FixedParameters: 0 0 0

#Transform 110
Transform: AffineTransform_float_3_3
Parameters: 0.999996 0.000279631 0.0030189 -0.000255367 0.99997 -0.00782581 -0.00302109 0.00782419 0.999965 0.0753985 0.00363448 -1.12436
FixedParameters: 0 0 0

#Transform 111
Transform: AffineTransform_float_3_3
Parameters: 0.999992 -0.000174189 0.004037 0.000196808 0.999986 -0.00540225 -0.004036 0.00540375 0.999978 0.0856308 0.0306185 -1.11578
FixedParameters: 0 0 0

#Transform 112
Transform: AffineTransform_float_3_3
Parameters: 0.999991 -0.000117766 0.00423655 0.000136238 0.99999 -0.00430446 -0.00423645 0.00430454 0.999982 0.0956868 0.0524481 -1.19586
FixedParameters: 0 0 0

#Transform 113
Transform: AffineTransform_float_3_3
Parameters: 0.999992 -0.000206401 0.00383258 0.000233602 0.999974 -0.00720216 -0.00383141 0.00720284 0.999966 0.0709603 0.0405982 -1.12112
FixedParameters: 0 0 0

#Transform 114
Transform: AffineTransform_float_3_3
Parameters: 0.999997 -2.13195e-05 0.00245607 2.76802e-05 0.999997 -0.00271994 -0.00245593 0.00272006 0.999994 0.0665776 0.0859278 -1.4104
FixedParameters: 0 0 0

#Transform 115
Transform: AffineTransform_float_3_3
Parameters: 0.999985 -0.000802882 0.00531705 0.000891119 0.999862 -0.0165915 -0.00530294 0.0165955 0.999848 0.0906052 -0.122046 -1.37636
FixedParameters: 0 0 0

#Transform 116
Transform: AffineTransform_float_3_3
Parameters: 0.999993 -0.000316872 0.00369534 0.000374122 0.999881 -0.0154687 -0.00368965 0.0154703 0.999873 0.0834155 -0.0795458 -1.3084
FixedParameters: 0 0 0

#Transform 117
Transform: AffineTransform_float_3_3
Parameters: 0.999993 -0.000346132 0.00375478 0.000403873 0.999881 -0.0154226 -0.00374922 0.0154234 0.999874 0.0995666 -0.0993858 -1.33031
FixedParameters: 0 0 0

#Transform 118
Transform: AffineTransform_float_3_3
Parameters: 0.999995 -0.000318133 0.00295542 0.00036486 0.999874 -0.015871 -0.00294958 0.015872 0.999869 0.0900402 -0.0520795 -0.991836
FixedParameters: 0 0 0

#Transform 119
Transform: AffineTransform_float_3_3
Parameters: 0.999997 -0.000317656 0.0021626 0.000308342 0.99999 0.00446368 -0.0021644 -0.00446332 0.999987 0.080077 0.237367 1.74617
FixedParameters: 0 0 0

#Transform 120
Transform: AffineTransform_float_3_3
Parameters: 0.999998 0.000419726 0.00189351 -0.000422274 0.999999 0.0012012 -0.0018925 -0.0012018 0.999998 0.11825 0.250127 -0.357048
FixedParameters: 0 0 0

#Transform 121
Transform: AffineTransform_float_3_3
Parameters: 0.999986 0.00015075 0.0054147 -9.22437e-05 0.999943 -0.0106647 -0.0054163 0.0106633 0.999929 0.13984 -0.079343 -2.02211
FixedParameters: 0 0 0

#Transform 122
Transform: AffineTransform_float_3_3
Parameters: 0.999987 -0.000125514 0.00494979 0.000183489 0.999933 -0.0116152 -0.0049482 0.0116158 0.999921 0.13452 -0.093673 -2.13388
FixedParameters: 0 0 0

#Transform 123
Transform: AffineTransform_float_3_3
Parameters: 0.999989 0.000104282 0.00474008 -4.67226e-05 0.999927 -0.0120824 -0.00474091 0.0120826 0.999916 0.138356 -0.105613 -2.17468
FixedParameters: 0 0 0

#Transform 124
Transform: AffineTransform_float_3_3
Parameters: 0.999992 -0.000284596 0.00401539 0.000328402 0.999939 -0.0110628 -0.00401161 0.0110632 0.99993 0.12775 -0.108548 -2.25177
FixedParameters: 0 0 0

#Transform 125
Transform: AffineTransform_float_3_3
Parameters: 0.999993 3.28077e-05 0.00377887 8.80932e-06 0.999939 -0.011063 -0.00377913 0.0110629 0.999931 0.0428621 -0.100723 -2.33239
FixedParameters: 0 0 0

#Transform 126
Transform: AffineTransform_float_3_3
Parameters: 0.99998 -0.000377987 0.00620773 0.000449019 0.999935 -0.0114424 -0.00620327 0.0114446 0.999916 0.0545148 -0.116955 -2.41026
FixedParameters: 0 0 0

#Transform 127
Transform: AffineTransform_float_3_3
Parameters: 0.999987 0.000200864 0.00512879 -0.000133146 0.999912 -0.0132289 -0.00513021 0.0132281 0.9999 0.101005 -0.0926424 -2.0319
FixedParameters: 0 0 0

#Transform 128
Transform: AffineTransform_float_3_3
Parameters: 0.999987 -4.08571e-05 0.00496094 0.000105142 0.999917 -0.0129296 -0.00496005 0.0129304 0.999904 0.098894 -0.10772 -2.19544
FixedParameters: 0 0 0

#Transform 129
Transform: AffineTransform_float_3_3
Parameters: 0.99999 -1.08522e-05 0.0046285 6.81579e-05 0.999921 -0.0125638 -0.00462851 0.0125632 0.999911 0.0817916 -0.0851976 -2.15097
FixedParameters: 0 0 0

#Transform 130
Transform: AffineTransform_float_3_3
Parameters: 0.999993 0.000177681 0.00391877 -0.000148323 0.999972 -0.00757364 -0.00391924 0.00757236 0.999963 0.0606359 -0.0680708 -2.11815
FixedParameters: 0 0 0

#Transform 131
Transform: AffineTransform_float_3_3
Parameters: 0.999991 -0.000892761 0.00431418 0.000936234 0.99995 -0.0100301 -0.00430483 0.0100349 0.999941 0.0985593 -0.0939307 -2.31804
FixedParameters: 0 0 0

#Transform 132
Transform: AffineTransform_float_3_3
Parameters: 0.999992 -0.00116695 0.00382871 0.00121105 0.999933 -0.0115235 -0.0038153 0.0115275 0.999927 0.0797426 -0.103325 -2.43971
FixedParameters: 0 0 0

#Transform 133
Transform: AffineTransform_float_3_3
Parameters: 0.999998 -0.000920783 0.00187654 0.000936218 0.999966 -0.00812326 -0.00186946 0.00812574 0.999965 0.0507943 -0.0865282 -3.21139
FixedParameters: 0 0 0

#Transform 134
Transform: AffineTransform_float_3_3
Parameters: 0.999999 0.0010576 0.000882721 -0.0010634 0.999973 0.00727807 -0.000875283 -0.00727893 0.999973 0.0328381 0.136336 -1.87837
FixedParameters: 0 0 0

#Transform 135
Transform: AffineTransform_float_3_3
Parameters: 1 0.00104878 0.000363336 -0.00106421 0.998996 0.0447867 -0.000315654 -0.0447874 0.998997 -0.00890001 0.534489 -1.22383
FixedParameters: 0 0 0

#Transform 136
Transform: AffineTransform_float_3_3
Parameters: 0.999985 3.20765e-05 -0.00546431 0.000621036 0.992838 0.119472 0.00542869 -0.119475 0.992823 -0.367953 1.86453 -0.180334
FixedParameters: 0 0 0

#Transform 137
Transform: AffineTransform_float_3_3
Parameters: 0.999995 -0.00225933 -0.00216227 0.00248676 0.993723 0.111846 0.00189676 -0.111851 0.993723 -0.230341 1.55707 -0.932455
FixedParameters: 0 0 0

#Transform 138
Transform: AffineTransform_float_3_3
Parameters: 0.999998 -0.00155721 -0.00168663 0.00169582 0.996321 0.0856804 0.00154739 -0.0856827 0.996322 -0.132769 1.17371 -1.46737
FixedParameters: 0 0 0

#Transform 139
Transform: AffineTransform_float_3_3
Parameters: 0.999998 -0.000821175 -0.00142511 0.000940815 0.996275 0.0862258 0.0013489 -0.0862272 0.996274 -0.125958 1.1734 -1.56335
FixedParameters: 0 0 0

#Transform 140
Transform: AffineTransform_float_3_3
Parameters: 0.999998 -0.00137121 -0.00135787 0.0014818 0.996357 0.0852691 0.00123615 -0.0852708 0.996357 -0.116115 1.15335 -1.54719
FixedParameters: 0 0 0

#Transform 141
Transform: AffineTransform_float_3_3
Parameters: 0.999998 -0.00160161 -0.00102057 0.00168433 0.996239 0.0866234 0.000877393 -0.0866255 0.99624 -0.126624 1.17888 -1.57371
FixedParameters: 0 0 0

#Transform 142
Transform: AffineTransform_float_3_3
Parameters: 0.999998 -0.0014828 -0.00118775 0.00158014 0.996249 0.0865193 0.00105424 -0.0865208 0.99625 -0.116085 1.15471 -1.56962
FixedParameters: 0 0 0

#Transform 143
Transform: AffineTransform_float_3_3
Parameters: 0.999999 -0.0013163 -0.000527548 0.00135665 0.996458 0.0840833 0.000414396 -0.0840836 0.996458 -0.105132 1.12496 -1.59631
FixedParameters: 0 0 0

#Transform 144
Transform: AffineTransform_float_3_3
Parameters: 1 -0.00017937 -0.000175144 0.000192619 0.996697 0.0812029 0.000159887 -0.081203 0.996697 -0.0517857 1.132 -1.54668
FixedParameters: 0 0 0

#Transform 145
Transform: AffineTransform_float_3_3
Parameters: 0.999983 -0.00254587 0.00525566 0.00219411 0.997823 0.0659036 -0.00541235 -0.0658913 0.997812 -0.0664996 1.03018 -1.1519
FixedParameters: 0 0 0

#Transform 146
Transform: AffineTransform_float_3_3
Parameters: 0.999998 -0.00161002 0.00111001 0.00154098 0.998221 0.0596058 -0.00120399 -0.0596042 0.998222 -0.0555333 0.941193 -1.41755
FixedParameters: 0 0 0

#Transform 147
Transform: AffineTransform_float_3_3
Parameters: 0.999998 -0.00165582 0.00101985 0.00159318 0.998321 0.0578917 -0.0011141 -0.0578903 0.998323 -0.037521 0.943911 -1.46339
FixedParameters: 0 0 0

#Transform 148
Transform: AffineTransform_float_3_3
Parameters: 0.999997 -0.00162518 0.00146257 0.00153879 0.998366 0.0571133 -0.00155342 -0.0571106 0.998366 -0.0267833 0.940152 -1.49983
FixedParameters: 0 0 0

#Transform 149
Transform: AffineTransform_float_3_3
Parameters: 0.999996 -0.00240887 0.00145973 0.00231617 0.99816 0.0605916 -0.00160228 -0.0605874 0.998161 -0.0218455 0.982517 -1.54142
FixedParameters: 0 0 0

#Transform 150
Transform: AffineTransform_float_3_3
Parameters: 0.999997 -0.00178084 0.0012123 0.00170018 0.998015 0.0629502 -0.00132164 -0.0629478 0.998016 -0.0299955 0.994909 -1.53106
FixedParameters: 0 0 0

#Transform 151
Transform: AffineTransform_float_3_3
Parameters: 0.999997 -0.00186118 0.00104147 0.00179079 0.997964 0.063751 -0.00115852 -0.063749 0.997966 -0.0421253 0.943267 -1.57004
FixedParameters: 0 0 0

#Transform 152
Transform: AffineTransform_float_3_3
Parameters: 0.999999 -0.00171195 0.000589321 0.00167108 0.997975 0.0635961 -0.000696685 -0.0635959 0.997975 -0.0457262 0.991476 -2.19568
FixedParameters: 0 0 0

#Transform 153
Transform: AffineTransform_float_3_3
Parameters: 0.999975 -0.00681432 0.00146795 0.00668967 0.997347 0.0724866 -0.00195803 -0.0724744 0.997369 -0.0610721 0.785484 -3.83202
FixedParameters: 0 0 0

#Transform 154
Transform: AffineTransform_float_3_3
Parameters: 0.999944 -0.00406584 0.00977763 0.00262811 0.989747 0.142806 -0.0102584 -0.142772 0.989703 0.0728958 1.9053 -1.86284
FixedParameters: 0 0 0

#Transform 155
Transform: AffineTransform_float_3_3
Parameters: 0.999939 -0.00372088 0.0104692 0.00242816 0.992673 0.120808 -0.0108417 -0.120775 0.99262 0.0703517 1.67246 -2.0485
FixedParameters: 0 0 0

#Transform 156
Transform: AffineTransform_float_3_3
Parameters: 0.999932 -0.00234046 0.0114418 0.00107664 0.994019 0.109207 -0.0116281 -0.109187 0.993953 0.154066 1.56071 -2.15194
FixedParameters: 0 0 0

#Transform 157
Transform: AffineTransform_float_3_3
Parameters: 0.999901 -0.00941514 0.0105104 0.00838889 0.995553 0.0938225 -0.0113467 -0.0937255 0.995534 0.0386321 1.49356 -2.67167
FixedParameters: 0 0 0

#Transform 158
Transform: AffineTransform_float_3_3
Parameters: 0.999995 -0.00303202 0.00144008 0.00291798 0.997292 0.0734876 -0.00165892 -0.0734834 0.997295 0.0199734 1.19253 -1.83593
FixedParameters: 0 0 0

#Transform 159
Transform: AffineTransform_float_3_3
Parameters: 0.999929 -0.00572828 0.0104623 0.00492367 0.997146 0.0753449 -0.0108647 -0.0752881 0.997102 0.0568494 1.32163 -2.01719
FixedParameters: 0 0 0

#Transform 160
Transform: AffineTransform_float_3_3
Parameters: 0.999943 -0.00541653 0.00919668 0.00468344 0.996943 0.0779895 -0.00959135 -0.0779415 0.996912 0.0333477 1.33386 -1.99023
FixedParameters: 0 0 0

#Transform 161
Transform: AffineTransform_float_3_3
Parameters: 0.999957 -0.0052219 0.00757926 0.00460712 0.996865 0.0789943 -0.00796774 -0.0789558 0.996847 -0.00877061 1.34879 -2.0345
FixedParameters: 0 0 0

#Transform 162
Transform: AffineTransform_float_3_3
Parameters: 0.999962 -0.00504998 0.00708388 0.0044591 0.996697 0.0810937 -0.00746913 -0.0810594 0.996682 -0.00357191 1.38215 -2.0476
FixedParameters: 0 0 0

#Transform 163
Transform: AffineTransform_float_3_3
Parameters: 0.999965 -0.00482364 0.00689959 0.00424941 0.996716 0.0808672 -0.00726637 -0.0808348 0.996701 -0.0157138 1.37399 -2.00753
FixedParameters: 0 0 0

#Transform 164
Transform: AffineTransform_float_3_3
Parameters: 0.999963 -0.00517106 0.00689121 0.00464996 0.997278 0.0735938 -0.0072528 -0.0735593 0.997265 0.0214662 1.17279 -1.30067
FixedParameters: 0 0 0

#Transform 165
Transform: AffineTransform_float_3_3
Parameters: 0.999969 -0.00146713 0.00771324 0.000980877 0.998034 0.0626565 -0.00778976 -0.0626465 0.998006 0.0309211 1.38576 0.222206
FixedParameters: 0 0 0

#Transform 166
Transform: AffineTransform_float_3_3
Parameters: 0.999978 -0.00187558 0.00627089 0.00150448 0.998281 0.0585857 -0.00636907 -0.0585753 0.998262 0.0731724 1.11539 -1.81486
FixedParameters: 0 0 0

#Transform 167
Transform: AffineTransform_float_3_3
Parameters: 0.999958 -0.00269273 0.00882827 0.00219528 0.998434 0.0559128 -0.00896474 -0.0558902 0.998396 0.0547096 1.03344 -1.84577
FixedParameters: 0 0 0

#Transform 168
Transform: AffineTransform_float_3_3
Parameters: 0.999985 -0.00156884 0.00528874 0.00126315 0.998353 0.0573435 -0.00537026 -0.0573354 0.99834 0.0944664 1.07044 -1.84293
FixedParameters: 0 0 0

#Transform 169
Transform: AffineTransform_float_3_3
Parameters: 0.999995 -0.00248819 0.00201931 0.00241682 0.999401 0.0345231 -0.00210368 -0.0345179 0.999402 0.0286542 0.925244 -2.10116
FixedParameters: 0 0 0

#Transform 170
Transform: AffineTransform_float_3_3
Parameters: 0.999998 -0.00206719 0.00106536 0.00203682 0.999617 0.0275982 -0.00112164 -0.0275957 0.999618 0.0134708 0.794324 -2.36361
FixedParameters: 0 0 0

#Transform 171
Transform: AffineTransform_float_3_3
Parameters: 0.999994 -0.00169168 0.00284512 0.00154027 0.99862 0.0524957 -0.00293089 -0.0524903 0.998617 0.0261064 1.11734 -2.11179
FixedParameters: 0 0 0

#Transform 172
Transform: AffineTransform_float_3_3
Parameters: 0.999991 -0.0028545 0.00312301 0.0025365 0.995249 0.0973298 -0.00338594 -0.0973212 0.995248 -0.129297 1.6723 -1.84086
FixedParameters: 0 0 0

#Transform 173
Transform: AffineTransform_float_3_3
Parameters: 0.999969 1.94725e-05 0.00793625 -0.000935498 0.993322 0.115373 -0.00788069 -0.115377 0.99329 -0.177105 1.77164 -1.87925
FixedParameters: 0 0 0

#Transform 174
Transform: AffineTransform_float_3_3
Parameters: 0.999984 -0.00134588 0.0056223 0.000729147 0.994117 0.108315 -0.00573471 -0.108308 0.994101 -0.162189 1.79121 -1.86046
FixedParameters: 0 0 0

#Transform 175
Transform: AffineTransform_float_3_3
Parameters: 0.999987 -0.00174125 0.00464988 0.00121973 0.993949 0.109838 -0.00481309 -0.109831 0.993938 -0.154297 1.80254 -1.83746
FixedParameters: 0 0 0

#Transform 176
Transform: AffineTransform_float_3_3
Parameters: 0.999986 -0.00181992 0.00483082 0.00128806 0.994159 0.107913 -0.00499918 -0.107905 0.994148 -0.149461 1.73573 -1.89328
FixedParameters: 0 0 0

#Transform 177
Transform: AffineTransform_float_3_3
Parameters: 0.999997 -0.00110343 0.0024785 0.000918606 0.997287 0.0736085 -0.00255254 -0.0736064 0.997284 -0.0551832 1.40686 -1.94411
FixedParameters: 0 0 0

#Transform 178
Transform: AffineTransform_float_3_3
Parameters: 0.999994 -0.00237014 0.00252698 0.00216185 0.996811 0.079777 -0.00270809 -0.0797711 0.99681 -0.112919 1.32131 -1.79285
FixedParameters: 0 0 0

#Transform 179
Transform: AffineTransform_float_3_3
Parameters: 0.999999 -0.000916263 0.00107802 0.000845738 0.997983 0.063465 -0.00113396 -0.063464 0.997984 -0.0380187 1.28793 -1.90766
FixedParameters: 0 0 0

#Transform 180
Transform: AffineTransform_float_3_3
Parameters: 0.999985 -0.00231425 0.00509791 0.00199074 0.99803 0.0627162 -0.00523315 -0.0627049 0.998019 0.0355431 1.21038 -2.3091
FixedParameters: 0 0 0

#Transform 181
Transform: AffineTransform_float_3_3
Parameters: 0.999988 -0.00191161 0.00448209 0.0016884 0.998779 0.0493732 -0.00457093 -0.0493649 0.998771 -0.00820468 1.15567 -1.87911
FixedParameters: 0 0 0

#Transform 182
Transform: AffineTransform_float_3_3
Parameters: 0.999957 -0.00463042 0.0080096 0.00423661 0.998811 0.048578 -0.00822444 -0.048542 0.998788 0.0301078 1.16239 -1.51995
FixedParameters: 0 0 0

#Transform 183
Transform: AffineTransform_float_3_3
Parameters: 0.999986 -0.00307619 0.004363 0.0028498 0.998698 0.0509352 -0.004514 -0.0509219 0.998693 -0.0273335 0.939665 -2.77594
FixedParameters: 0 0 0

#Transform 184
Transform: AffineTransform_float_3_3
Parameters: 0.999992 -0.00172369 0.00360003 0.00152431 0.998499 0.0547529 -0.00368899 -0.0547471 0.998494 0.0368947 1.02356 -3.06562
FixedParameters: 0 0 0

#Transform 185
Transform: AffineTransform_float_3_3
Parameters: 0.999996 -0.000729352 0.00274015 0.000596657 0.998848 0.0479948 -0.00277183 -0.0479932 0.998844 0.035893 0.967479 -2.87287
FixedParameters: 0 0 0

#Transform 186
Transform: AffineTransform_float_3_3
Parameters: 0.999972 -0.00359335 0.00655067 0.00327569 0.99885 0.0478278 -0.00671432 -0.0478052 0.998834 0.0911754 1.04865 -3.35465
FixedParameters: 0 0 0

#Transform 187
Transform: AffineTransform_float_3_3
Parameters: 0.999986 -0.0028977 0.00446495 0.00268429 0.998894 0.0469296 -0.00459602 -0.0469173 0.998888 0.0463231 0.923334 -3.42155
FixedParameters: 0 0 0

#Transform 188
Transform: AffineTransform_float_3_3
Parameters: 0.999993 -0.00195568 0.00321647 0.00179134 0.998726 0.0504281 -0.00331054 -0.0504219 0.998722 0.0428742 0.97866 -3.5441
FixedParameters: 0 0 0

#Transform 189
Transform: AffineTransform_float_3_3
Parameters: 0.999974 -0.00372458 0.00607535 0.0035424 0.999554 0.0296303 -0.00618364 -0.0296077 0.999543 -0.0784773 0.820232 -3.81486
FixedParameters: 0 0 0

#Transform 190
Transform: AffineTransform_float_3_3
Parameters: 0.999999 -0.000748777 0.000153619 0.000745237 0.999729 0.0232681 -0.000170386 -0.0232679 0.99973 -0.0115691 0.686784 -3.266
FixedParameters: 0 0 0

#Transform 191
Transform: AffineTransform_float_3_3
Parameters: 0.999998 -0.000585065 0.00180431 0.000550922 0.999822 0.018823 -0.00181569 -0.018822 0.999821 -0.0308291 0.643403 -3.3105
FixedParameters: 0 0 0

#Transform 192
Transform: AffineTransform_float_3_3
Parameters: 0.999997 -0.000535699 0.00213018 0.000495303 0.999818 0.0190611 -0.00213983 -0.0190599 0.999816 -0.0286213 0.631087 -3.25638
FixedParameters: 0 0 0

#Transform 193
Transform: AffineTransform_float_3_3
Parameters: 0.999998 -0.00063124 0.0015367 0.000602772 0.999832 0.018309 -0.00154729 -0.0183081 0.999831 -0.0286022 0.648209 -3.35736
FixedParameters: 0 0 0

#Transform 194
Transform: AffineTransform_float_3_3
Parameters: 0.999998 -0.000835405 0.00182293 0.000803593 0.999853 0.0171615 -0.00183706 -0.0171595 0.999851 -0.008228 0.625424 -3.30502
FixedParameters: 0 0 0

#Transform 195
Transform: AffineTransform_float_3_3
Parameters: 0.999998 -0.00138542 0.00137773 0.0013416 0.999496 0.0317359 -0.00142029 -0.0317341 0.999496 -0.08619 0.892857 -3.61066
FixedParameters: 0 0 0

#Transform 196
Transform: AffineTransform_float_3_3
Parameters: 0.999979 0.000653066 0.00644879 -0.000751925 0.999882 0.0153515 -0.00643722 -0.0153555 0.999862 -0.238117 0.553249 -3.87274
FixedParameters: 0 0 0

#Transform 197
Transform: AffineTransform_float_3_3
Parameters: 0.999991 -0.000193307 0.00429347 0.000124702 0.999874 0.0159037 -0.00429553 -0.0159033 0.999865 -0.0990469 0.613923 -3.8417
FixedParameters: 0 0 0

#Transform 198
Transform: AffineTransform_float_3_3
Parameters: 0.999998 2.12293e-05 0.00187247 -4.67642e-05 0.999906 0.0137639 -0.00187153 -0.0137641 0.999903 -0.156711 0.53683 -3.84564
FixedParameters: 0 0 0

#Transform 199
Transform: AffineTransform_float_3_3
Parameters: 0.999998 -0.000819331 0.00179308 0.000794658 0.999908 0.0135275 -0.00180491 -0.0135265 0.999907 -0.129096 0.566722 -3.81729
FixedParameters: 0 0 0

#Transform 200
Transform: AffineTransform_float_3_3
Parameters: 0.999994 -0.0011938 0.00302584 0.00115222 0.999905 0.0137766 -0.00304116 -0.0137735 0.999901 -0.106918 0.571074 -3.88536
FixedParameters: 0 0 0

#Transform 201
Transform: AffineTransform_float_3_3
Parameters: 0.999998 0.000174034 0.00232398 -0.000329969 0.997734 0.0672814 -0.00230703 -0.0672816 0.997732 -0.0694333 0.945921 -3.50187
FixedParameters: 0 0 0

#Transform 202
Transform: AffineTransform_float_3_3
Parameters: 0.999966 -0.00493678 0.00657668 0.00400819 0.990935 0.134287 -0.00718022 -0.134256 0.99092 -0.139334 1.95511 -4.19764
FixedParameters: 0 0 0

#Transform 203
Transform: AffineTransform_float_3_3
Parameters: 0.999979 -0.00633501 0.000672477 0.00621805 0.99354 0.113317 -0.00138553 -0.113312 0.993558 -0.0898913 1.68036 -4.05663
FixedParameters: 0 0 0

#Transform 204
Transform: AffineTransform_float_3_3
Parameters: 0.999948 -0.0042117 0.00926301 0.0032893 0.995244 0.0973595 -0.00962893 -0.0973235 0.995206 -0.0999247 1.58601 -4.21975
FixedParameters: 0 0 0

#Transform 205
Transform: AffineTransform_float_3_3
Parameters: 0.999971 -0.00238667 0.00725781 0.00169331 0.995572 0.093989 -0.00745011 -0.0939739 0.995547 -0.0517946 1.56688 -4.08408
FixedParameters: 0 0 0

#Transform 206
Transform: AffineTransform_float_3_3
Parameters: 0.999981 -0.00279265 0.00545442 0.0022663 0.995559 0.0941051 -0.00569352 -0.0940909 0.995548 -0.0955979 1.52968 -4.09165
FixedParameters: 0 0 0

#Transform 207
Transform: AffineTransform_float_3_3
Parameters: 0.99998 -0.00275162 0.00556814 0.0022193 0.995617 0.0934962 -0.00580189 -0.0934819 0.995604 -0.0864211 1.52635 -4.1104
FixedParameters: 0 0 0

#Transform 208
Transform: AffineTransform_float_3_3
Parameters: 0.999986 -0.0034883 0.00383697 0.0031197 0.995743 0.0921272 -0.004142 -0.0921148 0.99574 -0.0812456 1.5256 -4.13492
FixedParameters: 0 0 0

#Transform 209
Transform: AffineTransform_float_3_3
Parameters: 0.999984 -0.00358387 0.00440184 0.00316812 0.995837 0.0910974 -0.00471017 -0.0910826 0.995832 -0.0895815 1.483 -4.20986
FixedParameters: 0 0 0

#Transform 210
Transform: AffineTransform_float_3_3
Parameters: 0.999986 -0.00363296 0.00390099 0.00326604 0.995911 0.090273 -0.00421301 -0.090259 0.99591 -0.118911 1.4673 -4.42509
FixedParameters: 0 0 0

#Transform 211
Transform: AffineTransform_float_3_3
Parameters: 0.999998 -0.0015779 -0.000742348 0.00163115 0.996951 0.0780058 0.000617641 -0.078007 0.996952 -0.0589602 1.3827 -3.88413
FixedParameters: 0 0 0

#Transform 212
Transform: AffineTransform_float_3_3
Parameters: 0.999931 -0.00698101 0.00939005 0.006147 0.996269 0.0860887 -0.00995595 -0.0860254 0.996243 0.139493 1.74664 -2.46317
FixedParameters: 0 0 0

#Transform 213
Transform: AffineTransform_float_3_3
Parameters: 0.999978 -0.00394778 0.00535655 0.00353119 0.997124 0.0757026 -0.00564047 -0.0756814 0.997116 0.169095 1.49212 -2.492
FixedParameters: 0 0 0

#Transform 214
Transform: AffineTransform_float_3_3
Parameters: 0.999984 -0.00298067 0.00490761 0.00259738 0.997073 0.076409 -0.00512041 -0.076395 0.997064 0.131015 1.51977 -3.43202
FixedParameters: 0 0 0

#Transform 215
Transform: AffineTransform_float_3_3
Parameters: 0.999981 -0.00224593 0.00584167 0.00179705 0.997125 0.07575 -0.00599534 -0.075738 0.997109 0.147486 1.48113 -3.22007
FixedParameters: 0 0 0

#Transform 216
Transform: AffineTransform_float_3_3
Parameters: 0.999979 -0.00265909 0.00593251 0.00219887 0.997086 0.0762556 -0.00611847 -0.0762413 0.99707 0.185551 1.4883 -3.19245
FixedParameters: 0 0 0

#Transform 217
Transform: AffineTransform_float_3_3
Parameters: 0.999986 -0.00274759 0.00442367 0.00239839 0.997031 0.0769637 -0.00462228 -0.0769523 0.997024 0.162955 1.5164 -3.23752
FixedParameters: 0 0 0

#Transform 218
Transform: AffineTransform_float_3_3
Parameters: 0.999989 -0.0024707 0.00399077 0.00213535 0.996627 0.0820384 -0.00417926 -0.0820286 0.996621 0.163629 1.57896 -3.83247
FixedParameters: 0 0 0

#Transform 219
Transform: AffineTransform_float_3_3
Parameters: 0.999991 -0.00384385 0.00208515 0.00364117 0.995951 0.0898315 -0.00242187 -0.0898236 0.995955 0.151204 1.60435 -4.1803
FixedParameters: 0 0 0

#Transform 220
Transform: AffineTransform_float_3_3
Parameters: 0.999995 -0.00318246 -5.77336e-05 0.00317456 0.995646 0.0931613 -0.000238784 -0.0931607 0.995651 0.108378 1.61976 -4.2635
FixedParameters: 0 0 0

#Transform 221
Transform: AffineTransform_float_3_3
Parameters: 0.999988 -0.00408739 0.00273802 0.00381162 0.995567 0.0939776 -0.00310995 -0.0939665 0.995571 0.109126 1.67701 -4.44242
FixedParameters: 0 0 0

#Transform 222
Transform: AffineTransform_float_3_3
Parameters: 0.999996 -0.00217665 0.00214572 0.00198433 0.996291 0.0860236 -0.00232532 -0.0860193 0.996291 0.115101 1.73805 -3.39545
FixedParameters: 0 0 0

#Transform 223
Transform: AffineTransform_float_3_3
Parameters: 0.999978 -0.00254709 0.0062441 0.00210392 0.997547 0.0699677 -0.00640689 -0.0699533 0.997529 0.111662 2.6832 -2.13832
FixedParameters: 0 0 0

#Transform 224
Transform: AffineTransform_float_3_3
Parameters: 1 -0.000730873 0.000939185 0.000631147 0.994758 0.10226 -0.00100883 -0.102259 0.994758 0.0281686 2.58527 -2.15988
FixedParameters: 0 0 0

#Transform 225
Transform: AffineTransform_float_3_3
Parameters: 0.999989 -0.000945175 0.00457159 0.000512786 0.995607 0.0936283 -0.00464039 -0.0936246 0.995596 0.21197 2.56303 -2.94851
FixedParameters: 0 0 0

#Transform 226
Transform: AffineTransform_float_3_3
Parameters: 0.999996 0.000299416 -0.00259263 -6.664e-05 0.996015 0.0891855 0.00260834 -0.0891845 0.996011 0.0789842 2.81705 -4.00831
FixedParameters: 0 0 0

#Transform 227
Transform: AffineTransform_float_3_3
Parameters: 0.999999 -0.000824363 0.00107143 0.000739669 0.997003 0.0773659 -0.00113162 -0.0773652 0.997002 0.127616 2.43927 -4.28283
FixedParameters: 0 0 0

#Transform 228
Transform: AffineTransform_float_3_3
Parameters: 0.999999 0.000139951 -0.000901205 -7.40638e-05 0.997349 0.0727691 0.000908799 -0.0727689 0.997349 0.19985 2.29046 -4.35431
FixedParameters: 0 0 0

#Transform 229
Transform: AffineTransform_float_3_3
Parameters: 0.999999 -0.000524728 0.000769503 0.000465234 0.997134 0.0756634 -0.000807516 -0.0756636 0.997133 0.20613 2.26918 -4.3977
FixedParameters: 0 0 0

#Transform 230
Transform: AffineTransform_float_3_3
Parameters: 0.999991 -0.00288865 0.00333703 0.00263635 0.997301 0.0733826 -0.00353999 -0.0733725 0.997299 0.235045 2.25785 -4.14815
FixedParameters: 0 0 0

#Transform 231
Transform: AffineTransform_float_3_3
Parameters: 0.999998 -0.00193205 0.00115207 0.00184796 0.997564 0.0697404 -0.001284 -0.0697378 0.997565 0.163404 2.19537 -4.18651
FixedParameters: 0 0 0

#Transform 232
Transform: AffineTransform_float_3_3
Parameters: 0.999998 -0.00163659 0.00129597 0.00154441 0.997651 0.0684811 -0.00140506 -0.0684788 0.997651 0.160931 2.17307 -4.24909
FixedParameters: 0 0 0

#Transform 233
Transform: AffineTransform_float_3_3
Parameters: 0.999998 -0.00134905 0.00190837 0.00121497 0.997611 0.0690806 -0.0019967 -0.0690775 0.99761 0.181936 2.17851 -4.29678
FixedParameters: 0 0 0

#Transform 234
Transform: AffineTransform_float_3_3
Parameters: 0.999998 -0.00159989 0.00108482 0.0015171 0.997366 0.0725278 -0.00119818 -0.0725252 0.997366 0.164742 2.22328 -4.09526
FixedParameters: 0 0 0

#Transform 235
Transform: AffineTransform_float_3_3
Parameters: 0.999998 -0.00167918 0.00096623 0.00160484 0.997387 0.0722347 -0.00108476 -0.0722334 0.997387 0.162072 2.21203 -4.16863
FixedParameters: 0 0 0

#Transform 236
Transform: AffineTransform_float_3_3
Parameters: 0.999998 -0.00185885 0.00086161 0.00179119 0.99733 0.0729967 -0.000994401 -0.0729943 0.997332 0.147717 2.22721 -4.17989
FixedParameters: 0 0 0

#Transform 237
Transform: AffineTransform_float_3_3
Parameters: 0.999999 -0.00146337 0.000264174 0.00144057 0.997295 0.0734885 -0.000371871 -0.0734885 0.997296 0.174334 2.23231 -4.10804
FixedParameters: 0 0 0

#Transform 238
Transform: AffineTransform_float_3_3
Parameters: 0.999987 -0.00358254 -0.00347757 0.00399751 0.991818 0.127596 0.00299237 -0.127608 0.99182 -0.225786 3.38406 -1.85055
FixedParameters: 0 0 0

#Transform 239
Transform: AffineTransform_float_3_3
Parameters: 0.999973 -0.00450979 0.00588833 0.00374525 0.992277 0.123985 -0.0064017 -0.123959 0.992266 0.0528054 2.85453 -3.94924
FixedParameters: 0 0 0

#Transform 240
Transform: AffineTransform_float_3_3
Parameters: 0.999976 -0.00350715 0.00598976 0.00297182 0.996179 0.0872859 -0.00627331 -0.0872661 0.996166 0.173432 2.28856 -4.50097
FixedParameters: 0 0 0

#Transform 241
Transform: AffineTransform_float_3_3
Parameters: 0.999988 0.00272814 -0.00392398 -0.00244885 0.997581 0.0694633 0.004104 -0.0694535 0.997577 0.184302 2.0947 -4.31804
FixedParameters: 0 0 0

#Transform 242
Transform: AffineTransform_float_3_3
Parameters: 0.999993 -0.00259665 -0.00274575 0.00276636 0.997947 0.0639738 0.00257429 -0.0639811 0.997948 0.218337 2.10769 -4.70874
FixedParameters: 0 0 0

#Transform 243
Transform: AffineTransform_float_3_3
Parameters: 0.999998 -0.00107247 0.00127825 0.000981476 0.99763 0.0687913 -0.00134971 -0.0687906 0.99763 0.140764 2.083 -4.59097
FixedParameters: 0 0 0

#Transform 244
Transform: AffineTransform_float_3_3
Parameters: 0.999996 -0.00179179 0.00229888 0.00162327 0.997444 0.071435 -0.00242014 -0.0714309 0.997442 0.18207 2.10038 -4.63371
FixedParameters: 0 0 0

#Transform 245
Transform: AffineTransform_float_3_3
Parameters: 0.999995 -0.00230924 0.00217336 0.00214972 0.997501 0.070618 -0.00233162 -0.070613 0.997501 0.173313 2.08609 -4.471
FixedParameters: 0 0 0

#Transform 246
Transform: AffineTransform_float_3_3
Parameters: 0.999995 -0.00226236 0.00230107 0.00209964 0.997636 0.0686772 -0.00245098 -0.0686718 0.997637 0.198743 2.08006 -4.52622
FixedParameters: 0 0 0

#Transform 247
Transform: AffineTransform_float_3_3
Parameters: 0.99999 -0.00274211 0.00355719 0.00249284 0.997666 0.0682375 -0.0037368 -0.0682284 0.997662 0.177686 2.09986 -4.33295
FixedParameters: 0 0 0

#Transform 248
Transform: AffineTransform_float_3_3
Parameters: 0.999977 -0.00235907 0.00624291 0.00195592 0.99795 0.0639576 -0.00638115 -0.0639444 0.997933 0.217601 2.10145 -3.64062
FixedParameters: 0 0 0

#Transform 249
Transform: AffineTransform_float_3_3
Parameters: 0.999984 -0.00442219 0.00351021 0.00426882 0.999087 0.0425107 -0.00369478 -0.0424953 0.99909 0.271689 2.16948 -3.60882
FixedParameters: 0 0 0

#Transform 250
Transform: AffineTransform_float_3_3
Parameters: 0.999989 -0.00241248 0.00419712 0.00222153 0.998993 0.0448098 -0.00430086 -0.0448001 0.998986 0.325722 1.75781 -4.01515
FixedParameters: 0 0 0

#Transform 251
Transform: AffineTransform_float_3_3
Parameters: 0.999891 -0.00704763 0.0129624 0.00639533 0.998746 0.0496433 -0.0132966 -0.0495547 0.998683 0.436706 1.89257 -4.83999
FixedParameters: 0 0 0

#Transform 252
Transform: AffineTransform_float_3_3
Parameters: 0.999923 -0.00561843 0.0111229 0.00503657 0.998653 0.051628 -0.0113981 -0.051568 0.998605 0.35026 1.9023 -4.38479
FixedParameters: 0 0 0

#Transform 253
Transform: AffineTransform_float_3_3
Parameters: 0.999961 -0.00425015 0.00765067 0.00383683 0.998575 0.0532294 -0.00786632 -0.0531976 0.998553 0.319342 1.90886 -4.22165
FixedParameters: 0 0 0

#Transform 254
Transform: AffineTransform_float_3_3
Parameters: 0.999962 -0.00371046 0.00791267 0.00321458 0.99808 0.0618578 -0.00812636 -0.0618302 0.998053 0.329472 2.11504 -4.19433
FixedParameters: 0 0 0

#Transform 255
Transform: AffineTransform_float_3_3
Parameters: 0.999902 -0.0101146 0.00974168 0.00884339 0.992401 0.122728 -0.0109094 -0.12263 0.992392 0.133112 2.57921 -4.49794
FixedParameters: 0 0 0

#Transform 256
Transform: AffineTransform_float_3_3
Parameters: 0.999966 -0.00403944 0.00727912 0.00355257 0.997828 0.0657751 -0.00752892 -0.0657469 0.997808 0.286146 2.07541 -4.57145
FixedParameters: 0 0 0

#Transform 257
Transform: AffineTransform_float_3_3
Parameters: 0.99996 -0.00462339 0.00757243 0.00410557 0.997747 0.0669708 -0.00786554 -0.0669373 0.997726 0.309051 2.10597 -4.61167
FixedParameters: 0 0 0

#Transform 258
Transform: AffineTransform_float_3_3
Parameters: 0.999972 -0.00419376 0.00609156 0.00378121 0.997796 0.0662579 -0.00635645 -0.0662332 0.997784 0.276181 2.0828 -4.49394
FixedParameters: 0 0 0

#Transform 259
Transform: AffineTransform_float_3_3
Parameters: 0.999982 -0.0046066 0.00380869 0.00431838 0.997353 0.0725907 -0.00413334 -0.0725733 0.997354 0.210714 2.2636 -4.14236
FixedParameters: 0 0 0

#Transform 260
Transform: AffineTransform_float_3_3
Parameters: 0.999985 -0.00509234 0.00167107 0.00489266 0.994662 0.103067 -0.0021869 -0.103057 0.994673 0.154943 2.47715 -3.91213
FixedParameters: 0 0 0

#Transform 261
Transform: AffineTransform_float_3_3
Parameters: 0.999968 -0.00548679 0.00579079 0.0048732 0.99486 0.101149 -0.00631624 -0.101118 0.994855 0.246294 2.52361 -3.22498
FixedParameters: 0 0 0

#Transform 262
Transform: AffineTransform_float_3_3
Parameters: 0.999969 -0.00441401 0.00640699 0.00382699 0.996033 0.0889042 -0.006774 -0.0888777 0.996019 0.280207 2.36524 -3.53921
FixedParameters: 0 0 0

#Transform 263
Transform: AffineTransform_float_3_3
Parameters: 0.99998 -0.00452941 0.00453271 0.00411465 0.996147 0.0875954 -0.00491126 -0.0875755 0.996146 0.257017 2.36514 -3.62601
FixedParameters: 0 0 0

#Transform 264
Transform: AffineTransform_float_3_3
Parameters: 0.999991 -0.00433336 0.000702126 0.00424266 0.995118 0.098608 -0.00112584 -0.0986041 0.995126 0.145493 2.51373 -3.51853
FixedParameters: 0 0 0

#Transform 265
Transform: AffineTransform_float_3_3
Parameters: 0.999978 -0.00653713 -0.000171739 0.00650589 0.991879 0.12702 -0.000659726 -0.127018 0.9919 0.119532 2.87646 -3.54166
FixedParameters: 0 0 0

#Transform 266
Transform: AffineTransform_float_3_3
Parameters: 0.99998 -0.00629755 -8.57895e-05 0.00625948 0.992159 0.124829 -0.000700848 -0.124827 0.992179 0.138144 2.83967 -3.53567
FixedParameters: 0 0 0

#Transform 267
Transform: AffineTransform_float_3_3
Parameters: 0.999977 -0.00658938 0.00157774 0.00634758 0.992525 0.121871 -0.00236921 -0.121857 0.992545 0.150831 2.81061 -3.6414
FixedParameters: 0 0 0

#Transform 268
Transform: AffineTransform_float_3_3
Parameters: 0.999984 -0.00566453 7.14709e-05 0.00561252 0.992273 0.123943 -0.000772588 -0.123941 0.99229 0.168471 2.87625 -3.53209
FixedParameters: 0 0 0

#Transform 269
Transform: AffineTransform_float_3_3
Parameters: 0.999969 -0.00761104 0.00207147 0.0072979 0.992361 0.123157 -0.00299352 -0.123138 0.992385 0.150966 2.83469 -3.63563
FixedParameters: 0 0 0

#Transform 270
Transform: AffineTransform_float_3_3
Parameters: 0.999957 -0.00702154 0.00601759 0.00628154 0.993327 0.115155 -0.00678536 -0.115112 0.99333 0.204053 2.73255 -3.59553
FixedParameters: 0 0 0

#Transform 271
Transform: AffineTransform_float_3_3
Parameters: 0.99996 -0.00751376 0.00482616 0.00691425 0.993442 0.114122 -0.00565187 -0.114084 0.993455 0.0367681 2.74971 -3.52719
FixedParameters: 0 0 0

#Transform 272
Transform: AffineTransform_float_3_3
Parameters: 0.999975 -0.00615274 0.00327879 0.00571924 0.992911 0.118721 -0.00398613 -0.118699 0.992923 0.0881513 2.83033 -3.47537
FixedParameters: 0 0 0

#Transform 273
Transform: AffineTransform_float_3_3
Parameters: 0.999981 -0.00493617 0.00375106 0.00464582 0.997263 0.0737818 -0.00410492 -0.0737622 0.997268 0.204891 2.31904 -3.72249
FixedParameters: 0 0 0

#Transform 274
Transform: AffineTransform_float_3_3
Parameters: 0.999929 -0.0114143 -0.00326805 0.0116357 0.996834 0.0786475 0.00235997 -0.0786805 0.996897 0.384812 1.52152 -4.1866
FixedParameters: 0 0 0

#Transform 275
Transform: AffineTransform_float_3_3
Parameters: 0.999968 -0.00735293 0.00315112 0.00710309 0.997301 0.0730847 -0.00367989 -0.0730603 0.99732 0.265102 2.04451 -4.01129
FixedParameters: 0 0 0

#Transform 276
Transform: AffineTransform_float_3_3
Parameters: 0.999921 -0.00952625 0.00813885 0.00892674 0.997447 0.0708482 -0.0087932 -0.0707708 0.997454 0.180525 1.9281 -4.13129
FixedParameters: 0 0 0

#Transform 277
Transform: AffineTransform_float_3_3
Parameters: 0.99992 -0.00927646 0.00862212 0.00862854 0.997336 0.0724242 -0.00927091 -0.0723437 0.997336 0.269459 2.00343 -4.05549
FixedParameters: 0 0 0

#Transform 278
Transform: AffineTransform_float_3_3
Parameters: 0.999956 -0.00733611 0.00585684 0.00689795 0.997409 0.0716095 -0.00636615 -0.0715654 0.997415 0.292599 1.94729 -4.40298
FixedParameters: 0 0 0

#Transform 279
Transform: AffineTransform_float_3_3
Parameters: 0.999959 -0.00724373 0.00530154 0.00683531 0.997277 0.0734282 -0.00581848 -0.0733888 0.997287 0.302447 1.95524 -4.32477
FixedParameters: 0 0 0

#Transform 280
Transform: AffineTransform_float_3_3
Parameters: 0.999959 -0.0078241 0.00467339 0.00744085 0.997001 0.077022 -0.00526261 -0.076984 0.997019 0.307859 2.02279 -4.34463
FixedParameters: 0 0 0

#Transform 281
Transform: AffineTransform_float_3_3
Parameters: 0.999962 -0.00759013 0.00442663 0.00722585 0.996992 0.077164 -0.00499936 -0.077129 0.997008 0.297342 2.00844 -4.29336
FixedParameters: 0 0 0

#Transform 282
Transform: AffineTransform_float_3_3
Parameters: 0.999964 -0.00743531 0.00402883 0.00711069 0.997138 0.0752763 -0.00457714 -0.0752447 0.997154 0.290587 2.00076 -4.26197
FixedParameters: 0 0 0

#Transform 283
Transform: AffineTransform_float_3_3
Parameters: 0.999962 -0.00753293 0.00422066 0.00719503 0.997153 0.0750511 -0.00477434 -0.0750178 0.997171 0.28251 2.03026 -4.18463
FixedParameters: 0 0 0

#Transform 284
Transform: AffineTransform_float_3_3
Parameters: 0.999962 -0.00734001 0.00455322 0.00696901 0.997027 0.0767466 -0.00510278 -0.0767124 0.99704 0.286008 2.02965 -4.11796
FixedParameters: 0 0 0

#Transform 285
Transform: AffineTransform_float_3_3
Parameters: 0.999969 -0.00682115 0.00396781 0.00649891 0.997071 0.0762062 -0.00447518 -0.0761779 0.997084 0.289855 2.01992 -4.15182
FixedParameters: 0 0 0

#Transform 286
Transform: AffineTransform_float_3_3
Parameters: 0.999969 -0.00665275 0.00422556 0.00632522 0.997287 0.073339 -0.00470246 -0.07331 0.997298 0.280579 1.96753 -3.98762
FixedParameters: 0 0 0

#Transform 287
Transform: AffineTransform_float_3_3
Parameters: 0.999961 -0.00716691 0.00511719 0.00676912 0.99724 0.0739426 -0.00563283 -0.0739056 0.99725 0.297711 2.0286 -4.00266
FixedParameters: 0 0 0

#Transform 288
Transform: AffineTransform_float_3_3
Parameters: 0.999957 -0.00761799 0.00517353 0.00720404 0.997096 0.0758055 -0.00573547 -0.0757655 0.997109 0.272978 2.03545 -4.08345
FixedParameters: 0 0 0

#Transform 289
Transform: AffineTransform_float_3_3
Parameters: 0.999953 -0.00773797 0.00591475 0.00725609 0.99696 0.0775685 -0.00649625 -0.0775213 0.996969 0.284726 2.05899 -4.08273
FixedParameters: 0 0 0

#Transform 290
Transform: AffineTransform_float_3_3
Parameters: 0.999948 -0.00811285 0.00625702 0.00757916 0.996679 0.0810767 -0.006894 -0.0810253 0.996688 0.291019 2.12156 -4.0678
FixedParameters: 0 0 0

#Transform 291
Transform: AffineTransform_float_3_3
Parameters: 0.999944 -0.00843046 0.00636093 0.00789053 0.996721 0.0805326 -0.00701902 -0.0804773 0.996731 0.273411 2.11162 -4.09265
FixedParameters: 0 0 0

#Transform 292
Transform: AffineTransform_float_3_3
Parameters: 0.999953 -0.0080156 0.00536489 0.00754438 0.996538 0.0827983 -0.00601013 -0.0827536 0.996552 0.289367 2.11452 -4.08527
FixedParameters: 0 0 0

#Transform 293
Transform: AffineTransform_float_3_3
Parameters: 0.99997 -0.00566134 0.00540972 0.00520372 0.996692 0.0811076 -0.00585026 -0.0810773 0.99669 0.308492 2.1218 -3.88276
FixedParameters: 0 0 0

#Transform 294
Transform: AffineTransform_float_3_3
Parameters: 0.999964 -0.00664971 0.00513216 0.00621231 0.996706 0.0808668 -0.00565277 -0.0808323 0.996711 0.282095 2.12614 -3.92002
FixedParameters: 0 0 0

#Transform 295
Transform: AffineTransform_float_3_3
Parameters: 0.999966 -0.00676958 0.00469863 0.00636839 0.996712 0.0807767 -0.00523041 -0.0807443 0.996721 0.295072 2.13725 -3.98091
FixedParameters: 0 0 0

#Transform 296
Transform: AffineTransform_float_3_3
Parameters: 0.999964 -0.00685849 0.00486301 0.00643952 0.996662 0.0813922 -0.00540496 -0.0813589 0.996671 0.286765 2.1413 -3.95857
FixedParameters: 0 0 0

#Transform 297
Transform: AffineTransform_float_3_3
Parameters: 0.999962 -0.00716251 0.00495616 0.00673141 0.996593 0.0821944 -0.00552887 -0.0821575 0.996604 0.27109 2.1403 -4.00022
FixedParameters: 0 0 0

#Transform 298
Transform: AffineTransform_float_3_3
Parameters: 0.999934 -0.00576479 0.00999664 0.00490818 0.996478 0.0837097 -0.0104444 -0.0836544 0.99644 0.488588 2.74824 -3.48006
FixedParameters: 0 0 0

#Transform 299
Transform: AffineTransform_float_3_3
Parameters: 0.999935 -0.00714119 0.00888636 0.00641476 0.996836 0.0792242 -0.00942462 -0.0791619 0.996817 0.379027 2.49191 -3.10782
FixedParameters: 0 0 0
