#!ascii label  , from subject sub-v1s21x0050390_ses-1 vox2ras=TkReg
752
40758  31.690  -34.353  42.664 0.0000000000
55898  51.694  -19.046  23.991 0.0000000000
57615  51.004  -17.323  19.065 0.0000000000
51912  51.653  -23.569  34.465 0.0000000000
40799  38.282  -34.464  39.782 0.0000000000
36899  35.598  -37.537  42.357 0.0000000000
59423  51.461  -14.647  22.495 0.0000000000
57553  57.770  -17.446  26.292 0.0000000000
50922  47.141  -25.481  36.835 0.0000000000
43973  43.089  -32.733  40.491 0.0000000000
59496  58.966  -15.483  17.186 0.0000000000
114913  50.470  -13.470  18.933 0.0000000000
111045  47.185  -22.641  31.323 0.0000000000
55830  53.444  -20.234  30.281 0.0000000000
39789  34.657  -35.758  42.060 0.0000000000
39751  33.227  -35.810  42.707 0.0000000000
58481  51.123  -16.270  23.681 0.0000000000
60416  54.812  -14.521  24.662 0.0000000000
57563  54.311  -17.011  25.588 0.0000000000
45043  48.643  -30.311  37.343 0.0000000000
39767  40.067  -35.540  42.673 0.0000000000
42988  40.950  -33.103  40.295 0.0000000000
39763  42.474  -35.162  41.477 0.0000000000
61359  57.966  -13.169  19.681 0.0000000000
112913  55.770  -15.579  16.982 0.0000000000
61376  54.857  -13.433  19.499 0.0000000000
60471  50.154  -14.148  19.540 0.0000000000
123332  48.973  -13.643  18.567 0.0000000000
115952  49.887  -14.707  18.155 0.0000000000
60507  49.845  -14.626  16.222 0.0000000000
56780  49.690  -18.282  17.790 0.0000000000
50949  49.868  -24.261  36.004 0.0000000000
52811  46.764  -22.921  34.589 0.0000000000
52821  49.940  -21.891  33.605 0.0000000000
125211  49.982  -21.485  31.141 0.0000000000
53779  52.522  -21.586  32.618 0.0000000000
53791  54.787  -21.267  30.947 0.0000000000
51934  53.097  -23.659  32.283 0.0000000000
39786  37.313  -35.709  42.047 0.0000000000
124621  49.596  -15.096  20.590 0.0000000000
58523  51.392  -15.884  20.668 0.0000000000
58507  54.254  -17.102  22.260 0.0000000000
56732  57.200  -18.262  24.097 0.0000000000
47037  45.475  -29.210  39.066 0.0000000000
47049  47.462  -27.731  38.901 0.0000000000
47980  49.760  -26.985  37.213 0.0000000000
47997  51.011  -26.850  35.166 0.0000000000
48995  51.622  -25.743  33.950 0.0000000000
44005  43.259  -30.895  38.481 0.0000000000
43982  45.312  -31.680  39.976 0.0000000000
59542  59.248  -15.602  13.664 0.0000000000
63263  52.717  -11.035  20.241 0.0000000000
61412  52.262  -14.008  17.261 0.0000000000
133641  49.398  -15.743  14.206 0.0000000000
118736  53.664  -19.385  26.804 0.0000000000
56692  55.955  -18.427  28.958 0.0000000000
54871  56.994  -20.776  28.216 0.0000000000
39753  31.667  -35.240  42.587 0.0000000000
39752  32.490  -35.394  42.718 0.0000000000
37815  32.941  -36.585  42.363 0.0000000000
56726  51.687  -18.032  24.178 0.0000000000
58465  52.172  -16.330  24.661 0.0000000000
55896  53.013  -18.421  24.865 0.0000000000
39765  40.929  -35.698  42.290 0.0000000000
63260  56.221  -11.380  20.316 0.0000000000
61361  56.657  -12.798  20.262 0.0000000000
62309  55.234  -11.467  20.659 0.0000000000
111473  50.575  -15.947  19.355 0.0000000000
59468  50.145  -14.312  19.127 0.0000000000
58566  50.039  -16.427  18.153 0.0000000000
58567  49.639  -15.957  17.554 0.0000000000
51900  51.365  -24.059  35.034 0.0000000000
52808  49.564  -22.801  35.050 0.0000000000
52807  51.017  -22.392  34.312 0.0000000000
53768  51.482  -21.772  33.461 0.0000000000
115704  52.074  -22.650  33.628 0.0000000000
52828  53.012  -22.611  32.665 0.0000000000
50973  52.359  -24.382  33.400 0.0000000000
39788  35.574  -35.910  41.753 0.0000000000
38785  36.490  -36.907  42.590 0.0000000000
38783  38.286  -36.531  42.727 0.0000000000
58497  49.919  -16.077  22.538 0.0000000000
58525  49.253  -15.760  21.103 0.0000000000
59432  49.862  -15.049  21.224 0.0000000000
59438  50.255  -14.503  20.506 0.0000000000
59429  51.609  -14.839  22.062 0.0000000000
58508  52.562  -16.228  21.586 0.0000000000
59421  52.891  -14.218  23.072 0.0000000000
58451  56.657  -16.088  25.506 0.0000000000
58478  56.675  -16.725  24.173 0.0000000000
57569  58.268  -17.913  25.007 0.0000000000
54928  57.702  -19.835  24.342 0.0000000000
55878  58.562  -19.146  26.146 0.0000000000
128251  46.532  -30.009  39.593 0.0000000000
47961  46.252  -28.258  38.785 0.0000000000
46060  47.228  -29.675  39.436 0.0000000000
119102  49.458  -28.878  37.175 0.0000000000
48968  50.634  -26.890  36.508 0.0000000000
42975  42.219  -33.283  41.163 0.0000000000
42999  42.177  -32.185  39.441 0.0000000000
43996  43.460  -31.242  39.861 0.0000000000
45005  44.177  -31.076  39.840 0.0000000000
43972  43.739  -32.411  40.265 0.0000000000
61391  59.726  -14.127  18.035 0.0000000000
115218  59.050  -15.806  15.411 0.0000000000
59485  54.876  -15.567  16.355 0.0000000000
61399  49.758  -13.634  19.147 0.0000000000
61400  49.115  -12.985  18.506 0.0000000000
62324  50.108  -12.184  19.414 0.0000000000
63266  50.695  -11.033  19.697 0.0000000000
62322  51.275  -12.161  20.342 0.0000000000
62338  52.183  -12.839  19.024 0.0000000000
121864  51.006  -13.248  18.483 0.0000000000
58581  48.598  -16.468  15.703 0.0000000000
59519  49.436  -15.282  15.435 0.0000000000
49944  46.651  -26.405  37.367 0.0000000000
50936  46.509  -24.867  36.159 0.0000000000
52832  47.195  -22.723  32.964 0.0000000000
51926  45.581  -23.337  33.472 0.0000000000
54854  52.016  -20.555  30.727 0.0000000000
53811  50.218  -21.312  29.699 0.0000000000
125195  51.600  -20.667  28.922 0.0000000000
54882  51.789  -20.523  27.567 0.0000000000
55856  53.268  -19.964  28.911 0.0000000000
55869  55.008  -18.452  28.168 0.0000000000
132696  54.526  -19.572  29.852 0.0000000000
120941  55.165  -22.280  30.543 0.0000000000
53801  55.801  -21.046  30.220 0.0000000000
52866  55.572  -22.504  29.879 0.0000000000
52879  56.413  -22.356  28.409 0.0000000000
39772  34.237  -35.968  42.638 0.0000000000
37813  34.291  -37.004  42.459 0.0000000000
36914  34.568  -37.945  42.069 0.0000000000
37828  33.423  -37.213  42.145 0.0000000000
59413  51.613  -14.898  23.463 0.0000000000
60426  52.432  -13.656  23.562 0.0000000000
59399  52.722  -14.004  24.486 0.0000000000
123612  54.882  -15.069  25.975 0.0000000000
58438  55.895  -16.111  26.202 0.0000000000
40782  39.246  -34.313  41.153 0.0000000000
41898  39.589  -33.736  39.829 0.0000000000
41851  40.445  -34.723  42.100 0.0000000000
41849  41.626  -34.171  41.661 0.0000000000
41847  42.786  -34.055  41.149 0.0000000000
41865  44.203  -33.769  40.354 0.0000000000
39783  43.659  -35.098  40.622 0.0000000000
59465  58.323  -14.738  18.825 0.0000000000
128954  57.165  -15.671  17.191 0.0000000000
60467  57.015  -14.542  19.365 0.0000000000
60480  55.555  -15.162  17.997 0.0000000000
60493  53.963  -15.207  16.874 0.0000000000
60473  49.711  -14.256  19.409 0.0000000000
59469  49.798  -14.042  18.991 0.0000000000
59486  49.872  -14.316  18.186 0.0000000000
114070  49.903  -14.338  17.731 0.0000000000
60497  50.127  -14.020  16.952 0.0000000000
114492  49.667  -15.117  17.373 0.0000000000
57663  49.081  -17.077  16.905 0.0000000000
50933  48.185  -24.765  36.614 0.0000000000
51892  46.917  -23.928  36.085 0.0000000000
51903  48.410  -23.629  35.771 0.0000000000
52822  48.377  -22.438  34.174 0.0000000000
121074  48.591  -22.225  32.356 0.0000000000
126424  48.541  -22.263  30.738 0.0000000000
53782  50.164  -21.603  32.667 0.0000000000
53794  51.659  -21.082  32.135 0.0000000000
54841  52.882  -20.815  31.525 0.0000000000
54851  54.076  -20.468  30.770 0.0000000000
53793  53.704  -21.611  31.792 0.0000000000
52842  54.086  -22.406  31.611 0.0000000000
51943  53.763  -23.192  31.545 0.0000000000
39815  34.883  -35.517  39.914 0.0000000000
128900  36.533  -35.497  40.477 0.0000000000
40771  37.934  -35.136  41.361 0.0000000000
114063  38.508  -35.856  42.703 0.0000000000
37808  39.452  -36.878  42.676 0.0000000000
59439  49.914  -14.396  20.082 0.0000000000
58524  50.687  -15.359  20.174 0.0000000000
58536  51.274  -16.631  19.765 0.0000000000
58522  52.209  -16.702  20.844 0.0000000000
57591  53.458  -17.332  21.569 0.0000000000
119602  54.993  -18.015  22.689 0.0000000000
58480  55.112  -15.484  23.466 0.0000000000
57583  56.100  -17.748  23.410 0.0000000000
46088  44.754  -29.198  38.177 0.0000000000
47062  45.787  -28.012  38.227 0.0000000000
48946  46.666  -27.194  38.302 0.0000000000
48958  47.566  -26.478  37.891 0.0000000000
46073  48.580  -29.438  38.459 0.0000000000
47969  48.990  -28.118  38.077 0.0000000000
49941  48.113  -25.912  37.447 0.0000000000
117162  49.779  -25.465  36.761 0.0000000000
49964  51.311  -25.634  35.796 0.0000000000
50947  51.736  -25.079  35.124 0.0000000000
49974  52.189  -24.991  33.949 0.0000000000
123270  51.418  -26.091  34.307 0.0000000000
45032  44.431  -30.074  39.185 0.0000000000
46048  45.375  -30.111  39.508 0.0000000000
43981  46.050  -31.412  39.911 0.0000000000
41882  45.033  -33.912  39.970 0.0000000000
41880  46.072  -32.917  39.643 0.0000000000
59541  60.157  -15.046  13.170 0.0000000000
64134  53.532  -10.737  20.149 0.0000000000
62320  53.753  -11.981  20.065 0.0000000000
61395  53.442  -13.815  18.429 0.0000000000
60494  52.865  -14.813  16.547 0.0000000000
60496  50.759  -14.057  16.507 0.0000000000
60505  51.240  -14.631  15.565 0.0000000000
59516  51.802  -15.247  14.813 0.0000000000
129173  45.919  -23.755  34.448 0.0000000000
54906  51.684  -20.716  25.428 0.0000000000
55890  53.000  -19.693  25.410 0.0000000000
55880  54.096  -18.740  26.116 0.0000000000
57543  55.492  -17.730  27.196 0.0000000000
56700  57.028  -18.135  27.941 0.0000000000
55841  55.576  -19.444  29.822 0.0000000000
55853  56.670  -19.163  28.895 0.0000000000
55868  57.870  -19.266  27.475 0.0000000000
53827  57.470  -21.076  27.379 0.0000000000
50982  52.355  -24.655  32.994 0.0000000000
50988  52.572  -24.461  32.396 0.0000000000
40737  31.767  -34.747  42.678 0.0000000000
40738  31.060  -34.657  42.551 0.0000000000
41836  31.013  -34.053  42.638 0.0000000000
57570  52.321  -17.634  24.604 0.0000000000
56725  52.363  -18.742  24.393 0.0000000000
62296  55.937  -11.329  20.558 0.0000000000
63278  55.102  -10.752  20.061 0.0000000000
58550  50.214  -15.585  18.817 0.0000000000
118314  50.475  -16.883  18.620 0.0000000000
51913  50.942  -23.055  34.787 0.0000000000
130617  51.377  -22.806  34.287 0.0000000000
52819  51.550  -22.342  33.863 0.0000000000
51925  51.846  -23.088  33.995 0.0000000000
51924  52.334  -23.405  33.559 0.0000000000
51911  52.159  -24.046  34.012 0.0000000000
38786  35.442  -36.767  42.515 0.0000000000
38799  36.171  -36.626  42.459 0.0000000000
130698  36.435  -37.229  42.513 0.0000000000
37811  36.347  -37.541  42.374 0.0000000000
59424  50.614  -15.229  22.460 0.0000000000
59425  50.130  -15.066  21.895 0.0000000000
129829  50.873  -14.624  21.869 0.0000000000
132380  51.286  -14.518  21.953 0.0000000000
59422  51.978  -14.113  22.771 0.0000000000
58436  57.335  -16.672  25.863 0.0000000000
58463  57.331  -16.511  25.052 0.0000000000
57562  57.938  -17.214  25.405 0.0000000000
56716  58.505  -18.563  25.567 0.0000000000
56708  58.442  -18.598  26.219 0.0000000000
45019  46.999  -30.478  39.492 0.0000000000
45018  47.701  -30.395  39.020 0.0000000000
42986  42.515  -32.830  40.748 0.0000000000
43000  41.747  -32.633  40.066 0.0000000000
43984  42.931  -32.267  40.409 0.0000000000
43997  42.843  -31.743  39.894 0.0000000000
43983  43.506  -31.862  40.178 0.0000000000
59481  59.625  -15.014  17.829 0.0000000000
60492  60.216  -14.552  17.454 0.0000000000
59495  59.672  -15.307  16.814 0.0000000000
59509  59.862  -15.406  15.948 0.0000000000
59510  58.669  -15.792  16.182 0.0000000000
61379  50.294  -13.049  19.547 0.0000000000
62323  50.731  -12.353  20.112 0.0000000000
61398  50.855  -12.940  19.713 0.0000000000
57677  48.247  -17.063  15.434 0.0000000000
58589  48.470  -16.351  15.010 0.0000000000
49943  46.969  -26.072  37.242 0.0000000000
49955  46.675  -25.605  36.701 0.0000000000
50935  46.791  -24.769  36.333 0.0000000000
113378  47.606  -22.565  32.223 0.0000000000
52844  46.151  -22.764  31.232 0.0000000000
54864  52.619  -20.382  30.148 0.0000000000
54865  51.785  -20.634  29.728 0.0000000000
54873  52.393  -20.357  29.138 0.0000000000
55844  53.214  -20.134  29.684 0.0000000000
55843  54.057  -19.687  29.598 0.0000000000
52854  54.934  -22.836  30.375 0.0000000000
51957  55.292  -23.046  29.630 0.0000000000
39774  32.852  -35.340  42.749 0.0000000000
39773  33.434  -35.654  42.688 0.0000000000
39750  33.935  -36.115  42.645 0.0000000000
38788  33.737  -36.410  42.567 0.0000000000
37814  33.541  -36.799  42.386 0.0000000000
57578  50.556  -17.262  23.598 0.0000000000
57585  49.967  -17.153  23.054 0.0000000000
58496  50.455  -16.172  23.128 0.0000000000
59400  52.093  -14.979  24.281 0.0000000000
58466  51.669  -15.890  24.124 0.0000000000
58453  53.731  -15.724  25.437 0.0000000000
58452  54.713  -15.713  25.908 0.0000000000
59371  55.240  -15.333  25.886 0.0000000000
58439  55.391  -15.802  26.072 0.0000000000
40753  39.871  -35.189  42.549 0.0000000000
40769  39.612  -34.704  42.022 0.0000000000
40752  40.467  -35.159  42.417 0.0000000000
39764  41.646  -35.163  41.703 0.0000000000
40751  40.977  -35.035  41.890 0.0000000000
40750  41.804  -34.527  41.623 0.0000000000
41848  42.330  -33.962  41.504 0.0000000000
40749  42.459  -34.502  41.469 0.0000000000
40768  42.953  -34.298  41.087 0.0000000000
62316  57.974  -12.677  19.435 0.0000000000
62305  58.265  -13.080  19.420 0.0000000000
61373  58.747  -13.552  18.969 0.0000000000
122700  58.067  -13.991  19.403 0.0000000000
60466  57.718  -14.420  19.336 0.0000000000
60457  57.468  -13.641  19.833 0.0000000000
61375  55.862  -13.658  19.758 0.0000000000
60468  56.112  -14.558  19.088 0.0000000000
60469  55.150  -14.428  18.808 0.0000000000
60481  54.576  -14.918  17.859 0.0000000000
60470  54.255  -14.145  18.597 0.0000000000
60472  50.022  -14.095  19.421 0.0000000000
58551  50.054  -15.237  18.443 0.0000000000
57647  49.640  -17.286  17.564 0.0000000000
56794  49.143  -18.008  17.128 0.0000000000
51890  48.814  -24.144  36.218 0.0000000000
119240  49.539  -22.303  34.381 0.0000000000
114204  48.994  -22.186  33.453 0.0000000000
130717  49.404  -21.932  32.839 0.0000000000
53780  51.909  -21.461  32.813 0.0000000000
53781  51.136  -21.380  32.827 0.0000000000
54842  52.241  -20.755  31.541 0.0000000000
115163  52.376  -21.145  32.139 0.0000000000
54827  53.001  -21.235  32.031 0.0000000000
118084  53.239  -23.098  32.382 0.0000000000
52843  53.530  -22.450  32.170 0.0000000000
51933  53.561  -22.961  32.022 0.0000000000
129079  34.509  -35.460  40.493 0.0000000000
39802  34.910  -35.661  40.977 0.0000000000
39770  36.469  -36.204  42.315 0.0000000000
39787  36.470  -35.759  41.378 0.0000000000
39800  37.170  -35.395  40.910 0.0000000000
40755  38.226  -35.472  42.291 0.0000000000
39769  37.713  -35.975  42.632 0.0000000000
59440  49.263  -15.164  20.051 0.0000000000
59437  50.780  -14.832  20.786 0.0000000000
124187  51.922  -17.180  20.137 0.0000000000
126386  53.327  -16.368  22.026 0.0000000000
56749  54.131  -18.236  22.047 0.0000000000
113589  55.066  -17.297  22.823 0.0000000000
118822  53.760  -13.491  24.413 0.0000000000
59411  53.448  -13.478  23.833 0.0000000000
59409  55.138  -15.013  24.165 0.0000000000
57576  56.681  -17.635  23.858 0.0000000000
126880  56.282  -17.043  23.674 0.0000000000
56740  55.696  -18.462  23.157 0.0000000000
56739  56.444  -18.381  23.548 0.0000000000
47051  45.279  -28.991  38.763 0.0000000000
47063  45.351  -28.616  38.382 0.0000000000
47050  45.793  -28.516  38.726 0.0000000000
47960  46.776  -28.067  39.028 0.0000000000
47972  46.562  -27.693  38.620 0.0000000000
47971  46.965  -27.382  38.677 0.0000000000
48945  47.192  -26.937  38.318 0.0000000000
124122  47.448  -27.210  38.596 0.0000000000
45031  48.372  -30.322  38.257 0.0000000000
46087  48.805  -29.882  37.739 0.0000000000
117073  49.667  -27.852  37.306 0.0000000000
47981  48.801  -27.116  37.913 0.0000000000
48957  48.194  -26.472  37.883 0.0000000000
48956  48.930  -26.315  37.492 0.0000000000
49953  48.998  -25.599  37.118 0.0000000000
48969  49.842  -26.158  37.012 0.0000000000
48978  51.000  -27.038  35.786 0.0000000000
48967  51.172  -26.442  36.026 0.0000000000
48977  51.388  -26.409  35.339 0.0000000000
124412  51.747  -25.883  35.008 0.0000000000
48987  51.510  -26.219  34.611 0.0000000000
110383  40.230  -33.543  40.509 0.0000000000
117569  39.657  -33.578  39.084 0.0000000000
41897  40.248  -33.327  39.563 0.0000000000
44014  42.986  -31.179  37.588 0.0000000000
114495  43.469  -30.627  37.788 0.0000000000
46089  43.964  -29.964  37.620 0.0000000000
45045  43.821  -30.284  38.534 0.0000000000
119322  44.739  -31.243  39.850 0.0000000000
45004  44.883  -30.558  39.612 0.0000000000
45003  45.490  -30.768  39.786 0.0000000000
42983  45.790  -32.279  39.931 0.0000000000
41895  46.092  -33.507  39.185 0.0000000000
59526  59.655  -15.528  14.911 0.0000000000
59543  58.446  -15.627  12.821 0.0000000000
59498  56.532  -15.673  16.866 0.0000000000
60485  48.742  -13.992  18.383 0.0000000000
124465  48.290  -13.723  17.907 0.0000000000
63264  51.680  -11.233  20.221 0.0000000000
64137  51.033  -10.615  19.421 0.0000000000
64135  52.433  -10.649  19.916 0.0000000000
64155  52.512  -10.413  19.241 0.0000000000
62310  53.702  -11.067  20.390 0.0000000000
113556  53.031  -11.606  20.087 0.0000000000
61397  51.771  -13.262  18.180 0.0000000000
61396  52.618  -13.537  18.222 0.0000000000
60483  53.154  -14.394  17.494 0.0000000000
60495  51.801  -14.383  16.373 0.0000000000
127974  49.608  -15.456  14.584 0.0000000000
59518  49.922  -14.943  15.163 0.0000000000
59517  50.729  -14.940  14.908 0.0000000000
59535  50.342  -15.343  14.349 0.0000000000
52798  46.973  -23.178  35.343 0.0000000000
51905  46.598  -23.556  35.516 0.0000000000
51915  46.356  -23.286  34.919 0.0000000000
53797  49.304  -21.882  31.076 0.0000000000
53818  50.280  -21.221  28.697 0.0000000000
54892  52.698  -20.151  26.993 0.0000000000
54893  51.777  -20.598  26.539 0.0000000000
54905  52.511  -20.288  25.895 0.0000000000
55881  53.120  -19.821  26.157 0.0000000000
116582  53.547  -19.210  25.768 0.0000000000
56693  55.339  -18.637  29.054 0.0000000000
56701  55.829  -18.068  28.366 0.0000000000
57542  56.243  -17.525  27.557 0.0000000000
57524  56.404  -18.024  28.248 0.0000000000
119760  54.685  -20.570  30.696 0.0000000000
130247  54.560  -20.070  30.350 0.0000000000
55828  55.152  -20.007  30.311 0.0000000000
114292  56.531  -21.106  29.129 0.0000000000
54862  56.235  -20.561  29.702 0.0000000000
54872  56.695  -20.131  29.023 0.0000000000
56690  57.245  -18.786  28.168 0.0000000000
55852  57.268  -19.679  28.258 0.0000000000
119712  57.728  -20.159  27.499 0.0000000000
52891  56.716  -22.715  27.518 0.0000000000
49986  51.942  -25.494  33.945 0.0000000000
49985  52.138  -25.055  33.531 0.0000000000
130052  51.926  -25.308  33.639 0.0000000000
38789  33.018  -36.163  42.623 0.0000000000
38790  32.306  -35.912  42.492 0.0000000000
56734  50.267  -18.376  23.200 0.0000000000
57577  51.104  -17.356  24.016 0.0000000000
57564  53.111  -17.031  25.153 0.0000000000
38781  40.466  -36.171  42.697 0.0000000000
39766  40.481  -35.607  42.583 0.0000000000
38797  40.874  -36.317  42.188 0.0000000000
120306  41.454  -35.846  41.828 0.0000000000
62306  57.598  -12.591  19.837 0.0000000000
61360  57.436  -12.735  20.038 0.0000000000
62307  56.731  -11.920  20.292 0.0000000000
62308  55.988  -11.696  20.634 0.0000000000
61362  55.564  -12.527  20.306 0.0000000000
132819  50.217  -14.847  19.320 0.0000000000
57646  50.158  -17.582  18.128 0.0000000000
51901  50.489  -23.688  35.399 0.0000000000
51902  49.465  -23.514  35.571 0.0000000000
51914  50.189  -23.030  35.116 0.0000000000
118440  50.350  -22.527  34.664 0.0000000000
52820  50.536  -22.085  34.154 0.0000000000
53769  50.786  -21.709  33.540 0.0000000000
127912  51.141  -22.024  33.944 0.0000000000
53767  52.112  -22.021  33.275 0.0000000000
52829  52.670  -22.098  32.875 0.0000000000
52818  52.526  -22.683  33.196 0.0000000000
51923  52.761  -23.497  32.903 0.0000000000
39771  35.238  -36.365  42.372 0.0000000000
114023  37.105  -36.426  42.586 0.0000000000
39748  37.976  -36.301  42.716 0.0000000000
38784  37.431  -36.710  42.663 0.0000000000
58510  49.411  -16.098  21.803 0.0000000000
59431  50.482  -14.689  21.255 0.0000000000
59430  51.130  -14.693  21.442 0.0000000000
58509  51.750  -15.656  21.342 0.0000000000
58495  52.581  -15.241  22.383 0.0000000000
58494  53.631  -15.705  22.600 0.0000000000
60407  55.308  -15.138  24.839 0.0000000000
59398  55.441  -15.222  24.602 0.0000000000
58464  56.752  -16.229  24.655 0.0000000000
58477  57.234  -16.811  24.579 0.0000000000
125792  57.776  -17.818  24.507 0.0000000000
55903  57.489  -19.040  24.125 0.0000000000
56724  57.999  -18.403  24.514 0.0000000000
55888  58.232  -19.861  25.065 0.0000000000
54904  58.103  -20.547  25.487 0.0000000000
46062  45.722  -29.444  39.285 0.0000000000
47036  45.908  -28.848  38.984 0.0000000000
46061  46.388  -29.392  39.473 0.0000000000
47034  46.942  -28.802  39.402 0.0000000000
128462  47.419  -28.353  39.170 0.0000000000
46086  49.039  -29.632  37.170 0.0000000000
47061  50.109  -28.231  36.486 0.0000000000
132818  50.254  -27.572  36.695 0.0000000000
47989  50.636  -27.677  36.148 0.0000000000
47998  50.620  -27.550  35.718 0.0000000000
42987  41.742  -33.134  40.960 0.0000000000
43024  42.089  -32.319  38.235 0.0000000000
43011  42.548  -31.822  39.024 0.0000000000
115250  43.031  -31.224  39.268 0.0000000000
45033  43.811  -30.708  39.389 0.0000000000
127143  44.132  -31.679  40.020 0.0000000000
42985  44.521  -32.061  40.083 0.0000000000
59494  60.510  -14.722  16.714 0.0000000000
59527  58.650  -15.869  14.480 0.0000000000
60484  49.391  -13.789  18.920 0.0000000000
61380  49.741  -12.898  19.086 0.0000000000
62312  50.644  -11.587  20.004 0.0000000000
62311  51.093  -11.642  20.376 0.0000000000
62321  52.118  -11.894  20.002 0.0000000000
62339  51.475  -12.718  19.518 0.0000000000
61413  51.301  -13.700  17.290 0.0000000000
59502  48.933  -15.808  15.599 0.0000000000
128363  48.997  -15.822  14.673 0.0000000000
48970  46.203  -26.262  36.845 0.0000000000
132045  46.632  -22.863  34.008 0.0000000000
52812  46.100  -23.105  34.121 0.0000000000
52824  46.451  -22.906  33.398 0.0000000000
52834  45.396  -22.986  32.081 0.0000000000
53804  50.500  -21.232  30.742 0.0000000000
54855  51.134  -20.912  30.220 0.0000000000
54866  50.994  -20.931  29.228 0.0000000000
54875  51.076  -20.828  28.237 0.0000000000
54883  50.910  -20.831  27.159 0.0000000000
54874  51.847  -20.507  28.385 0.0000000000
54881  52.529  -20.209  28.146 0.0000000000
55871  53.338  -19.719  27.918 0.0000000000
55870  54.145  -19.088  27.932 0.0000000000
55855  53.886  -19.494  28.699 0.0000000000
55854  54.558  -19.043  28.930 0.0000000000
129850  54.836  -19.190  29.561 0.0000000000
52841  54.738  -22.003  31.060 0.0000000000
54850  55.280  -20.769  30.530 0.0000000000
53802  55.301  -21.575  30.620 0.0000000000
52853  55.740  -21.845  30.098 0.0000000000
52865  56.191  -21.983  29.322 0.0000000000
53817  56.592  -21.606  28.574 0.0000000000
51968  55.846  -22.732  29.014 0.0000000000
39803  34.135  -35.357  41.209 0.0000000000
39790  33.794  -35.467  42.344 0.0000000000
39749  34.616  -36.402  42.514 0.0000000000
37812  35.110  -37.135  42.484 0.0000000000
36913  35.289  -37.936  42.165 0.0000000000
36900  34.826  -37.508  42.337 0.0000000000
37827  34.065  -37.412  42.255 0.0000000000
59414  50.963  -15.322  23.039 0.0000000000
116662  51.920  -13.946  23.145 0.0000000000
59412  52.232  -13.765  23.743 0.0000000000
60419  52.942  -13.236  24.080 0.0000000000
60418  53.545  -13.748  24.720 0.0000000000
58454  52.775  -15.430  24.946 0.0000000000
59386  53.354  -14.585  25.090 0.0000000000
60409  54.251  -14.045  24.998 0.0000000000
59383  55.193  -15.127  25.485 0.0000000000
59370  55.890  -15.703  25.809 0.0000000000
57554  57.077  -17.059  26.722 0.0000000000
43994  47.789  -30.995  38.458 0.0000000000
40783  38.481  -34.634  40.741 0.0000000000
40798  38.984  -34.120  40.203 0.0000000000
41884  40.175  -34.017  41.453 0.0000000000
41883  40.996  -33.503  41.212 0.0000000000
41850  40.900  -34.741  41.861 0.0000000000
41869  41.079  -34.120  41.743 0.0000000000
41868  41.748  -33.595  41.519 0.0000000000
42963  42.266  -33.569  41.446 0.0000000000
41867  42.595  -33.523  41.071 0.0000000000
42973  43.068  -33.142  40.560 0.0000000000
41866  43.193  -33.703  40.688 0.0000000000
40767  43.546  -34.326  40.671 0.0000000000
39798  44.233  -35.347  40.054 0.0000000000
60479  59.205  -14.580  18.443 0.0000000000
59482  58.728  -15.260  17.982 0.0000000000
59497  57.966  -15.735  16.986 0.0000000000
59483  57.722  -15.401  17.951 0.0000000000
59466  57.361  -15.035  18.690 0.0000000000
59484  56.727  -15.474  17.693 0.0000000000
60458  56.692  -13.895  19.841 0.0000000000
59467  56.479  -15.102  18.417 0.0000000000
130511  56.117  -15.396  17.741 0.0000000000
131872  54.927  -15.347  17.183 0.0000000000
59499  53.442  -15.349  15.965 0.0000000000
111626  48.933  -14.401  18.766 0.0000000000
59487  49.206  -14.097  18.668 0.0000000000
61415  50.097  -14.026  18.487 0.0000000000
61414  50.569  -13.704  17.687 0.0000000000
59501  49.553  -15.036  16.682 0.0000000000
58580  49.059  -16.055  16.496 0.0000000000
57664  48.609  -17.093  16.168 0.0000000000
50921  47.724  -25.438  36.928 0.0000000000
50934  47.393  -24.743  36.517 0.0000000000
51891  47.831  -24.099  36.248 0.0000000000
51904  47.453  -23.564  35.808 0.0000000000
52797  47.996  -23.136  35.351 0.0000000000
52796  48.849  -23.154  35.345 0.0000000000
52809  48.689  -22.689  34.912 0.0000000000
52810  47.658  -22.751  34.779 0.0000000000
52823  47.292  -22.676  33.883 0.0000000000
52831  48.013  -22.445  33.172 0.0000000000
112046  48.075  -22.434  31.412 0.0000000000
132794  48.752  -22.157  31.491 0.0000000000
52830  49.333  -21.895  32.017 0.0000000000
53796  49.874  -21.610  31.736 0.0000000000
53795  50.663  -21.267  31.808 0.0000000000
53803  51.374  -20.888  31.234 0.0000000000
54853  52.812  -20.498  30.941 0.0000000000
54852  53.471  -20.493  30.838 0.0000000000
54840  53.515  -20.886  31.389 0.0000000000
54839  54.201  -21.035  31.216 0.0000000000
53778  53.122  -21.869  32.418 0.0000000000
53792  54.345  -21.659  31.381 0.0000000000
52855  54.476  -22.650  30.993 0.0000000000
40800  37.550  -34.795  39.447 0.0000000000
39801  35.743  -35.651  40.525 0.0000000000
39812  37.008  -35.185  39.987 0.0000000000
40784  37.727  -34.922  40.345 0.0000000000
40754  39.058  -35.275  42.503 0.0000000000
39768  39.335  -35.781  42.748 0.0000000000
39747  38.674  -36.181  42.775 0.0000000000
125682  39.189  -36.398  42.783 0.0000000000
39746  39.955  -36.031  42.796 0.0000000000
59452  49.961  -14.132  19.773 0.0000000000
60445  50.085  -14.182  19.886 0.0000000000
59451  50.301  -14.606  19.814 0.0000000000
57614  51.591  -17.822  19.484 0.0000000000
57603  52.509  -17.740  20.473 0.0000000000
57592  52.864  -17.312  21.022 0.0000000000
59420  54.059  -14.812  23.228 0.0000000000
58493  54.702  -16.240  22.839 0.0000000000
58479  55.931  -16.105  23.812 0.0000000000
58492  55.622  -16.859  23.266 0.0000000000
57584  55.553  -17.769  23.078 0.0000000000
124832  44.809  -28.694  36.589 0.0000000000
47073  45.648  -27.691  37.574 0.0000000000
47973  46.238  -27.769  38.493 0.0000000000
47982  46.167  -27.266  38.002 0.0000000000
48960  46.577  -26.870  37.844 0.0000000000
48959  46.978  -26.594  37.824 0.0000000000
49942  47.398  -26.042  37.389 0.0000000000
46059  48.043  -29.803  38.992 0.0000000000
47033  47.796  -29.057  39.179 0.0000000000
47048  48.254  -28.418  38.751 0.0000000000
46072  49.011  -29.394  37.686 0.0000000000
47047  48.969  -28.899  38.094 0.0000000000
47970  48.124  -27.518  38.508 0.0000000000
48944  47.831  -26.875  38.285 0.0000000000
49954  48.387  -25.337  36.942 0.0000000000
114381  49.179  -24.865  36.658 0.0000000000
49952  50.597  -25.929  36.472 0.0000000000
50932  50.343  -25.043  36.342 0.0000000000
50948  50.955  -24.557  35.722 0.0000000000
50960  51.997  -24.599  34.516 0.0000000000
49975  51.904  -25.537  34.405 0.0000000000
129126  51.695  -25.851  34.185 0.0000000000
48007  51.035  -26.576  34.667 0.0000000000
48996  51.046  -26.273  34.149 0.0000000000
41899  38.904  -33.957  39.208 0.0000000000
41912  40.249  -33.205  38.567 0.0000000000
46101  44.524  -29.307  37.050 0.0000000000
46074  44.889  -29.491  38.969 0.0000000000
45020  44.555  -30.473  39.583 0.0000000000
46049  45.064  -29.887  39.381 0.0000000000
46047  45.908  -30.023  39.595 0.0000000000
45002  46.282  -30.633  39.745 0.0000000000
43995  46.735  -31.205  39.537 0.0000000000
42972  44.118  -32.986  40.378 0.0000000000
41864  44.847  -33.287  40.185 0.0000000000
42984  45.064  -32.577  40.095 0.0000000000
41881  45.478  -33.135  39.931 0.0000000000
41852  31.158  -33.719  42.445 0.0000000000
63262  54.756  -10.936  20.505 0.0000000000
132865  54.436  -11.350  20.450 0.0000000000
61377  53.951  -13.115  19.311 0.0000000000
61378  52.987  -12.696  19.308 0.0000000000
60482  53.856  -14.566  17.816 0.0000000000
59500  52.504  -15.171  15.564 0.0000000000
60506  50.314  -14.497  15.829 0.0000000000
59534  51.290  -15.429  14.174 0.0000000000
129725  51.646  -19.875  24.000 0.0000000000
50950  46.425  -24.106  35.755 0.0000000000
50961  46.029  -24.115  35.021 0.0000000000
116648  51.102  -20.915  24.606 0.0000000000
54920  51.803  -20.429  24.503 0.0000000000
116914  52.197  -19.664  24.369 0.0000000000
55889  53.285  -19.009  25.154 0.0000000000
56717  53.807  -18.263  25.395 0.0000000000
56710  54.664  -17.919  26.118 0.0000000000
55879  54.546  -18.578  26.986 0.0000000000
57556  55.240  -16.811  26.177 0.0000000000
57555  55.929  -16.803  26.657 0.0000000000
58421  56.417  -16.951  26.809 0.0000000000
57540  57.434  -17.799  27.169 0.0000000000
55829  54.170  -20.015  30.186 0.0000000000
55842  54.885  -19.509  29.972 0.0000000000
56678  55.445  -18.977  29.469 0.0000000000
54863  55.738  -20.203  30.082 0.0000000000
55840  56.186  -19.649  29.570 0.0000000000
56677  56.053  -18.883  29.322 0.0000000000
56691  56.511  -18.478  28.629 0.0000000000
56699  57.722  -18.522  27.409 0.0000000000
56709  58.072  -18.223  26.652 0.0000000000
56698  58.302  -18.937  26.823 0.0000000000
54891  58.185  -20.536  26.310 0.0000000000
53839  57.752  -21.257  26.658 0.0000000000
52878  56.883  -21.744  27.838 0.0000000000
52890  57.212  -21.976  27.036 0.0000000000
50972  52.587  -24.122  32.951 0.0000000000
49996  52.191  -24.959  32.976 0.0000000000
117961  52.679  -24.244  32.531 0.0000000000
130149  53.196  -23.923  31.855 0.0000000000
38787  34.519  -36.636  42.512 0.0000000000
40770  38.746  -34.868  41.742 0.0000000000
41896  45.671  -33.660  39.641 0.0000000000
42974  42.602  -33.289  40.958 0.0000000000
45044  44.339  -29.769  38.535 0.0000000000
47035  46.294  -28.768  39.155 0.0000000000
47074  45.153  -28.474  37.542 0.0000000000
51906  46.252  -23.629  35.037 0.0000000000
53810  56.134  -21.327  29.747 0.0000000000
54903  58.477  -19.839  25.887 0.0000000000
54919  52.482  -20.191  24.971 0.0000000000
55867  58.313  -19.757  26.772 0.0000000000
55887  58.520  -19.172  25.388 0.0000000000
55895  58.165  -19.126  24.694 0.0000000000
55897  52.790  -19.348  24.787 0.0000000000
56723  58.407  -18.594  24.997 0.0000000000
57541  56.766  -17.581  27.485 0.0000000000
57552  58.283  -17.978  25.823 0.0000000000
57571  51.578  -16.930  24.324 0.0000000000
57575  57.249  -17.430  24.339 0.0000000000
58437  56.542  -16.381  26.190 0.0000000000
59381  56.638  -15.968  25.010 0.0000000000
59382  55.955  -15.580  25.249 0.0000000000
59384  54.666  -14.836  25.511 0.0000000000
59385  54.271  -14.626  25.468 0.0000000000
59397  56.068  -15.636  24.796 0.0000000000
59408  56.062  -15.804  24.357 0.0000000000
59410  54.456  -14.352  23.795 0.0000000000
60408  54.668  -14.528  25.099 0.0000000000
60417  54.325  -13.969  24.696 0.0000000000
60425  54.299  -13.898  24.292 0.0000000000
60456  58.400  -13.491  19.288 0.0000000000
60464  59.220  -14.083  18.485 0.0000000000
60465  58.744  -14.028  18.950 0.0000000000
60478  59.802  -14.380  18.054 0.0000000000
62297  55.575  -11.179  20.699 0.0000000000
62319  54.610  -12.296  20.153 0.0000000000
63261  55.670  -11.014  20.559 0.0000000000
63265  51.080  -10.998  20.195 0.0000000000
64136  51.572  -10.752  19.931 0.0000000000
64154  53.332  -10.357  19.735 0.0000000000
113045  45.696  -23.084  32.961 0.0000000000
116928  57.977  -20.541  26.953 0.0000000000
118208  43.096  -34.826  41.106 0.0000000000
118400  35.916  -37.204  42.476 0.0000000000
118536  42.448  -32.254  40.215 0.0000000000
119149  46.319  -26.748  37.547 0.0000000000
122409  57.750  -17.232  24.768 0.0000000000
126039  46.881  -23.513  35.736 0.0000000000
127392  39.612  -33.889  40.634 0.0000000000
131285  59.319  -15.650  16.055 0.0000000000
131846  37.160  -36.088  42.484 0.0000000000
132363  41.927  -35.514  41.641 0.0000000000
133503  42.810  -34.664  41.356 0.0000000000
133633  46.082  -22.988  33.628 0.0000000000
