#!ascii label  , from subject sub-v1s21x0050390_ses-1 vox2ras=TkReg
304
15693  42.302  -63.805  -16.178 0.0000000000
129269  45.032  -72.953  -25.027 0.0000000000
11973  46.016  -69.532  -14.240 0.0000000000
12730  43.080  -68.041  -20.617 0.0000000000
112131  43.131  -70.650  -19.366 0.0000000000
10631  43.822  -71.215  -16.890 0.0000000000
11301  39.922  -69.991  -18.308 0.0000000000
11335  44.145  -69.965  -22.918 0.0000000000
127010  41.555  -66.222  -23.731 0.0000000000
13374  46.189  -66.844  -15.246 0.0000000000
123037  46.312  -69.083  -17.470 0.0000000000
10656  46.524  -71.721  -20.760 0.0000000000
133599  44.072  -72.250  -21.907 0.0000000000
133556  39.542  -70.845  -20.288 0.0000000000
17382  41.649  -61.364  -14.375 0.0000000000
14881  45.271  -64.306  -12.930 0.0000000000
12627  43.547  -67.838  -11.393 0.0000000000
14966  40.534  -64.731  -21.727 0.0000000000
12005  40.691  -69.018  -17.964 0.0000000000
10684  45.553  -72.323  -23.533 0.0000000000
126427  42.914  -68.987  -24.362 0.0000000000
12659  47.544  -68.243  -13.598 0.0000000000
11986  47.393  -69.837  -16.041 0.0000000000
111683  42.602  -70.636  -18.324 0.0000000000
10637  46.022  -71.616  -18.910 0.0000000000
113175  44.859  -71.509  -19.875 0.0000000000
117247  45.593  -72.093  -20.863 0.0000000000
114975  42.779  -70.688  -20.966 0.0000000000
132193  40.281  -69.955  -22.131 0.0000000000
14871  43.288  -64.571  -12.510 0.0000000000
14051  44.894  -65.370  -12.458 0.0000000000
14042  42.416  -66.588  -11.589 0.0000000000
13417  42.903  -66.979  -19.407 0.0000000000
13430  41.763  -66.464  -20.700 0.0000000000
14183  42.503  -65.274  -24.037 0.0000000000
14989  41.423  -64.204  -23.481 0.0000000000
11988  44.182  -69.300  -16.087 0.0000000000
11282  46.123  -70.726  -15.533 0.0000000000
11293  42.685  -70.324  -16.910 0.0000000000
10639  41.223  -70.230  -17.827 0.0000000000
112869  40.999  -70.468  -18.137 0.0000000000
12040  43.348  -68.577  -21.767 0.0000000000
12740  41.788  -67.371  -21.907 0.0000000000
12054  42.087  -68.070  -23.469 0.0000000000
13466  42.580  -66.819  -24.470 0.0000000000
9440  44.015  -73.227  -26.557 0.0000000000
14088  44.446  -65.361  -15.675 0.0000000000
13389  44.634  -67.076  -17.784 0.0000000000
12716  44.435  -68.403  -19.481 0.0000000000
10629  46.745  -71.117  -17.218 0.0000000000
11306  46.767  -71.088  -19.861 0.0000000000
12031  45.381  -69.816  -20.866 0.0000000000
11324  45.766  -70.671  -21.508 0.0000000000
10683  46.179  -72.890  -22.561 0.0000000000
9413  45.156  -73.646  -22.842 0.0000000000
128358  40.807  -70.286  -20.157 0.0000000000
10667  41.756  -70.431  -21.665 0.0000000000
10685  43.006  -71.825  -22.723 0.0000000000
121272  42.760  -72.748  -24.253 0.0000000000
16491  40.680  -62.078  -16.036 0.0000000000
15687  41.868  -63.090  -15.597 0.0000000000
116616  43.337  -63.077  -14.271 0.0000000000
14902  43.596  -64.231  -15.240 0.0000000000
14077  45.430  -65.105  -14.087 0.0000000000
13339  46.920  -67.105  -12.586 0.0000000000
11966  45.272  -68.599  -12.530 0.0000000000
12662  41.986  -67.347  -13.148 0.0000000000
12676  43.874  -67.917  -14.538 0.0000000000
14170  40.783  -65.176  -22.451 0.0000000000
15694  41.636  -63.396  -16.622 0.0000000000
16492  41.039  -62.984  -17.134 0.0000000000
15701  41.423  -63.644  -17.436 0.0000000000
10699  44.682  -71.779  -24.528 0.0000000000
11362  43.532  -70.101  -24.592 0.0000000000
132207  47.257  -69.283  -13.672 0.0000000000
12673  47.475  -69.008  -14.140 0.0000000000
11280  47.124  -70.203  -14.973 0.0000000000
112725  43.967  -70.893  -18.799 0.0000000000
10658  43.834  -71.037  -20.389 0.0000000000
10659  42.306  -70.411  -19.959 0.0000000000
119279  38.363  -70.970  -20.927 0.0000000000
14053  42.259  -65.573  -12.061 0.0000000000
12717  43.476  -67.939  -19.917 0.0000000000
12718  42.491  -67.247  -20.354 0.0000000000
15778  43.411  -63.529  -23.492 0.0000000000
11288  43.522  -70.260  -16.472 0.0000000000
11994  42.209  -69.074  -17.249 0.0000000000
11300  40.621  -69.976  -18.044 0.0000000000
11294  41.779  -70.157  -17.447 0.0000000000
129772  41.831  -70.520  -17.701 0.0000000000
10640  40.386  -70.562  -18.370 0.0000000000
11325  44.459  -69.661  -22.077 0.0000000000
12045  43.198  -68.760  -22.531 0.0000000000
12053  42.830  -68.735  -23.269 0.0000000000
12067  42.135  -67.812  -24.084 0.0000000000
12765  42.480  -67.590  -24.541 0.0000000000
14200  42.985  -66.027  -24.302 0.0000000000
13375  45.198  -65.957  -15.603 0.0000000000
14097  44.456  -65.909  -16.409 0.0000000000
13383  45.269  -66.620  -16.295 0.0000000000
12702  44.661  -67.960  -18.541 0.0000000000
11993  45.746  -69.056  -18.332 0.0000000000
120293  44.751  -71.298  -16.468 0.0000000000
10622  46.345  -71.388  -16.313 0.0000000000
10011  46.079  -71.587  -17.095 0.0000000000
10645  46.368  -71.653  -20.247 0.0000000000
10636  46.564  -71.275  -19.457 0.0000000000
10655  46.584  -71.471  -20.385 0.0000000000
12015  46.364  -70.286  -19.853 0.0000000000
11307  46.615  -70.991  -20.547 0.0000000000
114379  46.506  -71.313  -21.004 0.0000000000
127666  45.832  -72.796  -21.532 0.0000000000
10673  46.276  -72.578  -21.897 0.0000000000
10040  45.890  -73.124  -21.957 0.0000000000
10047  45.722  -73.369  -22.633 0.0000000000
10048  45.264  -73.435  -22.247 0.0000000000
7513  41.261  -75.579  -18.826 0.0000000000
9402  39.768  -72.099  -19.795 0.0000000000
8746  40.466  -72.694  -18.612 0.0000000000
10662  40.051  -71.242  -19.519 0.0000000000
11317  40.302  -70.364  -20.234 0.0000000000
11316  41.509  -70.250  -20.607 0.0000000000
11326  40.585  -70.037  -21.287 0.0000000000
11336  39.726  -69.801  -21.942 0.0000000000
10676  40.986  -70.326  -22.528 0.0000000000
10686  41.787  -71.107  -23.433 0.0000000000
10054  42.530  -72.127  -23.606 0.0000000000
10055  41.993  -71.901  -24.134 0.0000000000
17386  40.213  -61.291  -15.773 0.0000000000
17385  41.041  -61.723  -15.240 0.0000000000
131904  41.300  -62.405  -15.587 0.0000000000
16486  41.959  -62.245  -14.784 0.0000000000
15650  44.708  -63.842  -12.861 0.0000000000
16484  43.808  -62.744  -13.325 0.0000000000
15674  44.062  -63.345  -13.699 0.0000000000
132880  43.614  -63.609  -14.562 0.0000000000
14893  44.335  -63.902  -14.186 0.0000000000
14901  44.534  -64.718  -14.812 0.0000000000
13342  44.154  -66.741  -12.125 0.0000000000
120453  46.278  -66.305  -12.585 0.0000000000
13341  44.794  -67.680  -11.812 0.0000000000
12636  46.616  -68.228  -12.106 0.0000000000
11953  44.751  -68.278  -11.730 0.0000000000
13365  40.757  -66.313  -14.299 0.0000000000
13363  42.108  -66.935  -14.496 0.0000000000
12661  42.925  -67.536  -13.769 0.0000000000
13442  41.331  -66.697  -22.550 0.0000000000
114163  41.087  -65.874  -23.096 0.0000000000
15780  40.954  -63.432  -23.279 0.0000000000
11347  44.276  -70.806  -23.723 0.0000000000
11348  43.249  -69.414  -23.791 0.0000000000
13373  47.179  -67.624  -14.362 0.0000000000
12675  46.914  -68.018  -15.364 0.0000000000
11987  47.046  -69.326  -16.593 0.0000000000
114891  43.049  -70.870  -17.508 0.0000000000
10630  45.438  -71.505  -17.294 0.0000000000
10638  44.702  -71.256  -18.116 0.0000000000
10646  45.639  -71.674  -19.539 0.0000000000
10657  46.161  -71.880  -20.551 0.0000000000
10665  46.401  -72.137  -21.225 0.0000000000
10666  44.588  -72.047  -21.282 0.0000000000
11327  39.816  -69.957  -21.165 0.0000000000
10669  38.819  -70.434  -20.961 0.0000000000
119487  39.018  -69.770  -21.697 0.0000000000
14870  44.454  -64.484  -12.597 0.0000000000
14869  45.279  -64.563  -12.743 0.0000000000
14052  43.487  -65.743  -12.200 0.0000000000
14041  43.161  -66.964  -11.580 0.0000000000
13332  42.735  -67.399  -11.493 0.0000000000
14148  41.519  -65.698  -20.297 0.0000000000
14158  41.246  -65.849  -21.218 0.0000000000
14184  41.549  -65.303  -23.687 0.0000000000
124479  42.192  -64.584  -23.766 0.0000000000
121989  42.460  -63.794  -23.630 0.0000000000
11984  44.653  -68.764  -15.179 0.0000000000
11281  46.757  -70.215  -14.747 0.0000000000
11983  45.186  -69.744  -15.531 0.0000000000
11287  44.588  -70.794  -16.099 0.0000000000
10624  43.491  -70.962  -16.588 0.0000000000
10632  42.578  -70.848  -16.977 0.0000000000
12033  43.401  -68.409  -21.128 0.0000000000
12731  42.532  -67.878  -21.256 0.0000000000
12739  42.358  -68.102  -22.177 0.0000000000
12746  41.720  -67.592  -22.869 0.0000000000
13454  41.502  -66.796  -23.392 0.0000000000
121713  42.456  -68.551  -23.969 0.0000000000
12754  41.798  -67.438  -23.629 0.0000000000
13467  41.873  -66.971  -24.100 0.0000000000
14201  42.022  -66.092  -24.197 0.0000000000
14182  43.550  -65.319  -23.921 0.0000000000
10074  44.471  -73.049  -25.848 0.0000000000
14912  43.310  -64.677  -16.152 0.0000000000
14913  42.702  -64.386  -16.640 0.0000000000
110791  43.149  -64.997  -16.967 0.0000000000
12703  43.700  -67.462  -19.039 0.0000000000
11292  46.990  -70.585  -17.587 0.0000000000
10023  46.236  -71.340  -18.063 0.0000000000
11299  46.838  -70.882  -18.680 0.0000000000
115489  46.671  -70.105  -18.090 0.0000000000
12004  45.461  -69.165  -19.229 0.0000000000
12016  45.464  -69.497  -20.083 0.0000000000
12032  43.989  -68.602  -20.692 0.0000000000
12039  44.376  -69.198  -21.371 0.0000000000
11334  45.873  -71.282  -22.085 0.0000000000
10674  45.646  -71.699  -22.787 0.0000000000
132711  45.807  -73.138  -23.217 0.0000000000
9423  44.667  -73.640  -24.206 0.0000000000
10647  40.740  -70.688  -18.630 0.0000000000
8745  40.493  -73.597  -18.651 0.0000000000
110745  40.644  -70.754  -19.268 0.0000000000
10660  41.219  -70.464  -19.501 0.0000000000
10042  43.023  -71.167  -21.858 0.0000000000
10675  42.091  -70.806  -22.522 0.0000000000
10049  44.375  -72.957  -22.357 0.0000000000
9419  43.665  -72.956  -23.362 0.0000000000
9418  44.636  -73.642  -23.495 0.0000000000
9424  43.898  -73.486  -24.323 0.0000000000
10064  43.071  -73.058  -25.143 0.0000000000
17389  39.718  -61.178  -16.502 0.0000000000
17388  40.168  -61.694  -16.635 0.0000000000
16490  41.164  -62.744  -16.293 0.0000000000
16479  43.666  -62.123  -13.021 0.0000000000
16485  43.123  -62.348  -13.873 0.0000000000
15675  42.576  -62.891  -14.771 0.0000000000
15686  42.827  -63.583  -15.232 0.0000000000
14903  42.882  -64.197  -15.880 0.0000000000
14089  43.889  -64.878  -15.665 0.0000000000
130215  45.064  -65.374  -15.009 0.0000000000
14087  45.816  -65.899  -14.596 0.0000000000
14050  45.810  -65.337  -12.619 0.0000000000
14066  46.343  -65.728  -12.837 0.0000000000
13362  46.719  -66.638  -14.006 0.0000000000
13353  47.471  -67.625  -12.858 0.0000000000
11951  46.985  -68.613  -12.412 0.0000000000
11965  46.599  -69.005  -12.942 0.0000000000
12650  44.121  -68.339  -11.758 0.0000000000
12660  43.898  -68.138  -12.772 0.0000000000
11974  44.842  -68.466  -13.938 0.0000000000
13436  41.474  -66.573  -21.603 0.0000000000
14169  41.064  -65.925  -22.147 0.0000000000
14159  40.865  -65.363  -21.692 0.0000000000
14185  40.875  -64.884  -23.067 0.0000000000
14990  40.710  -64.112  -23.043 0.0000000000
7499  41.311  -75.977  -18.630 0.0000000000
8114  41.006  -75.331  -18.574 0.0000000000
8129  40.746  -74.678  -18.703 0.0000000000
9414  44.680  -73.521  -22.767 0.0000000000
9422  45.318  -73.607  -23.567 0.0000000000
9428  44.183  -73.420  -25.267 0.0000000000
9993  46.513  -71.299  -16.677 0.0000000000
9994  46.274  -71.489  -16.808 0.0000000000
10010  46.401  -71.324  -17.428 0.0000000000
10041  45.192  -73.048  -21.713 0.0000000000
10043  37.890  -71.514  -21.027 0.0000000000
10053  45.408  -73.091  -24.103 0.0000000000
10063  44.924  -73.403  -24.589 0.0000000000
10623  45.826  -71.553  -16.472 0.0000000000
10635  46.735  -71.028  -18.181 0.0000000000
10668  39.643  -70.410  -20.529 0.0000000000
11264  47.043  -69.731  -14.062 0.0000000000
11270  47.314  -69.480  -14.162 0.0000000000
11286  46.129  -71.411  -16.017 0.0000000000
11295  41.077  -69.815  -17.733 0.0000000000
11298  46.869  -70.740  -17.798 0.0000000000
11952  46.017  -68.505  -12.157 0.0000000000
11963  47.406  -68.925  -13.528 0.0000000000
11964  47.192  -69.024  -13.161 0.0000000000
11982  47.398  -69.599  -15.089 0.0000000000
11992  47.225  -70.232  -16.778 0.0000000000
12003  46.528  -70.241  -19.098 0.0000000000
12017  44.474  -68.769  -20.211 0.0000000000
12046  42.320  -68.249  -22.853 0.0000000000
12628  43.065  -67.851  -11.411 0.0000000000
12635  47.238  -68.020  -12.315 0.0000000000
12637  45.440  -68.232  -11.860 0.0000000000
12638  43.651  -68.091  -11.393 0.0000000000
12649  47.456  -68.442  -12.827 0.0000000000
12651  42.793  -67.822  -12.391 0.0000000000
12674  47.436  -68.658  -14.642 0.0000000000
12732  41.931  -67.133  -21.129 0.0000000000
13340  46.141  -67.468  -12.249 0.0000000000
13361  47.357  -67.341  -13.484 0.0000000000
14043  41.595  -66.283  -11.713 0.0000000000
14065  47.026  -66.641  -13.091 0.0000000000
14076  46.287  -65.722  -13.490 0.0000000000
14078  40.198  -65.874  -14.841 0.0000000000
14098  43.787  -65.285  -16.367 0.0000000000
14868  45.714  -64.893  -12.829 0.0000000000
14891  45.805  -64.855  -13.126 0.0000000000
14892  45.051  -64.360  -13.640 0.0000000000
14975  40.540  -64.380  -22.467 0.0000000000
15664  44.712  -63.748  -13.211 0.0000000000
15665  44.294  -63.222  -12.961 0.0000000000
15700  42.091  -63.999  -17.056 0.0000000000
16478  43.739  -62.542  -12.787 0.0000000000
112506  45.404  -66.442  -12.390 0.0000000000
120483  40.207  -72.448  -19.395 0.0000000000
120769  45.505  -71.352  -16.116 0.0000000000
122067  44.338  -68.148  -11.519 0.0000000000
128834  47.017  -69.957  -17.307 0.0000000000
130907  46.947  -67.792  -12.191 0.0000000000
132314  46.900  -70.460  -14.995 0.0000000000
132469  43.405  -68.183  -11.706 0.0000000000
133138  38.899  -69.986  -21.275 0.0000000000
