#!ascii label  , from subject sub-v1s21x0050412_ses-1 vox2ras=TkReg
1884
49069  -42.958  -29.811  53.167 0.0000000000
44699  -30.802  -34.910  64.082 0.0000000000
53939  -43.933  -25.382  37.142 0.0000000000
48073  -34.253  -31.116  44.726 0.0000000000
118356  -45.124  -27.407  45.956 0.0000000000
41715  -39.736  -37.629  59.583 0.0000000000
41801  -30.894  -37.837  51.584 0.0000000000
42750  -31.620  -36.659  48.527 0.0000000000
123995  -22.370  -31.525  65.343 0.0000000000
62504  -51.666  -16.475  40.690 0.0000000000
42719  -24.313  -36.386  50.362 0.0000000000
48041  -39.454  -31.425  49.480 0.0000000000
51050  -40.324  -28.129  45.967 0.0000000000
52858  -43.176  -26.211  50.544 0.0000000000
45953  -41.847  -33.774  56.297 0.0000000000
40889  -35.856  -38.009  54.122 0.0000000000
44967  -37.532  -34.274  50.585 0.0000000000
45008  -33.370  -34.244  46.691 0.0000000000
123745  -53.580  -15.311  36.387 0.0000000000
44687  -25.666  -33.941  65.137 0.0000000000
43714  -22.107  -35.994  56.798 0.0000000000
45900  -27.262  -33.744  59.005 0.0000000000
113066  -45.824  -27.784  40.109 0.0000000000
121959  -35.085  -36.944  62.240 0.0000000000
43692  -33.109  -35.296  57.931 0.0000000000
37993  -34.054  -40.672  56.976 0.0000000000
38996  -30.501  -40.876  51.173 0.0000000000
124510  -18.557  -32.966  64.729 0.0000000000
52919  -50.801  -26.745  45.671 0.0000000000
52957  -52.020  -26.361  39.586 0.0000000000
58876  -54.995  -20.724  41.189 0.0000000000
56959  -49.963  -21.717  36.778 0.0000000000
60805  -48.997  -18.854  34.392 0.0000000000
44859  -18.147  -34.550  55.912 0.0000000000
44928  -28.592  -34.057  51.623 0.0000000000
128469  -41.088  -30.701  51.200 0.0000000000
51005  -40.684  -28.504  49.920 0.0000000000
50989  -42.961  -27.818  52.149 0.0000000000
46980  -42.211  -32.238  54.756 0.0000000000
44912  -39.275  -34.057  53.870 0.0000000000
46992  -40.428  -32.546  52.553 0.0000000000
46039  -38.920  -32.847  50.138 0.0000000000
125929  -41.851  -22.843  34.756 0.0000000000
119893  -43.171  -23.109  35.620 0.0000000000
44689  -28.692  -33.752  64.801 0.0000000000
44732  -26.985  -35.054  62.238 0.0000000000
44756  -29.527  -34.574  61.935 0.0000000000
50147  -34.609  -29.344  43.371 0.0000000000
51916  -42.789  -27.501  46.074 0.0000000000
51955  -40.615  -27.519  43.478 0.0000000000
114167  -43.221  -27.477  43.193 0.0000000000
51990  -43.328  -27.525  40.699 0.0000000000
51960  -45.683  -27.572  43.245 0.0000000000
42603  -37.360  -37.003  60.950 0.0000000000
39844  -35.876  -38.766  60.161 0.0000000000
39877  -37.302  -39.320  58.755 0.0000000000
41818  -34.285  -37.574  51.361 0.0000000000
135333  -33.932  -39.951  52.087 0.0000000000
40939  -31.497  -38.859  49.463 0.0000000000
46076  -33.954  -32.971  45.783 0.0000000000
52939  -51.844  -26.871  42.955 0.0000000000
57861  -53.045  -21.832  38.432 0.0000000000
58909  -51.298  -19.979  38.051 0.0000000000
58957  -49.458  -20.248  35.596 0.0000000000
60781  -51.083  -18.574  36.479 0.0000000000
63600  -52.026  -15.707  33.237 0.0000000000
48828  -19.749  -30.920  64.760 0.0000000000
45883  -18.559  -32.948  61.225 0.0000000000
47878  -20.261  -32.047  60.915 0.0000000000
44905  -23.060  -34.536  53.144 0.0000000000
126897  -21.092  -34.680  51.808 0.0000000000
40934  -22.964  -37.702  48.599 0.0000000000
118610  -32.794  -36.689  54.198 0.0000000000
44878  -30.913  -33.919  55.099 0.0000000000
43775  -30.776  -35.434  51.242 0.0000000000
48063  -37.032  -31.142  46.877 0.0000000000
50138  -37.555  -29.367  45.469 0.0000000000
50128  -39.227  -29.396  47.802 0.0000000000
51893  -41.439  -27.555  48.580 0.0000000000
51896  -44.154  -27.020  48.007 0.0000000000
42643  -41.217  -36.264  58.603 0.0000000000
131256  -37.552  -38.040  56.799 0.0000000000
43726  -38.510  -35.571  55.398 0.0000000000
42694  -36.894  -35.821  52.411 0.0000000000
117987  -34.124  -36.016  49.452 0.0000000000
43826  -32.486  -35.386  47.639 0.0000000000
44986  -35.425  -33.987  48.576 0.0000000000
46059  -36.987  -32.839  48.125 0.0000000000
63540  -52.212  -15.433  38.535 0.0000000000
65536  -54.939  -13.620  39.906 0.0000000000
45852  -24.095  -33.455  65.570 0.0000000000
44751  -21.614  -34.727  61.108 0.0000000000
120212  -23.763  -35.540  61.319 0.0000000000
44816  -24.722  -34.550  58.019 0.0000000000
45966  -25.526  -33.254  55.228 0.0000000000
51062  -37.388  -28.377  43.398 0.0000000000
51086  -42.806  -27.852  38.046 0.0000000000
52058  -45.414  -27.800  37.905 0.0000000000
42566  -33.117  -35.765  63.376 0.0000000000
43632  -31.623  -35.600  61.915 0.0000000000
126931  -34.142  -36.934  60.955 0.0000000000
113571  -34.000  -38.298  57.794 0.0000000000
39933  -32.081  -39.775  54.860 0.0000000000
39923  -35.595  -39.949  55.338 0.0000000000
114487  -32.177  -42.029  54.214 0.0000000000
39962  -29.763  -40.752  52.299 0.0000000000
51825  -45.426  -27.545  54.398 0.0000000000
112798  -32.818  -33.107  64.294 0.0000000000
114300  -36.771  -34.511  61.974 0.0000000000
125172  -39.488  -35.196  60.876 0.0000000000
53773  -46.089  -25.144  52.948 0.0000000000
54834  -46.015  -24.669  50.296 0.0000000000
52887  -46.977  -25.905  48.216 0.0000000000
53838  -50.481  -24.870  48.354 0.0000000000
51922  -48.243  -27.381  45.524 0.0000000000
113175  -48.751  -27.523  43.221 0.0000000000
113598  -49.072  -27.466  40.346 0.0000000000
52970  -48.369  -26.253  38.015 0.0000000000
55054  -55.131  -24.109  39.265 0.0000000000
55065  -51.154  -24.145  38.122 0.0000000000
56034  -47.460  -23.473  37.227 0.0000000000
57916  -46.816  -21.495  35.564 0.0000000000
61651  -51.716  -17.425  34.717 0.0000000000
118888  -18.547  -36.125  60.913 0.0000000000
131150  -18.863  -38.037  52.294 0.0000000000
44840  -20.577  -34.133  56.997 0.0000000000
133684  -19.012  -35.887  51.311 0.0000000000
44819  -30.717  -34.182  58.882 0.0000000000
46975  -28.120  -32.731  55.244 0.0000000000
44948  -26.145  -34.610  51.517 0.0000000000
116944  -25.797  -37.363  54.560 0.0000000000
49068  -42.375  -30.291  52.626 0.0000000000
50073  -42.166  -29.012  51.892 0.0000000000
50057  -43.275  -29.015  52.990 0.0000000000
47987  -43.039  -30.783  54.082 0.0000000000
46987  -41.151  -32.371  53.345 0.0000000000
48002  -42.086  -31.044  52.793 0.0000000000
47001  -40.898  -31.708  51.803 0.0000000000
53938  -43.331  -26.237  37.088 0.0000000000
53964  -42.298  -23.719  35.602 0.0000000000
53965  -42.104  -22.922  35.062 0.0000000000
126542  -44.247  -24.308  36.933 0.0000000000
45860  -29.478  -33.780  64.602 0.0000000000
112777  -29.188  -34.620  63.552 0.0000000000
43590  -30.111  -34.794  63.701 0.0000000000
48076  -32.837  -30.822  43.668 0.0000000000
49132  -34.513  -30.361  44.435 0.0000000000
133794  -44.477  -27.433  46.244 0.0000000000
51941  -43.059  -27.463  44.658 0.0000000000
51942  -43.893  -27.447  44.667 0.0000000000
51959  -44.918  -27.528  43.091 0.0000000000
51943  -45.583  -27.473  44.173 0.0000000000
41700  -38.580  -37.698  60.110 0.0000000000
39846  -37.601  -38.742  59.709 0.0000000000
40817  -38.709  -38.487  59.071 0.0000000000
41843  -33.198  -37.503  49.821 0.0000000000
40941  -32.903  -38.270  50.055 0.0000000000
41841  -31.716  -37.977  49.343 0.0000000000
40953  -30.074  -38.351  48.804 0.0000000000
48067  -34.656  -31.580  45.587 0.0000000000
47037  -33.297  -32.401  45.196 0.0000000000
123151  -33.136  -31.819  44.658 0.0000000000
59843  -52.547  -19.446  39.829 0.0000000000
60759  -51.381  -17.985  39.974 0.0000000000
59863  -50.974  -19.233  37.313 0.0000000000
61610  -51.089  -17.539  38.459 0.0000000000
48830  -21.386  -30.354  65.253 0.0000000000
48869  -20.641  -31.130  62.904 0.0000000000
47859  -21.390  -31.559  62.748 0.0000000000
44945  -23.397  -34.824  51.334 0.0000000000
43806  -23.041  -35.376  49.994 0.0000000000
120167  -23.844  -36.629  49.812 0.0000000000
39988  -23.242  -39.708  50.382 0.0000000000
40910  -23.920  -38.729  51.179 0.0000000000
41789  -32.226  -37.224  52.780 0.0000000000
42691  -32.159  -36.117  52.428 0.0000000000
132142  -31.043  -36.965  51.202 0.0000000000
48058  -38.132  -31.255  47.829 0.0000000000
49117  -38.342  -30.489  47.540 0.0000000000
49113  -39.234  -30.192  48.519 0.0000000000
121240  -41.973  -27.098  50.341 0.0000000000
51027  -40.984  -27.802  49.395 0.0000000000
52882  -42.775  -26.762  49.046 0.0000000000
51895  -43.263  -27.122  48.196 0.0000000000
52869  -44.163  -26.120  49.275 0.0000000000
44848  -41.764  -34.700  57.497 0.0000000000
43718  -39.563  -35.601  56.571 0.0000000000
43728  -40.020  -34.988  56.090 0.0000000000
44933  -38.559  -34.223  52.534 0.0000000000
43759  -38.078  -34.887  53.080 0.0000000000
43778  -36.927  -35.382  51.600 0.0000000000
43776  -35.771  -35.776  51.015 0.0000000000
123539  -36.140  -35.251  50.527 0.0000000000
44975  -35.046  -34.629  49.140 0.0000000000
44977  -36.652  -34.187  49.504 0.0000000000
47022  -39.002  -31.972  49.319 0.0000000000
46050  -37.931  -32.873  49.116 0.0000000000
47021  -38.270  -32.304  48.853 0.0000000000
118788  -36.745  -31.859  47.283 0.0000000000
44672  -24.583  -33.663  65.500 0.0000000000
43585  -23.718  -35.032  63.488 0.0000000000
130292  -24.682  -35.311  63.729 0.0000000000
118719  -27.063  -34.409  60.709 0.0000000000
114610  -25.651  -34.468  59.523 0.0000000000
44818  -26.359  -33.939  58.880 0.0000000000
45946  -25.029  -33.871  56.450 0.0000000000
45930  -26.207  -33.475  57.125 0.0000000000
51048  -38.866  -28.769  46.198 0.0000000000
50144  -37.324  -29.099  44.781 0.0000000000
51058  -38.482  -28.344  44.432 0.0000000000
51971  -41.044  -27.409  42.614 0.0000000000
51969  -38.602  -27.605  42.202 0.0000000000
113638  -39.068  -27.325  40.864 0.0000000000
51992  -44.657  -27.574  40.711 0.0000000000
52025  -43.602  -27.790  39.291 0.0000000000
51082  -44.006  -27.937  38.700 0.0000000000
51094  -44.122  -27.933  37.909 0.0000000000
52027  -45.629  -27.787  39.232 0.0000000000
42577  -33.800  -35.871  62.932 0.0000000000
41660  -33.451  -36.424  62.458 0.0000000000
41671  -34.677  -37.012  62.120 0.0000000000
38886  -34.713  -39.718  57.953 0.0000000000
128243  -34.846  -38.680  58.315 0.0000000000
39894  -34.021  -39.771  57.570 0.0000000000
40851  -33.073  -39.495  56.330 0.0000000000
39912  -32.895  -40.299  56.159 0.0000000000
41766  -36.931  -37.769  55.668 0.0000000000
40853  -36.721  -39.234  56.643 0.0000000000
40878  -35.628  -38.824  54.377 0.0000000000
38985  -32.796  -40.422  51.397 0.0000000000
38970  -33.587  -41.043  52.475 0.0000000000
38984  -31.705  -41.279  51.991 0.0000000000
38046  -30.817  -41.509  53.637 0.0000000000
44994  -32.912  -34.804  47.144 0.0000000000
124772  -37.952  -35.137  61.496 0.0000000000
44781  -42.427  -33.802  59.102 0.0000000000
134327  -45.611  -26.513  53.650 0.0000000000
54819  -47.043  -24.063  51.572 0.0000000000
54852  -47.533  -24.166  50.290 0.0000000000
53818  -46.553  -25.001  49.450 0.0000000000
53836  -48.227  -24.905  49.035 0.0000000000
52900  -51.325  -25.965  47.167 0.0000000000
52898  -49.368  -26.072  47.245 0.0000000000
52918  -49.926  -26.842  45.749 0.0000000000
51946  -48.576  -27.572  43.899 0.0000000000
51948  -50.262  -27.253  44.338 0.0000000000
112805  -51.763  -26.823  41.050 0.0000000000
51996  -50.254  -27.370  41.766 0.0000000000
52949  -50.554  -26.967  39.958 0.0000000000
52045  -48.460  -27.219  38.878 0.0000000000
52962  -50.597  -26.298  38.792 0.0000000000
136117  -55.772  -22.051  39.820 0.0000000000
119129  -51.606  -21.887  37.694 0.0000000000
134289  -52.028  -23.320  38.100 0.0000000000
56037  -50.656  -23.350  37.675 0.0000000000
56035  -49.043  -23.584  37.413 0.0000000000
56957  -48.511  -22.452  36.764 0.0000000000
121760  -46.617  -22.367  36.298 0.0000000000
57896  -48.392  -21.833  36.364 0.0000000000
59899  -48.701  -19.548  34.698 0.0000000000
58968  -47.720  -20.272  34.822 0.0000000000
59906  -46.898  -19.295  33.873 0.0000000000
132614  -53.441  -15.276  37.538 0.0000000000
62540  -52.249  -16.449  36.785 0.0000000000
63567  -52.827  -15.860  36.358 0.0000000000
118746  -18.052  -33.955  58.578 0.0000000000
43687  -17.884  -35.454  58.732 0.0000000000
43722  -17.826  -35.334  56.303 0.0000000000
41784  -18.662  -37.618  53.974 0.0000000000
42668  -18.065  -35.610  54.354 0.0000000000
43670  -21.467  -36.002  58.982 0.0000000000
45908  -20.664  -34.461  58.528 0.0000000000
44841  -20.840  -35.118  57.035 0.0000000000
44941  -19.589  -34.862  51.738 0.0000000000
36269  -21.904  -42.808  47.875 0.0000000000
43655  -32.543  -35.518  60.491 0.0000000000
44780  -31.204  -34.663  60.292 0.0000000000
44820  -31.507  -34.411  58.535 0.0000000000
45999  -30.067  -33.607  53.958 0.0000000000
45969  -29.567  -33.197  55.610 0.0000000000
114626  -28.622  -33.140  53.396 0.0000000000
45996  -26.831  -33.063  53.233 0.0000000000
44949  -26.997  -34.546  51.689 0.0000000000
40883  -25.021  -38.237  53.990 0.0000000000
49091  -40.372  -30.595  50.419 0.0000000000
49101  -39.991  -30.117  49.797 0.0000000000
50091  -41.221  -29.471  50.991 0.0000000000
50987  -41.585  -28.521  51.227 0.0000000000
52845  -43.228  -26.514  51.371 0.0000000000
45990  -42.003  -32.796  55.313 0.0000000000
45971  -40.710  -33.881  55.183 0.0000000000
46002  -40.923  -32.911  54.135 0.0000000000
46014  -39.859  -32.996  52.714 0.0000000000
46020  -39.217  -33.139  51.452 0.0000000000
130651  -38.621  -33.332  50.448 0.0000000000
46999  -39.635  -32.616  51.156 0.0000000000
47008  -39.942  -32.087  50.857 0.0000000000
56061  -43.258  -22.672  35.288 0.0000000000
44688  -27.053  -33.797  65.110 0.0000000000
43588  -26.172  -35.182  63.763 0.0000000000
44715  -27.733  -34.691  63.747 0.0000000000
124661  -27.921  -34.811  61.884 0.0000000000
44777  -28.481  -34.171  60.596 0.0000000000
113661  -41.298  -27.818  46.050 0.0000000000
51925  -39.933  -28.014  44.976 0.0000000000
51939  -41.480  -27.583  44.563 0.0000000000
51956  -41.928  -27.470  43.944 0.0000000000
51972  -41.964  -27.401  42.477 0.0000000000
51989  -41.892  -27.390  40.741 0.0000000000
51974  -43.796  -27.492  42.343 0.0000000000
113171  -44.357  -27.536  41.485 0.0000000000
113169  -46.207  -27.688  41.739 0.0000000000
41674  -36.551  -37.190  61.403 0.0000000000
40770  -35.779  -38.027  61.410 0.0000000000
129207  -36.558  -38.552  60.660 0.0000000000
39860  -36.527  -39.461  59.472 0.0000000000
38902  -35.286  -40.426  57.450 0.0000000000
41802  -34.601  -37.829  52.174 0.0000000000
40887  -34.802  -39.005  53.144 0.0000000000
40915  -33.620  -38.975  51.260 0.0000000000
39995  -33.065  -39.470  50.951 0.0000000000
39993  -31.415  -40.183  50.475 0.0000000000
39991  -29.519  -40.275  50.437 0.0000000000
40938  -30.239  -39.067  49.234 0.0000000000
46067  -33.699  -33.640  46.246 0.0000000000
46074  -32.255  -33.405  45.576 0.0000000000
132120  -53.089  -26.342  45.584 0.0000000000
51949  -51.002  -27.085  44.155 0.0000000000
119863  -53.787  -26.559  44.162 0.0000000000
52940  -52.876  -26.620  42.588 0.0000000000
114033  -53.363  -26.208  41.054 0.0000000000
59832  -54.373  -19.555  41.314 0.0000000000
58898  -55.108  -20.970  39.693 0.0000000000
59844  -53.748  -19.809  40.205 0.0000000000
58910  -52.136  -20.567  38.439 0.0000000000
57874  -51.315  -21.062  37.504 0.0000000000
57897  -49.538  -21.291  36.372 0.0000000000
58934  -50.449  -20.365  36.332 0.0000000000
59891  -50.683  -19.311  35.763 0.0000000000
129042  -50.747  -18.823  35.296 0.0000000000
63579  -54.014  -15.018  35.857 0.0000000000
63578  -53.033  -15.548  35.466 0.0000000000
63602  -53.210  -14.708  33.898 0.0000000000
47838  -18.903  -31.781  64.711 0.0000000000
45866  -18.479  -33.244  63.379 0.0000000000
47856  -19.023  -31.966  63.199 0.0000000000
46893  -19.081  -32.292  61.363 0.0000000000
46917  -19.032  -32.929  58.843 0.0000000000
117531  -23.017  -35.320  55.052 0.0000000000
44888  -21.477  -34.965  54.383 0.0000000000
125742  -21.897  -34.769  52.120 0.0000000000
43817  -21.822  -35.871  48.880 0.0000000000
40963  -22.015  -38.166  47.819 0.0000000000
114540  -22.865  -41.922  48.237 0.0000000000
113028  -23.075  -40.870  49.202 0.0000000000
43717  -33.237  -35.929  56.498 0.0000000000
44864  -32.385  -34.946  56.605 0.0000000000
43724  -31.978  -34.877  54.878 0.0000000000
44931  -31.109  -34.574  52.614 0.0000000000
44951  -29.235  -34.754  51.043 0.0000000000
48068  -35.543  -31.058  45.915 0.0000000000
129940  -35.758  -30.357  45.450 0.0000000000
49123  -37.396  -30.415  46.508 0.0000000000
50132  -38.450  -29.413  46.563 0.0000000000
51044  -39.705  -28.665  47.295 0.0000000000
50121  -39.929  -28.909  48.802 0.0000000000
51039  -40.306  -28.268  48.382 0.0000000000
51914  -41.083  -27.901  47.005 0.0000000000
51915  -42.026  -27.626  46.584 0.0000000000
51905  -43.694  -27.370  47.340 0.0000000000
119655  -44.934  -27.335  46.689 0.0000000000
41730  -41.008  -36.890  58.941 0.0000000000
40837  -39.064  -37.974  58.593 0.0000000000
41753  -39.111  -36.874  57.564 0.0000000000
112526  -37.837  -36.964  56.242 0.0000000000
42672  -37.032  -36.715  54.681 0.0000000000
44894  -38.822  -34.673  54.256 0.0000000000
43736  -37.835  -35.554  54.209 0.0000000000
41804  -36.038  -36.894  53.045 0.0000000000
42692  -35.705  -36.664  52.199 0.0000000000
42738  -34.068  -36.699  50.126 0.0000000000
42752  -33.400  -36.128  48.973 0.0000000000
42765  -32.060  -35.941  48.159 0.0000000000
135085  -33.931  -35.745  48.881 0.0000000000
134636  -34.146  -35.036  48.344 0.0000000000
44996  -34.329  -34.293  47.507 0.0000000000
46037  -37.507  -33.503  49.399 0.0000000000
46048  -36.206  -33.505  48.413 0.0000000000
46056  -34.778  -33.517  47.310 0.0000000000
46069  -34.903  -32.893  46.905 0.0000000000
48061  -35.346  -31.808  46.395 0.0000000000
63521  -52.121  -15.681  40.570 0.0000000000
64579  -52.877  -14.299  40.832 0.0000000000
64580  -53.844  -14.233  39.930 0.0000000000
63543  -54.695  -14.442  38.209 0.0000000000
64618  -55.504  -14.564  37.551 0.0000000000
124578  -55.774  -14.499  36.111 0.0000000000
46863  -23.154  -32.942  65.694 0.0000000000
46884  -22.022  -33.150  62.985 0.0000000000
44713  -22.765  -34.676  63.320 0.0000000000
43650  -22.079  -35.614  60.667 0.0000000000
43671  -22.373  -36.082  59.310 0.0000000000
43629  -25.147  -35.575  61.945 0.0000000000
43691  -23.970  -35.279  59.232 0.0000000000
43715  -23.029  -35.644  57.137 0.0000000000
44877  -24.160  -34.486  55.686 0.0000000000
113536  -24.074  -34.394  53.966 0.0000000000
44924  -24.690  -34.101  52.109 0.0000000000
50142  -35.558  -29.528  44.476 0.0000000000
50149  -36.484  -28.710  43.680 0.0000000000
51936  -39.065  -27.881  43.784 0.0000000000
52965  -43.524  -26.959  37.345 0.0000000000
53927  -44.823  -25.878  37.487 0.0000000000
121776  -32.222  -35.494  64.211 0.0000000000
43592  -31.594  -35.676  63.691 0.0000000000
117221  -32.195  -35.958  63.168 0.0000000000
42601  -32.955  -36.551  61.834 0.0000000000
42626  -34.069  -36.424  59.515 0.0000000000
40782  -34.692  -37.428  61.030 0.0000000000
117548  -34.421  -37.043  59.147 0.0000000000
42641  -33.813  -36.592  57.640 0.0000000000
41764  -33.500  -37.390  56.488 0.0000000000
116294  -32.658  -37.577  54.565 0.0000000000
40901  -31.164  -39.152  53.078 0.0000000000
39896  -37.741  -38.824  57.871 0.0000000000
38921  -36.146  -40.037  56.722 0.0000000000
38025  -35.006  -40.940  56.142 0.0000000000
39949  -34.618  -39.853  53.316 0.0000000000
38036  -33.846  -41.501  54.084 0.0000000000
38023  -33.305  -41.491  55.306 0.0000000000
38944  -31.477  -41.167  54.660 0.0000000000
39948  -30.847  -40.350  53.660 0.0000000000
43825  -30.891  -35.750  47.078 0.0000000000
49056  -44.077  -29.652  54.383 0.0000000000
50036  -44.498  -28.908  54.226 0.0000000000
48813  -19.442  -30.799  65.826 0.0000000000
47826  -22.715  -31.669  67.299 0.0000000000
47815  -23.447  -32.194  67.129 0.0000000000
45836  -24.487  -33.089  66.189 0.0000000000
121117  -28.347  -32.602  65.492 0.0000000000
46864  -29.361  -32.492  65.119 0.0000000000
46870  -30.614  -32.916  64.713 0.0000000000
45862  -31.429  -33.927  64.447 0.0000000000
45864  -33.233  -34.048  64.319 0.0000000000
44703  -33.727  -35.012  63.597 0.0000000000
123032  -34.843  -35.473  62.493 0.0000000000
44721  -35.949  -34.621  62.212 0.0000000000
43612  -35.825  -36.077  61.914 0.0000000000
43613  -36.787  -36.069  61.509 0.0000000000
43634  -38.514  -36.169  60.850 0.0000000000
42606  -40.167  -36.707  60.115 0.0000000000
42619  -41.045  -36.458  59.662 0.0000000000
42629  -42.032  -35.548  59.108 0.0000000000
44823  -42.416  -34.282  58.279 0.0000000000
47970  -43.570  -30.838  54.999 0.0000000000
51837  -44.460  -27.385  53.087 0.0000000000
51851  -44.295  -26.661  52.461 0.0000000000
53787  -44.864  -25.325  51.607 0.0000000000
54801  -47.066  -24.119  52.357 0.0000000000
54818  -46.215  -24.448  51.309 0.0000000000
53801  -44.562  -25.276  50.678 0.0000000000
52870  -44.970  -25.965  48.947 0.0000000000
52886  -46.133  -26.225  48.212 0.0000000000
51908  -46.271  -27.027  47.147 0.0000000000
53852  -48.901  -25.502  47.861 0.0000000000
52897  -48.345  -26.320  47.208 0.0000000000
51931  -46.890  -27.412  45.465 0.0000000000
51944  -47.342  -27.554  44.655 0.0000000000
51962  -47.389  -27.625  43.129 0.0000000000
51993  -47.509  -27.610  41.654 0.0000000000
51980  -50.218  -27.410  42.554 0.0000000000
51994  -48.901  -27.576  41.508 0.0000000000
52011  -47.274  -27.597  40.822 0.0000000000
112922  -46.932  -27.596  39.062 0.0000000000
52969  -47.061  -26.939  37.892 0.0000000000
53929  -46.795  -26.032  37.673 0.0000000000
53912  -55.055  -25.222  40.489 0.0000000000
53916  -53.478  -25.424  39.312 0.0000000000
56917  -54.829  -22.310  38.888 0.0000000000
55052  -53.048  -24.176  38.562 0.0000000000
114439  -51.967  -25.521  38.654 0.0000000000
53931  -49.815  -25.005  38.025 0.0000000000
55062  -47.835  -24.401  37.528 0.0000000000
55060  -46.216  -24.093  37.345 0.0000000000
56049  -45.689  -23.130  36.648 0.0000000000
56964  -45.173  -22.238  35.633 0.0000000000
57914  -45.192  -21.681  35.120 0.0000000000
57918  -48.293  -21.225  35.865 0.0000000000
57922  -46.557  -20.977  35.042 0.0000000000
58965  -45.160  -20.895  34.335 0.0000000000
62528  -51.345  -16.767  38.107 0.0000000000
61626  -51.807  -17.239  36.313 0.0000000000
60813  -50.276  -17.971  34.172 0.0000000000
117047  -52.024  -16.763  34.343 0.0000000000
61662  -50.694  -17.358  33.833 0.0000000000
61660  -48.598  -17.749  33.455 0.0000000000
44750  -18.300  -34.768  61.000 0.0000000000
46903  -21.099  -32.856  60.775 0.0000000000
46919  -20.187  -33.052  58.735 0.0000000000
45945  -19.524  -33.536  56.830 0.0000000000
44873  -20.713  -34.517  54.876 0.0000000000
44886  -19.340  -34.119  54.176 0.0000000000
43744  -18.310  -35.070  53.736 0.0000000000
41811  -18.966  -37.149  51.422 0.0000000000
43631  -30.862  -35.200  62.232 0.0000000000
44796  -29.690  -34.197  59.942 0.0000000000
45902  -29.014  -33.785  59.331 0.0000000000
115764  -31.064  -34.073  57.023 0.0000000000
130318  -29.674  -33.493  57.328 0.0000000000
45933  -28.411  -33.344  57.639 0.0000000000
46960  -26.790  -32.789  54.715 0.0000000000
45995  -26.084  -33.295  53.164 0.0000000000
42703  -25.003  -36.030  50.957 0.0000000000
128201  -28.011  -36.038  51.213 0.0000000000
43755  -27.767  -35.561  51.338 0.0000000000
43754  -27.319  -35.569  51.661 0.0000000000
125010  -25.945  -36.579  52.091 0.0000000000
41814  -25.330  -36.812  51.594 0.0000000000
40911  -24.465  -38.162  51.539 0.0000000000
50056  -42.598  -29.463  52.499 0.0000000000
49055  -43.338  -30.107  53.830 0.0000000000
47986  -42.409  -31.320  53.529 0.0000000000
49054  -42.699  -30.593  53.315 0.0000000000
128372  -43.158  -25.264  36.621 0.0000000000
126359  -43.537  -24.329  36.547 0.0000000000
45861  -30.438  -34.024  64.417 0.0000000000
44718  -30.163  -34.669  63.991 0.0000000000
49131  -33.772  -30.692  44.040 0.0000000000
51929  -44.369  -27.424  45.471 0.0000000000
128011  -44.737  -27.427  44.537 0.0000000000
120617  -45.341  -27.389  45.091 0.0000000000
41701  -39.478  -37.561  59.916 0.0000000000
40788  -39.050  -37.995  59.754 0.0000000000
40800  -39.248  -38.072  59.345 0.0000000000
41858  -31.986  -37.094  49.266 0.0000000000
41842  -32.517  -37.750  49.631 0.0000000000
48066  -33.874  -31.797  44.953 0.0000000000
48072  -33.446  -31.306  44.384 0.0000000000
123087  -52.165  -16.807  41.461 0.0000000000
60748  -51.981  -18.019  40.978 0.0000000000
61593  -51.710  -17.322  40.810 0.0000000000
60758  -51.128  -17.522  39.230 0.0000000000
61605  -51.235  -17.016  39.920 0.0000000000
47840  -21.761  -30.866  64.651 0.0000000000
116770  -21.236  -30.799  63.950 0.0000000000
47848  -21.698  -31.388  63.721 0.0000000000
133932  -24.120  -35.135  50.922 0.0000000000
43789  -23.782  -35.858  49.962 0.0000000000
41827  -23.822  -37.503  49.902 0.0000000000
41828  -24.246  -37.081  50.263 0.0000000000
117188  -31.479  -38.056  52.464 0.0000000000
116365  -31.694  -37.049  51.891 0.0000000000
48052  -39.113  -31.160  48.885 0.0000000000
49112  -38.668  -30.800  48.216 0.0000000000
49100  -39.575  -30.670  49.264 0.0000000000
52867  -42.550  -26.642  49.955 0.0000000000
52868  -43.329  -26.306  49.635 0.0000000000
44866  -41.468  -34.429  56.681 0.0000000000
44865  -40.761  -34.751  56.359 0.0000000000
44883  -41.140  -34.159  55.894 0.0000000000
44954  -38.247  -34.315  51.770 0.0000000000
44932  -37.944  -34.835  52.261 0.0000000000
44953  -37.623  -34.729  51.435 0.0000000000
43794  -36.893  -34.916  50.797 0.0000000000
43793  -36.510  -34.745  50.137 0.0000000000
44966  -36.991  -34.413  50.189 0.0000000000
48051  -38.514  -31.613  48.555 0.0000000000
44673  -25.145  -33.671  65.541 0.0000000000
44695  -24.695  -34.635  64.463 0.0000000000
44696  -25.513  -34.407  64.727 0.0000000000
136273  -27.653  -33.858  59.589 0.0000000000
44794  -26.843  -34.153  59.770 0.0000000000
45910  -26.883  -33.683  58.371 0.0000000000
45909  -26.142  -33.802  57.970 0.0000000000
45931  -26.934  -33.504  57.694 0.0000000000
51054  -39.384  -28.370  45.710 0.0000000000
51053  -38.677  -28.615  45.487 0.0000000000
51059  -39.057  -28.335  45.009 0.0000000000
113639  -40.460  -27.346  41.828 0.0000000000
51988  -39.679  -27.360  41.361 0.0000000000
132066  -45.321  -27.649  40.472 0.0000000000
136044  -44.727  -27.612  40.070 0.0000000000
112650  -45.140  -27.676  39.674 0.0000000000
51083  -44.826  -27.893  38.740 0.0000000000
42578  -34.708  -36.301  62.468 0.0000000000
126337  -34.096  -36.452  62.564 0.0000000000
41662  -34.619  -36.803  62.316 0.0000000000
38900  -34.194  -40.223  57.406 0.0000000000
38919  -33.684  -40.349  56.781 0.0000000000
39913  -33.502  -39.799  56.861 0.0000000000
135694  -33.634  -40.692  56.481 0.0000000000
41765  -36.581  -37.902  55.166 0.0000000000
40879  -36.121  -38.310  54.857 0.0000000000
38997  -31.643  -40.677  51.152 0.0000000000
126112  -30.740  -41.185  51.716 0.0000000000
38074  -30.409  -41.369  52.382 0.0000000000
38983  -29.876  -41.236  51.862 0.0000000000
44995  -33.758  -34.596  47.281 0.0000000000
45007  -32.445  -34.380  46.494 0.0000000000
54853  -48.399  -24.329  49.786 0.0000000000
113321  -51.541  -26.379  46.403 0.0000000000
52908  -50.592  -26.438  46.490 0.0000000000
51934  -50.130  -27.138  45.003 0.0000000000
52925  -50.968  -26.996  44.913 0.0000000000
120479  -51.688  -26.681  40.275 0.0000000000
52950  -50.962  -26.983  40.600 0.0000000000
118580  -51.179  -26.663  39.800 0.0000000000
52956  -50.581  -26.719  39.341 0.0000000000
52963  -51.315  -26.361  39.110 0.0000000000
58859  -54.380  -20.255  42.570 0.0000000000
58877  -55.307  -21.429  40.715 0.0000000000
57844  -55.723  -21.948  40.184 0.0000000000
58890  -55.468  -21.381  40.340 0.0000000000
57873  -50.701  -21.637  37.212 0.0000000000
56936  -51.088  -22.565  37.600 0.0000000000
56935  -50.080  -22.494  37.216 0.0000000000
56934  -49.189  -22.803  37.122 0.0000000000
56958  -49.219  -22.013  36.658 0.0000000000
59900  -49.446  -19.276  34.829 0.0000000000
59898  -48.001  -19.744  34.549 0.0000000000
134741  -48.345  -19.176  34.334 0.0000000000
134981  -47.729  -18.529  33.678 0.0000000000
63553  -53.727  -15.202  37.134 0.0000000000
45858  -18.479  -33.757  64.137 0.0000000000
44813  -18.102  -34.044  57.754 0.0000000000
43701  -17.829  -34.734  57.569 0.0000000000
44839  -18.077  -34.458  56.889 0.0000000000
115194  -17.905  -35.315  55.282 0.0000000000
43688  -21.453  -36.044  58.090 0.0000000000
44814  -20.956  -35.596  58.497 0.0000000000
43703  -21.395  -35.882  57.246 0.0000000000
37158  -21.455  -42.313  47.629 0.0000000000
119264  -32.918  -35.160  58.929 0.0000000000
44799  -32.144  -34.739  59.111 0.0000000000
44821  -32.336  -34.729  58.242 0.0000000000
46011  -29.069  -33.543  52.429 0.0000000000
45998  -29.588  -33.539  53.301 0.0000000000
46010  -28.069  -33.408  52.359 0.0000000000
133593  -27.963  -33.828  51.830 0.0000000000
48030  -40.752  -31.016  50.963 0.0000000000
49092  -40.943  -30.290  50.875 0.0000000000
50974  -42.807  -28.594  52.348 0.0000000000
50988  -42.350  -28.110  51.715 0.0000000000
51849  -42.729  -27.276  51.557 0.0000000000
45989  -41.506  -32.853  54.757 0.0000000000
46013  -39.240  -33.441  52.384 0.0000000000
46021  -39.774  -32.796  51.962 0.0000000000
47000  -40.344  -32.222  51.665 0.0000000000
48015  -41.159  -31.113  51.552 0.0000000000
48014  -40.572  -31.657  51.216 0.0000000000
48029  -40.179  -31.447  50.581 0.0000000000
53969  -41.384  -22.911  34.470 0.0000000000
55089  -42.457  -23.028  35.267 0.0000000000
124612  -42.209  -22.774  34.858 0.0000000000
45853  -27.940  -33.734  65.103 0.0000000000
112464  -27.634  -34.413  64.384 0.0000000000
44698  -28.239  -34.099  64.614 0.0000000000
121440  -28.416  -34.641  63.421 0.0000000000
44734  -28.768  -34.605  62.583 0.0000000000
114778  -27.838  -34.381  61.053 0.0000000000
131539  -28.666  -34.432  61.472 0.0000000000
49136  -34.050  -30.031  43.500 0.0000000000
130903  -42.108  -27.581  45.852 0.0000000000
114456  -41.786  -27.604  45.266 0.0000000000
51957  -42.720  -27.463  43.946 0.0000000000
114168  -42.365  -27.446  43.231 0.0000000000
51973  -42.893  -27.440  42.386 0.0000000000
51975  -44.693  -27.544  42.283 0.0000000000
51976  -45.595  -27.631  42.329 0.0000000000
113170  -45.305  -27.629  41.387 0.0000000000
51977  -46.428  -27.655  42.636 0.0000000000
41686  -36.313  -37.689  61.445 0.0000000000
40772  -36.786  -38.066  60.906 0.0000000000
39861  -37.119  -39.276  59.385 0.0000000000
39845  -36.796  -39.086  60.034 0.0000000000
38887  -36.597  -39.651  58.879 0.0000000000
38876  -35.994  -39.685  58.973 0.0000000000
112786  -36.010  -40.050  58.229 0.0000000000
40916  -34.099  -38.420  51.660 0.0000000000
40927  -33.770  -38.162  50.948 0.0000000000
40940  -32.165  -38.649  49.806 0.0000000000
40925  -32.629  -39.051  50.360 0.0000000000
40009  -31.983  -39.444  50.084 0.0000000000
40008  -31.239  -39.574  49.847 0.0000000000
40007  -30.321  -39.728  49.787 0.0000000000
115585  -30.909  -39.154  49.394 0.0000000000
46075  -33.128  -33.196  45.638 0.0000000000
52921  -54.317  -25.861  45.476 0.0000000000
52927  -52.895  -26.670  44.482 0.0000000000
52936  -55.174  -26.167  43.409 0.0000000000
52941  -54.208  -26.429  42.764 0.0000000000
129953  -53.454  -26.421  41.922 0.0000000000
113815  -54.307  -26.180  41.748 0.0000000000
117088  -53.193  -17.888  43.507 0.0000000000
61579  -53.119  -17.591  44.404 0.0000000000
60738  -53.505  -18.453  42.880 0.0000000000
59816  -54.111  -18.931  42.122 0.0000000000
59831  -53.323  -19.082  40.899 0.0000000000
59854  -51.806  -19.803  38.945 0.0000000000
58921  -51.566  -20.633  37.853 0.0000000000
58920  -51.140  -20.260  37.367 0.0000000000
57899  -50.768  -20.735  36.932 0.0000000000
135356  -51.058  -18.311  37.224 0.0000000000
59874  -50.857  -19.287  36.347 0.0000000000
135715  -50.341  -19.307  35.433 0.0000000000
60794  -51.048  -18.706  35.776 0.0000000000
64639  -54.480  -14.529  35.168 0.0000000000
63587  -53.528  -14.901  34.855 0.0000000000
47832  -19.260  -31.325  65.010 0.0000000000
47846  -18.889  -31.872  63.962 0.0000000000
47839  -19.280  -31.396  64.319 0.0000000000
47870  -20.598  -31.725  61.708 0.0000000000
47857  -20.130  -31.426  62.374 0.0000000000
47869  -19.814  -31.790  61.523 0.0000000000
46906  -18.992  -32.762  59.542 0.0000000000
46901  -19.806  -32.426  60.074 0.0000000000
44890  -23.187  -34.953  54.206 0.0000000000
115019  -22.279  -34.966  53.837 0.0000000000
116105  -22.112  -34.637  52.949 0.0000000000
43805  -22.726  -35.790  49.418 0.0000000000
116946  -21.980  -35.316  49.646 0.0000000000
41839  -22.562  -37.110  48.499 0.0000000000
136283  -22.001  -36.600  48.492 0.0000000000
118205  -22.472  -37.757  48.168 0.0000000000
39004  -23.002  -40.254  48.358 0.0000000000
128102  -23.074  -39.491  48.576 0.0000000000
38992  -23.184  -40.080  51.125 0.0000000000
38978  -23.086  -40.599  50.420 0.0000000000
42658  -33.103  -36.139  55.625 0.0000000000
43725  -32.568  -35.424  55.252 0.0000000000
42671  -32.949  -36.023  54.693 0.0000000000
43757  -31.455  -35.315  52.015 0.0000000000
43745  -31.812  -35.088  52.971 0.0000000000
43756  -30.847  -34.805  51.844 0.0000000000
44930  -30.365  -34.299  52.238 0.0000000000
44952  -30.148  -34.754  51.402 0.0000000000
48069  -36.496  -30.622  46.109 0.0000000000
49116  -37.735  -30.831  47.208 0.0000000000
50127  -38.647  -29.757  47.287 0.0000000000
50133  -39.079  -29.064  46.957 0.0000000000
50108  -40.153  -29.147  49.545 0.0000000000
51892  -40.757  -27.895  48.703 0.0000000000
51902  -40.931  -27.843  47.975 0.0000000000
51045  -40.331  -28.239  47.587 0.0000000000
51903  -41.933  -27.593  47.600 0.0000000000
51906  -44.588  -27.243  47.352 0.0000000000
42635  -40.913  -36.885  58.990 0.0000000000
41741  -39.907  -37.044  58.194 0.0000000000
42642  -40.565  -36.639  58.297 0.0000000000
42661  -38.768  -35.838  56.243 0.0000000000
42649  -39.137  -36.187  56.938 0.0000000000
42660  -38.080  -36.307  55.831 0.0000000000
41767  -37.372  -36.935  55.531 0.0000000000
42673  -37.750  -36.034  54.913 0.0000000000
45988  -40.166  -33.634  54.307 0.0000000000
44896  -40.116  -34.213  55.034 0.0000000000
44895  -39.526  -34.372  54.641 0.0000000000
43758  -37.522  -35.385  52.760 0.0000000000
43747  -37.675  -35.474  53.544 0.0000000000
42682  -37.132  -35.970  53.249 0.0000000000
113960  -37.305  -36.027  54.082 0.0000000000
118688  -36.620  -36.339  52.994 0.0000000000
42693  -36.307  -36.341  52.490 0.0000000000
43791  -34.612  -35.999  50.284 0.0000000000
42723  -35.097  -36.047  50.837 0.0000000000
42737  -33.566  -36.759  49.623 0.0000000000
44985  -34.550  -34.523  48.340 0.0000000000
43828  -33.990  -34.870  47.877 0.0000000000
46028  -37.975  -33.676  50.171 0.0000000000
46038  -38.313  -33.153  49.782 0.0000000000
118407  -36.765  -33.205  48.371 0.0000000000
46058  -36.314  -33.053  47.978 0.0000000000
46047  -35.521  -33.408  47.961 0.0000000000
46057  -35.602  -32.829  47.423 0.0000000000
48057  -37.465  -31.576  47.538 0.0000000000
47033  -35.976  -32.163  47.029 0.0000000000
48062  -36.201  -31.436  46.626 0.0000000000
64574  -53.425  -13.770  41.141 0.0000000000
64575  -54.311  -13.768  40.408 0.0000000000
64590  -54.410  -14.286  38.867 0.0000000000
64581  -54.715  -13.980  39.347 0.0000000000
64592  -55.792  -14.343  38.414 0.0000000000
64605  -55.923  -14.537  38.002 0.0000000000
113217  -55.625  -14.608  36.839 0.0000000000
64619  -56.075  -14.508  37.356 0.0000000000
45851  -23.633  -33.598  65.209 0.0000000000
45859  -23.005  -33.902  64.619 0.0000000000
44693  -23.149  -34.461  64.056 0.0000000000
43606  -23.621  -35.311  62.871 0.0000000000
43627  -22.907  -35.306  62.260 0.0000000000
114837  -22.790  -35.562  61.278 0.0000000000
116961  -22.516  -35.813  60.166 0.0000000000
43651  -23.351  -35.646  60.467 0.0000000000
43609  -26.181  -35.471  62.920 0.0000000000
43608  -25.370  -35.740  62.696 0.0000000000
43630  -26.025  -35.366  62.021 0.0000000000
112651  -24.758  -34.715  58.902 0.0000000000
44773  -24.685  -35.034  59.721 0.0000000000
44815  -24.004  -35.174  58.406 0.0000000000
44842  -23.943  -35.030  57.527 0.0000000000
44862  -23.831  -34.933  56.559 0.0000000000
44843  -24.690  -34.306  57.086 0.0000000000
45965  -24.868  -33.737  55.665 0.0000000000
119274  -24.990  -33.467  54.843 0.0000000000
44907  -24.558  -33.937  53.170 0.0000000000
45981  -24.845  -33.574  53.996 0.0000000000
133171  -36.453  -30.071  45.509 0.0000000000
50136  -36.032  -29.800  44.992 0.0000000000
50137  -36.834  -29.616  45.152 0.0000000000
51056  -37.194  -28.748  44.155 0.0000000000
51937  -39.878  -27.765  44.059 0.0000000000
51987  -38.422  -27.458  41.429 0.0000000000
131147  -42.658  -27.481  40.477 0.0000000000
52007  -43.134  -27.635  39.884 0.0000000000
51081  -43.254  -27.869  38.613 0.0000000000
52055  -42.731  -27.597  37.591 0.0000000000
52057  -44.651  -27.715  37.733 0.0000000000
52056  -43.830  -27.516  37.640 0.0000000000
52966  -44.329  -26.980  37.481 0.0000000000
52967  -45.387  -27.029  37.630 0.0000000000
43566  -32.703  -35.634  64.005 0.0000000000
43593  -32.257  -35.722  63.786 0.0000000000
42565  -32.809  -35.756  63.519 0.0000000000
41683  -33.476  -36.685  61.974 0.0000000000
42602  -33.488  -36.562  61.217 0.0000000000
42616  -33.096  -36.194  60.965 0.0000000000
42617  -33.818  -36.489  60.500 0.0000000000
40784  -35.718  -38.253  60.833 0.0000000000
40769  -35.205  -37.779  60.977 0.0000000000
40783  -35.349  -37.985  60.229 0.0000000000
40816  -34.563  -38.406  58.231 0.0000000000
112830  -34.763  -37.523  59.115 0.0000000000
41727  -34.401  -37.612  58.454 0.0000000000
42634  -34.068  -36.672  58.546 0.0000000000
41738  -34.022  -37.373  57.962 0.0000000000
42647  -33.585  -36.573  56.870 0.0000000000
40835  -33.611  -38.319  56.954 0.0000000000
117414  -32.610  -39.581  55.701 0.0000000000
40877  -32.551  -38.617  55.020 0.0000000000
133641  -32.167  -38.987  54.507 0.0000000000
40886  -32.258  -38.333  54.192 0.0000000000
40876  -31.743  -39.335  53.986 0.0000000000
41739  -38.632  -37.638  57.795 0.0000000000
40836  -38.387  -38.341  58.228 0.0000000000
40855  -37.950  -38.187  57.471 0.0000000000
39924  -36.095  -39.559  55.928 0.0000000000
38933  -35.648  -40.341  56.085 0.0000000000
38920  -35.519  -40.595  56.836 0.0000000000
133857  -35.237  -40.592  55.545 0.0000000000
39965  -34.323  -39.532  52.575 0.0000000000
38971  -34.096  -40.457  52.670 0.0000000000
38062  -33.057  -41.480  52.904 0.0000000000
38050  -33.776  -41.251  53.169 0.0000000000
38049  -33.089  -41.790  53.726 0.0000000000
113428  -33.961  -41.603  54.986 0.0000000000
38034  -32.357  -41.671  54.849 0.0000000000
38021  -31.997  -41.221  54.986 0.0000000000
38047  -31.434  -41.652  54.353 0.0000000000
38956  -30.425  -41.075  53.112 0.0000000000
39963  -30.407  -40.079  52.729 0.0000000000
131408  -29.870  -39.815  52.065 0.0000000000
42764  -31.265  -36.267  47.841 0.0000000000
117905  -31.736  -35.687  47.529 0.0000000000
48812  -18.935  -30.989  66.741 0.0000000000
48786  -23.254  -31.391  67.859 0.0000000000
46858  -27.627  -32.771  65.686 0.0000000000
113786  -31.892  -33.134  64.484 0.0000000000
45863  -32.405  -33.994  64.422 0.0000000000
44719  -34.346  -35.073  62.844 0.0000000000
45869  -34.924  -34.176  62.756 0.0000000000
45875  -36.412  -33.613  62.273 0.0000000000
43596  -35.496  -35.415  62.192 0.0000000000
125342  -36.300  -35.340  61.872 0.0000000000
121977  -37.186  -35.248  61.642 0.0000000000
43615  -38.688  -35.377  61.155 0.0000000000
43635  -39.403  -35.855  60.684 0.0000000000
42605  -39.360  -36.623  60.412 0.0000000000
43637  -40.801  -35.714  60.221 0.0000000000
127311  -41.148  -35.795  60.054 0.0000000000
42620  -41.475  -36.020  59.388 0.0000000000
43656  -41.862  -35.078  59.490 0.0000000000
44800  -42.488  -34.288  58.677 0.0000000000
44824  -42.838  -33.414  57.826 0.0000000000
117130  -42.721  -33.718  57.724 0.0000000000
49040  -44.236  -30.006  54.978 0.0000000000
50963  -44.932  -28.091  53.993 0.0000000000
50975  -44.294  -28.072  53.334 0.0000000000
51838  -45.359  -27.138  53.725 0.0000000000
52833  -45.750  -25.930  53.442 0.0000000000
52832  -45.098  -26.454  53.055 0.0000000000
53772  -45.401  -25.591  52.605 0.0000000000
52846  -44.530  -25.971  52.142 0.0000000000
54835  -46.831  -24.214  50.748 0.0000000000
53802  -45.339  -24.809  51.034 0.0000000000
115200  -45.142  -24.980  50.230 0.0000000000
53816  -44.641  -25.463  49.776 0.0000000000
53817  -45.580  -25.311  49.400 0.0000000000
53835  -47.267  -25.348  48.890 0.0000000000
53834  -46.341  -25.593  48.756 0.0000000000
52894  -45.813  -26.787  47.779 0.0000000000
52895  -46.677  -26.544  47.680 0.0000000000
53839  -51.259  -24.758  48.080 0.0000000000
53837  -49.654  -24.927  48.501 0.0000000000
125830  -48.910  -26.611  46.616 0.0000000000
52906  -48.225  -26.987  46.369 0.0000000000
51921  -47.484  -27.283  46.030 0.0000000000
133451  -47.620  -27.474  45.291 0.0000000000
128431  -48.027  -27.584  43.493 0.0000000000
113176  -48.188  -27.566  43.127 0.0000000000
113168  -47.016  -27.669  42.133 0.0000000000
51978  -47.810  -27.598  42.445 0.0000000000
52933  -51.851  -26.858  43.862 0.0000000000
51965  -50.872  -27.211  43.298 0.0000000000
52013  -49.716  -27.435  41.205 0.0000000000
51995  -49.520  -27.504  42.033 0.0000000000
52012  -48.136  -27.574  41.106 0.0000000000
52030  -47.953  -27.475  40.198 0.0000000000
52029  -47.090  -27.603  39.945 0.0000000000
120092  -47.761  -27.449  39.319 0.0000000000
52960  -48.401  -26.844  38.386 0.0000000000
52044  -47.620  -27.271  38.465 0.0000000000
52959  -47.858  -26.784  38.032 0.0000000000
115826  -47.631  -26.156  37.808 0.0000000000
55042  -55.659  -23.927  39.773 0.0000000000
53913  -55.579  -24.479  40.344 0.0000000000
53917  -55.138  -24.699  39.728 0.0000000000
113626  -54.310  -25.365  39.849 0.0000000000
55041  -54.346  -24.794  39.258 0.0000000000
58911  -54.190  -21.025  39.122 0.0000000000
57863  -55.053  -21.614  39.206 0.0000000000
128446  -53.770  -22.280  38.570 0.0000000000
56038  -51.496  -23.334  37.928 0.0000000000
56017  -52.616  -23.319  38.319 0.0000000000
133166  -51.689  -24.498  38.337 0.0000000000
55051  -52.248  -24.833  38.503 0.0000000000
55050  -51.377  -25.058  38.414 0.0000000000
53920  -50.595  -25.569  38.416 0.0000000000
55064  -50.636  -24.780  38.191 0.0000000000
116574  -48.266  -23.611  37.347 0.0000000000
55063  -48.828  -24.549  37.649 0.0000000000
55061  -46.987  -24.243  37.433 0.0000000000
56033  -46.701  -23.400  37.102 0.0000000000
56032  -46.112  -23.436  37.006 0.0000000000
56956  -47.137  -21.968  36.107 0.0000000000
56955  -46.068  -22.456  36.227 0.0000000000
56965  -45.812  -22.065  35.724 0.0000000000
57915  -46.154  -21.555  35.385 0.0000000000
57919  -49.106  -20.901  35.925 0.0000000000
58956  -48.659  -20.527  35.472 0.0000000000
58967  -46.652  -20.418  34.559 0.0000000000
115347  -47.189  -20.579  34.919 0.0000000000
58966  -46.030  -20.611  34.456 0.0000000000
130832  -45.888  -21.152  34.869 0.0000000000
63530  -52.016  -15.275  39.509 0.0000000000
62519  -51.555  -15.976  38.745 0.0000000000
62550  -52.266  -16.706  35.880 0.0000000000
61639  -51.859  -17.467  35.427 0.0000000000
60807  -51.347  -18.179  35.124 0.0000000000
61650  -51.085  -17.795  34.426 0.0000000000
62569  -52.302  -16.056  33.943 0.0000000000
62557  -52.457  -16.185  34.760 0.0000000000
124754  -51.739  -16.417  33.700 0.0000000000
62567  -50.187  -16.861  33.328 0.0000000000
132884  -49.968  -17.505  33.664 0.0000000000
45872  -18.454  -33.420  62.536 0.0000000000
44730  -18.372  -34.149  62.110 0.0000000000
125657  -18.327  -33.897  61.263 0.0000000000
42640  -18.017  -36.239  57.557 0.0000000000
42633  -18.198  -36.266  58.398 0.0000000000
41760  -18.936  -37.788  55.597 0.0000000000
41797  -18.706  -37.788  52.975 0.0000000000
118554  -18.848  -38.591  52.778 0.0000000000
39973  -19.008  -39.372  51.568 0.0000000000
38991  -19.155  -40.401  50.378 0.0000000000
45873  -21.735  -33.365  62.124 0.0000000000
45884  -21.475  -33.607  61.309 0.0000000000
45928  -20.614  -34.221  57.658 0.0000000000
45898  -20.520  -33.472  59.072 0.0000000000
45907  -20.401  -33.576  58.250 0.0000000000
46932  -20.086  -33.276  58.133 0.0000000000
129850  -20.278  -33.847  56.546 0.0000000000
44904  -21.416  -34.704  53.535 0.0000000000
44887  -20.717  -34.428  53.986 0.0000000000
115383  -20.601  -34.427  53.207 0.0000000000
43765  -19.313  -35.475  51.237 0.0000000000
44919  -19.395  -34.652  52.585 0.0000000000
43753  -18.947  -35.138  52.140 0.0000000000
114613  -18.740  -34.545  53.707 0.0000000000
43764  -18.817  -35.732  51.796 0.0000000000
43752  -18.484  -35.591  52.736 0.0000000000
42702  -18.924  -36.366  51.419 0.0000000000
38091  -23.047  -41.737  48.939 0.0000000000
37130  -22.869  -42.505  48.752 0.0000000000
43611  -31.534  -35.841  62.968 0.0000000000
44797  -30.539  -34.332  59.692 0.0000000000
44779  -30.362  -34.491  60.582 0.0000000000
45903  -29.939  -33.986  59.162 0.0000000000
44880  -32.005  -34.817  55.851 0.0000000000
127516  -31.814  -34.490  56.753 0.0000000000
115992  -31.197  -34.108  56.035 0.0000000000
45951  -29.803  -33.381  56.527 0.0000000000
45950  -28.962  -33.015  56.242 0.0000000000
115493  -29.061  -33.243  57.071 0.0000000000
46945  -28.179  -32.828  55.983 0.0000000000
45949  -27.515  -33.005  56.527 0.0000000000
46961  -27.316  -32.803  55.578 0.0000000000
46009  -26.652  -33.499  52.620 0.0000000000
46008  -26.024  -33.686  52.547 0.0000000000
44947  -25.264  -34.565  51.325 0.0000000000
43770  -25.780  -35.223  51.259 0.0000000000
42690  -28.088  -36.221  52.630 0.0000000000
43773  -28.319  -35.472  50.875 0.0000000000
42679  -27.908  -36.151  53.556 0.0000000000
41787  -26.456  -36.620  54.191 0.0000000000
42678  -27.342  -36.128  53.918 0.0000000000
42687  -26.449  -36.589  53.006 0.0000000000
114126  -26.657  -36.116  52.024 0.0000000000
121175  -24.434  -38.539  53.277 0.0000000000
41785  -25.025  -37.999  52.966 0.0000000000
40898  -24.436  -38.380  52.501 0.0000000000
113024  -24.899  -37.660  52.001 0.0000000000
48016  -41.708  -30.668  52.151 0.0000000000
49081  -41.411  -30.240  51.467 0.0000000000
49082  -41.971  -29.861  52.041 0.0000000000
47969  -42.719  -31.482  54.407 0.0000000000
46988  -42.013  -31.981  53.814 0.0000000000
46994  -41.683  -31.699  53.025 0.0000000000
46993  -40.987  -31.997  52.428 0.0000000000
48001  -41.413  -31.397  52.297 0.0000000000
53937  -42.758  -26.107  36.642 0.0000000000
53955  -42.522  -24.849  36.191 0.0000000000
53956  -42.799  -23.855  35.941 0.0000000000
124459  -43.247  -23.545  35.986 0.0000000000
55086  -44.062  -23.494  36.391 0.0000000000
44716  -28.562  -34.490  64.066 0.0000000000
123502  -29.226  -34.228  64.283 0.0000000000
44717  -29.492  -34.534  63.969 0.0000000000
44735  -29.754  -34.790  62.936 0.0000000000
49133  -34.855  -29.655  44.143 0.0000000000
51917  -43.705  -27.462  46.331 0.0000000000
51927  -42.574  -27.497  45.313 0.0000000000
51928  -43.399  -27.455  45.420 0.0000000000
51958  -43.537  -27.485  43.938 0.0000000000
114166  -44.075  -27.518  43.142 0.0000000000
128199  -44.346  -27.494  43.884 0.0000000000
121423  -45.037  -27.480  43.804 0.0000000000
41688  -37.961  -37.332  60.499 0.0000000000
40773  -37.593  -37.869  60.443 0.0000000000
40787  -38.088  -38.155  59.901 0.0000000000
40799  -38.492  -38.404  59.456 0.0000000000
39862  -37.891  -38.835  59.151 0.0000000000
41830  -33.448  -37.882  50.328 0.0000000000
40954  -30.947  -38.437  48.984 0.0000000000
41855  -29.739  -37.725  48.366 0.0000000000
47038  -34.142  -32.289  45.487 0.0000000000
47041  -32.368  -32.078  44.588 0.0000000000
60749  -52.886  -18.421  41.604 0.0000000000
59830  -52.135  -18.659  40.441 0.0000000000
59842  -51.552  -18.900  39.415 0.0000000000
59853  -51.132  -19.095  38.433 0.0000000000
60766  -51.095  -18.230  38.895 0.0000000000
60772  -50.994  -18.326  37.980 0.0000000000
61616  -51.179  -17.615  37.623 0.0000000000
49817  -20.936  -30.275  65.020 0.0000000000
48847  -19.888  -31.023  63.939 0.0000000000
48849  -21.126  -31.069  63.152 0.0000000000
47871  -21.157  -31.802  61.935 0.0000000000
44922  -22.738  -34.569  52.184 0.0000000000
43767  -22.938  -35.103  50.815 0.0000000000
135601  -23.277  -35.783  49.706 0.0000000000
41840  -23.269  -37.070  49.192 0.0000000000
40003  -23.291  -39.135  49.401 0.0000000000
40935  -23.422  -38.148  49.384 0.0000000000
40923  -23.542  -38.957  50.336 0.0000000000
39974  -23.459  -39.493  51.197 0.0000000000
131913  -32.734  -36.023  53.989 0.0000000000
42680  -32.525  -36.512  53.386 0.0000000000
42709  -31.392  -36.179  51.471 0.0000000000
42708  -30.460  -36.369  50.775 0.0000000000
49118  -38.810  -30.123  47.886 0.0000000000
134880  -39.569  -29.401  48.453 0.0000000000
51006  -41.291  -27.784  50.364 0.0000000000
51876  -41.829  -27.164  49.441 0.0000000000
51894  -42.344  -27.262  48.396 0.0000000000
52883  -43.690  -26.627  48.751 0.0000000000
52884  -44.562  -26.562  48.511 0.0000000000
43709  -41.307  -35.400  57.780 0.0000000000
43708  -40.786  -35.865  57.707 0.0000000000
43719  -40.356  -35.402  56.878 0.0000000000
43727  -39.249  -35.215  55.784 0.0000000000
44934  -39.041  -33.904  53.123 0.0000000000
44911  -38.654  -34.459  53.458 0.0000000000
118084  -37.414  -35.266  52.081 0.0000000000
42711  -36.215  -35.981  51.752 0.0000000000
43777  -36.399  -35.466  51.142 0.0000000000
43792  -35.344  -35.532  50.379 0.0000000000
43807  -34.815  -35.328  49.697 0.0000000000
43808  -35.787  -34.880  49.775 0.0000000000
44976  -35.844  -34.346  49.153 0.0000000000
47014  -39.164  -32.427  49.896 0.0000000000
47013  -38.618  -32.611  49.526 0.0000000000
47020  -37.590  -32.584  48.463 0.0000000000
47026  -36.513  -32.538  47.633 0.0000000000
47027  -37.225  -32.292  47.850 0.0000000000
44671  -24.327  -33.650  65.401 0.0000000000
43560  -23.742  -34.580  64.151 0.0000000000
44694  -24.283  -34.474  64.464 0.0000000000
43586  -24.167  -35.395  63.343 0.0000000000
43607  -24.140  -35.599  62.787 0.0000000000
44775  -26.192  -34.620  60.476 0.0000000000
44817  -25.488  -34.212  58.506 0.0000000000
135505  -25.788  -33.758  57.465 0.0000000000
45947  -25.678  -33.414  56.199 0.0000000000
50139  -38.229  -29.080  45.828 0.0000000000
51052  -38.071  -28.779  45.087 0.0000000000
51057  -37.775  -28.682  44.502 0.0000000000
112977  -37.817  -28.451  44.016 0.0000000000
116622  -40.259  -27.433  42.714 0.0000000000
51954  -39.688  -27.581  43.236 0.0000000000
51970  -39.494  -27.454  42.298 0.0000000000
116764  -39.045  -27.451  41.648 0.0000000000
52008  -43.993  -27.645  40.123 0.0000000000
52026  -44.388  -27.749  39.422 0.0000000000
51087  -43.664  -27.947  38.155 0.0000000000
51088  -44.300  -28.027  38.218 0.0000000000
52041  -44.823  -28.079  38.014 0.0000000000
52042  -45.465  -27.875  38.399 0.0000000000
42576  -33.404  -36.087  62.801 0.0000000000
41670  -34.031  -36.884  61.896 0.0000000000
41684  -34.136  -36.909  61.662 0.0000000000
39859  -35.711  -39.233  59.286 0.0000000000
39858  -35.506  -38.627  59.431 0.0000000000
39876  -35.159  -38.975  58.586 0.0000000000
113056  -34.152  -39.115  57.862 0.0000000000
114472  -33.800  -39.151  57.354 0.0000000000
40852  -33.412  -39.081  56.727 0.0000000000
39922  -32.241  -40.490  55.454 0.0000000000
41751  -37.428  -37.564  56.240 0.0000000000
40866  -37.059  -38.308  56.338 0.0000000000
40865  -36.491  -38.609  55.664 0.0000000000
39936  -35.866  -39.124  55.142 0.0000000000
39935  -35.428  -39.658  54.577 0.0000000000
39964  -33.574  -40.528  51.976 0.0000000000
38969  -32.946  -41.162  52.132 0.0000000000
38061  -32.116  -41.596  52.824 0.0000000000
38048  -31.509  -41.913  53.718 0.0000000000
38060  -31.063  -41.537  52.967 0.0000000000
38968  -30.008  -41.176  52.396 0.0000000000
46874  -33.735  -33.237  64.136 0.0000000000
114291  -34.278  -32.462  63.550 0.0000000000
44737  -37.613  -34.482  61.700 0.0000000000
44761  -42.249  -34.244  59.210 0.0000000000
51826  -45.697  -26.856  54.314 0.0000000000
52821  -45.855  -26.540  53.985 0.0000000000
52822  -46.054  -26.042  53.965 0.0000000000
52834  -46.089  -25.549  53.582 0.0000000000
54836  -47.593  -23.761  51.014 0.0000000000
54851  -46.828  -24.508  50.046 0.0000000000
53819  -47.441  -24.705  49.567 0.0000000000
53851  -47.976  -25.531  48.300 0.0000000000
53855  -51.944  -25.291  47.496 0.0000000000
53854  -50.931  -25.391  47.767 0.0000000000
53853  -50.000  -25.480  47.907 0.0000000000
52899  -50.348  -26.012  47.264 0.0000000000
52907  -49.685  -26.521  46.537 0.0000000000
52917  -49.030  -27.096  45.830 0.0000000000
51933  -48.836  -27.518  44.905 0.0000000000
127263  -49.468  -27.278  45.162 0.0000000000
51947  -49.475  -27.439  44.387 0.0000000000
51963  -49.289  -27.498  43.594 0.0000000000
52946  -51.828  -26.844  42.012 0.0000000000
51981  -51.063  -27.174  42.420 0.0000000000
51997  -50.999  -27.147  41.580 0.0000000000
52014  -50.119  -27.248  40.460 0.0000000000
52031  -49.925  -27.141  39.671 0.0000000000
135945  -48.503  -27.362  39.566 0.0000000000
52046  -49.195  -27.195  39.281 0.0000000000
52961  -49.126  -26.827  38.681 0.0000000000
52971  -48.946  -26.383  38.295 0.0000000000
57837  -55.686  -22.259  40.307 0.0000000000
56000  -55.868  -22.607  39.783 0.0000000000
56020  -55.505  -23.282  39.420 0.0000000000
119516  -52.336  -22.067  38.094 0.0000000000
56916  -52.904  -22.568  38.356 0.0000000000
56039  -52.015  -22.730  37.946 0.0000000000
123762  -50.276  -24.142  37.853 0.0000000000
56036  -49.803  -23.418  37.488 0.0000000000
132651  -48.580  -23.030  37.130 0.0000000000
56052  -47.949  -22.880  36.947 0.0000000000
56051  -47.136  -22.704  36.688 0.0000000000
57895  -47.800  -22.239  36.493 0.0000000000
131027  -47.796  -21.710  36.128 0.0000000000
59889  -49.047  -19.886  35.156 0.0000000000
58969  -48.329  -20.160  34.970 0.0000000000
59897  -47.191  -19.916  34.427 0.0000000000
117793  -53.062  -15.106  38.880 0.0000000000
63552  -52.856  -15.658  37.235 0.0000000000
62549  -52.239  -16.908  35.040 0.0000000000
63615  -50.989  -15.504  32.454 0.0000000000
62577  -51.354  -15.948  33.099 0.0000000000
42585  -18.748  -35.770  62.423 0.0000000000
128448  -18.444  -33.322  60.655 0.0000000000
44771  -18.225  -34.065  60.450 0.0000000000
44792  -18.072  -34.206  59.550 0.0000000000
43702  -17.835  -35.475  57.943 0.0000000000
42646  -17.884  -36.199  56.737 0.0000000000
41759  -18.240  -36.914  55.526 0.0000000000
42655  -17.876  -36.203  55.868 0.0000000000
41773  -18.240  -36.506  54.098 0.0000000000
41783  -18.404  -36.686  53.053 0.0000000000
44772  -21.448  -35.182  60.322 0.0000000000
45899  -20.840  -34.507  59.605 0.0000000000
127480  -20.875  -35.362  59.064 0.0000000000
121543  -20.883  -35.322  57.808 0.0000000000
44860  -20.749  -34.604  56.350 0.0000000000
43788  -20.624  -35.321  49.842 0.0000000000
44942  -20.370  -34.774  51.381 0.0000000000
42733  -20.265  -36.402  49.282 0.0000000000
41826  -19.479  -37.529  49.963 0.0000000000
38100  -20.148  -41.566  47.991 0.0000000000
37157  -20.917  -42.526  47.681 0.0000000000
36268  -21.594  -43.583  48.069 0.0000000000
35475  -21.983  -44.086  48.515 0.0000000000
43633  -32.360  -35.961  61.463 0.0000000000
43654  -31.790  -35.199  60.885 0.0000000000
43674  -31.973  -34.878  59.968 0.0000000000
44798  -31.366  -34.502  59.404 0.0000000000
44892  -30.726  -33.915  54.209 0.0000000000
45987  -30.079  -33.464  54.816 0.0000000000
45986  -29.392  -33.246  54.159 0.0000000000
45985  -28.568  -32.879  54.532 0.0000000000
46974  -27.662  -32.722  54.651 0.0000000000
45997  -27.650  -33.026  53.222 0.0000000000
127166  -27.299  -33.320  52.683 0.0000000000
44926  -26.461  -34.043  52.053 0.0000000000
40873  -25.366  -38.081  55.058 0.0000000000
41786  -25.679  -37.385  53.530 0.0000000000
48042  -39.840  -31.070  49.952 0.0000000000
50090  -40.594  -29.535  50.323 0.0000000000
121270  -41.055  -28.748  50.572 0.0000000000
50072  -41.656  -29.420  51.535 0.0000000000
51007  -41.999  -27.529  51.047 0.0000000000
52857  -42.553  -26.802  50.813 0.0000000000
45973  -42.243  -33.074  55.998 0.0000000000
45972  -41.473  -33.413  55.453 0.0000000000
124244  -40.945  -33.338  54.768 0.0000000000
46979  -41.566  -32.474  54.146 0.0000000000
46001  -40.344  -32.954  53.401 0.0000000000
46000  -39.623  -33.464  53.314 0.0000000000
46012  -38.728  -33.749  51.677 0.0000000000
44968  -38.270  -33.958  50.990 0.0000000000
135864  -38.827  -33.420  51.016 0.0000000000
46029  -39.119  -32.958  50.748 0.0000000000
47007  -39.414  -32.505  50.454 0.0000000000
48028  -39.625  -31.936  50.044 0.0000000000
53971  -41.983  -22.772  34.100 0.0000000000
136152  -26.760  -34.017  64.894 0.0000000000
43563  -26.186  -34.643  64.431 0.0000000000
44697  -26.859  -34.313  64.641 0.0000000000
43564  -26.932  -34.744  64.108 0.0000000000
43589  -26.975  -35.034  63.303 0.0000000000
44733  -27.799  -34.790  62.858 0.0000000000
44755  -27.269  -34.669  61.418 0.0000000000
44776  -27.696  -34.126  60.253 0.0000000000
45892  -28.323  -33.900  59.827 0.0000000000
51926  -40.931  -27.835  45.209 0.0000000000
51938  -40.683  -27.679  44.378 0.0000000000
51940  -42.260  -27.493  44.618 0.0000000000
134266  -41.243  -27.503  43.943 0.0000000000
129121  -41.521  -27.452  43.299 0.0000000000
113174  -41.477  -27.360  41.709 0.0000000000
113575  -41.019  -27.350  40.914 0.0000000000
113173  -42.537  -27.415  41.429 0.0000000000
113172  -43.495  -27.476  41.525 0.0000000000
52009  -45.987  -27.747  40.919 0.0000000000
41673  -35.781  -37.019  61.872 0.0000000000
41672  -35.170  -37.190  62.032 0.0000000000
40759  -35.745  -37.641  61.710 0.0000000000
40771  -36.215  -38.145  61.292 0.0000000000
40785  -36.095  -38.497  60.857 0.0000000000
40786  -37.230  -38.472  60.328 0.0000000000
134175  -36.300  -38.900  60.331 0.0000000000
115150  -36.211  -39.278  59.768 0.0000000000
128491  -35.399  -39.488  58.544 0.0000000000
125698  -35.330  -39.981  58.138 0.0000000000
37994  -34.617  -40.709  57.130 0.0000000000
41791  -35.614  -37.703  53.347 0.0000000000
40888  -35.375  -38.532  53.624 0.0000000000
40903  -35.020  -38.173  52.901 0.0000000000
40902  -34.447  -38.672  52.408 0.0000000000
39981  -34.001  -39.249  51.896 0.0000000000
40926  -33.252  -38.636  50.634 0.0000000000
39980  -33.548  -39.799  51.555 0.0000000000
39994  -32.337  -39.910  50.648 0.0000000000
39992  -30.431  -40.314  50.465 0.0000000000
40006  -29.380  -39.645  49.655 0.0000000000
40937  -29.542  -38.884  49.074 0.0000000000
46066  -32.885  -33.815  46.099 0.0000000000
114653  -31.657  -33.182  44.946 0.0000000000
47036  -32.300  -32.722  45.140 0.0000000000
52910  -53.114  -25.830  46.473 0.0000000000
52920  -51.786  -26.646  45.613 0.0000000000
52926  -51.917  -26.797  44.766 0.0000000000
52934  -52.801  -26.721  43.575 0.0000000000
116103  -53.639  -26.575  43.388 0.0000000000
114110  -52.601  -26.565  41.499 0.0000000000
52951  -52.481  -26.433  40.430 0.0000000000
134687  -52.629  -26.193  39.788 0.0000000000
59833  -54.750  -19.901  41.202 0.0000000000
58889  -55.198  -20.800  40.495 0.0000000000
58888  -54.654  -20.255  40.481 0.0000000000
58897  -54.189  -20.474  39.687 0.0000000000
58896  -53.049  -20.363  39.257 0.0000000000
113053  -53.094  -21.146  38.691 0.0000000000
57875  -52.150  -21.302  38.082 0.0000000000
57898  -50.209  -21.059  36.607 0.0000000000
58933  -49.852  -20.633  36.072 0.0000000000
59873  -50.655  -19.790  36.138 0.0000000000
58958  -50.225  -19.916  35.755 0.0000000000
59890  -49.789  -19.595  35.306 0.0000000000
59901  -50.184  -19.029  34.995 0.0000000000
116749  -49.827  -18.608  34.514 0.0000000000
63586  -52.790  -15.409  34.411 0.0000000000
63601  -52.540  -15.221  33.521 0.0000000000
125023  -18.500  -32.946  64.040 0.0000000000
46868  -18.669  -32.359  64.360 0.0000000000
46876  -18.681  -32.476  63.621 0.0000000000
113231  -18.680  -32.672  61.986 0.0000000000
131726  -19.520  -31.568  62.919 0.0000000000
47868  -19.234  -31.950  62.286 0.0000000000
46900  -18.915  -32.628  60.481 0.0000000000
45897  -18.469  -33.350  59.077 0.0000000000
45925  -18.651  -33.662  57.256 0.0000000000
133972  -22.135  -35.884  56.273 0.0000000000
44889  -22.314  -35.329  54.745 0.0000000000
44944  -22.457  -34.880  51.436 0.0000000000
136014  -21.736  -34.826  51.401 0.0000000000
44965  -21.187  -34.969  50.028 0.0000000000
43816  -21.074  -35.788  48.736 0.0000000000
39016  -22.672  -40.413  47.767 0.0000000000
129835  -23.128  -39.991  49.426 0.0000000000
38082  -23.039  -41.508  49.999 0.0000000000
43706  -32.894  -35.341  56.959 0.0000000000
44847  -32.401  -34.817  57.350 0.0000000000
43716  -32.738  -35.399  56.119 0.0000000000
43746  -32.356  -35.648  53.478 0.0000000000
43734  -31.902  -34.931  53.970 0.0000000000
44893  -31.388  -34.382  54.512 0.0000000000
44909  -30.447  -33.999  53.229 0.0000000000
44908  -29.835  -33.846  52.591 0.0000000000
49126  -34.935  -30.688  45.225 0.0000000000
49128  -37.087  -29.950  45.832 0.0000000000
49124  -38.067  -30.114  46.876 0.0000000000
50131  -37.793  -29.705  46.179 0.0000000000
51049  -39.590  -28.512  46.503 0.0000000000
50107  -39.717  -29.735  49.076 0.0000000000
51026  -40.390  -28.345  49.153 0.0000000000
51038  -39.807  -28.774  48.059 0.0000000000
123684  -40.297  -28.236  46.809 0.0000000000
133347  -40.757  -28.018  46.461 0.0000000000
129619  -42.858  -27.533  46.947 0.0000000000
51904  -42.848  -27.409  47.690 0.0000000000
41716  -40.445  -37.165  59.356 0.0000000000
40801  -39.862  -37.677  59.212 0.0000000000
41728  -39.823  -37.601  58.780 0.0000000000
41740  -39.341  -37.458  58.238 0.0000000000
134263  -38.541  -37.137  57.275 0.0000000000
42650  -39.923  -36.229  57.456 0.0000000000
42648  -38.474  -36.653  56.724 0.0000000000
41752  -38.050  -37.464  56.924 0.0000000000
41778  -36.850  -37.346  55.125 0.0000000000
120488  -36.436  -37.443  54.536 0.0000000000
44882  -40.429  -34.460  55.636 0.0000000000
44881  -39.733  -34.688  55.362 0.0000000000
43738  -39.042  -34.969  54.996 0.0000000000
43748  -38.228  -35.050  53.861 0.0000000000
43737  -38.354  -35.295  54.611 0.0000000000
42681  -36.645  -36.642  53.791 0.0000000000
41792  -36.086  -37.306  53.807 0.0000000000
41803  -35.335  -37.384  52.581 0.0000000000
41819  -34.938  -37.061  51.810 0.0000000000
42710  -35.375  -36.358  51.436 0.0000000000
42722  -34.549  -36.670  50.964 0.0000000000
41831  -33.936  -37.378  50.608 0.0000000000
41844  -33.641  -37.264  50.064 0.0000000000
42736  -32.874  -36.905  49.395 0.0000000000
42751  -32.447  -36.351  48.829 0.0000000000
43818  -32.919  -35.715  48.303 0.0000000000
117881  -34.330  -35.251  48.877 0.0000000000
43819  -33.733  -35.416  48.418 0.0000000000
43827  -33.314  -35.111  47.789 0.0000000000
44978  -37.355  -33.998  49.946 0.0000000000
44987  -36.234  -33.941  48.858 0.0000000000
46049  -37.284  -33.109  48.675 0.0000000000
46036  -36.822  -33.576  48.821 0.0000000000
44997  -34.851  -33.848  47.985 0.0000000000
45009  -34.110  -34.012  46.884 0.0000000000
46068  -34.389  -33.331  46.502 0.0000000000
47032  -34.671  -32.479  46.189 0.0000000000
132456  -35.294  -32.425  46.807 0.0000000000
117505  -52.548  -15.017  40.439 0.0000000000
63531  -52.842  -14.673  39.788 0.0000000000
63532  -53.667  -14.577  39.124 0.0000000000
124641  -53.981  -14.882  37.805 0.0000000000
63554  -54.733  -14.626  37.638 0.0000000000
64582  -55.327  -13.926  38.924 0.0000000000
64591  -55.169  -14.176  38.563 0.0000000000
64604  -55.433  -14.435  38.092 0.0000000000
63568  -54.638  -14.825  36.840 0.0000000000
64628  -55.011  -14.643  36.051 0.0000000000
115780  -55.370  -14.409  35.335 0.0000000000
128114  -54.928  -14.214  34.599 0.0000000000
122328  -22.647  -32.540  65.099 0.0000000000
47849  -22.281  -32.237  64.076 0.0000000000
46869  -22.629  -33.298  64.471 0.0000000000
45874  -22.112  -34.263  62.828 0.0000000000
45885  -21.811  -34.528  61.945 0.0000000000
44714  -23.307  -34.787  63.619 0.0000000000
44731  -22.412  -35.001  62.509 0.0000000000
133219  -21.828  -35.310  60.929 0.0000000000
43649  -21.836  -35.816  59.814 0.0000000000
43689  -22.270  -36.159  58.450 0.0000000000
43587  -25.391  -35.565  63.414 0.0000000000
131933  -24.697  -35.773  62.607 0.0000000000
43628  -24.280  -35.614  62.049 0.0000000000
44774  -25.255  -35.007  60.395 0.0000000000
43652  -24.316  -35.362  60.480 0.0000000000
43672  -23.186  -35.816  59.650 0.0000000000
43705  -23.146  -35.710  57.978 0.0000000000
43723  -22.836  -35.703  56.353 0.0000000000
44876  -23.374  -35.275  55.701 0.0000000000
125869  -23.737  -34.815  54.919 0.0000000000
44863  -24.517  -34.227  56.295 0.0000000000
134613  -23.572  -34.530  53.614 0.0000000000
44906  -23.935  -34.224  52.999 0.0000000000
44946  -24.330  -34.611  51.342 0.0000000000
41829  -29.647  -37.723  50.798 0.0000000000
49127  -35.224  -30.023  44.832 0.0000000000
50143  -36.410  -29.227  44.447 0.0000000000
50148  -35.468  -29.058  43.798 0.0000000000
51061  -34.916  -28.796  43.021 0.0000000000
133820  -39.287  -28.070  44.451 0.0000000000
51063  -38.276  -28.110  43.549 0.0000000000
51953  -38.841  -27.683  42.986 0.0000000000
51952  -38.029  -27.950  42.776 0.0000000000
51069  -37.220  -28.120  42.576 0.0000000000
52024  -42.821  -27.784  39.127 0.0000000000
120117  -43.375  -27.739  37.819 0.0000000000
52066  -43.100  -27.338  37.446 0.0000000000
52975  -42.910  -26.870  37.047 0.0000000000
53926  -43.926  -26.352  37.347 0.0000000000
44700  -31.480  -34.972  64.246 0.0000000000
43565  -31.595  -35.486  64.033 0.0000000000
42600  -32.278  -36.153  62.438 0.0000000000
42587  -32.849  -36.301  62.528 0.0000000000
43676  -33.314  -35.777  59.869 0.0000000000
43693  -33.666  -35.757  58.810 0.0000000000
40758  -35.284  -37.439  61.779 0.0000000000
41685  -34.707  -37.219  61.723 0.0000000000
40798  -35.090  -38.129  59.038 0.0000000000
40797  -34.822  -37.379  60.101 0.0000000000
41714  -34.424  -36.959  59.967 0.0000000000
121886  -33.707  -35.943  58.028 0.0000000000
43707  -33.459  -35.866  57.295 0.0000000000
42659  -33.341  -36.594  56.235 0.0000000000
41777  -33.003  -36.854  54.995 0.0000000000
40864  -33.136  -38.429  56.015 0.0000000000
114253  -32.919  -37.705  55.257 0.0000000000
41790  -32.455  -37.416  53.722 0.0000000000
40885  -31.983  -38.250  53.331 0.0000000000
133078  -38.749  -38.396  58.806 0.0000000000
39878  -38.045  -38.805  58.634 0.0000000000
39895  -37.406  -39.280  58.209 0.0000000000
39914  -37.108  -39.323  57.548 0.0000000000
38888  -36.729  -39.815  58.133 0.0000000000
38903  -36.054  -40.237  57.514 0.0000000000
38012  -34.890  -40.886  56.813 0.0000000000
38011  -34.334  -40.946  56.606 0.0000000000
39950  -35.176  -39.370  53.843 0.0000000000
39934  -34.943  -40.181  54.066 0.0000000000
118011  -34.370  -40.730  53.588 0.0000000000
129095  -34.517  -40.955  54.473 0.0000000000
38932  -34.673  -41.064  55.339 0.0000000000
38024  -34.196  -41.210  55.865 0.0000000000
38010  -33.594  -41.066  56.189 0.0000000000
38022  -32.718  -41.219  55.542 0.0000000000
38930  -31.953  -40.930  55.120 0.0000000000
39921  -31.804  -40.672  54.914 0.0000000000
38957  -30.882  -41.224  54.092 0.0000000000
39932  -31.366  -40.552  54.416 0.0000000000
40900  -30.659  -38.936  52.116 0.0000000000
45006  -31.462  -34.415  45.965 0.0000000000
50035  -43.705  -29.375  53.673 0.0000000000
135839  -45.216  -28.115  54.573 0.0000000000
47831  -18.967  -31.512  65.602 0.0000000000
48802  -20.087  -30.158  66.498 0.0000000000
48814  -20.317  -30.450  65.336 0.0000000000
49803  -20.944  -29.902  65.881 0.0000000000
48815  -21.504  -30.135  66.106 0.0000000000
48816  -21.923  -30.727  65.674 0.0000000000
48804  -22.008  -30.693  66.911 0.0000000000
47833  -22.455  -31.619  66.392 0.0000000000
46855  -23.637  -32.800  66.277 0.0000000000
131829  -24.057  -33.073  66.021 0.0000000000
46847  -24.180  -32.754  66.641 0.0000000000
45842  -24.334  -33.293  65.844 0.0000000000
45843  -24.735  -33.342  65.865 0.0000000000
45844  -25.348  -33.277  65.867 0.0000000000
45845  -26.024  -33.156  65.846 0.0000000000
46856  -26.239  -32.698  66.246 0.0000000000
44675  -26.574  -33.495  65.446 0.0000000000
45846  -27.383  -33.408  65.440 0.0000000000
45847  -28.145  -33.184  65.366 0.0000000000
45854  -28.519  -33.377  65.108 0.0000000000
45855  -29.044  -33.208  64.934 0.0000000000
134499  -31.262  -33.116  64.604 0.0000000000
44701  -32.236  -34.916  64.438 0.0000000000
116955  -32.769  -35.360  64.341 0.0000000000
44702  -33.328  -34.924  64.248 0.0000000000
45865  -33.915  -34.215  64.068 0.0000000000
43567  -33.162  -35.498  63.947 0.0000000000
43568  -33.590  -35.616  63.151 0.0000000000
43594  -34.351  -35.856  62.702 0.0000000000
43595  -35.064  -36.043  62.339 0.0000000000
44720  -35.165  -34.804  62.446 0.0000000000
42588  -35.374  -36.644  62.111 0.0000000000
42589  -36.161  -36.700  61.684 0.0000000000
42590  -36.871  -36.715  61.325 0.0000000000
43614  -37.790  -35.774  61.315 0.0000000000
42591  -37.587  -36.434  61.070 0.0000000000
42604  -38.292  -36.801  60.632 0.0000000000
41689  -38.972  -37.224  60.261 0.0000000000
41690  -39.839  -37.094  60.013 0.0000000000
43636  -40.219  -35.339  60.563 0.0000000000
115080  -40.148  -36.178  60.368 0.0000000000
42607  -40.734  -36.400  60.019 0.0000000000
41703  -40.779  -36.821  59.570 0.0000000000
41717  -41.014  -36.744  59.280 0.0000000000
42636  -41.368  -36.455  59.187 0.0000000000
43694  -41.785  -35.733  58.846 0.0000000000
43677  -42.098  -35.195  58.968 0.0000000000
43695  -42.146  -35.172  58.708 0.0000000000
43710  -41.849  -35.099  58.224 0.0000000000
44867  -42.161  -34.073  57.097 0.0000000000
45954  -42.531  -33.367  56.809 0.0000000000
46938  -43.218  -32.434  57.303 0.0000000000
45955  -42.930  -32.937  57.189 0.0000000000
46951  -42.901  -32.599  56.541 0.0000000000
46966  -42.626  -32.384  55.679 0.0000000000
49039  -43.660  -30.296  54.457 0.0000000000
50962  -44.088  -28.630  53.494 0.0000000000
51836  -43.635  -28.113  52.774 0.0000000000
51850  -43.551  -27.128  52.207 0.0000000000
132722  -43.885  -26.397  51.858 0.0000000000
53786  -43.933  -25.816  51.210 0.0000000000
53774  -46.566  -24.668  52.933 0.0000000000
53789  -46.539  -24.504  52.295 0.0000000000
53788  -45.730  -24.883  51.994 0.0000000000
53800  -43.884  -25.756  50.195 0.0000000000
136377  -45.657  -25.888  48.675 0.0000000000
52885  -45.355  -26.462  48.322 0.0000000000
51907  -45.401  -27.142  47.268 0.0000000000
51919  -45.719  -27.262  46.521 0.0000000000
54868  -49.198  -24.414  49.138 0.0000000000
128990  -48.814  -24.995  48.526 0.0000000000
136109  -48.214  -25.828  47.728 0.0000000000
52896  -47.563  -26.167  47.672 0.0000000000
52905  -47.304  -26.845  46.952 0.0000000000
51920  -46.603  -27.242  46.335 0.0000000000
51930  -45.990  -27.343  45.678 0.0000000000
119571  -46.372  -27.469  44.667 0.0000000000
51961  -46.438  -27.591  43.606 0.0000000000
51932  -48.119  -27.593  44.681 0.0000000000
51945  -47.805  -27.605  43.942 0.0000000000
113166  -46.711  -27.655  41.310 0.0000000000
125745  -50.349  -27.313  43.794 0.0000000000
51979  -49.269  -27.506  42.819 0.0000000000
134782  -48.856  -27.559  42.223 0.0000000000
113167  -48.263  -27.592  41.962 0.0000000000
52010  -46.484  -27.695  40.496 0.0000000000
52028  -46.318  -27.753  39.641 0.0000000000
52043  -46.163  -27.749  38.785 0.0000000000
52060  -46.676  -27.517  38.307 0.0000000000
52059  -46.166  -27.384  37.902 0.0000000000
52968  -46.295  -26.725  37.715 0.0000000000
53928  -45.883  -25.932  37.609 0.0000000000
123590  -45.602  -24.889  37.472 0.0000000000
53911  -54.219  -25.745  40.774 0.0000000000
52952  -53.312  -25.938  40.013 0.0000000000
53915  -52.707  -25.944  39.327 0.0000000000
57851  -55.584  -21.702  39.694 0.0000000000
56918  -55.527  -22.081  39.465 0.0000000000
56019  -54.921  -23.188  38.921 0.0000000000
56018  -53.783  -23.137  38.587 0.0000000000
55053  -54.329  -24.046  38.847 0.0000000000
53923  -53.486  -24.858  38.862 0.0000000000
53922  -52.706  -25.442  38.837 0.0000000000
53921  -52.046  -26.011  38.940 0.0000000000
116818  -51.348  -25.884  38.704 0.0000000000
53919  -49.741  -26.149  38.411 0.0000000000
122114  -49.006  -25.653  37.981 0.0000000000
130153  -48.183  -25.390  37.761 0.0000000000
53930  -47.323  -25.220  37.625 0.0000000000
124361  -46.459  -25.056  37.540 0.0000000000
55059  -44.857  -24.658  37.338 0.0000000000
55076  -45.570  -23.922  37.214 0.0000000000
55075  -44.969  -23.708  36.938 0.0000000000
56048  -45.003  -23.082  36.451 0.0000000000
56050  -46.388  -22.886  36.645 0.0000000000
56954  -45.430  -22.570  36.121 0.0000000000
56059  -44.333  -22.718  35.883 0.0000000000
120169  -44.301  -22.270  35.374 0.0000000000
120839  -48.890  -21.450  36.235 0.0000000000
57917  -47.495  -21.373  35.701 0.0000000000
58955  -47.817  -20.732  35.313 0.0000000000
58954  -47.166  -21.032  35.319 0.0000000000
121155  -44.205  -21.451  34.546 0.0000000000
62510  -51.480  -16.151  39.711 0.0000000000
122675  -51.356  -17.792  36.776 0.0000000000
62520  -52.018  -16.004  37.751 0.0000000000
62539  -51.612  -16.965  37.205 0.0000000000
113026  -51.477  -18.029  35.901 0.0000000000
60806  -50.659  -18.449  34.729 0.0000000000
125174  -52.541  -16.238  35.488 0.0000000000
117046  -51.003  -16.652  33.500 0.0000000000
62568  -51.427  -17.118  34.079 0.0000000000
60812  -49.340  -18.066  33.897 0.0000000000
60811  -48.356  -18.497  33.869 0.0000000000
44712  -18.434  -34.277  63.083 0.0000000000
43605  -18.423  -34.968  62.331 0.0000000000
43626  -18.470  -35.480  61.553 0.0000000000
123321  -18.128  -34.945  60.274 0.0000000000
39943  -18.815  -39.224  53.317 0.0000000000
40882  -18.824  -38.483  53.614 0.0000000000
46877  -21.910  -32.155  63.221 0.0000000000
46895  -21.354  -32.577  61.561 0.0000000000
47879  -20.889  -32.133  61.169 0.0000000000
45891  -21.132  -33.971  60.523 0.0000000000
46909  -20.768  -33.216  59.962 0.0000000000
46908  -20.299  -32.794  59.535 0.0000000000
45926  -19.493  -33.292  57.682 0.0000000000
45944  -18.649  -33.893  56.367 0.0000000000
44861  -21.436  -35.577  56.288 0.0000000000
118848  -20.948  -34.903  55.683 0.0000000000
45964  -20.392  -34.104  55.685 0.0000000000
114764  -19.899  -34.336  53.023 0.0000000000
129896  -20.121  -34.093  54.313 0.0000000000
45980  -19.862  -33.926  54.957 0.0000000000
45963  -19.499  -33.745  55.833 0.0000000000
130764  -18.621  -34.056  55.621 0.0000000000
44872  -18.260  -34.478  55.097 0.0000000000
42677  -18.222  -35.826  53.562 0.0000000000
41796  -18.751  -37.230  52.174 0.0000000000
112568  -18.962  -37.904  51.617 0.0000000000
40922  -19.314  -38.455  50.278 0.0000000000
39987  -19.209  -39.425  50.552 0.0000000000
37142  -22.514  -42.400  48.067 0.0000000000
43591  -30.923  -35.234  63.906 0.0000000000
43610  -30.717  -35.265  63.289 0.0000000000
44736  -30.217  -34.876  62.369 0.0000000000
44758  -31.047  -34.897  61.242 0.0000000000
44757  -30.246  -34.688  61.521 0.0000000000
44778  -29.417  -34.319  60.875 0.0000000000
44795  -28.980  -34.046  60.119 0.0000000000
45901  -28.100  -33.631  59.104 0.0000000000
44846  -31.680  -34.396  57.640 0.0000000000
44845  -30.763  -34.070  57.971 0.0000000000
130912  -30.561  -33.748  56.500 0.0000000000
45952  -30.311  -33.723  57.221 0.0000000000
45935  -29.941  -33.712  57.931 0.0000000000
45934  -29.193  -33.517  57.844 0.0000000000
45912  -28.638  -33.559  58.471 0.0000000000
45911  -27.695  -33.515  58.244 0.0000000000
117430  -26.989  -33.243  57.028 0.0000000000
45948  -26.645  -33.117  56.338 0.0000000000
114240  -26.051  -32.977  54.753 0.0000000000
45984  -27.180  -32.804  53.928 0.0000000000
45983  -26.252  -32.943  53.960 0.0000000000
125222  -25.567  -33.276  53.700 0.0000000000
45994  -25.334  -33.664  52.942 0.0000000000
43769  -24.848  -35.213  50.973 0.0000000000
42707  -29.475  -36.237  50.540 0.0000000000
42706  -28.637  -36.303  50.700 0.0000000000
122167  -28.948  -35.489  50.631 0.0000000000
127242  -28.440  -34.856  50.997 0.0000000000
125516  -27.954  -34.982  51.075 0.0000000000
42689  -27.769  -36.032  52.437 0.0000000000
43772  -27.481  -34.957  51.370 0.0000000000
43771  -26.714  -35.009  51.388 0.0000000000
42705  -26.516  -35.518  51.490 0.0000000000
41798  -25.559  -37.246  52.514 0.0000000000
42704  -25.899  -36.053  51.426 0.0000000000
41813  -24.688  -37.136  50.956 0.0000000000
41812  -24.226  -37.840  50.637 0.0000000000
39958  -23.744  -39.325  52.045 0.0000000000
36267  -21.203  -43.046  47.813 0.0000000000
37159  -22.106  -42.184  47.700 0.0000000000
38035  -33.092  -41.826  54.574 0.0000000000
38059  -30.441  -41.335  52.937 0.0000000000
38101  -22.524  -41.718  47.782 0.0000000000
38115  -20.941  -41.745  47.524 0.0000000000
38901  -34.643  -40.347  57.575 0.0000000000
38918  -33.064  -40.799  56.170 0.0000000000
38931  -32.405  -40.862  55.586 0.0000000000
38945  -35.127  -40.423  54.851 0.0000000000
39875  -34.525  -39.175  57.991 0.0000000000
40018  -22.727  -39.633  47.855 0.0000000000
40818  -39.309  -38.121  59.018 0.0000000000
40854  -37.349  -38.663  57.100 0.0000000000
40896  -18.954  -38.640  51.968 0.0000000000
40909  -19.088  -38.592  51.117 0.0000000000
40949  -22.903  -38.588  48.220 0.0000000000
41661  -34.075  -36.618  62.390 0.0000000000
41687  -37.053  -37.540  60.956 0.0000000000
41702  -40.166  -37.203  59.708 0.0000000000
41729  -40.445  -37.259  59.069 0.0000000000
41750  -33.790  -37.408  57.263 0.0000000000
41763  -33.242  -37.153  55.739 0.0000000000
41817  -30.341  -37.424  50.881 0.0000000000
41853  -21.750  -37.276  48.123 0.0000000000
42575  -32.776  -35.964  63.039 0.0000000000
42618  -40.407  -36.847  60.055 0.0000000000
42627  -41.242  -36.460  59.334 0.0000000000
42628  -41.589  -36.052  59.086 0.0000000000
42637  -41.723  -36.020  58.928 0.0000000000
42688  -27.450  -35.977  52.856 0.0000000000
42701  -18.610  -36.346  52.122 0.0000000000
42718  -19.228  -36.127  50.863 0.0000000000
42734  -22.665  -36.415  48.958 0.0000000000
42735  -23.321  -36.222  49.485 0.0000000000
42748  -21.320  -36.446  48.428 0.0000000000
43561  -24.162  -34.972  63.938 0.0000000000
43562  -25.415  -35.034  64.131 0.0000000000
43584  -23.136  -35.008  62.993 0.0000000000
43639  -42.008  -34.751  59.331 0.0000000000
43653  -24.753  -35.391  61.199 0.0000000000
43668  -17.859  -34.684  58.906 0.0000000000
43669  -17.964  -35.260  59.534 0.0000000000
43673  -23.914  -35.408  59.904 0.0000000000
43675  -32.605  -35.157  59.659 0.0000000000
43690  -23.177  -35.828  58.829 0.0000000000
43696  -42.130  -34.992  58.726 0.0000000000
43704  -22.184  -36.105  57.594 0.0000000000
43713  -17.780  -35.396  57.163 0.0000000000
43720  -41.098  -35.094  57.156 0.0000000000
43733  -18.103  -34.944  54.544 0.0000000000
43735  -32.441  -35.459  54.372 0.0000000000
43766  -22.076  -35.003  50.605 0.0000000000
43768  -23.647  -35.301  50.581 0.0000000000
43774  -29.844  -35.469  50.744 0.0000000000
43787  -19.996  -35.411  50.515 0.0000000000
43790  -24.310  -35.715  50.609 0.0000000000
43804  -21.141  -35.340  49.231 0.0000000000
44674  -25.831  -33.559  65.465 0.0000000000
44683  -23.584  -34.133  64.568 0.0000000000
44684  -24.064  -33.954  64.890 0.0000000000
44685  -24.431  -34.031  64.984 0.0000000000
44686  -24.949  -34.087  65.145 0.0000000000
44752  -22.154  -35.323  61.555 0.0000000000
44753  -25.689  -35.146  61.177 0.0000000000
44754  -26.561  -34.844  61.310 0.0000000000
44793  -21.214  -35.500  59.564 0.0000000000
44822  -42.473  -34.307  58.270 0.0000000000
44844  -25.361  -34.040  57.689 0.0000000000
44849  -42.315  -34.334  57.794 0.0000000000
44874  -21.506  -35.270  55.290 0.0000000000
44875  -22.361  -35.655  55.666 0.0000000000
44879  -31.499  -34.401  55.278 0.0000000000
44885  -18.534  -34.477  54.358 0.0000000000
44891  -24.421  -34.006  54.864 0.0000000000
44902  -19.319  -34.389  53.356 0.0000000000
44903  -19.991  -34.166  53.663 0.0000000000
44910  -31.266  -34.425  53.587 0.0000000000
44918  -18.753  -34.866  53.025 0.0000000000
44920  -20.290  -34.547  52.333 0.0000000000
44921  -21.256  -34.617  52.691 0.0000000000
44923  -23.663  -34.326  52.110 0.0000000000
44925  -25.650  -34.074  51.998 0.0000000000
44927  -27.328  -33.825  52.074 0.0000000000
44929  -29.573  -34.123  51.823 0.0000000000
44943  -21.117  -34.762  50.908 0.0000000000
44950  -27.835  -34.435  51.514 0.0000000000
44963  -19.883  -35.049  51.064 0.0000000000
44964  -20.529  -34.995  50.595 0.0000000000
45835  -24.337  -33.023  66.235 0.0000000000
45837  -25.001  -33.120  66.176 0.0000000000
45841  -23.823  -33.175  65.798 0.0000000000
45867  -22.507  -33.963  63.786 0.0000000000
45890  -18.469  -33.321  59.939 0.0000000000
45906  -18.672  -33.360  58.198 0.0000000000
45913  -29.489  -33.719  58.563 0.0000000000
45914  -30.173  -33.908  58.519 0.0000000000
45927  -20.239  -33.613  57.444 0.0000000000
45929  -25.443  -33.790  57.011 0.0000000000
45932  -27.640  -33.254  57.341 0.0000000000
45967  -26.311  -33.009  55.476 0.0000000000
45968  -28.798  -32.881  55.429 0.0000000000
45970  -30.380  -33.592  55.754 0.0000000000
45979  -18.962  -33.964  54.972 0.0000000000
45982  -25.500  -33.200  54.415 0.0000000000
46846  -23.816  -32.749  66.483 0.0000000000
46848  -25.039  -32.835  66.563 0.0000000000
46857  -26.792  -33.013  65.823 0.0000000000
46878  -22.244  -32.954  63.705 0.0000000000
46882  -18.703  -32.567  62.824 0.0000000000
46883  -21.618  -32.350  62.369 0.0000000000
46894  -19.558  -32.126  60.836 0.0000000000
46902  -20.535  -32.489  60.395 0.0000000000
46907  -19.720  -32.747  59.149 0.0000000000
46918  -19.593  -33.027  58.437 0.0000000000
47028  -37.867  -31.974  48.184 0.0000000000
47841  -22.196  -31.624  64.529 0.0000000000
47847  -19.372  -31.480  63.587 0.0000000000
47858  -20.912  -31.371  62.436 0.0000000000
48829  -20.568  -30.612  64.394 0.0000000000
48848  -20.617  -30.877  63.539 0.0000000000
48868  -20.009  -31.184  63.187 0.0000000000
51918  -44.283  -27.404  46.791 0.0000000000
51964  -49.950  -27.444  43.336 0.0000000000
51991  -43.992  -27.536  40.886 0.0000000000
52893  -45.007  -26.950  47.906 0.0000000000
52935  -54.545  -26.383  43.790 0.0000000000
52955  -49.889  -26.797  38.960 0.0000000000
55027  -55.853  -23.739  40.308 0.0000000000
56016  -52.023  -23.942  38.285 0.0000000000
56894  -55.794  -22.537  40.147 0.0000000000
56904  -55.799  -22.213  39.923 0.0000000000
56966  -46.428  -21.972  35.883 0.0000000000
57852  -55.740  -21.861  39.914 0.0000000000
57862  -54.085  -21.666  38.755 0.0000000000
58860  -54.574  -20.492  41.839 0.0000000000
58899  -55.562  -21.374  39.964 0.0000000000
58935  -50.873  -19.967  36.697 0.0000000000
63541  -53.112  -15.323  37.997 0.0000000000
63542  -53.882  -14.718  38.428 0.0000000000
112430  -33.621  -36.696  61.611 0.0000000000
112580  -28.296  -33.060  56.809 0.0000000000
112720  -27.427  -34.055  64.827 0.0000000000
113068  -48.504  -27.549  42.648 0.0000000000
113647  -19.131  -37.752  50.830 0.0000000000
113702  -26.231  -34.149  64.832 0.0000000000
114075  -24.699  -35.725  63.137 0.0000000000
114276  -55.756  -22.470  39.784 0.0000000000
114966  -47.110  -27.625  43.959 0.0000000000
115418  -23.508  -35.470  62.193 0.0000000000
115775  -18.465  -37.206  54.813 0.0000000000
116418  -19.201  -36.895  50.742 0.0000000000
116664  -18.019  -36.284  54.988 0.0000000000
117199  -49.835  -27.419  43.885 0.0000000000
118023  -55.403  -22.596  39.298 0.0000000000
119493  -19.608  -35.854  50.501 0.0000000000
120405  -36.568  -39.809  57.333 0.0000000000
121278  -18.870  -39.139  54.124 0.0000000000
121288  -26.341  -33.842  65.090 0.0000000000
121918  -22.935  -41.142  48.125 0.0000000000
122372  -18.357  -34.681  61.651 0.0000000000
122378  -51.207  -16.784  39.007 0.0000000000
122462  -49.560  -24.140  37.681 0.0000000000
123633  -52.407  -26.260  46.275 0.0000000000
124401  -42.241  -34.708  59.063 0.0000000000
125866  -55.872  -23.134  39.952 0.0000000000
126879  -29.303  -33.080  54.913 0.0000000000
128542  -22.751  -32.348  65.985 0.0000000000
129330  -18.321  -35.450  60.796 0.0000000000
129367  -41.789  -35.658  59.131 0.0000000000
129470  -30.016  -34.350  64.240 0.0000000000
129693  -17.816  -34.665  58.222 0.0000000000
129825  -23.057  -33.447  65.170 0.0000000000
130055  -23.804  -38.278  50.279 0.0000000000
130114  -18.443  -33.401  61.804 0.0000000000
130405  -32.372  -41.853  53.482 0.0000000000
132214  -45.976  -27.717  38.202 0.0000000000
132461  -21.233  -30.526  64.612 0.0000000000
133040  -27.940  -32.841  53.930 0.0000000000
133169  -38.563  -28.517  45.011 0.0000000000
133591  -55.071  -23.691  39.069 0.0000000000
134040  -18.802  -36.761  51.782 0.0000000000
134261  -52.880  -24.893  38.666 0.0000000000
134897  -31.757  -39.125  49.778 0.0000000000
135190  -34.600  -41.017  56.400 0.0000000000
135393  -50.643  -27.305  42.092 0.0000000000
135622  -50.420  -27.267  41.115 0.0000000000
136013  -32.840  -34.743  64.470 0.0000000000
136174  -40.382  -37.148  58.729 0.0000000000
