#!ascii label  , from subject sub-v1s21x0050412_ses-1 vox2ras=TkReg
916
48913  -10.751  -30.167  60.666 0.0000000000
51833  -34.029  -27.901  52.515 0.0000000000
56833  -29.179  -22.101  48.420 0.0000000000
54754  -27.405  -23.863  55.486 0.0000000000
65573  -36.863  -13.421  36.058 0.0000000000
59836  -31.316  -19.611  38.768 0.0000000000
123905  -34.714  -25.892  56.651 0.0000000000
52807  -30.434  -26.924  54.543 0.0000000000
113763  -41.783  -11.053  39.016 0.0000000000
69466  -45.469  -8.586  36.431 0.0000000000
131825  -47.453  -7.589  34.417 0.0000000000
58782  -32.622  -20.550  47.040 0.0000000000
57821  -29.216  -20.752  43.414 0.0000000000
58850  -34.620  -20.283  42.171 0.0000000000
60755  -37.599  -18.170  39.860 0.0000000000
53751  -21.163  -25.082  53.529 0.0000000000
48838  -6.596  -30.059  63.707 0.0000000000
55890  -33.304  -23.869  50.975 0.0000000000
126595  -31.834  -19.124  52.104 0.0000000000
54805  -23.717  -24.579  51.053 0.0000000000
53811  -28.017  -25.728  49.875 0.0000000000
71426  -46.508  -7.795  28.343 0.0000000000
74071  -49.462  -5.026  31.316 0.0000000000
61612  -33.656  -16.972  37.285 0.0000000000
64577  -40.036  -14.661  39.754 0.0000000000
129078  -13.931  -29.754  57.178 0.0000000000
48960  -4.194  -30.948  59.155 0.0000000000
68489  -43.267  -9.924  37.446 0.0000000000
113154  -33.310  -20.544  44.694 0.0000000000
52826  -18.815  -26.136  51.946 0.0000000000
114203  -9.099  -30.129  62.685 0.0000000000
51874  -33.500  -27.490  49.639 0.0000000000
53784  -34.312  -25.443  51.960 0.0000000000
113395  -25.945  -24.308  52.937 0.0000000000
54842  -25.916  -24.813  49.788 0.0000000000
54797  -27.955  -24.677  52.887 0.0000000000
51822  -32.259  -28.592  53.803 0.0000000000
51844  -30.489  -27.965  51.466 0.0000000000
50983  -32.417  -29.255  51.484 0.0000000000
54738  -26.578  -24.070  56.434 0.0000000000
54765  -23.946  -24.507  53.850 0.0000000000
68527  -41.853  -10.004  31.738 0.0000000000
70449  -44.659  -8.510  29.331 0.0000000000
72314  -49.060  -6.438  32.412 0.0000000000
58880  -30.096  -20.851  40.659 0.0000000000
60763  -32.823  -18.278  38.387 0.0000000000
62507  -39.261  -16.601  39.798 0.0000000000
51798  -17.135  -26.681  55.428 0.0000000000
51774  -16.227  -27.986  57.429 0.0000000000
50904  -15.677  -28.535  58.529 0.0000000000
49969  -14.781  -29.666  56.107 0.0000000000
47885  -5.702  -31.254  59.571 0.0000000000
51811  -34.612  -26.612  54.940 0.0000000000
53756  -34.906  -25.196  53.484 0.0000000000
55847  -34.775  -23.394  56.159 0.0000000000
54724  -29.610  -24.340  57.671 0.0000000000
53740  -29.485  -25.451  54.469 0.0000000000
53706  -31.013  -26.511  56.997 0.0000000000
51787  -33.184  -27.234  56.559 0.0000000000
66554  -38.934  -12.640  36.772 0.0000000000
113675  -40.891  -11.405  35.854 0.0000000000
68515  -42.825  -9.863  34.862 0.0000000000
69492  -43.727  -8.756  33.426 0.0000000000
71380  -45.649  -7.810  32.900 0.0000000000
70410  -46.470  -7.932  35.484 0.0000000000
134514  -30.132  -19.697  48.149 0.0000000000
58796  -28.582  -20.953  46.652 0.0000000000
58813  -31.327  -20.430  45.265 0.0000000000
58838  -31.874  -20.546  43.026 0.0000000000
58883  -33.671  -19.856  40.988 0.0000000000
116642  -34.826  -18.642  39.787 0.0000000000
59822  -35.992  -19.574  40.785 0.0000000000
53716  -19.836  -24.934  54.983 0.0000000000
125958  -17.515  -26.584  53.781 0.0000000000
74919  -48.942  -3.145  28.037 0.0000000000
49812  -4.830  -29.662  64.214 0.0000000000
54860  -32.278  -25.019  48.775 0.0000000000
56824  -31.192  -22.518  49.671 0.0000000000
56798  -33.379  -22.331  52.651 0.0000000000
57740  -31.675  -21.421  52.114 0.0000000000
58728  -30.077  -20.273  50.294 0.0000000000
58745  -32.193  -19.745  49.363 0.0000000000
52841  -29.350  -26.404  51.953 0.0000000000
124905  -22.986  -24.642  56.205 0.0000000000
53765  -22.254  -25.091  52.340 0.0000000000
71396  -47.121  -6.904  31.105 0.0000000000
72345  -48.151  -6.515  29.386 0.0000000000
120633  -48.455  -4.932  28.635 0.0000000000
75774  -48.651  -2.543  30.897 0.0000000000
47918  -10.434  -31.071  57.385 0.0000000000
48937  -8.975  -30.617  59.164 0.0000000000
64598  -34.829  -14.696  36.856 0.0000000000
61597  -35.519  -17.172  39.189 0.0000000000
63536  -36.402  -15.477  38.398 0.0000000000
64601  -38.104  -13.770  37.994 0.0000000000
66522  -40.747  -12.533  39.653 0.0000000000
48966  -12.213  -29.943  58.887 0.0000000000
120127  -6.954  -30.433  61.283 0.0000000000
114651  -4.908  -30.272  62.045 0.0000000000
49868  -2.274  -30.100  61.889 0.0000000000
48888  -10.382  -30.246  61.998 0.0000000000
51846  -33.974  -28.090  51.577 0.0000000000
52842  -34.169  -27.026  51.215 0.0000000000
51847  -34.307  -27.221  52.073 0.0000000000
54768  -26.678  -24.120  54.593 0.0000000000
54795  -26.594  -24.316  52.748 0.0000000000
54783  -27.274  -24.271  53.490 0.0000000000
50972  -33.592  -28.171  53.114 0.0000000000
50956  -32.071  -28.772  53.109 0.0000000000
50971  -33.460  -28.538  52.364 0.0000000000
50069  -32.785  -29.314  50.580 0.0000000000
54722  -27.807  -23.812  57.324 0.0000000000
53668  -27.050  -24.242  58.022 0.0000000000
54753  -26.421  -24.081  55.567 0.0000000000
54767  -25.654  -24.339  54.375 0.0000000000
70448  -43.852  -8.486  29.864 0.0000000000
55905  -30.535  -23.090  48.270 0.0000000000
56842  -28.916  -22.561  47.707 0.0000000000
58881  -30.741  -20.406  40.222 0.0000000000
58892  -30.344  -20.834  38.968 0.0000000000
59849  -32.167  -18.876  38.682 0.0000000000
51807  -16.499  -28.091  54.702 0.0000000000
52787  -16.810  -27.174  56.307 0.0000000000
121096  -15.965  -28.413  56.239 0.0000000000
49970  -15.379  -29.028  56.403 0.0000000000
49985  -15.195  -29.447  55.656 0.0000000000
52791  -34.596  -26.282  56.248 0.0000000000
53724  -35.130  -25.652  55.233 0.0000000000
54757  -34.821  -24.314  56.387 0.0000000000
53669  -30.713  -25.082  58.587 0.0000000000
53687  -30.163  -25.100  57.185 0.0000000000
53670  -31.274  -25.842  58.528 0.0000000000
52766  -34.204  -26.093  57.888 0.0000000000
52777  -33.365  -27.145  57.840 0.0000000000
130147  -34.088  -26.641  56.530 0.0000000000
126352  -33.922  -26.751  55.663 0.0000000000
114972  -40.549  -12.020  38.261 0.0000000000
67518  -40.577  -11.721  36.591 0.0000000000
67511  -41.092  -11.306  37.651 0.0000000000
68498  -43.974  -9.378  36.992 0.0000000000
68497  -43.201  -9.777  36.527 0.0000000000
68506  -43.491  -9.288  35.213 0.0000000000
69475  -43.216  -9.359  34.629 0.0000000000
130186  -44.669  -8.394  34.969 0.0000000000
70422  -45.170  -8.079  34.338 0.0000000000
69470  -45.920  -8.298  35.989 0.0000000000
126039  -31.865  -20.174  47.530 0.0000000000
58799  -30.860  -20.157  46.527 0.0000000000
113157  -31.518  -20.377  45.937 0.0000000000
58840  -33.730  -20.612  43.316 0.0000000000
58839  -32.296  -20.570  43.828 0.0000000000
58849  -33.567  -20.510  42.395 0.0000000000
58865  -31.971  -20.397  41.608 0.0000000000
119846  -33.872  -20.212  41.686 0.0000000000
59821  -34.429  -19.571  40.604 0.0000000000
58885  -35.290  -19.985  41.634 0.0000000000
114901  -21.464  -24.680  55.885 0.0000000000
53698  -20.895  -24.651  56.204 0.0000000000
122440  -20.358  -25.007  54.481 0.0000000000
52825  -18.193  -26.174  52.433 0.0000000000
75789  -49.353  -2.056  29.201 0.0000000000
76610  -50.779  -1.192  29.246 0.0000000000
113459  -5.679  -29.833  63.802 0.0000000000
54828  -33.494  -24.902  50.588 0.0000000000
52864  -33.297  -26.525  49.413 0.0000000000
54845  -33.043  -24.987  49.895 0.0000000000
114267  -31.916  -24.082  48.859 0.0000000000
55889  -32.686  -23.294  50.434 0.0000000000
55854  -34.810  -22.814  53.955 0.0000000000
117700  -34.301  -23.483  52.890 0.0000000000
57720  -34.044  -22.147  53.938 0.0000000000
59724  -31.768  -19.156  52.863 0.0000000000
58702  -31.651  -20.371  53.270 0.0000000000
57728  -31.297  -20.456  52.485 0.0000000000
57739  -30.925  -21.049  51.722 0.0000000000
59733  -30.900  -19.757  51.370 0.0000000000
59752  -31.094  -19.505  49.563 0.0000000000
115316  -32.375  -19.384  50.737 0.0000000000
53794  -26.781  -25.080  49.777 0.0000000000
53741  -30.021  -26.107  54.908 0.0000000000
53755  -29.285  -25.655  53.674 0.0000000000
52816  -29.642  -26.280  53.379 0.0000000000
122130  -29.997  -27.472  51.095 0.0000000000
119878  -24.379  -24.544  56.800 0.0000000000
54792  -23.714  -24.506  52.008 0.0000000000
53753  -23.195  -24.638  53.509 0.0000000000
53780  -22.898  -24.950  51.525 0.0000000000
53791  -21.584  -25.541  50.437 0.0000000000
70431  -46.603  -7.587  33.305 0.0000000000
71395  -46.324  -7.230  31.488 0.0000000000
71382  -47.076  -7.172  32.314 0.0000000000
114617  -49.494  -5.551  31.722 0.0000000000
72326  -48.415  -6.265  31.211 0.0000000000
73228  -49.144  -5.655  31.108 0.0000000000
73244  -48.591  -5.462  29.507 0.0000000000
115396  -48.719  -5.079  30.046 0.0000000000
74903  -48.767  -3.418  30.426 0.0000000000
74888  -48.858  -3.431  31.302 0.0000000000
121696  -28.808  -20.829  44.821 0.0000000000
56871  -28.415  -22.277  44.812 0.0000000000
62546  -34.147  -16.142  35.724 0.0000000000
63547  -34.603  -15.441  37.184 0.0000000000
60753  -35.593  -18.507  39.846 0.0000000000
61596  -34.799  -17.874  39.318 0.0000000000
125426  -37.172  -17.497  39.527 0.0000000000
63526  -39.110  -15.544  39.633 0.0000000000
63524  -37.877  -16.082  39.046 0.0000000000
63525  -38.319  -15.174  39.007 0.0000000000
118094  -37.740  -14.536  38.326 0.0000000000
64586  -38.559  -14.157  38.684 0.0000000000
65543  -40.037  -13.319  38.842 0.0000000000
65533  -40.394  -13.230  39.587 0.0000000000
49933  -14.485  -29.264  58.387 0.0000000000
49932  -13.629  -29.461  58.787 0.0000000000
49912  -13.604  -29.309  59.653 0.0000000000
49931  -12.755  -29.729  58.242 0.0000000000
48987  -12.273  -30.142  57.409 0.0000000000
115674  -12.750  -30.484  56.522 0.0000000000
47900  -7.588  -31.232  58.183 0.0000000000
113890  -8.304  -30.459  59.793 0.0000000000
131633  -7.093  -30.937  59.018 0.0000000000
47884  -4.908  -31.253  59.548 0.0000000000
48935  -5.287  -30.798  60.131 0.0000000000
48908  -4.720  -30.556  60.826 0.0000000000
48859  -3.961  -30.084  62.151 0.0000000000
48907  -3.739  -30.293  60.376 0.0000000000
53656  -33.088  -26.076  59.702 0.0000000000
130638  -43.049  -10.763  39.669 0.0000000000
68480  -42.564  -10.414  37.897 0.0000000000
68482  -43.975  -9.904  38.813 0.0000000000
113156  -33.495  -20.577  45.613 0.0000000000
53763  -20.490  -25.677  51.814 0.0000000000
112497  -19.947  -25.680  52.703 0.0000000000
113178  -8.946  -29.974  64.285 0.0000000000
48839  -7.784  -30.206  63.589 0.0000000000
51860  -33.847  -27.685  50.608 0.0000000000
129140  -34.035  -26.176  51.048 0.0000000000
54811  -33.729  -24.562  51.281 0.0000000000
59744  -33.332  -19.766  50.609 0.0000000000
54806  -24.409  -24.426  51.510 0.0000000000
54823  -24.796  -24.557  50.230 0.0000000000
54807  -25.936  -24.434  51.307 0.0000000000
130034  -26.672  -24.538  51.208 0.0000000000
53781  -27.720  -25.015  51.125 0.0000000000
51821  -31.434  -28.156  53.773 0.0000000000
51831  -30.237  -27.334  52.799 0.0000000000
124405  -31.310  -28.353  52.980 0.0000000000
51845  -31.076  -28.494  51.691 0.0000000000
50068  -32.033  -29.385  50.575 0.0000000000
53703  -25.755  -24.444  56.859 0.0000000000
53721  -24.425  -24.543  55.807 0.0000000000
124998  -25.224  -24.473  55.720 0.0000000000
54780  -24.623  -24.476  53.274 0.0000000000
68519  -40.816  -10.906  32.462 0.0000000000
71425  -45.765  -8.051  28.704 0.0000000000
71357  -48.606  -7.424  34.575 0.0000000000
71384  -48.428  -6.897  32.962 0.0000000000
58847  -29.731  -21.016  42.006 0.0000000000
60775  -32.213  -18.987  36.811 0.0000000000
61607  -33.370  -17.546  38.003 0.0000000000
61588  -39.849  -18.148  40.019 0.0000000000
61599  -38.066  -17.524  39.592 0.0000000000
62508  -40.263  -16.734  40.113 0.0000000000
53697  -17.627  -25.373  56.352 0.0000000000
52774  -17.332  -25.693  57.033 0.0000000000
51766  -16.583  -27.427  58.652 0.0000000000
50913  -15.719  -28.495  57.718 0.0000000000
50922  -15.255  -28.936  57.238 0.0000000000
49968  -14.344  -29.783  56.681 0.0000000000
123411  -13.423  -30.630  55.978 0.0000000000
49020  -13.509  -30.922  55.174 0.0000000000
51823  -34.299  -27.288  53.747 0.0000000000
52818  -34.677  -26.690  53.363 0.0000000000
53742  -35.151  -25.427  54.349 0.0000000000
123957  -35.080  -23.912  54.623 0.0000000000
54740  -28.495  -23.832  56.601 0.0000000000
54770  -28.430  -24.353  54.456 0.0000000000
53704  -29.848  -25.139  56.194 0.0000000000
53723  -30.213  -25.990  55.708 0.0000000000
52796  -30.467  -26.606  55.311 0.0000000000
52775  -31.655  -27.016  57.570 0.0000000000
51785  -31.524  -27.164  56.711 0.0000000000
51799  -31.504  -27.780  55.196 0.0000000000
50935  -32.832  -28.072  54.933 0.0000000000
50945  -33.369  -27.959  54.323 0.0000000000
54712  -29.027  -23.943  58.325 0.0000000000
66553  -38.178  -13.114  36.659 0.0000000000
66562  -37.226  -12.984  35.289 0.0000000000
116095  -39.283  -12.280  36.008 0.0000000000
67525  -39.951  -11.716  34.952 0.0000000000
67534  -40.596  -11.416  34.456 0.0000000000
67520  -41.957  -10.678  36.611 0.0000000000
68504  -41.690  -10.758  34.927 0.0000000000
68513  -41.441  -11.028  34.233 0.0000000000
122953  -42.237  -9.916  32.973 0.0000000000
69490  -42.569  -9.404  32.229 0.0000000000
70435  -43.390  -8.522  31.587 0.0000000000
70436  -44.040  -8.015  31.451 0.0000000000
71379  -44.869  -8.041  33.009 0.0000000000
118336  -45.945  -7.894  33.846 0.0000000000
119183  -46.938  -7.688  34.736 0.0000000000
70393  -46.660  -8.394  36.610 0.0000000000
71356  -47.942  -7.747  35.096 0.0000000000
58761  -29.090  -20.463  48.905 0.0000000000
57784  -28.555  -21.221  47.408 0.0000000000
115422  -29.334  -20.209  47.124 0.0000000000
114087  -29.517  -20.360  45.793 0.0000000000
58812  -29.628  -20.437  44.918 0.0000000000
113155  -31.864  -20.505  44.659 0.0000000000
58825  -31.273  -20.464  43.825 0.0000000000
58837  -30.837  -20.497  42.965 0.0000000000
114358  -30.510  -20.693  42.117 0.0000000000
112793  -31.805  -20.166  40.846 0.0000000000
58882  -32.655  -19.744  40.543 0.0000000000
59837  -32.383  -19.293  39.613 0.0000000000
59820  -33.485  -19.395  40.177 0.0000000000
59840  -35.235  -19.178  40.329 0.0000000000
60743  -37.220  -18.821  40.302 0.0000000000
59824  -37.978  -19.385  40.716 0.0000000000
126810  -38.001  -18.709  40.199 0.0000000000
54735  -19.358  -24.483  56.316 0.0000000000
53749  -19.335  -25.551  53.349 0.0000000000
53733  -18.556  -25.532  53.988 0.0000000000
53715  -18.342  -25.090  55.242 0.0000000000
52805  -17.524  -26.284  54.639 0.0000000000
55906  -31.256  -23.180  48.810 0.0000000000
56834  -30.487  -22.506  49.033 0.0000000000
54798  -34.504  -25.048  52.599 0.0000000000
129456  -34.207  -24.066  52.394 0.0000000000
55879  -33.409  -23.300  51.594 0.0000000000
56797  -32.579  -21.865  52.351 0.0000000000
55878  -32.907  -22.958  51.186 0.0000000000
56804  -31.506  -21.855  51.340 0.0000000000
57751  -30.261  -21.336  50.446 0.0000000000
57763  -29.300  -20.915  49.491 0.0000000000
59758  -30.277  -19.738  49.386 0.0000000000
130125  -31.753  -19.851  48.500 0.0000000000
115497  -32.670  -20.353  47.920 0.0000000000
59754  -33.678  -20.286  49.833 0.0000000000
58764  -33.389  -20.501  48.406 0.0000000000
53739  -28.839  -24.944  54.073 0.0000000000
53767  -28.467  -25.254  52.404 0.0000000000
53796  -28.217  -25.552  50.653 0.0000000000
51830  -29.986  -27.236  51.958 0.0000000000
52853  -29.166  -26.668  50.206 0.0000000000
53700  -22.531  -24.651  56.908 0.0000000000
53736  -22.154  -24.738  54.654 0.0000000000
53738  -23.987  -24.545  54.812 0.0000000000
124789  -22.652  -24.695  54.067 0.0000000000
115737  -21.648  -25.042  52.982 0.0000000000
53778  -21.236  -25.592  51.315 0.0000000000
71406  -44.702  -7.597  31.150 0.0000000000
119244  -45.557  -7.454  29.967 0.0000000000
71418  -46.231  -7.355  29.394 0.0000000000
71397  -47.807  -6.670  31.696 0.0000000000
72325  -47.883  -6.539  30.679 0.0000000000
71419  -47.341  -6.977  29.094 0.0000000000
72353  -47.906  -6.758  28.560 0.0000000000
73247  -48.282  -5.498  27.968 0.0000000000
73250  -48.457  -5.214  27.252 0.0000000000
74918  -48.580  -3.824  28.483 0.0000000000
75788  -48.851  -2.499  29.936 0.0000000000
48964  -10.530  -30.509  58.832 0.0000000000
114201  -9.983  -30.426  60.381 0.0000000000
48986  -9.647  -31.107  57.760 0.0000000000
132672  -28.526  -22.986  46.289 0.0000000000
64614  -35.257  -14.102  36.351 0.0000000000
60764  -33.709  -18.011  38.908 0.0000000000
127309  -34.134  -17.445  38.622 0.0000000000
61608  -34.754  -16.981  38.760 0.0000000000
120372  -37.561  -16.815  39.306 0.0000000000
118093  -36.027  -16.057  38.703 0.0000000000
63535  -35.394  -15.624  38.254 0.0000000000
63549  -35.918  -14.906  37.815 0.0000000000
64599  -36.454  -14.288  37.371 0.0000000000
65557  -37.008  -13.755  36.937 0.0000000000
65559  -38.607  -13.190  37.468 0.0000000000
66535  -40.185  -12.853  38.305 0.0000000000
67494  -40.950  -11.877  39.208 0.0000000000
48890  -12.008  -29.446  61.411 0.0000000000
49891  -12.728  -29.186  60.929 0.0000000000
48940  -11.441  -30.032  60.094 0.0000000000
112527  -11.088  -30.622  58.057 0.0000000000
47919  -11.192  -30.921  57.079 0.0000000000
119986  -9.189  -30.308  61.075 0.0000000000
48885  -7.609  -30.338  62.073 0.0000000000
48884  -6.618  -30.418  62.084 0.0000000000
124484  -6.142  -30.744  60.088 0.0000000000
119552  -6.001  -30.587  61.575 0.0000000000
128298  -6.030  -29.853  62.916 0.0000000000
48860  -4.426  -29.743  62.660 0.0000000000
49851  -3.602  -29.714  62.738 0.0000000000
48933  -3.550  -30.195  59.438 0.0000000000
49910  -2.668  -29.657  59.778 0.0000000000
122339  -10.867  -30.119  61.482 0.0000000000
54769  -27.750  -24.081  54.473 0.0000000000
50984  -33.266  -28.880  51.395 0.0000000000
54739  -27.600  -23.807  56.457 0.0000000000
132691  -29.893  -22.475  48.571 0.0000000000
55904  -29.620  -22.919  47.979 0.0000000000
58893  -30.643  -20.316  39.250 0.0000000000
59848  -31.490  -19.186  38.037 0.0000000000
132475  -15.979  -28.856  54.777 0.0000000000
50934  -16.210  -28.278  55.484 0.0000000000
50933  -15.676  -28.912  55.604 0.0000000000
53707  -34.997  -25.830  56.051 0.0000000000
118836  -34.873  -25.206  56.589 0.0000000000
54701  -31.372  -25.145  59.149 0.0000000000
53688  -30.633  -25.594  57.928 0.0000000000
52767  -34.623  -25.429  57.365 0.0000000000
52778  -33.991  -26.732  57.496 0.0000000000
52779  -34.429  -26.313  57.031 0.0000000000
54700  -30.701  -24.535  59.313 0.0000000000
67504  -41.210  -11.360  38.586 0.0000000000
67505  -41.913  -10.988  38.202 0.0000000000
69465  -44.715  -8.913  36.653 0.0000000000
68507  -43.903  -9.163  36.066 0.0000000000
127504  -44.706  -8.674  36.091 0.0000000000
113393  -44.266  -8.735  35.464 0.0000000000
69469  -45.118  -8.394  35.727 0.0000000000
115116  -31.789  -20.310  46.713 0.0000000000
58800  -32.498  -20.496  46.058 0.0000000000
113064  -34.346  -20.507  42.874 0.0000000000
58884  -34.526  -19.964  41.342 0.0000000000
53735  -21.203  -24.956  54.388 0.0000000000
53717  -20.824  -24.846  55.289 0.0000000000
53750  -20.339  -25.221  53.618 0.0000000000
117419  -49.858  -1.371  29.480 0.0000000000
76622  -50.113  -1.730  28.726 0.0000000000
77404  -50.428  -0.826  29.917 0.0000000000
48822  -7.337  -30.273  64.285 0.0000000000
48821  -6.534  -30.062  64.673 0.0000000000
132281  -6.217  -29.885  65.216 0.0000000000
54827  -32.937  -24.203  50.160 0.0000000000
54843  -32.392  -23.610  49.676 0.0000000000
57711  -33.983  -21.524  54.606 0.0000000000
58686  -31.476  -19.782  53.148 0.0000000000
117312  -31.336  -19.653  52.195 0.0000000000
59734  -31.549  -19.336  51.313 0.0000000000
53793  -23.069  -24.925  50.419 0.0000000000
54822  -23.919  -24.706  50.034 0.0000000000
52806  -29.878  -26.212  54.078 0.0000000000
52817  -30.155  -26.978  53.559 0.0000000000
71436  -46.999  -7.977  27.825 0.0000000000
70424  -47.109  -7.518  33.969 0.0000000000
129163  -47.279  -7.298  33.254 0.0000000000
73242  -49.089  -5.116  30.667 0.0000000000
74070  -49.153  -4.317  30.901 0.0000000000
74889  -49.366  -4.237  31.702 0.0000000000
58823  -28.805  -20.954  43.955 0.0000000000
57819  -28.505  -21.624  44.221 0.0000000000
135318  -28.669  -21.449  43.204 0.0000000000
61620  -33.479  -17.270  36.400 0.0000000000
62534  -33.869  -16.547  36.543 0.0000000000
62523  -34.283  -16.236  37.428 0.0000000000
60754  -36.574  -18.196  39.844 0.0000000000
116342  -39.686  -15.173  39.752 0.0000000000
125547  -39.254  -14.585  39.315 0.0000000000
65532  -39.947  -13.933  39.399 0.0000000000
49950  -13.709  -29.527  57.886 0.0000000000
48988  -13.140  -29.865  57.293 0.0000000000
48934  -4.426  -30.661  59.931 0.0000000000
130205  -3.883  -30.390  61.226 0.0000000000
58816  -34.633  -20.611  45.480 0.0000000000
52840  -19.869  -25.971  51.058 0.0000000000
48841  -9.406  -29.889  63.346 0.0000000000
113177  -9.846  -29.776  64.011 0.0000000000
48840  -8.605  -30.109  63.526 0.0000000000
113179  -8.101  -30.213  64.234 0.0000000000
52843  -34.331  -26.239  51.766 0.0000000000
128577  -34.006  -25.382  51.284 0.0000000000
116535  -25.291  -24.415  52.692 0.0000000000
116290  -25.199  -24.411  51.851 0.0000000000
54794  -25.963  -24.354  52.231 0.0000000000
54796  -27.252  -24.488  52.428 0.0000000000
54808  -26.632  -24.426  51.912 0.0000000000
54809  -27.207  -24.637  51.565 0.0000000000
54826  -27.089  -24.760  50.734 0.0000000000
54810  -27.813  -24.874  51.994 0.0000000000
50970  -32.744  -29.048  52.350 0.0000000000
50969  -31.712  -28.832  52.234 0.0000000000
50982  -31.590  -29.009  51.254 0.0000000000
54721  -27.023  -24.025  57.136 0.0000000000
53686  -26.342  -24.355  57.416 0.0000000000
53667  -26.240  -24.590  58.298 0.0000000000
54737  -25.794  -24.336  56.051 0.0000000000
54781  -25.427  -24.381  53.533 0.0000000000
54793  -24.507  -24.442  52.377 0.0000000000
68526  -41.115  -10.604  31.705 0.0000000000
58863  -30.140  -20.859  41.432 0.0000000000
122275  -29.201  -21.497  41.869 0.0000000000
58862  -29.635  -21.256  41.207 0.0000000000
60762  -32.049  -18.700  37.768 0.0000000000
60769  -32.674  -18.182  37.418 0.0000000000
61602  -40.745  -17.606  40.139 0.0000000000
61601  -39.815  -17.348  40.017 0.0000000000
63516  -40.596  -15.094  40.241 0.0000000000
52788  -17.217  -26.164  56.257 0.0000000000
50924  -16.318  -27.900  56.722 0.0000000000
115908  -16.653  -27.350  57.146 0.0000000000
51765  -16.195  -28.039  58.192 0.0000000000
118052  -14.887  -29.359  56.799 0.0000000000
49005  -14.105  -30.316  55.826 0.0000000000
131931  -34.371  -26.980  54.458 0.0000000000
52808  -34.727  -26.725  54.190 0.0000000000
52809  -34.989  -26.254  54.701 0.0000000000
113683  -34.955  -24.116  55.515 0.0000000000
54772  -35.207  -24.761  54.917 0.0000000000
55855  -34.917  -23.348  55.155 0.0000000000
54741  -29.419  -24.313  56.776 0.0000000000
54756  -29.049  -24.372  55.800 0.0000000000
127055  -30.677  -25.885  57.298 0.0000000000
53705  -30.475  -25.886  56.545 0.0000000000
52789  -30.788  -26.760  56.082 0.0000000000
53671  -32.805  -26.484  59.048 0.0000000000
52763  -32.018  -26.673  58.427 0.0000000000
51776  -32.878  -27.358  57.239 0.0000000000
52790  -32.170  -27.346  57.215 0.0000000000
51786  -32.345  -27.527  56.438 0.0000000000
131845  -31.476  -27.497  55.898 0.0000000000
51800  -32.186  -27.917  55.500 0.0000000000
51801  -32.918  -27.537  55.760 0.0000000000
50937  -34.144  -26.880  55.018 0.0000000000
50936  -33.491  -27.336  55.133 0.0000000000
50946  -33.930  -27.405  54.381 0.0000000000
50959  -33.791  -27.868  53.737 0.0000000000
135253  -29.694  -24.318  58.374 0.0000000000
54723  -28.768  -23.842  57.484 0.0000000000
114072  -38.476  -12.665  35.992 0.0000000000
66564  -40.112  -11.860  35.832 0.0000000000
67526  -40.584  -11.536  35.240 0.0000000000
68481  -43.320  -10.121  38.382 0.0000000000
68488  -42.558  -10.318  36.993 0.0000000000
119180  -43.052  -9.782  35.638 0.0000000000
68496  -42.428  -10.225  36.141 0.0000000000
68505  -42.264  -10.247  35.288 0.0000000000
68514  -42.110  -10.372  34.479 0.0000000000
121360  -41.905  -10.500  33.637 0.0000000000
68521  -42.625  -9.752  34.044 0.0000000000
69483  -43.411  -9.093  34.123 0.0000000000
69482  -42.935  -9.264  33.271 0.0000000000
69491  -43.242  -8.846  32.478 0.0000000000
70429  -44.062  -8.303  32.556 0.0000000000
70421  -44.537  -8.274  33.591 0.0000000000
69477  -45.584  -8.106  35.222 0.0000000000
70409  -46.117  -7.859  34.636 0.0000000000
70423  -46.560  -7.684  34.129 0.0000000000
70411  -47.141  -7.817  35.349 0.0000000000
70402  -47.492  -7.860  35.536 0.0000000000
58780  -29.250  -20.085  48.032 0.0000000000
113158  -30.490  -20.313  45.648 0.0000000000
58798  -29.851  -20.180  46.462 0.0000000000
58824  -30.760  -20.415  44.685 0.0000000000
58814  -32.654  -20.513  45.151 0.0000000000
58826  -32.671  -20.550  44.452 0.0000000000
113574  -31.475  -20.530  42.187 0.0000000000
58866  -32.904  -20.219  41.495 0.0000000000
116490  -35.227  -19.742  40.957 0.0000000000
60742  -36.256  -19.024  40.290 0.0000000000
60744  -38.758  -18.993  40.184 0.0000000000
61587  -39.175  -18.469  39.892 0.0000000000
54750  -20.055  -24.596  55.789 0.0000000000
54749  -19.183  -24.746  55.490 0.0000000000
53762  -19.052  -25.877  52.572 0.0000000000
52815  -17.955  -26.032  53.326 0.0000000000
53732  -17.869  -25.983  54.067 0.0000000000
133859  -18.446  -25.326  54.641 0.0000000000
118449  -17.985  -25.594  54.646 0.0000000000
49811  -4.023  -29.382  64.522 0.0000000000
52879  -32.728  -26.542  48.572 0.0000000000
55895  -31.903  -23.099  49.340 0.0000000000
120416  -34.747  -25.917  53.009 0.0000000000
55871  -33.829  -23.161  52.270 0.0000000000
55880  -33.774  -23.926  51.709 0.0000000000
57729  -31.916  -21.071  52.897 0.0000000000
56805  -32.322  -22.239  51.630 0.0000000000
56815  -32.180  -22.566  50.833 0.0000000000
57738  -30.447  -20.790  51.137 0.0000000000
57752  -30.818  -21.571  50.976 0.0000000000
127273  -30.169  -20.634  50.603 0.0000000000
57750  -29.872  -20.777  50.076 0.0000000000
58744  -29.762  -20.287  49.612 0.0000000000
59751  -30.350  -19.830  50.113 0.0000000000
58763  -32.651  -20.147  48.669 0.0000000000
59745  -34.304  -20.249  50.411 0.0000000000
54841  -25.249  -24.706  49.781 0.0000000000
53807  -24.609  -24.833  49.441 0.0000000000
53808  -25.340  -25.139  49.136 0.0000000000
54771  -29.001  -24.662  54.865 0.0000000000
53768  -29.144  -25.874  52.781 0.0000000000
53783  -28.842  -25.780  51.956 0.0000000000
53782  -28.334  -25.392  51.539 0.0000000000
52852  -28.904  -26.053  51.065 0.0000000000
120281  -22.159  -24.670  56.060 0.0000000000
53719  -22.573  -24.638  55.445 0.0000000000
53766  -23.043  -24.747  52.608 0.0000000000
53752  -22.437  -24.822  53.235 0.0000000000
116862  -21.868  -24.889  53.830 0.0000000000
53764  -21.438  -25.420  52.139 0.0000000000
53779  -22.003  -25.405  51.436 0.0000000000
71393  -44.761  -7.762  32.182 0.0000000000
71407  -45.482  -7.357  30.802 0.0000000000
71408  -46.297  -7.130  30.459 0.0000000000
71409  -47.144  -6.829  30.092 0.0000000000
71383  -47.800  -6.968  32.702 0.0000000000
72313  -48.433  -6.518  32.097 0.0000000000
72339  -48.396  -6.241  30.269 0.0000000000
72338  -47.929  -6.609  29.868 0.0000000000
119533  -48.441  -5.862  28.841 0.0000000000
74100  -48.408  -4.572  27.835 0.0000000000
74915  -48.741  -3.502  29.501 0.0000000000
76592  -48.814  -1.800  30.626 0.0000000000
76583  -48.818  -1.886  31.394 0.0000000000
128556  -10.315  -30.823  58.141 0.0000000000
126380  -28.450  -21.577  46.829 0.0000000000
56841  -28.527  -22.072  47.312 0.0000000000
63562  -34.446  -15.330  36.329 0.0000000000
64624  -34.697  -14.614  35.917 0.0000000000
59838  -33.277  -18.752  39.355 0.0000000000
60752  -34.181  -18.504  39.477 0.0000000000
62506  -38.409  -16.802  39.454 0.0000000000
63537  -37.363  -15.375  38.585 0.0000000000
62516  -36.898  -16.180  38.925 0.0000000000
64600  -37.327  -14.110  37.640 0.0000000000
65558  -37.793  -13.557  37.224 0.0000000000
65541  -38.892  -13.511  38.184 0.0000000000
65542  -39.710  -13.199  38.126 0.0000000000
119187  -40.409  -12.612  38.986 0.0000000000
49911  -12.833  -29.612  59.212 0.0000000000
116254  -12.808  -29.423  60.064 0.0000000000
48915  -12.045  -29.625  60.632 0.0000000000
48941  -12.152  -29.851  59.633 0.0000000000
48965  -11.434  -30.186  59.047 0.0000000000
113545  -11.861  -30.128  58.201 0.0000000000
49003  -11.898  -30.732  56.802 0.0000000000
134517  -11.630  -30.476  57.515 0.0000000000
47931  -11.427  -31.258  56.230 0.0000000000
48938  -9.862  -30.535  59.459 0.0000000000
48911  -9.167  -30.453  60.063 0.0000000000
48910  -7.666  -30.374  60.481 0.0000000000
48886  -8.084  -30.297  61.260 0.0000000000
47898  -6.003  -32.007  59.142 0.0000000000
47886  -6.377  -31.221  59.350 0.0000000000
48883  -5.297  -30.541  61.601 0.0000000000
48909  -5.633  -30.613  60.835 0.0000000000
113249  -5.805  -30.359  62.108 0.0000000000
48861  -5.296  -29.792  62.690 0.0000000000
48881  -3.393  -30.273  61.820 0.0000000000
49850  -2.765  -29.924  62.405 0.0000000000
49830  -2.872  -29.565  63.198 0.0000000000
48959  -3.312  -30.328  58.534 0.0000000000
48887  -9.645  -30.365  61.981 0.0000000000
131170  -33.627  -28.416  50.820 0.0000000000
54782  -26.294  -24.258  53.602 0.0000000000
50957  -32.942  -28.713  53.249 0.0000000000
122353  -28.060  -23.913  58.219 0.0000000000
69497  -42.412  -9.428  31.168 0.0000000000
55914  -30.252  -23.715  47.639 0.0000000000
116803  -30.111  -20.864  39.761 0.0000000000
57847  -30.080  -21.456  39.559 0.0000000000
51797  -16.695  -27.556  55.421 0.0000000000
136035  -16.417  -27.872  56.052 0.0000000000
50923  -15.794  -28.455  56.972 0.0000000000
49984  -14.705  -30.112  55.111 0.0000000000
52798  -34.839  -26.290  55.507 0.0000000000
121008  -35.091  -25.010  55.813 0.0000000000
54725  -30.175  -24.843  58.062 0.0000000000
53689  -31.122  -26.356  57.836 0.0000000000
52765  -33.806  -26.668  58.342 0.0000000000
51777  -33.600  -27.015  57.100 0.0000000000
125727  -33.533  -26.983  56.034 0.0000000000
51788  -34.381  -26.469  55.652 0.0000000000
54713  -30.142  -24.428  58.800 0.0000000000
66548  -40.105  -12.624  37.668 0.0000000000
66555  -39.907  -12.326  36.791 0.0000000000
118894  -40.498  -11.945  37.325 0.0000000000
133681  -40.832  -11.526  37.067 0.0000000000
67519  -41.255  -11.162  36.697 0.0000000000
69476  -43.853  -8.907  34.776 0.0000000000
69484  -44.190  -8.559  34.251 0.0000000000
58781  -30.973  -19.726  47.874 0.0000000000
113754  -30.203  -19.903  47.313 0.0000000000
133194  -31.179  -19.996  47.169 0.0000000000
58827  -33.890  -20.541  44.149 0.0000000000
113152  -33.140  -20.600  43.917 0.0000000000
113148  -32.866  -20.657  43.105 0.0000000000
58848  -32.484  -20.545  42.277 0.0000000000
59805  -35.821  -19.833  41.250 0.0000000000
53699  -21.635  -24.676  56.594 0.0000000000
75793  -49.525  -2.454  28.419 0.0000000000
75801  -49.726  -2.834  27.690 0.0000000000
75794  -50.371  -2.255  28.079 0.0000000000
76623  -51.248  -1.715  28.555 0.0000000000
53813  -33.420  -25.693  50.006 0.0000000000
54844  -32.562  -24.583  49.446 0.0000000000
55896  -32.131  -22.744  49.944 0.0000000000
55864  -35.012  -23.590  53.911 0.0000000000
54785  -34.654  -24.172  53.257 0.0000000000
55863  -34.607  -23.337  53.460 0.0000000000
56790  -34.144  -22.743  53.201 0.0000000000
58687  -31.851  -20.027  53.831 0.0000000000
58713  -30.805  -20.231  51.654 0.0000000000
58712  -30.363  -20.041  50.933 0.0000000000
59742  -30.902  -19.538  50.638 0.0000000000
59743  -31.752  -19.438  50.282 0.0000000000
59753  -32.759  -19.798  50.003 0.0000000000
58747  -34.583  -20.606  49.643 0.0000000000
53701  -23.742  -24.554  56.266 0.0000000000
54779  -23.824  -24.538  52.960 0.0000000000
123987  -22.392  -25.270  50.724 0.0000000000
53792  -22.372  -25.302  49.706 0.0000000000
71394  -45.510  -7.452  31.834 0.0000000000
71381  -46.274  -7.467  32.399 0.0000000000
72327  -49.042  -6.090  31.614 0.0000000000
73227  -48.748  -5.971  30.928 0.0000000000
72346  -48.494  -6.123  29.589 0.0000000000
117743  -48.756  -5.767  30.359 0.0000000000
74096  -48.604  -4.480  29.348 0.0000000000
115684  -48.789  -4.317  30.146 0.0000000000
47930  -10.502  -31.430  56.289 0.0000000000
47917  -9.626  -31.433  56.818 0.0000000000
58810  -28.675  -20.881  45.797 0.0000000000
57800  -28.459  -21.536  46.124 0.0000000000
57813  -28.495  -21.544  45.233 0.0000000000
127318  -28.383  -22.536  44.196 0.0000000000
117309  -34.240  -15.926  36.670 0.0000000000
133250  -35.768  -17.835  39.571 0.0000000000
126957  -36.341  -17.375  39.419 0.0000000000
118691  -38.554  -16.048  39.426 0.0000000000
64585  -36.861  -14.771  38.030 0.0000000000
64587  -39.380  -13.755  38.792 0.0000000000
50912  -15.152  -28.931  58.028 0.0000000000
50903  -15.122  -28.964  58.899 0.0000000000
49913  -14.449  -29.200  59.277 0.0000000000
47932  -12.153  -31.168  55.988 0.0000000000
48961  -7.997  -30.712  58.962 0.0000000000
48936  -7.437  -30.556  59.683 0.0000000000
115409  -6.846  -30.517  60.317 0.0000000000
47897  -5.306  -32.021  59.227 0.0000000000
48882  -4.466  -30.403  61.695 0.0000000000
49890  -2.667  -30.044  61.055 0.0000000000
113885  -32.155  -25.883  59.174 0.0000000000
53673  -34.203  -25.878  58.826 0.0000000000
68471  -42.577  -10.549  38.923 0.0000000000
69461  -44.666  -9.125  37.321 0.0000000000
131034  -45.261  -8.795  36.913 0.0000000000
69462  -45.931  -8.618  36.876 0.0000000000
114427  -33.262  -20.639  46.533 0.0000000000
58815  -33.986  -20.574  44.883 0.0000000000
113151  -34.550  -20.516  43.628 0.0000000000
58851  -35.519  -20.105  42.293 0.0000000000
113162  -20.838  -25.361  52.812 0.0000000000
52827  -19.520  -25.905  51.891 0.0000000000
52854  -33.788  -26.595  50.359 0.0000000000
53797  -33.776  -25.724  50.643 0.0000000000
59735  -32.685  -19.173  51.464 0.0000000000
135166  -24.369  -24.486  50.772 0.0000000000
121744  -25.044  -24.432  51.013 0.0000000000
54824  -25.559  -24.543  50.427 0.0000000000
54825  -26.355  -24.623  50.526 0.0000000000
53795  -27.572  -25.256  50.253 0.0000000000
51809  -31.118  -27.688  54.581 0.0000000000
51820  -30.729  -27.514  53.960 0.0000000000
112970  -30.716  -27.750  53.261 0.0000000000
51832  -30.740  -28.023  52.375 0.0000000000
50981  -30.872  -28.618  50.873 0.0000000000
129755  -25.131  -24.586  57.090 0.0000000000
53702  -25.133  -24.522  56.394 0.0000000000
54751  -24.979  -24.528  55.046 0.0000000000
54752  -25.772  -24.307  55.246 0.0000000000
54766  -24.762  -24.461  54.169 0.0000000000
67542  -40.464  -11.210  33.127 0.0000000000
120392  -47.926  -7.589  34.445 0.0000000000
71367  -47.770  -7.346  33.677 0.0000000000
71368  -48.507  -7.250  33.766 0.0000000000
119162  -49.059  -6.765  33.136 0.0000000000
74878  -49.705  -4.017  32.574 0.0000000000
57824  -29.176  -21.120  42.609 0.0000000000
61613  -34.120  -16.879  38.067 0.0000000000
60756  -38.460  -18.257  39.837 0.0000000000
61600  -39.020  -17.630  39.721 0.0000000000
63527  -39.866  -15.899  39.980 0.0000000000
136094  -40.186  -15.357  40.026 0.0000000000
64568  -40.495  -14.021  40.170 0.0000000000
52773  -16.997  -26.570  56.999 0.0000000000
53681  -17.142  -26.207  57.694 0.0000000000
49951  -14.556  -29.366  57.459 0.0000000000
49004  -13.654  -30.129  56.584 0.0000000000
47896  -4.565  -31.824  58.922 0.0000000000
122855  -34.021  -27.715  53.182 0.0000000000
113932  -34.345  -27.259  52.891 0.0000000000
52819  -34.978  -26.098  53.831 0.0000000000
54786  -35.124  -24.475  54.060 0.0000000000
133421  -35.016  -23.246  54.404 0.0000000000
122469  -28.217  -23.848  55.878 0.0000000000
54755  -28.362  -23.992  55.133 0.0000000000
53722  -29.653  -25.265  55.309 0.0000000000
52776  -32.500  -27.288  57.894 0.0000000000
52797  -30.898  -27.255  55.292 0.0000000000
51810  -32.020  -28.207  54.591 0.0000000000
50944  -32.809  -28.417  54.112 0.0000000000
50958  -33.302  -28.257  53.696 0.0000000000
65574  -37.758  -13.124  35.951 0.0000000000
66563  -38.002  -12.646  35.252 0.0000000000
128948  -39.467  -12.007  35.346 0.0000000000
66573  -39.221  -12.010  34.626 0.0000000000
67512  -41.929  -10.868  37.333 0.0000000000
68495  -41.622  -10.762  35.794 0.0000000000
67527  -41.186  -11.242  35.055 0.0000000000
67543  -40.812  -11.211  33.787 0.0000000000
68520  -41.187  -10.911  33.321 0.0000000000
120562  -41.523  -10.463  32.649 0.0000000000
123575  -42.876  -8.996  31.632 0.0000000000
70443  -43.496  -8.403  30.660 0.0000000000
70430  -45.254  -7.990  33.604 0.0000000000
69467  -46.118  -8.451  36.426 0.0000000000
70400  -46.545  -8.228  36.167 0.0000000000
70412  -47.510  -7.723  34.958 0.0000000000
57774  -28.884  -21.234  48.812 0.0000000000
56832  -28.703  -21.669  48.033 0.0000000000
57773  -28.748  -20.794  48.150 0.0000000000
58779  -28.836  -20.579  47.323 0.0000000000
58797  -28.981  -20.485  46.393 0.0000000000
58811  -29.021  -20.563  45.551 0.0000000000
133110  -29.195  -20.616  44.170 0.0000000000
134815  -31.993  -20.470  45.415 0.0000000000
115093  -30.058  -20.444  43.817 0.0000000000
58836  -29.887  -20.657  42.824 0.0000000000
58864  -30.931  -20.530  41.273 0.0000000000
58894  -31.551  -19.872  39.867 0.0000000000
59839  -34.266  -19.066  39.942 0.0000000000
59823  -36.890  -19.425  40.800 0.0000000000
59807  -37.456  -19.829  41.395 0.0000000000
53734  -19.552  -25.142  54.167 0.0000000000
53748  -18.576  -25.809  53.119 0.0000000000
114336  -18.971  -25.062  54.729 0.0000000000
53714  -17.621  -25.705  55.474 0.0000000000
131894  -17.155  -27.450  53.343 0.0000000000
51808  -17.016  -27.208  54.469 0.0000000000
54859  -31.163  -24.007  47.995 0.0000000000
56822  -29.602  -21.776  49.189 0.0000000000
52829  -34.544  -26.548  52.557 0.0000000000
53769  -34.531  -25.839  52.356 0.0000000000
54812  -34.089  -24.731  51.859 0.0000000000
56789  -33.501  -22.012  53.368 0.0000000000
57730  -32.721  -21.558  53.178 0.0000000000
56806  -33.151  -22.628  51.892 0.0000000000
56814  -31.440  -22.217  50.521 0.0000000000
56813  -30.769  -21.962  50.316 0.0000000000
56823  -30.319  -21.935  49.781 0.0000000000
57764  -29.815  -21.323  49.831 0.0000000000
58762  -29.753  -19.852  48.838 0.0000000000
59759  -30.662  -19.620  48.705 0.0000000000
58746  -33.125  -20.222  49.216 0.0000000000
115897  -33.972  -20.634  49.037 0.0000000000
58783  -33.565  -20.691  47.419 0.0000000000
54784  -28.159  -24.494  53.761 0.0000000000
53754  -28.641  -25.128  53.271 0.0000000000
52828  -29.731  -26.693  52.758 0.0000000000
115791  -29.529  -26.836  51.104 0.0000000000
118387  -28.570  -26.132  50.015 0.0000000000
53718  -21.732  -24.745  55.287 0.0000000000
53720  -23.452  -24.579  55.573 0.0000000000
135421  -23.343  -24.576  54.241 0.0000000000
53737  -23.013  -24.589  54.820 0.0000000000
70444  -44.101  -7.980  30.596 0.0000000000
71416  -44.723  -7.794  30.088 0.0000000000
71417  -45.295  -7.908  29.302 0.0000000000
71427  -47.335  -7.375  28.140 0.0000000000
72361  -47.978  -6.996  27.778 0.0000000000
122754  -48.283  -6.336  28.951 0.0000000000
72354  -48.189  -6.284  28.175 0.0000000000
72362  -48.356  -6.217  27.287 0.0000000000
74921  -48.652  -3.827  27.606 0.0000000000
75792  -48.956  -2.889  28.915 0.0000000000
76609  -49.125  -1.643  29.961 0.0000000000
135408  -49.111  -1.417  30.467 0.0000000000
48939  -10.680  -30.333  59.730 0.0000000000
48963  -9.691  -30.748  58.589 0.0000000000
48985  -9.003  -31.386  57.320 0.0000000000
48962  -8.743  -31.066  58.203 0.0000000000
55921  -28.700  -22.876  46.970 0.0000000000
56876  -28.581  -22.168  42.587 0.0000000000
65572  -35.838  -13.597  35.772 0.0000000000
61598  -36.832  -16.897  39.258 0.0000000000
62515  -36.159  -16.670  39.062 0.0000000000
62514  -35.401  -16.432  38.745 0.0000000000
62513  -34.739  -16.255  38.257 0.0000000000
63534  -34.787  -15.655  37.820 0.0000000000
63548  -35.045  -14.999  37.615 0.0000000000
113804  -35.507  -14.396  37.162 0.0000000000
64615  -36.127  -13.880  36.624 0.0000000000
128932  -37.539  -13.416  36.572 0.0000000000
66547  -39.430  -12.840  37.437 0.0000000000
65560  -39.187  -13.186  37.789 0.0000000000
124751  -41.338  -11.394  39.109 0.0000000000
48914  -11.382  -29.860  60.997 0.0000000000
48912  -10.153  -30.306  61.305 0.0000000000
120006  -8.690  -30.337  62.013 0.0000000000
127429  -8.502  -30.356  60.530 0.0000000000
114191  -8.200  -30.199  62.800 0.0000000000
128567  -7.309  -30.147  62.805 0.0000000000
130887  -7.131  -30.149  63.520 0.0000000000
47899  -6.697  -31.575  58.506 0.0000000000
134863  -6.760  -30.739  59.677 0.0000000000
132676  -6.287  -30.556  60.825 0.0000000000
48862  -6.600  -30.044  62.778 0.0000000000
48837  -4.821  -29.612  63.351 0.0000000000
49831  -3.932  -29.565  63.532 0.0000000000
122170  -3.112  -29.462  63.920 0.0000000000
48984  -3.719  -31.189  58.218 0.0000000000
56850  -28.442  -22.276  46.552 0.0000000000
76593  -49.246  -1.157  30.981 0.0000000000
77403  -49.615  -1.126  30.216 0.0000000000
134855  -11.727  -29.650  61.243 0.0000000000
135282  -33.643  -26.897  56.602 0.0000000000
