#!ascii label  , from subject sub-v1s21x0050412_ses-1 vox2ras=TkReg
1193
62316  19.779  -15.369  60.873 0.0000000000
54718  8.945  -22.362  54.962 0.0000000000
60246  11.121  -17.200  69.952 0.0000000000
65482  12.189  -12.279  64.314 0.0000000000
61324  5.394  -16.133  58.529 0.0000000000
61248  16.405  -16.140  67.123 0.0000000000
65458  15.216  -12.359  67.188 0.0000000000
58108  19.047  -19.214  60.448 0.0000000000
58061  17.647  -18.980  65.396 0.0000000000
55725  12.652  -21.605  69.167 0.0000000000
134338  8.488  -7.657  64.373 0.0000000000
64478  8.962  -13.541  61.781 0.0000000000
136479  5.689  -10.194  60.176 0.0000000000
60268  6.006  -18.800  66.162 0.0000000000
60287  9.732  -17.834  63.918 0.0000000000
64433  11.553  -14.610  67.337 0.0000000000
69735  12.444  -8.248  67.126 0.0000000000
60312  12.321  -17.312  60.898 0.0000000000
61347  13.280  -16.425  55.748 0.0000000000
59252  9.507  -18.517  52.321 0.0000000000
61393  4.498  -16.754  53.536 0.0000000000
62294  18.806  -15.888  64.334 0.0000000000
64438  17.962  -14.123  65.033 0.0000000000
140699  19.510  -16.897  61.408 0.0000000000
137147  17.667  -18.814  63.325 0.0000000000
60276  18.783  -17.078  64.380 0.0000000000
60257  17.999  -17.935  66.064 0.0000000000
118847  7.132  -9.293  62.258 0.0000000000
60256  8.486  -17.923  67.831 0.0000000000
61255  9.175  -17.260  66.649 0.0000000000
63346  10.988  -15.550  68.053 0.0000000000
67584  14.736  -9.930  64.928 0.0000000000
140448  14.385  -10.146  67.201 0.0000000000
58037  11.790  -19.745  69.859 0.0000000000
55729  10.550  -21.319  68.705 0.0000000000
58043  8.903  -19.807  68.607 0.0000000000
58050  7.016  -19.869  66.961 0.0000000000
121943  11.861  -15.284  64.731 0.0000000000
60302  10.925  -17.901  62.935 0.0000000000
62307  13.042  -14.626  62.403 0.0000000000
122865  7.016  -14.688  59.768 0.0000000000
62349  10.557  -14.756  58.564 0.0000000000
62379  9.685  -15.920  56.532 0.0000000000
61391  11.933  -16.542  53.620 0.0000000000
60411  7.779  -17.353  55.106 0.0000000000
127897  14.192  -16.625  68.357 0.0000000000
62273  12.897  -15.196  68.956 0.0000000000
63356  15.884  -14.524  66.971 0.0000000000
66528  16.302  -11.804  65.086 0.0000000000
55784  19.343  -21.897  60.983 0.0000000000
55786  17.876  -21.506  60.673 0.0000000000
56943  18.063  -20.531  61.283 0.0000000000
56922  16.338  -20.329  63.647 0.0000000000
56904  16.555  -20.630  67.135 0.0000000000
59118  14.727  -18.201  67.982 0.0000000000
67579  9.342  -10.396  65.910 0.0000000000
65493  10.621  -12.605  62.653 0.0000000000
65467  7.501  -11.386  63.917 0.0000000000
65488  4.927  -11.787  62.910 0.0000000000
65514  3.604  -12.693  60.167 0.0000000000
61307  20.179  -16.035  59.196 0.0000000000
53563  21.446  -24.176  59.874 0.0000000000
55798  24.093  -22.209  59.220 0.0000000000
56994  20.186  -20.262  59.056 0.0000000000
138578  19.324  -18.360  58.063 0.0000000000
59147  5.195  -19.450  64.389 0.0000000000
59161  6.840  -19.433  63.425 0.0000000000
60279  7.734  -18.340  64.963 0.0000000000
62284  10.668  -15.784  66.118 0.0000000000
130923  12.672  -12.916  66.393 0.0000000000
64425  12.708  -13.452  68.015 0.0000000000
66511  12.445  -11.164  67.426 0.0000000000
67577  11.374  -10.617  66.477 0.0000000000
118878  10.329  -7.446  66.015 0.0000000000
58102  8.486  -20.315  62.103 0.0000000000
58120  10.197  -20.640  60.182 0.0000000000
58125  11.150  -20.313  58.051 0.0000000000
132388  12.379  -14.140  60.567 0.0000000000
60346  13.363  -16.890  58.551 0.0000000000
58142  11.708  -19.936  56.075 0.0000000000
58158  13.193  -19.107  53.594 0.0000000000
58183  13.416  -18.928  51.448 0.0000000000
68691  4.964  -9.948  57.149 0.0000000000
128233  3.335  -12.839  57.045 0.0000000000
64545  3.701  -13.405  54.740 0.0000000000
124988  4.097  -17.074  56.273 0.0000000000
58160  6.358  -18.917  53.147 0.0000000000
137707  18.918  -15.507  63.040 0.0000000000
63373  18.846  -15.003  62.950 0.0000000000
129530  19.193  -14.902  61.276 0.0000000000
61294  19.950  -15.794  60.903 0.0000000000
60300  18.982  -16.766  62.518 0.0000000000
61283  18.987  -16.245  62.413 0.0000000000
61264  18.833  -16.725  64.573 0.0000000000
54745  8.064  -22.972  53.918 0.0000000000
117584  8.944  -22.419  54.038 0.0000000000
61237  9.591  -17.206  69.571 0.0000000000
62270  9.862  -16.801  68.439 0.0000000000
62264  11.049  -16.258  68.868 0.0000000000
117368  18.580  -22.591  59.679 0.0000000000
59108  11.237  -18.044  68.943 0.0000000000
58039  10.382  -19.585  69.769 0.0000000000
121234  10.258  -18.369  70.135 0.0000000000
126491  8.446  -18.627  68.464 0.0000000000
64444  12.848  -13.233  64.550 0.0000000000
62301  12.827  -14.963  63.223 0.0000000000
64450  12.766  -13.310  63.725 0.0000000000
61310  6.579  -15.472  58.740 0.0000000000
62351  8.597  -15.259  58.440 0.0000000000
61322  6.854  -15.778  58.028 0.0000000000
61351  8.290  -16.425  56.476 0.0000000000
120049  6.695  -16.545  56.913 0.0000000000
60253  14.620  -17.005  68.141 0.0000000000
62271  14.580  -15.540  67.921 0.0000000000
62278  16.063  -15.350  67.125 0.0000000000
65464  17.310  -13.183  65.106 0.0000000000
66537  15.557  -11.391  63.860 0.0000000000
56959  19.225  -20.773  60.902 0.0000000000
56960  18.587  -21.192  61.002 0.0000000000
58099  18.174  -19.768  61.621 0.0000000000
58066  17.790  -18.825  64.911 0.0000000000
58073  17.009  -19.510  63.493 0.0000000000
56920  17.139  -19.448  64.484 0.0000000000
56908  16.927  -19.905  66.057 0.0000000000
60258  17.385  -17.474  66.530 0.0000000000
119160  16.664  -18.021  67.158 0.0000000000
60259  15.831  -17.447  67.491 0.0000000000
120212  14.336  -17.688  68.278 0.0000000000
68615  8.294  -9.475  66.015 0.0000000000
66523  8.181  -10.836  64.885 0.0000000000
68618  7.018  -9.612  64.469 0.0000000000
68645  6.558  -10.030  60.577 0.0000000000
127505  5.019  -10.288  62.631 0.0000000000
68636  4.603  -10.328  61.400 0.0000000000
65500  4.115  -12.628  61.710 0.0000000000
67603  3.909  -10.245  60.096 0.0000000000
56976  20.582  -20.719  59.761 0.0000000000
59132  5.516  -19.049  65.412 0.0000000000
59136  6.333  -19.022  64.653 0.0000000000
61262  7.349  -18.349  65.862 0.0000000000
63360  10.836  -15.575  67.213 0.0000000000
62291  9.952  -16.514  66.158 0.0000000000
63365  11.067  -15.209  66.608 0.0000000000
63364  11.603  -14.613  66.408 0.0000000000
64436  12.011  -13.966  66.935 0.0000000000
63358  14.537  -13.783  67.704 0.0000000000
131920  12.841  -13.922  68.482 0.0000000000
65453  14.196  -12.339  68.100 0.0000000000
68605  13.266  -9.155  67.418 0.0000000000
66507  13.392  -10.852  68.038 0.0000000000
67564  12.323  -9.847  67.652 0.0000000000
66512  11.686  -10.409  67.213 0.0000000000
68603  11.773  -9.266  67.525 0.0000000000
68607  10.535  -9.102  67.195 0.0000000000
70760  11.194  -7.811  66.962 0.0000000000
56962  16.770  -20.512  61.004 0.0000000000
55803  16.488  -21.185  59.620 0.0000000000
53507  13.421  -22.397  67.877 0.0000000000
52465  12.496  -23.400  67.035 0.0000000000
53509  12.608  -22.530  68.031 0.0000000000
125694  9.151  -21.415  68.219 0.0000000000
53517  10.330  -22.496  68.031 0.0000000000
59122  6.673  -19.529  66.786 0.0000000000
59131  5.030  -19.231  66.101 0.0000000000
59143  8.323  -18.764  63.803 0.0000000000
58085  7.165  -19.822  62.822 0.0000000000
59159  8.680  -19.179  63.244 0.0000000000
60313  11.735  -17.810  61.516 0.0000000000
59173  10.802  -19.162  61.979 0.0000000000
59184  11.536  -19.072  60.366 0.0000000000
58119  10.895  -20.345  59.388 0.0000000000
59191  11.906  -19.048  59.472 0.0000000000
64462  9.899  -13.162  62.118 0.0000000000
64475  11.471  -13.360  61.318 0.0000000000
64489  10.825  -13.518  60.828 0.0000000000
62361  11.688  -15.193  57.386 0.0000000000
62347  12.834  -15.451  58.473 0.0000000000
60362  13.462  -17.306  57.026 0.0000000000
59201  12.815  -18.579  57.497 0.0000000000
59221  12.972  -18.659  55.678 0.0000000000
58151  12.771  -19.143  54.912 0.0000000000
59231  13.367  -17.685  54.716 0.0000000000
120177  10.907  -17.215  52.642 0.0000000000
60424  12.993  -17.487  52.693 0.0000000000
60432  11.672  -17.566  51.733 0.0000000000
68725  4.295  -9.747  55.737 0.0000000000
67623  3.611  -10.202  57.200 0.0000000000
136653  3.440  -10.784  55.759 0.0000000000
122568  4.268  -13.908  53.231 0.0000000000
123479  4.088  -15.075  54.561 0.0000000000
133531  3.654  -14.541  55.451 0.0000000000
129832  3.937  -17.019  54.956 0.0000000000
59236  4.786  -18.004  54.657 0.0000000000
58162  5.120  -17.828  53.436 0.0000000000
62282  18.389  -15.781  65.683 0.0000000000
63362  17.438  -14.635  66.114 0.0000000000
63366  18.415  -14.878  65.009 0.0000000000
59182  19.119  -18.251  60.573 0.0000000000
59171  18.332  -18.616  62.117 0.0000000000
59155  18.747  -17.559  62.503 0.0000000000
59141  18.661  -17.517  63.398 0.0000000000
58065  18.433  -18.205  64.953 0.0000000000
58052  18.149  -18.435  65.682 0.0000000000
60269  18.885  -17.252  65.169 0.0000000000
61253  18.930  -16.933  65.839 0.0000000000
70795  9.205  -8.265  62.135 0.0000000000
123843  7.641  -8.733  62.838 0.0000000000
69771  8.605  -8.842  61.496 0.0000000000
68643  8.090  -9.583  60.210 0.0000000000
136813  7.285  -10.170  59.083 0.0000000000
60262  7.547  -18.383  66.897 0.0000000000
61251  7.959  -17.953  66.795 0.0000000000
61246  9.031  -17.477  67.569 0.0000000000
62275  10.331  -16.361  67.555 0.0000000000
129478  11.383  -14.971  67.935 0.0000000000
66513  15.535  -11.259  66.139 0.0000000000
135569  14.531  -11.179  67.582 0.0000000000
68610  14.652  -9.851  66.236 0.0000000000
69739  13.894  -8.661  66.160 0.0000000000
69740  13.293  -8.233  66.360 0.0000000000
70767  12.261  -7.392  65.284 0.0000000000
58036  12.288  -20.263  69.807 0.0000000000
55726  11.965  -21.798  70.114 0.0000000000
140334  10.991  -20.460  70.030 0.0000000000
56891  9.808  -20.786  68.650 0.0000000000
56899  8.138  -20.699  67.926 0.0000000000
56900  7.450  -20.590  67.253 0.0000000000
58044  8.053  -19.763  68.188 0.0000000000
59121  7.332  -19.287  67.233 0.0000000000
117453  10.713  -16.501  64.723 0.0000000000
60303  10.076  -18.193  63.318 0.0000000000
138095  11.855  -16.461  63.032 0.0000000000
61285  11.986  -16.710  62.369 0.0000000000
61284  13.011  -15.690  61.526 0.0000000000
63408  7.823  -14.185  60.793 0.0000000000
63406  9.418  -14.135  60.396 0.0000000000
122102  9.154  -14.865  59.188 0.0000000000
119612  10.200  -15.202  57.950 0.0000000000
62377  11.402  -15.374  56.588 0.0000000000
123103  12.400  -16.061  54.788 0.0000000000
61364  10.468  -16.129  55.125 0.0000000000
61381  9.784  -16.696  54.685 0.0000000000
60409  9.435  -17.547  54.005 0.0000000000
62427  4.851  -15.783  53.585 0.0000000000
60427  4.834  -17.162  53.025 0.0000000000
61409  5.649  -16.913  52.312 0.0000000000
121106  12.702  -16.814  68.730 0.0000000000
61239  12.134  -16.171  68.847 0.0000000000
124226  13.436  -15.770  68.711 0.0000000000
63348  14.480  -14.696  67.830 0.0000000000
64429  15.287  -13.410  67.219 0.0000000000
64434  17.301  -13.775  65.815 0.0000000000
64435  16.479  -13.275  66.287 0.0000000000
138092  16.003  -11.821  66.022 0.0000000000
66529  15.825  -11.280  65.079 0.0000000000
54636  19.730  -22.647  60.795 0.0000000000
54637  18.927  -22.462  60.660 0.0000000000
55785  18.470  -21.865  60.893 0.0000000000
58082  17.746  -19.119  62.483 0.0000000000
137857  17.038  -19.687  62.621 0.0000000000
56933  16.381  -20.268  62.716 0.0000000000
53510  14.691  -22.435  67.198 0.0000000000
56883  14.240  -21.343  68.072 0.0000000000
58054  16.960  -19.782  67.083 0.0000000000
58047  15.246  -19.475  67.701 0.0000000000
56898  13.677  -19.902  68.420 0.0000000000
58041  13.172  -18.811  68.510 0.0000000000
59113  12.800  -18.335  68.559 0.0000000000
66532  10.784  -11.285  64.649 0.0000000000
66539  11.614  -12.080  63.820 0.0000000000
66533  9.699  -11.296  64.616 0.0000000000
65473  8.392  -12.014  63.961 0.0000000000
64452  7.735  -12.445  62.985 0.0000000000
68623  5.968  -9.934  63.778 0.0000000000
65476  6.572  -11.486  63.423 0.0000000000
64464  7.139  -13.097  62.055 0.0000000000
62309  6.261  -13.827  60.858 0.0000000000
62320  5.405  -14.380  59.962 0.0000000000
62342  4.293  -15.345  59.478 0.0000000000
62326  20.108  -15.468  60.340 0.0000000000
53556  20.749  -23.614  59.989 0.0000000000
53553  24.801  -23.481  59.439 0.0000000000
54645  24.557  -22.603  59.413 0.0000000000
123960  23.542  -23.198  59.655 0.0000000000
54633  22.716  -22.781  59.866 0.0000000000
128449  21.197  -22.858  60.139 0.0000000000
54635  20.511  -22.753  60.366 0.0000000000
56977  19.801  -20.239  59.935 0.0000000000
135349  19.308  -19.921  60.444 0.0000000000
58124  19.682  -19.834  58.816 0.0000000000
129039  19.206  -18.651  59.603 0.0000000000
60334  19.469  -17.603  59.743 0.0000000000
120363  20.046  -16.463  59.849 0.0000000000
60290  7.125  -18.790  64.535 0.0000000000
60278  8.547  -17.926  64.821 0.0000000000
118431  8.791  -17.372  66.174 0.0000000000
61267  9.061  -17.356  65.336 0.0000000000
61266  9.865  -16.955  64.994 0.0000000000
62297  11.186  -15.718  65.311 0.0000000000
62289  11.936  -14.782  65.464 0.0000000000
64440  12.841  -13.059  65.457 0.0000000000
63344  11.997  -14.763  68.798 0.0000000000
63352  11.842  -14.532  68.340 0.0000000000
64426  12.171  -14.059  68.016 0.0000000000
66506  14.002  -11.506  68.154 0.0000000000
65455  12.932  -12.257  67.555 0.0000000000
64432  12.237  -13.858  67.440 0.0000000000
64431  12.555  -13.036  67.078 0.0000000000
65463  12.511  -12.023  66.627 0.0000000000
66519  11.962  -11.394  65.898 0.0000000000
67578  10.455  -10.318  66.121 0.0000000000
68609  9.481  -9.048  66.594 0.0000000000
121986  9.050  -7.707  65.546 0.0000000000
71720  11.307  -6.840  65.031 0.0000000000
71724  10.696  -6.656  64.560 0.0000000000
125901  9.582  -7.286  63.740 0.0000000000
51498  12.127  -24.302  65.737 0.0000000000
54591  11.161  -22.204  68.462 0.0000000000
59174  9.968  -19.452  62.395 0.0000000000
58113  8.860  -20.736  61.331 0.0000000000
55841  9.847  -21.748  56.728 0.0000000000
65492  11.693  -12.754  62.663 0.0000000000
135734  13.044  -14.467  61.604 0.0000000000
123522  13.090  -15.750  60.692 0.0000000000
63416  12.001  -14.449  59.390 0.0000000000
62337  13.065  -15.489  59.342 0.0000000000
60336  13.089  -17.363  59.421 0.0000000000
59202  12.368  -18.953  57.958 0.0000000000
58143  11.567  -19.958  57.095 0.0000000000
57022  10.591  -21.030  55.721 0.0000000000
57028  10.795  -21.011  54.842 0.0000000000
59240  13.377  -17.994  53.451 0.0000000000
121669  13.305  -19.422  52.708 0.0000000000
68672  6.761  -10.189  58.329 0.0000000000
68709  6.578  -9.974  56.574 0.0000000000
139297  4.956  -10.106  58.790 0.0000000000
66561  3.655  -10.788  58.631 0.0000000000
128235  3.499  -12.588  58.808 0.0000000000
63428  3.729  -15.159  58.752 0.0000000000
139255  3.542  -13.489  55.730 0.0000000000
63443  3.601  -14.625  56.762 0.0000000000
60367  4.391  -17.094  57.391 0.0000000000
59212  5.849  -17.467  55.891 0.0000000000
59233  7.421  -18.124  54.523 0.0000000000
59253  8.133  -18.917  53.048 0.0000000000
58186  6.838  -19.816  51.586 0.0000000000
63372  18.928  -15.552  62.172 0.0000000000
63376  19.253  -15.371  61.481 0.0000000000
120611  19.448  -16.235  61.580 0.0000000000
62306  19.379  -15.773  61.528 0.0000000000
139580  18.970  -15.886  62.113 0.0000000000
122731  8.305  -22.776  55.355 0.0000000000
54744  8.411  -22.712  54.585 0.0000000000
126831  9.601  -21.953  54.595 0.0000000000
61236  10.092  -16.748  70.086 0.0000000000
62265  10.479  -16.487  69.620 0.0000000000
61235  10.680  -16.587  70.010 0.0000000000
54647  19.927  -23.191  60.001 0.0000000000
53565  19.257  -23.215  59.279 0.0000000000
54648  19.295  -22.817  60.068 0.0000000000
120857  10.911  -18.156  70.169 0.0000000000
60247  10.516  -17.391  70.212 0.0000000000
60248  9.748  -17.675  70.008 0.0000000000
63371  12.911  -13.935  64.126 0.0000000000
65481  12.603  -12.772  64.189 0.0000000000
61311  5.840  -15.661  58.865 0.0000000000
61323  5.948  -16.140  58.255 0.0000000000
60364  7.178  -16.098  57.297 0.0000000000
121717  5.711  -16.611  57.806 0.0000000000
61249  15.401  -15.857  67.564 0.0000000000
138525  16.790  -15.566  66.798 0.0000000000
58098  18.824  -19.944  61.092 0.0000000000
56942  18.533  -20.544  61.163 0.0000000000
56914  17.186  -19.488  65.269 0.0000000000
56915  16.687  -20.059  64.965 0.0000000000
56911  16.650  -20.323  65.620 0.0000000000
55743  16.632  -20.720  66.068 0.0000000000
56910  17.084  -19.663  65.720 0.0000000000
61247  17.306  -16.663  66.545 0.0000000000
127898  16.480  -17.051  67.096 0.0000000000
60260  15.480  -16.736  67.636 0.0000000000
70771  8.309  -7.964  65.275 0.0000000000
68617  7.691  -9.586  65.179 0.0000000000
69752  7.695  -8.487  64.766 0.0000000000
68635  5.097  -10.141  61.154 0.0000000000
68646  5.027  -10.152  60.304 0.0000000000
68648  4.228  -10.335  60.713 0.0000000000
68659  4.442  -10.079  59.624 0.0000000000
60273  6.045  -18.792  65.759 0.0000000000
60267  6.798  -18.640  66.029 0.0000000000
63359  11.130  -15.135  67.056 0.0000000000
64437  11.408  -14.728  66.965 0.0000000000
64430  14.652  -12.832  67.674 0.0000000000
64423  14.004  -13.168  68.104 0.0000000000
68606  12.763  -8.694  67.378 0.0000000000
133719  12.898  -9.699  67.699 0.0000000000
68602  12.563  -9.199  67.589 0.0000000000
69732  12.170  -8.690  67.434 0.0000000000
69733  11.523  -8.719  67.425 0.0000000000
69736  11.706  -8.230  67.240 0.0000000000
54578  13.493  -22.127  68.155 0.0000000000
53508  13.007  -22.235  68.229 0.0000000000
53505  12.718  -21.720  68.822 0.0000000000
55733  8.510  -21.144  68.022 0.0000000000
54593  8.931  -21.636  68.045 0.0000000000
59127  6.109  -19.087  66.480 0.0000000000
59128  5.434  -19.423  66.452 0.0000000000
59130  5.566  -19.036  66.237 0.0000000000
60274  5.488  -18.983  65.931 0.0000000000
60288  8.874  -18.157  64.189 0.0000000000
60304  9.231  -18.507  63.612 0.0000000000
59172  11.388  -18.687  61.334 0.0000000000
60324  11.945  -18.191  60.715 0.0000000000
58118  11.395  -19.651  59.672 0.0000000000
59183  12.122  -18.481  59.997 0.0000000000
64476  10.505  -13.329  61.411 0.0000000000
64477  9.679  -13.548  61.474 0.0000000000
61348  12.994  -15.830  56.271 0.0000000000
61336  13.119  -15.867  57.125 0.0000000000
61335  13.386  -16.491  56.628 0.0000000000
121762  13.458  -17.360  56.173 0.0000000000
122872  13.215  -18.383  55.025 0.0000000000
60393  13.411  -17.054  55.208 0.0000000000
60426  10.227  -17.780  52.580 0.0000000000
59251  10.934  -17.540  52.060 0.0000000000
68726  3.828  -9.794  56.009 0.0000000000
67635  3.557  -10.080  56.315 0.0000000000
67655  3.696  -10.144  55.439 0.0000000000
62428  4.676  -15.958  53.682 0.0000000000
118369  4.449  -14.894  53.902 0.0000000000
62415  4.445  -15.992  54.215 0.0000000000
122339  4.024  -16.187  54.948 0.0000000000
61382  4.264  -16.820  54.304 0.0000000000
60412  4.273  -17.196  54.477 0.0000000000
60421  4.482  -17.077  53.774 0.0000000000
62288  18.671  -15.671  65.056 0.0000000000
63361  18.184  -15.138  65.615 0.0000000000
63370  18.673  -15.349  64.330 0.0000000000
64457  18.444  -14.403  62.882 0.0000000000
59170  18.960  -17.745  61.525 0.0000000000
60285  18.829  -16.867  63.458 0.0000000000
119968  18.645  -17.579  64.246 0.0000000000
139826  18.698  -17.681  64.932 0.0000000000
132320  18.647  -18.028  65.570 0.0000000000
62287  18.828  -16.310  64.795 0.0000000000
61252  18.910  -16.859  65.364 0.0000000000
61258  18.756  -16.329  65.486 0.0000000000
69794  8.844  -9.433  59.829 0.0000000000
69804  8.998  -9.599  59.051 0.0000000000
68655  8.128  -9.844  59.278 0.0000000000
60261  8.216  -17.945  67.342 0.0000000000
60255  9.204  -17.349  68.111 0.0000000000
62269  10.542  -16.306  68.535 0.0000000000
126313  10.249  -16.433  68.020 0.0000000000
63347  10.623  -15.947  67.879 0.0000000000
136210  11.041  -15.427  67.683 0.0000000000
66518  15.423  -10.894  65.649 0.0000000000
67570  14.989  -10.549  66.304 0.0000000000
67576  14.929  -10.196  65.674 0.0000000000
68616  14.431  -9.331  65.774 0.0000000000
69746  13.317  -8.118  65.696 0.0000000000
70766  12.758  -7.657  65.129 0.0000000000
121783  11.968  -20.615  70.178 0.0000000000
58040  9.771  -19.732  69.039 0.0000000000
139218  10.388  -20.179  69.205 0.0000000000
56887  9.552  -20.212  68.739 0.0000000000
56892  9.077  -20.433  68.478 0.0000000000
56893  8.429  -20.338  68.234 0.0000000000
59116  7.866  -19.060  68.022 0.0000000000
60252  8.185  -18.402  68.059 0.0000000000
59120  7.768  -18.523  67.544 0.0000000000
61265  11.547  -15.907  64.361 0.0000000000
61273  11.215  -16.701  63.807 0.0000000000
62308  12.704  -15.740  62.495 0.0000000000
141565  12.547  -16.313  61.838 0.0000000000
138774  13.140  -15.099  61.842 0.0000000000
62328  7.798  -14.578  60.150 0.0000000000
63419  8.763  -14.567  59.923 0.0000000000
62339  8.163  -14.900  59.302 0.0000000000
62364  8.723  -15.700  57.609 0.0000000000
124366  9.373  -15.386  57.973 0.0000000000
62363  9.729  -15.586  57.258 0.0000000000
62362  10.752  -15.236  57.256 0.0000000000
62378  10.466  -15.570  56.527 0.0000000000
62392  11.142  -15.657  55.728 0.0000000000
61349  10.105  -16.000  55.896 0.0000000000
60395  8.348  -16.739  55.691 0.0000000000
60394  9.136  -16.569  55.272 0.0000000000
118748  8.791  -17.073  54.779 0.0000000000
60410  8.314  -17.834  54.277 0.0000000000
63492  4.726  -14.490  53.445 0.0000000000
134062  5.260  -15.379  53.384 0.0000000000
61401  5.054  -16.387  53.010 0.0000000000
62438  5.840  -15.786  52.904 0.0000000000
61245  13.538  -16.552  68.635 0.0000000000
62279  15.237  -15.071  67.430 0.0000000000
63357  15.168  -14.280  67.362 0.0000000000
141072  15.568  -14.007  67.069 0.0000000000
63367  17.880  -14.522  65.489 0.0000000000
64439  16.786  -12.956  65.784 0.0000000000
65465  16.511  -12.273  65.521 0.0000000000
65461  16.252  -12.438  66.164 0.0000000000
66517  15.938  -11.533  65.598 0.0000000000
55772  18.019  -21.095  61.011 0.0000000000
56944  17.570  -20.370  61.272 0.0000000000
120615  16.687  -19.873  63.042 0.0000000000
55753  15.577  -21.547  64.823 0.0000000000
131750  16.446  -21.320  66.854 0.0000000000
54587  15.855  -21.763  67.079 0.0000000000
54582  14.641  -21.760  67.680 0.0000000000
128818  15.191  -20.913  67.737 0.0000000000
59123  18.876  -17.982  65.865 0.0000000000
58053  17.375  -19.195  66.231 0.0000000000
59124  17.885  -18.303  66.063 0.0000000000
59117  15.594  -18.107  67.599 0.0000000000
58055  16.254  -19.017  67.409 0.0000000000
120791  15.198  -18.731  67.716 0.0000000000
56897  14.486  -19.986  68.069 0.0000000000
58048  14.396  -19.069  68.143 0.0000000000
58049  13.567  -19.151  68.425 0.0000000000
59119  13.984  -18.420  68.401 0.0000000000
60254  13.968  -17.211  68.482 0.0000000000
59112  13.623  -17.961  68.499 0.0000000000
60249  13.226  -17.440  68.603 0.0000000000
60250  12.299  -17.752  68.636 0.0000000000
66521  10.110  -10.742  65.306 0.0000000000
66522  9.032  -10.969  65.229 0.0000000000
66534  7.955  -11.332  64.326 0.0000000000
138918  8.168  -11.583  64.309 0.0000000000
65486  8.062  -12.374  63.435 0.0000000000
65474  7.784  -11.848  63.717 0.0000000000
69757  6.605  -9.146  63.857 0.0000000000
69763  6.656  -9.320  63.055 0.0000000000
66542  4.920  -11.257  63.250 0.0000000000
130486  5.359  -10.960  63.483 0.0000000000
64447  6.197  -11.843  62.911 0.0000000000
64453  6.958  -12.531  62.520 0.0000000000
64454  6.408  -12.404  62.409 0.0000000000
63380  6.765  -13.606  61.342 0.0000000000
63375  6.045  -12.890  61.702 0.0000000000
65506  3.834  -12.821  61.001 0.0000000000
63383  4.673  -13.670  60.772 0.0000000000
121450  4.263  -14.024  60.442 0.0000000000
62331  4.968  -14.931  59.606 0.0000000000
64491  3.844  -14.253  59.978 0.0000000000
62336  20.056  -15.483  59.571 0.0000000000
62346  19.943  -15.591  58.508 0.0000000000
52520  20.611  -24.522  58.855 0.0000000000
120845  20.789  -24.293  59.577 0.0000000000
54646  23.698  -22.723  59.537 0.0000000000
124179  21.331  -21.997  60.292 0.0000000000
58130  19.591  -19.653  57.855 0.0000000000
59194  19.240  -19.073  58.575 0.0000000000
58117  19.402  -19.503  59.618 0.0000000000
125960  19.331  -18.051  58.819 0.0000000000
61319  20.096  -16.404  58.254 0.0000000000
60345  19.915  -16.933  58.968 0.0000000000
125835  20.314  -15.756  59.984 0.0000000000
58075  4.900  -19.897  63.918 0.0000000000
60280  6.909  -18.699  65.081 0.0000000000
60289  7.996  -18.471  64.390 0.0000000000
61256  8.401  -17.673  66.469 0.0000000000
61260  9.217  -17.083  65.926 0.0000000000
61259  9.644  -16.844  65.609 0.0000000000
62290  10.286  -16.362  65.505 0.0000000000
64441  12.430  -13.849  66.021 0.0000000000
62266  12.246  -15.317  68.994 0.0000000000
62274  12.382  -14.735  68.993 0.0000000000
64424  13.305  -13.457  68.214 0.0000000000
63351  12.271  -14.276  68.620 0.0000000000
67566  14.725  -10.659  67.045 0.0000000000
67562  14.131  -10.506  67.698 0.0000000000
66508  12.748  -11.105  67.911 0.0000000000
127953  13.278  -11.603  68.084 0.0000000000
65456  12.592  -13.358  67.527 0.0000000000
65460  12.700  -12.414  67.195 0.0000000000
66514  12.123  -11.167  66.940 0.0000000000
66520  11.099  -10.884  65.542 0.0000000000
67572  10.818  -10.038  66.849 0.0000000000
69738  10.137  -8.793  66.917 0.0000000000
68608  9.929  -9.240  66.749 0.0000000000
69743  9.802  -8.472  66.542 0.0000000000
69744  9.148  -8.695  66.354 0.0000000000
70770  9.790  -7.494  65.651 0.0000000000
70768  11.670  -7.182  65.557 0.0000000000
55801  18.248  -22.118  60.361 0.0000000000
55802  17.494  -21.606  59.940 0.0000000000
118196  12.175  -23.756  66.540 0.0000000000
55727  11.376  -21.543  69.692 0.0000000000
54585  11.849  -21.772  68.883 0.0000000000
54581  11.239  -21.574  68.878 0.0000000000
58067  4.757  -19.607  64.677 0.0000000000
58076  4.494  -20.124  64.207 0.0000000000
58103  7.518  -20.331  62.178 0.0000000000
56947  7.860  -20.775  61.443 0.0000000000
59157  10.452  -18.652  62.714 0.0000000000
58111  10.463  -20.142  60.852 0.0000000000
58100  10.278  -19.897  61.604 0.0000000000
58112  9.764  -20.481  61.067 0.0000000000
56964  9.238  -21.035  60.526 0.0000000000
56979  9.564  -21.273  59.741 0.0000000000
139084  11.055  -20.342  58.725 0.0000000000
57009  10.161  -21.531  58.121 0.0000000000
57008  10.643  -20.987  57.861 0.0000000000
57018  10.277  -21.339  57.301 0.0000000000
65483  11.209  -12.238  63.256 0.0000000000
64474  12.532  -13.859  61.300 0.0000000000
64487  12.969  -14.540  60.841 0.0000000000
62327  13.227  -15.029  61.119 0.0000000000
117541  13.097  -15.135  60.248 0.0000000000
63418  9.764  -14.449  59.686 0.0000000000
63417  10.874  -14.309  59.317 0.0000000000
61320  13.184  -15.999  58.015 0.0000000000
61308  13.238  -16.003  58.753 0.0000000000
60335  13.251  -16.387  59.397 0.0000000000
123403  13.130  -17.820  58.719 0.0000000000
59190  12.647  -18.327  59.283 0.0000000000
59195  12.803  -18.459  58.345 0.0000000000
58141  12.141  -19.480  56.587 0.0000000000
58131  12.255  -19.231  57.297 0.0000000000
57016  11.102  -20.582  56.368 0.0000000000
57021  11.272  -20.488  55.435 0.0000000000
58152  12.414  -19.781  54.212 0.0000000000
57035  12.739  -20.045  53.301 0.0000000000
61378  12.724  -16.592  54.081 0.0000000000
60417  13.107  -17.185  53.590 0.0000000000
59250  13.195  -18.024  52.122 0.0000000000
118575  13.357  -18.433  52.748 0.0000000000
58169  13.427  -18.743  52.053 0.0000000000
117260  13.467  -19.616  51.933 0.0000000000
117828  5.999  -9.926  56.079 0.0000000000
117830  5.863  -10.014  56.849 0.0000000000
117831  5.803  -10.113  57.728 0.0000000000
68673  4.852  -10.047  58.108 0.0000000000
68675  4.000  -10.053  58.791 0.0000000000
68693  3.866  -10.083  57.722 0.0000000000
65535  3.369  -11.867  57.350 0.0000000000
65528  3.468  -11.726  58.252 0.0000000000
128234  3.426  -12.675  57.944 0.0000000000
64504  3.467  -13.459  58.557 0.0000000000
64510  3.449  -13.519  57.634 0.0000000000
65572  3.632  -12.769  53.959 0.0000000000
129853  3.515  -11.718  54.394 0.0000000000
65560  3.538  -12.387  54.910 0.0000000000
65548  3.390  -11.966  55.783 0.0000000000
64521  3.528  -13.031  55.437 0.0000000000
128325  3.770  -16.053  55.636 0.0000000000
63455  3.585  -15.204  55.978 0.0000000000
62393  3.692  -16.155  56.274 0.0000000000
127608  3.840  -16.552  57.565 0.0000000000
60368  3.928  -17.083  57.081 0.0000000000
60380  5.485  -17.009  56.642 0.0000000000
59213  5.051  -17.306  56.008 0.0000000000
59243  5.986  -18.578  54.032 0.0000000000
132391  5.877  -18.268  54.848 0.0000000000
120927  6.810  -18.875  53.865 0.0000000000
59242  7.657  -18.679  53.828 0.0000000000
58159  7.164  -19.027  53.080 0.0000000000
59254  5.447  -17.732  52.746 0.0000000000
63369  18.844  -15.716  63.666 0.0000000000
130499  18.735  -15.153  63.664 0.0000000000
63377  18.821  -14.979  62.076 0.0000000000
64471  18.431  -14.362  61.935 0.0000000000
130564  19.833  -16.303  61.194 0.0000000000
60311  19.292  -16.787  61.835 0.0000000000
61271  18.854  -16.492  63.596 0.0000000000
62293  18.847  -16.208  63.947 0.0000000000
54770  8.618  -22.816  53.293 0.0000000000
55863  9.799  -22.015  53.782 0.0000000000
61242  9.390  -17.251  68.767 0.0000000000
61241  9.963  -16.657  69.462 0.0000000000
62268  11.104  -15.952  68.570 0.0000000000
59109  11.234  -18.934  70.099 0.0000000000
58038  11.245  -19.893  70.118 0.0000000000
118990  10.799  -18.974  70.174 0.0000000000
117561  9.966  -19.160  69.754 0.0000000000
135407  9.400  -19.348  69.029 0.0000000000
59115  8.874  -19.025  68.868 0.0000000000
59110  9.512  -18.681  69.462 0.0000000000
59111  9.189  -18.063  68.998 0.0000000000
135085  12.459  -14.658  64.536 0.0000000000
62296  12.276  -15.226  64.024 0.0000000000
62295  12.773  -14.547  63.798 0.0000000000
130784  13.030  -13.993  63.163 0.0000000000
62341  6.389  -15.043  59.313 0.0000000000
62340  7.211  -14.912  59.321 0.0000000000
61309  7.512  -15.298  58.602 0.0000000000
61321  7.809  -15.726  57.862 0.0000000000
61338  8.042  -16.097  57.134 0.0000000000
61337  8.940  -16.050  56.871 0.0000000000
60363  7.482  -16.545  56.656 0.0000000000
117078  7.455  -16.942  55.912 0.0000000000
61243  14.695  -16.305  67.982 0.0000000000
65479  16.733  -12.586  63.867 0.0000000000
66536  16.169  -11.793  64.401 0.0000000000
65480  16.115  -12.051  63.392 0.0000000000
58072  17.476  -19.037  63.908 0.0000000000
56921  16.678  -19.905  64.045 0.0000000000
55737  16.552  -21.269  66.440 0.0000000000
129890  16.672  -20.899  66.675 0.0000000000
139467  17.490  -18.137  66.483 0.0000000000
128639  15.059  -17.498  67.845 0.0000000000
67575  8.536  -9.855  66.184 0.0000000000
67580  8.576  -10.604  65.538 0.0000000000
66515  8.331  -10.357  65.659 0.0000000000
66516  7.821  -10.611  64.805 0.0000000000
128886  7.304  -10.255  64.614 0.0000000000
68633  7.098  -9.575  61.408 0.0000000000
69764  5.866  -9.765  62.575 0.0000000000
69774  5.701  -9.871  61.706 0.0000000000
68630  4.622  -10.433  62.205 0.0000000000
131945  4.221  -11.156  62.537 0.0000000000
65496  4.493  -12.200  62.387 0.0000000000
67597  4.084  -10.943  61.850 0.0000000000
66549  3.821  -11.417  61.248 0.0000000000
131287  3.787  -11.084  60.354 0.0000000000
53562  22.384  -24.029  59.947 0.0000000000
55799  22.989  -22.006  59.651 0.0000000000
55817  21.499  -21.101  59.612 0.0000000000
56993  20.923  -20.559  58.688 0.0000000000
59138  5.016  -19.203  65.026 0.0000000000
59137  5.623  -19.165  64.805 0.0000000000
60281  6.150  -18.881  65.229 0.0000000000
60272  6.740  -18.660  65.585 0.0000000000
60271  7.508  -18.312  65.509 0.0000000000
62280  10.411  -16.179  67.167 0.0000000000
62286  9.933  -16.679  66.716 0.0000000000
62285  10.584  -15.844  66.749 0.0000000000
63368  11.241  -15.194  66.018 0.0000000000
63349  13.666  -14.115  68.220 0.0000000000
63350  12.875  -14.516  68.784 0.0000000000
67567  14.036  -9.628  67.248 0.0000000000
67563  13.442  -10.010  67.695 0.0000000000
138101  12.798  -10.364  67.839 0.0000000000
66509  12.243  -10.486  67.625 0.0000000000
130891  11.690  -9.921  67.469 0.0000000000
67568  11.139  -9.876  67.187 0.0000000000
67569  10.447  -9.525  66.915 0.0000000000
67565  11.085  -9.456  67.304 0.0000000000
69737  10.923  -8.506  67.272 0.0000000000
70764  10.781  -7.522  66.476 0.0000000000
55787  17.127  -20.991  60.422 0.0000000000
119319  13.791  -22.602  67.302 0.0000000000
120002  13.240  -22.637  67.665 0.0000000000
53520  12.891  -22.946  67.519 0.0000000000
53521  12.155  -23.040  67.593 0.0000000000
54586  10.452  -21.865  68.451 0.0000000000
58051  6.441  -20.072  66.760 0.0000000000
58056  5.946  -19.765  66.706 0.0000000000
125337  4.582  -19.450  65.889 0.0000000000
58062  4.585  -19.484  65.411 0.0000000000
59160  7.735  -19.318  63.335 0.0000000000
58084  8.086  -19.773  62.755 0.0000000000
59175  9.060  -19.691  62.658 0.0000000000
60301  11.513  -17.453  62.275 0.0000000000
60314  11.204  -18.318  62.200 0.0000000000
59185  10.973  -19.547  61.108 0.0000000000
58110  10.983  -19.973  60.288 0.0000000000
56978  10.276  -20.972  59.395 0.0000000000
126508  11.512  -19.755  58.852 0.0000000000
65494  9.631  -12.756  62.821 0.0000000000
65499  11.080  -12.987  61.971 0.0000000000
64488  11.606  -13.739  60.653 0.0000000000
119155  11.113  -14.943  57.976 0.0000000000
62348  12.040  -15.025  58.156 0.0000000000
62360  12.579  -15.440  57.651 0.0000000000
121637  13.423  -16.700  57.538 0.0000000000
60347  13.249  -17.752  57.817 0.0000000000
59200  13.250  -18.063  56.901 0.0000000000
59210  12.733  -18.815  56.579 0.0000000000
126507  12.391  -19.356  55.817 0.0000000000
58149  11.982  -19.870  55.134 0.0000000000
139669  12.962  -19.166  54.258 0.0000000000
60419  11.436  -16.840  53.102 0.0000000000
60418  12.462  -16.871  53.196 0.0000000000
60425  11.864  -17.202  52.412 0.0000000000
60431  12.546  -17.659  51.899 0.0000000000
59260  13.026  -18.209  51.513 0.0000000000
68724  5.255  -9.861  55.501 0.0000000000
68711  4.181  -9.780  56.548 0.0000000000
68712  3.786  -9.931  56.819 0.0000000000
66573  3.386  -11.041  56.653 0.0000000000
139076  3.341  -12.150  56.558 0.0000000000
63477  3.975  -13.964  54.018 0.0000000000
63466  3.792  -14.355  54.861 0.0000000000
64534  3.658  -13.817  55.355 0.0000000000
61365  3.811  -16.684  55.447 0.0000000000
127700  3.931  -16.935  55.632 0.0000000000
59225  4.583  -17.488  55.346 0.0000000000
59237  4.416  -17.405  54.656 0.0000000000
119099  4.770  -17.721  54.140 0.0000000000
58161  5.785  -18.414  53.227 0.0000000000
62277  17.251  -15.999  66.581 0.0000000000
62283  17.572  -15.471  66.233 0.0000000000
64443  17.961  -13.905  64.375 0.0000000000
58109  18.619  -18.943  61.239 0.0000000000
59156  18.216  -18.347  63.057 0.0000000000
59142  18.197  -18.372  64.046 0.0000000000
58060  18.148  -18.453  65.432 0.0000000000
58057  18.426  -18.428  65.761 0.0000000000
134315  18.716  -18.269  65.814 0.0000000000
60264  19.003  -17.360  65.758 0.0000000000
60265  18.948  -17.579  65.905 0.0000000000
60266  18.276  -17.125  66.062 0.0000000000
61254  18.105  -16.335  65.987 0.0000000000
70778  8.792  -7.630  63.730 0.0000000000
70779  7.956  -8.108  63.786 0.0000000000
69762  8.525  -8.161  62.962 0.0000000000
134956  8.354  -8.623  62.250 0.0000000000
69772  7.805  -9.074  61.869 0.0000000000
117227  9.538  -9.026  60.227 0.0000000000
69782  8.767  -9.143  60.650 0.0000000000
69783  7.978  -9.345  61.044 0.0000000000
68644  7.425  -9.735  60.632 0.0000000000
68656  7.329  -10.032  59.887 0.0000000000
68657  6.360  -10.244  59.465 0.0000000000
60263  6.770  -18.762  66.298 0.0000000000
121671  7.391  -18.412  66.433 0.0000000000
61250  8.745  -17.565  67.026 0.0000000000
62281  9.706  -16.994  67.205 0.0000000000
62276  9.778  -16.934  67.807 0.0000000000
63354  10.782  -15.726  67.473 0.0000000000
63353  11.235  -15.140  67.482 0.0000000000
132041  15.180  -11.122  66.617 0.0000000000
66510  15.017  -11.471  67.110 0.0000000000
67571  14.538  -9.983  66.777 0.0000000000
68611  14.270  -9.319  66.547 0.0000000000
68612  13.678  -8.853  66.848 0.0000000000
69741  12.671  -7.924  66.587 0.0000000000
70761  12.814  -7.722  65.870 0.0000000000
56885  12.624  -20.886  69.436 0.0000000000
131962  12.596  -21.669  70.139 0.0000000000
124606  12.472  -21.172  70.197 0.0000000000
56886  11.463  -20.943  70.136 0.0000000000
129686  10.810  -20.822  69.186 0.0000000000
55731  8.947  -20.834  68.338 0.0000000000
55734  7.900  -20.946  67.662 0.0000000000
56894  7.786  -20.244  67.761 0.0000000000
58045  7.542  -19.745  67.563 0.0000000000
138582  8.348  -19.276  68.456 0.0000000000
59126  7.106  -18.963  66.766 0.0000000000
61274  10.234  -17.182  64.254 0.0000000000
60286  10.577  -17.487  63.554 0.0000000000
61286  11.337  -17.141  63.003 0.0000000000
61272  12.084  -15.855  63.504 0.0000000000
61295  12.087  -16.998  61.652 0.0000000000
133606  12.722  -16.454  61.141 0.0000000000
63393  8.303  -13.851  61.252 0.0000000000
63392  9.136  -13.853  61.084 0.0000000000
63407  8.497  -14.201  60.597 0.0000000000
62338  10.002  -14.735  59.082 0.0000000000
62350  9.644  -15.071  58.550 0.0000000000
62391  12.158  -15.572  56.005 0.0000000000
61361  13.085  -16.457  54.926 0.0000000000
130042  12.014  -15.733  55.343 0.0000000000
61363  11.433  -15.940  54.900 0.0000000000
61379  11.737  -16.278  54.218 0.0000000000
136944  9.706  -16.313  55.383 0.0000000000
61380  10.759  -16.364  54.406 0.0000000000
61392  11.061  -16.607  53.739 0.0000000000
139153  10.271  -16.909  54.036 0.0000000000
60408  10.370  -17.253  53.320 0.0000000000
59241  9.533  -18.069  53.150 0.0000000000
126023  4.654  -14.691  53.619 0.0000000000
61402  4.629  -16.746  53.227 0.0000000000
60428  4.536  -16.994  53.300 0.0000000000
137189  5.008  -16.983  52.833 0.0000000000
61408  6.327  -16.220  52.060 0.0000000000
54719  8.911  -22.396  55.845 0.0000000000
60245  11.644  -17.107  68.782 0.0000000000
61234  11.216  -16.552  68.880 0.0000000000
61238  12.856  -15.934  68.896 0.0000000000
62272  13.707  -15.135  68.450 0.0000000000
61244  14.055  -16.002  68.391 0.0000000000
63355  16.730  -14.947  66.676 0.0000000000
63363  16.659  -14.134  66.488 0.0000000000
64428  15.919  -13.715  66.755 0.0000000000
65457  15.783  -12.836  66.673 0.0000000000
65462  15.615  -11.841  66.565 0.0000000000
67583  15.318  -10.675  65.066 0.0000000000
137961  15.621  -11.174  64.582 0.0000000000
56961  17.501  -20.762  60.914 0.0000000000
56945  16.387  -20.374  61.824 0.0000000000
56932  17.480  -19.814  61.925 0.0000000000
58083  17.286  -19.295  62.926 0.0000000000
126931  16.915  -20.045  62.035 0.0000000000
55752  15.817  -20.918  64.170 0.0000000000
54596  15.344  -22.580  66.647 0.0000000000
54589  14.053  -22.363  67.564 0.0000000000
54577  13.899  -21.957  68.046 0.0000000000
56884  13.885  -21.058  68.326 0.0000000000
58058  17.625  -18.980  65.769 0.0000000000
56903  16.905  -20.241  66.621 0.0000000000
59125  17.222  -18.861  66.784 0.0000000000
58046  16.172  -20.002  67.473 0.0000000000
118121  15.221  -20.276  67.718 0.0000000000
56889  13.881  -20.548  68.350 0.0000000000
136252  13.005  -20.932  68.717 0.0000000000
56890  12.767  -19.894  68.667 0.0000000000
58042  12.289  -19.345  68.731 0.0000000000
59114  11.720  -18.739  68.792 0.0000000000
66531  11.561  -11.745  64.413 0.0000000000
66540  10.949  -11.756  63.854 0.0000000000
65484  10.103  -12.215  63.421 0.0000000000
130678  8.706  -11.508  64.528 0.0000000000
65472  9.290  -11.958  64.039 0.0000000000
65485  8.819  -12.502  63.324 0.0000000000
65495  8.866  -13.100  62.518 0.0000000000
63378  8.053  -13.424  61.986 0.0000000000
69756  7.418  -8.568  64.155 0.0000000000
68622  6.372  -9.508  64.064 0.0000000000
139234  6.747  -10.585  64.224 0.0000000000
122682  5.862  -9.833  63.421 0.0000000000
66527  5.921  -10.938  63.751 0.0000000000
65475  7.150  -11.597  63.525 0.0000000000
64445  7.317  -12.102  63.055 0.0000000000
64463  7.608  -13.002  62.341 0.0000000000
63394  7.579  -13.865  61.252 0.0000000000
140285  7.090  -13.911  61.127 0.0000000000
62318  6.647  -14.104  60.660 0.0000000000
63382  5.636  -13.449  61.098 0.0000000000
62310  5.806  -13.929  60.577 0.0000000000
62329  6.349  -14.577  59.885 0.0000000000
62330  5.557  -14.793  59.640 0.0000000000
61303  5.067  -15.400  59.349 0.0000000000
131364  4.665  -15.888  58.984 0.0000000000
63400  19.706  -14.941  59.861 0.0000000000
54632  24.285  -23.155  59.486 0.0000000000
53554  22.985  -23.448  59.880 0.0000000000
53555  21.857  -23.335  59.994 0.0000000000
55800  20.798  -21.391  60.303 0.0000000000
56958  20.070  -21.162  60.662 0.0000000000
57006  20.678  -20.398  57.734 0.0000000000
57007  20.122  -20.193  58.196 0.0000000000
60322  19.641  -17.025  60.712 0.0000000000
61300  20.210  -15.945  60.512 0.0000000000
59146  5.823  -19.354  64.190 0.0000000000
59145  6.563  -19.181  64.037 0.0000000000
59144  7.411  -18.990  63.927 0.0000000000
61257  7.682  -18.075  66.229 0.0000000000
61261  8.101  -17.850  65.938 0.0000000000
140639  8.664  -17.456  65.791 0.0000000000
121077  9.406  -16.996  66.303 0.0000000000
60270  8.270  -17.841  65.436 0.0000000000
60277  9.381  -17.550  64.572 0.0000000000
133624  12.745  -13.944  65.058 0.0000000000
65471  12.613  -12.567  64.876 0.0000000000
61240  11.723  -15.830  68.831 0.0000000000
62267  11.705  -15.473  68.737 0.0000000000
63345  11.537  -15.131  68.372 0.0000000000
64427  11.698  -14.523  67.809 0.0000000000
65459  14.640  -11.922  67.696 0.0000000000
65454  13.492  -12.538  68.093 0.0000000000
65466  12.536  -12.260  65.717 0.0000000000
66530  12.152  -11.918  65.038 0.0000000000
139776  9.839  -9.458  66.594 0.0000000000
68613  9.266  -9.542  66.459 0.0000000000
68614  8.862  -9.293  66.381 0.0000000000
69747  8.769  -8.320  65.903 0.0000000000
122625  8.683  -7.533  64.969 0.0000000000
70762  12.190  -7.502  66.112 0.0000000000
70763  11.488  -7.412  66.361 0.0000000000
70769  11.025  -7.064  65.880 0.0000000000
138005  11.082  -6.571  64.607 0.0000000000
71721  10.526  -7.024  65.232 0.0000000000
71725  10.110  -7.050  64.699 0.0000000000
71726  9.303  -7.288  64.423 0.0000000000
70786  9.367  -7.684  63.038 0.0000000000
63389  19.590  -14.906  60.621 0.0000000000
54658  17.990  -22.299  58.769 0.0000000000
126664  12.369  -22.173  69.956 0.0000000000
54590  11.806  -22.299  68.418 0.0000000000
53515  11.571  -22.698  68.064 0.0000000000
52467  11.226  -23.431  67.197 0.0000000000
58104  6.613  -20.338  62.231 0.0000000000
59158  9.598  -18.952  63.053 0.0000000000
58101  9.439  -20.188  61.929 0.0000000000
56965  8.232  -21.152  60.719 0.0000000000
56981  7.602  -21.460  60.160 0.0000000000
56996  9.916  -21.510  58.970 0.0000000000
141754  9.475  -22.024  56.159 0.0000000000
65491  12.181  -12.616  63.508 0.0000000000
64460  12.596  -13.320  62.893 0.0000000000
131131  12.896  -13.885  62.223 0.0000000000
64461  12.152  -13.283  62.029 0.0000000000
61301  12.982  -16.713  60.244 0.0000000000
63405  10.583  -13.979  60.227 0.0000000000
63404  11.689  -14.119  60.006 0.0000000000
63415  12.445  -14.893  58.907 0.0000000000
139877  12.756  -14.855  59.589 0.0000000000
63403  12.586  -14.511  60.094 0.0000000000
125128  13.178  -15.877  59.978 0.0000000000
60323  12.544  -17.745  60.111 0.0000000000
59196  12.188  -19.017  58.654 0.0000000000
58132  11.833  -19.524  57.988 0.0000000000
57017  10.887  -20.764  57.225 0.0000000000
57023  10.428  -21.155  56.570 0.0000000000
55853  10.002  -21.581  55.959 0.0000000000
137092  9.511  -21.977  55.440 0.0000000000
55862  10.306  -21.520  54.310 0.0000000000
55880  10.574  -21.644  53.526 0.0000000000
60407  13.259  -17.014  54.381 0.0000000000
59239  13.345  -17.599  54.037 0.0000000000
57047  13.053  -20.295  52.473 0.0000000000
140082  8.134  -10.092  58.049 0.0000000000
68671  7.751  -10.104  58.461 0.0000000000
119617  6.689  -10.059  57.298 0.0000000000
118494  5.644  -10.199  58.654 0.0000000000
68658  5.145  -10.162  59.436 0.0000000000
119715  4.510  -10.076  58.842 0.0000000000
67608  3.868  -10.169  59.172 0.0000000000
65522  3.669  -11.734  59.062 0.0000000000
67612  3.755  -10.229  58.174 0.0000000000
64497  3.539  -13.376  59.564 0.0000000000
125004  3.581  -14.278  59.154 0.0000000000
137286  3.949  -15.607  59.254 0.0000000000
61325  4.405  -16.352  58.391 0.0000000000
133298  3.362  -13.043  56.156 0.0000000000
126963  3.545  -14.056  55.996 0.0000000000
124901  3.447  -13.706  56.785 0.0000000000
63435  3.685  -14.944  57.682 0.0000000000
61326  4.071  -16.527  58.257 0.0000000000
60350  4.641  -16.840  58.042 0.0000000000
60365  5.937  -16.708  57.187 0.0000000000
123685  6.254  -16.919  56.464 0.0000000000
59211  6.709  -17.272  55.818 0.0000000000
141033  5.821  -18.070  55.395 0.0000000000
59223  6.350  -18.003  55.358 0.0000000000
59222  7.027  -17.823  55.184 0.0000000000
141673  8.697  -18.345  53.554 0.0000000000
140970  8.925  -18.672  52.931 0.0000000000
60420  4.763  -17.241  53.400 0.0000000000
58174  5.830  -18.368  52.527 0.0000000000
58172  6.535  -19.381  52.338 0.0000000000
58171  7.550  -19.394  52.379 0.0000000000
53504  12.914  -21.935  68.602 0.0000000000
53506  13.721  -22.270  67.874 0.0000000000
53511  13.851  -22.478  67.524 0.0000000000
53512  13.628  -22.481  67.610 0.0000000000
53513  12.837  -22.706  67.790 0.0000000000
53514  12.268  -22.664  67.965 0.0000000000
53516  10.914  -22.538  68.197 0.0000000000
53522  11.605  -23.091  67.604 0.0000000000
53526  15.006  -22.793  66.506 0.0000000000
54575  14.406  -21.624  67.854 0.0000000000
54576  14.219  -21.893  67.856 0.0000000000
54579  12.712  -22.037  69.850 0.0000000000
54580  11.798  -21.963  69.862 0.0000000000
54583  14.161  -22.107  67.769 0.0000000000
54584  11.993  -22.184  68.569 0.0000000000
54588  14.948  -22.057  67.368 0.0000000000
55722  14.647  -21.221  67.875 0.0000000000
55723  14.114  -21.695  68.031 0.0000000000
55724  13.178  -21.824  68.475 0.0000000000
55728  14.980  -21.410  67.670 0.0000000000
55732  15.838  -21.201  67.398 0.0000000000
55736  16.690  -20.686  66.336 0.0000000000
55852  10.105  -21.472  55.115 0.0000000000
56888  14.496  -20.780  68.053 0.0000000000
56895  7.317  -20.178  67.206 0.0000000000
56896  15.842  -20.609  67.518 0.0000000000
56995  10.615  -20.877  58.640 0.0000000000
59129  18.794  -17.861  65.849 0.0000000000
59133  4.955  -19.193  65.643 0.0000000000
59203  4.749  -17.109  56.776 0.0000000000
59209  13.241  -18.212  56.186 0.0000000000
59214  4.472  -17.115  56.112 0.0000000000
59220  13.374  -17.891  55.501 0.0000000000
59224  5.250  -18.047  55.304 0.0000000000
59226  4.221  -17.153  55.470 0.0000000000
59232  13.280  -18.470  54.284 0.0000000000
59234  6.636  -18.378  54.553 0.0000000000
59235  5.392  -18.187  54.521 0.0000000000
59244  5.228  -18.132  53.981 0.0000000000
59245  4.613  -17.368  54.004 0.0000000000
60251  8.779  -17.905  68.320 0.0000000000
60348  6.348  -16.292  57.569 0.0000000000
60349  5.277  -16.582  58.146 0.0000000000
60351  4.130  -16.944  57.821 0.0000000000
60366  5.147  -16.949  57.528 0.0000000000
60379  6.909  -16.803  56.364 0.0000000000
60381  4.285  -17.134  56.778 0.0000000000
60396  4.057  -17.174  54.968 0.0000000000
61302  5.677  -15.212  59.318 0.0000000000
61304  4.552  -15.445  59.348 0.0000000000
61312  5.207  -15.787  58.955 0.0000000000
61313  4.891  -16.297  58.512 0.0000000000
61314  4.242  -15.934  59.036 0.0000000000
61339  3.719  -16.806  56.865 0.0000000000
61350  9.151  -16.272  56.016 0.0000000000
61352  3.747  -16.714  56.059 0.0000000000
61362  12.778  -15.924  55.478 0.0000000000
62300  18.969  -15.954  62.931 0.0000000000
62317  7.156  -14.260  60.582 0.0000000000
62319  6.023  -14.277  60.208 0.0000000000
62321  4.927  -14.484  59.879 0.0000000000
62332  4.569  -14.880  59.645 0.0000000000
62352  3.937  -15.944  58.835 0.0000000000
62365  3.925  -15.817  58.034 0.0000000000
62376  12.375  -15.465  56.818 0.0000000000
62380  3.745  -15.731  56.996 0.0000000000
62404  3.739  -15.234  55.222 0.0000000000
63374  6.615  -13.013  61.853 0.0000000000
63379  7.357  -13.502  61.672 0.0000000000
63381  6.218  -13.498  61.202 0.0000000000
63395  5.166  -13.955  60.458 0.0000000000
63396  4.628  -14.269  60.111 0.0000000000
63409  4.291  -14.655  59.833 0.0000000000
63420  3.898  -14.976  59.526 0.0000000000
63427  11.498  -14.636  58.680 0.0000000000
64442  18.412  -14.649  64.363 0.0000000000
64446  6.786  -11.921  63.002 0.0000000000
64451  8.121  -12.835  62.804 0.0000000000
64455  5.817  -12.330  62.312 0.0000000000
64456  5.185  -12.305  62.302 0.0000000000
64465  5.451  -12.854  61.641 0.0000000000
64466  4.756  -12.901  61.563 0.0000000000
64479  4.200  -13.384  61.113 0.0000000000
64490  10.014  -13.783  60.927 0.0000000000
65468  7.008  -11.207  63.846 0.0000000000
65477  5.948  -11.479  63.310 0.0000000000
65487  5.369  -11.507  63.226 0.0000000000
66524  7.627  -11.067  64.285 0.0000000000
66525  7.201  -10.832  64.241 0.0000000000
66526  6.294  -11.197  63.657 0.0000000000
66535  5.621  -11.212  63.486 0.0000000000
66541  10.201  -11.695  64.094 0.0000000000
66543  4.415  -11.520  62.802 0.0000000000
66546  4.009  -11.795  62.147 0.0000000000
66552  3.789  -10.923  59.500 0.0000000000
66568  3.460  -10.825  57.702 0.0000000000
67573  9.813  -9.822  66.423 0.0000000000
67574  8.827  -10.110  66.162 0.0000000000
67581  8.007  -10.109  65.580 0.0000000000
67582  6.570  -10.936  63.961 0.0000000000
67585  6.178  -10.513  63.993 0.0000000000
67586  5.617  -10.551  63.542 0.0000000000
67589  4.977  -10.762  63.176 0.0000000000
67590  4.443  -10.948  62.906 0.0000000000
67593  4.710  -10.578  62.754 0.0000000000
67594  4.376  -10.687  62.384 0.0000000000
67600  3.980  -10.568  60.971 0.0000000000
68604  11.119  -8.990  67.438 0.0000000000
68619  6.503  -10.047  64.269 0.0000000000
68626  5.533  -9.968  62.888 0.0000000000
68627  5.364  -10.281  63.148 0.0000000000
68629  5.142  -10.082  62.106 0.0000000000
68634  6.243  -9.787  61.365 0.0000000000
68637  4.329  -10.484  61.612 0.0000000000
68647  4.543  -10.223  60.487 0.0000000000
68660  4.033  -10.124  59.812 0.0000000000
68670  8.486  -9.936  58.463 0.0000000000
68674  4.202  -10.034  58.171 0.0000000000
68692  4.196  -9.931  57.405 0.0000000000
69734  13.080  -8.437  67.008 0.0000000000
69742  10.462  -8.143  66.815 0.0000000000
69745  8.598  -8.925  66.180 0.0000000000
69748  8.012  -8.775  65.553 0.0000000000
69749  7.467  -9.093  64.818 0.0000000000
69753  6.892  -9.094  64.174 0.0000000000
69754  6.243  -9.467  63.792 0.0000000000
69758  6.074  -9.623  63.405 0.0000000000
69773  6.402  -9.558  62.067 0.0000000000
69784  5.675  -10.074  60.918 0.0000000000
70759  11.968  -7.781  66.791 0.0000000000
70765  9.545  -7.978  66.127 0.0000000000
70774  9.536  -7.319  65.131 0.0000000000
70775  8.043  -7.917  64.585 0.0000000000
118402  7.246  -8.772  63.616 0.0000000000
121022  3.838  -13.516  60.482 0.0000000000
124902  3.544  -14.249  58.208 0.0000000000
124938  3.896  -16.964  57.550 0.0000000000
125253  12.573  -21.825  70.191 0.0000000000
126969  12.895  -21.989  69.011 0.0000000000
127819  3.687  -12.006  60.644 0.0000000000
129011  3.658  -11.800  59.815 0.0000000000
130401  11.554  -11.426  65.089 0.0000000000
130728  5.582  -11.846  62.863 0.0000000000
131483  15.277  -21.667  67.458 0.0000000000
132841  8.392  -11.120  64.802 0.0000000000
133313  3.532  -14.194  57.396 0.0000000000
136137  3.834  -12.196  61.421 0.0000000000
136582  12.140  -21.289  70.240 0.0000000000
137135  6.188  -20.534  66.581 0.0000000000
137718  10.163  -7.895  66.431 0.0000000000
137974  3.549  -12.453  59.461 0.0000000000
138905  7.908  -16.717  56.259 0.0000000000
139420  7.244  -17.288  55.510 0.0000000000
139705  9.475  -9.275  59.533 0.0000000000
139810  3.845  -16.938  56.426 0.0000000000
139897  7.363  -12.620  62.578 0.0000000000
141220  7.117  -18.638  54.161 0.0000000000
141770  5.134  -13.407  61.121 0.0000000000
