#!ascii label  , from subject sub-v1s21x0050412_ses-1 vox2ras=TkReg
743
133040  22.004  -64.873  -8.774 0.6000000238
116144  23.559  -66.985  -2.081 0.6999999881
13374  23.391  -67.488  -2.787 0.6999999881
121079  22.199  -67.832  -5.351 0.8999999762
116937  21.853  -66.701  -6.535 0.8000000119
116155  21.795  -66.177  -7.242 0.8000000119
16352  22.729  -64.646  -9.105 0.6000000238
16359  22.852  -64.353  -10.379 0.6999999881
16360  21.883  -63.616  -11.484 0.6999999881
116913  24.052  -66.489  -1.612 0.6999999881
116136  24.549  -67.415  -0.676 0.6999999881
117146  23.405  -66.727  -2.804 0.6999999881
116147  23.884  -65.906  -4.279 0.6000000238
116145  23.137  -66.839  -3.669 0.6999999881
141330  22.938  -67.085  -4.273 0.6999999881
116148  22.863  -67.001  -5.175 0.8000000119
116932  23.140  -65.307  -7.179 0.8000000119
116152  22.622  -66.103  -6.668 0.8000000119
116875  22.127  -65.425  -7.640 0.8000000119
117590  22.238  -64.697  -8.485 0.6000000238
17098  23.364  -64.296  -10.118 0.6000000238
17862  21.721  -62.922  -11.760 0.6999999881
137441  21.969  -63.619  -12.254 0.6999999881
116138  24.475  -66.629  -0.650 0.5000000000
15556  24.133  -65.487  -2.747 0.4000000060
127509  23.648  -66.073  -2.889 0.6000000238
15570  24.409  -65.393  -4.142 0.5000000000
136776  23.878  -66.088  -5.019 0.6000000238
116150  23.975  -65.707  -5.671 0.8000000119
15584  23.964  -65.296  -6.449 0.6999999881
16329  23.899  -64.944  -7.127 0.6999999881
16343  24.053  -64.517  -8.298 0.6999999881
17115  23.511  -63.369  -10.648 0.5000000000
17861  22.439  -62.691  -11.445 0.6000000238
17873  21.982  -62.495  -12.073 0.6000000238
17884  21.768  -62.716  -12.065 0.6000000238
17130  22.877  -63.629  -12.580 0.5000000000
16268  24.517  -64.770  -1.129 0.5000000000
116137  24.446  -65.863  -0.103 0.6000000238
133012  24.195  -66.032  0.714 0.6000000238
116139  24.374  -65.702  -1.150 0.5000000000
121020  24.478  -65.487  -4.962 0.5000000000
15579  24.614  -65.162  -5.817 0.6000000238
16327  25.400  -64.297  -6.912 0.6000000238
17086  24.750  -64.078  -8.847 0.6000000238
17114  24.974  -63.109  -10.332 0.5000000000
123079  24.066  -62.587  -11.264 0.6000000238
17872  23.102  -61.902  -11.921 0.6000000238
18666  22.989  -62.039  -12.805 0.5000000000
18689  23.734  -61.493  -13.864 0.5000000000
17898  24.615  -62.141  -13.624 0.5000000000
17899  23.715  -62.284  -13.419 0.5000000000
116140  24.472  -65.095  -0.297 0.5000000000
116719  23.878  -65.137  1.120 0.5000000000
130781  24.529  -64.823  -2.606 0.5000000000
16292  24.630  -64.947  -3.473 0.4000000060
17041  25.728  -63.574  -4.530 0.3000000119
16306  25.458  -64.259  -4.812 0.4000000060
130103  25.842  -63.961  -6.042 0.3000000119
17055  26.532  -63.220  -5.900 0.3000000119
17078  26.006  -63.765  -7.560 0.5000000000
17095  26.374  -63.029  -8.956 0.5000000000
17096  25.461  -63.485  -9.411 0.5000000000
17860  25.445  -62.213  -10.844 0.6000000238
17871  24.446  -61.718  -12.051 0.6000000238
18665  23.547  -61.489  -13.300 0.5000000000
18676  23.891  -61.015  -14.075 0.5000000000
18688  24.410  -61.168  -14.135 0.5000000000
133093  24.323  -64.668  0.499 0.5000000000
135376  24.662  -64.087  -1.158 0.5000000000
17027  24.907  -63.642  -2.297 0.5000000000
17026  25.246  -63.285  -2.946 0.4000000060
139005  25.290  -63.760  -3.387 0.5000000000
17799  25.839  -62.860  -4.306 0.4000000060
17810  26.610  -62.483  -5.643 0.3000000119
17829  27.154  -62.598  -6.994 0.3000000119
17837  27.076  -62.485  -8.358 0.4000000060
17846  26.111  -62.710  -9.947 0.4000000060
18664  24.063  -60.760  -13.306 0.5000000000
19491  24.409  -60.264  -14.060 0.5000000000
18687  25.645  -61.117  -14.026 0.5000000000
117265  26.244  -59.905  -13.884 0.4000000060
19499  24.601  -60.314  -14.204 0.5000000000
128882  24.526  -63.450  0.079 0.5000000000
136717  24.751  -63.061  -1.224 0.5000000000
17019  24.913  -62.899  -2.014 0.5000000000
17789  25.459  -62.637  -3.544 0.4000000060
18589  25.615  -62.058  -4.110 0.4000000060
18600  26.473  -61.916  -5.533 0.3000000119
123427  27.093  -61.524  -6.938 0.3000000119
137591  27.358  -62.037  -7.530 0.4000000060
18632  27.218  -61.574  -8.570 0.4000000060
18642  27.029  -61.500  -9.568 0.4000000060
17845  26.845  -62.222  -9.348 0.4000000060
17859  26.468  -61.718  -10.331 0.4000000060
18663  25.433  -60.647  -11.835 0.5000000000
18654  25.515  -61.306  -11.429 0.6000000238
20314  24.531  -59.774  -14.063 0.4000000060
17774  24.756  -62.406  -1.205 0.4000000060
18579  25.292  -61.807  -3.423 0.4000000060
17773  24.887  -61.964  -1.987 0.4000000060
125403  25.408  -61.373  -3.942 0.4000000060
18601  25.954  -61.413  -5.218 0.4000000060
19419  26.401  -61.107  -6.402 0.4000000060
19431  26.529  -60.693  -7.243 0.4000000060
119499  27.109  -61.278  -7.685 0.4000000060
19445  26.802  -60.697  -8.248 0.4000000060
19456  26.962  -60.849  -9.252 0.4000000060
19468  26.518  -60.352  -10.585 0.5000000000
18653  26.328  -60.938  -10.943 0.5000000000
20294  25.211  -59.676  -12.098 0.6000000238
20307  24.296  -59.451  -13.840 0.5000000000
133832  24.417  -58.648  -13.140 0.4000000060
21104  24.684  -59.305  -13.715 0.4000000060
18551  24.745  -61.556  -1.161 0.4000000060
18565  25.024  -61.466  -2.733 0.4000000060
18550  24.868  -61.091  -1.976 0.4000000060
19400  25.398  -60.637  -4.197 0.4000000060
19420  25.777  -60.322  -6.513 0.4000000060
20257  26.354  -60.011  -8.978 0.4000000060
20270  26.361  -59.687  -10.083 0.4000000060
20282  26.011  -59.666  -10.964 0.5000000000
125417  25.336  -59.247  -11.356 0.4000000060
20308  24.249  -58.638  -12.974 0.6000000238
19362  24.851  -60.274  -2.007 0.4000000060
19379  24.962  -60.609  -2.737 0.4000000060
118208  25.435  -59.674  -4.134 0.4000000060
20212  25.480  -60.033  -4.927 0.4000000060
20224  25.501  -59.756  -5.806 0.4000000060
20233  25.561  -59.478  -6.600 0.4000000060
20246  25.582  -59.332  -7.396 0.5000000000
20245  26.043  -60.025  -7.874 0.4000000060
20258  25.656  -59.309  -8.283 0.3000000119
21053  25.304  -58.434  -9.413 0.3000000119
20284  24.687  -58.739  -11.276 0.4000000060
127189  23.515  -58.739  -12.266 0.4000000060
20295  24.369  -58.997  -12.362 0.5000000000
19363  24.723  -60.679  -1.210 0.4000000060
138633  25.517  -59.380  -4.592 0.4000000060
131800  25.664  -58.778  -5.889 0.4000000060
21016  25.624  -58.635  -6.790 0.3000000119
21893  25.586  -57.447  -7.723 0.3000000119
21040  25.387  -58.669  -8.604 0.3000000119
21922  24.911  -57.718  -9.520 0.3000000119
21066  24.943  -58.261  -10.324 0.3000000119
21068  23.565  -58.131  -11.465 0.4000000060
21945  22.650  -58.056  -12.502 0.4000000060
20195  25.002  -59.754  -2.697 0.3000000119
20982  25.338  -59.230  -3.389 0.3000000119
20991  25.617  -58.716  -4.273 0.3000000119
21865  25.928  -57.966  -5.568 0.3000000119
119614  25.835  -58.082  -6.267 0.3000000119
21881  25.772  -57.803  -6.937 0.3000000119
21026  25.453  -58.439  -7.719 0.4000000060
22757  24.924  -56.312  -9.245 0.4000000060
22769  25.003  -57.009  -9.044 0.3000000119
124419  24.608  -57.148  -9.779 0.3000000119
21054  24.301  -57.694  -10.435 0.3000000119
21931  22.509  -56.745  -10.936 0.4000000060
21946  22.720  -56.813  -11.354 0.4000000060
23691  22.544  -55.820  -11.808 0.4000000060
120675  25.422  -57.045  -8.342 0.4000000060
23635  24.028  -55.105  -9.524 0.4000000060
23647  24.211  -55.942  -9.588 0.4000000060
23648  23.191  -55.656  -9.871 0.3000000119
21924  23.109  -56.890  -10.651 0.4000000060
22785  21.661  -55.966  -10.731 0.4000000060
23681  21.517  -55.519  -11.124 0.4000000060
22784  21.845  -56.318  -10.942 0.4000000060
22818  21.812  -55.896  -11.371 0.4000000060
23636  22.812  -54.810  -9.652 0.4000000060
23637  22.024  -54.560  -9.721 0.5000000000
24527  21.667  -54.527  -9.986 0.4000000060
24539  21.525  -54.161  -9.921 0.4000000060
23680  21.941  -55.298  -11.620 0.3000000119
137708  21.548  -54.160  -10.542 0.3000000119
116746  21.852  -64.953  -8.307 0.6999999881
117105  22.584  -66.731  -5.960 0.8000000119
16344  22.894  -64.555  -8.446 0.6999999881
17143  23.059  -62.925  -13.184 0.6000000238
16307  24.928  -64.866  -4.436 0.4000000060
16321  25.099  -64.817  -5.247 0.4000000060
16328  24.612  -64.829  -6.619 0.6999999881
16337  24.403  -64.642  -7.461 0.6999999881
17087  23.629  -64.371  -9.088 0.6999999881
16280  24.627  -64.301  -1.954 0.5000000000
17085  25.753  -63.713  -8.471 0.5000000000
17077  26.742  -63.204  -7.242 0.4000000060
19432  25.769  -60.009  -7.144 0.3000000119
20283  25.680  -58.967  -10.409 0.4000000060
20183  24.905  -59.526  -1.939 0.4000000060
124269  23.979  -56.996  -10.206 0.3000000119
141435  21.958  -55.776  -10.418 0.3000000119
24555  21.580  -54.807  -11.211 0.3000000119
127816  21.910  -73.188  -6.046 0.6000000238
10045  21.184  -73.505  -6.393 0.6000000238
9419  18.884  -74.326  -8.188 0.6000000238
10799  17.792  -72.712  -9.051 0.6000000238
10018  20.883  -73.977  -4.698 0.5000000000
10016  22.193  -73.095  -5.478 0.6000000238
11465  22.483  -71.841  -5.575 0.6999999881
10749  22.235  -72.554  -5.852 0.6999999881
10029  21.501  -73.698  -5.705 0.6000000238
131823  20.516  -72.049  -6.700 0.6000000238
10768  20.579  -72.790  -6.805 0.6000000238
11475  19.077  -71.255  -7.630 0.6000000238
10786  18.902  -72.207  -8.063 0.6000000238
10787  18.152  -72.043  -8.796 0.6000000238
11500  18.160  -71.701  -8.976 0.6000000238
11511  19.596  -71.341  -9.385 0.6999999881
10730  21.939  -73.052  -3.887 0.6000000238
10728  23.309  -72.017  -4.496 0.6999999881
10007  21.067  -73.618  -3.926 0.5000000000
10729  22.754  -72.577  -4.231 0.6999999881
138076  22.369  -72.981  -4.746 0.6999999881
12122  21.129  -70.728  -5.960 0.6999999881
11473  20.852  -71.492  -6.396 0.6999999881
11474  19.859  -71.289  -6.861 0.5000000000
12142  18.519  -71.042  -8.748 0.6000000238
12778  19.046  -70.463  -9.018 0.6000000238
11512  18.899  -71.098  -9.193 0.6999999881
12163  20.675  -70.221  -9.105 0.6999999881
12154  21.271  -70.668  -8.895 0.6999999881
12761  22.575  -69.837  -8.923 0.6999999881
12744  28.800  -68.913  -7.880 0.4000000060
14165  26.749  -68.033  -7.772 0.5000000000
13435  25.354  -68.765  -8.385 0.6000000238
12759  24.132  -69.386  -8.072 0.6000000238
12774  23.987  -69.435  -9.300 0.6999999881
10680  21.721  -72.703  -1.222 0.5000000000
10696  22.539  -72.531  -2.597 0.5000000000
123571  23.765  -71.921  -3.105 0.6000000238
10713  21.802  -72.877  -2.950 0.5000000000
11443  23.814  -71.677  -3.884 0.6999999881
136206  23.136  -72.302  -3.036 0.5000000000
10712  22.583  -72.590  -3.392 0.6000000238
12110  23.162  -70.623  -5.119 0.6999999881
11464  23.028  -71.540  -5.161 0.6999999881
12112  21.374  -69.981  -5.612 0.6999999881
12123  20.118  -70.595  -6.375 0.6999999881
12141  18.782  -70.675  -8.109 0.6000000238
12764  19.353  -69.912  -8.520 0.6000000238
132406  21.414  -69.250  -9.217 0.6999999881
12776  22.254  -69.271  -9.625 0.6999999881
12775  23.195  -69.363  -9.620 0.6999999881
13436  24.636  -69.242  -8.987 0.6000000238
13450  24.473  -69.052  -10.092 0.6000000238
11410  23.127  -71.600  0.075 0.5000000000
10665  21.514  -72.531  -0.180 0.4000000060
10678  23.466  -71.954  -1.518 0.5000000000
10664  22.612  -72.152  -0.722 0.5000000000
10679  22.590  -72.417  -1.751 0.5000000000
124651  24.493  -70.814  -2.172 0.6000000238
11434  24.071  -71.646  -2.295 0.6000000238
12715  24.020  -69.649  -4.004 0.6999999881
12099  24.262  -70.576  -3.849 0.6000000238
12723  23.284  -69.699  -4.870 0.6999999881
123264  22.450  -69.899  -5.342 0.6999999881
12113  20.368  -69.926  -5.913 0.6999999881
12740  19.382  -69.399  -6.849 0.6999999881
12750  19.188  -69.849  -7.786 0.6999999881
12763  19.962  -69.347  -8.500 0.6999999881
117579  20.786  -68.960  -8.821 0.6999999881
13451  22.162  -68.666  -9.911 0.8000000119
12787  23.548  -69.036  -10.290 0.6999999881
14185  26.481  -67.713  -9.804 0.5000000000
13449  25.132  -68.827  -9.765 0.6000000238
12786  23.911  -69.149  -10.079 0.6000000238
10655  21.555  -71.921  0.790 0.4000000060
11409  23.958  -71.200  -0.297 0.6000000238
11408  24.197  -71.315  -1.283 0.6000000238
138678  24.479  -70.731  -1.399 0.6000000238
12714  24.289  -69.291  -3.078 0.6000000238
122080  23.681  -68.778  -3.553 0.6000000238
13404  22.687  -68.240  -5.004 0.6999999881
120620  22.578  -69.020  -5.154 0.6999999881
13406  21.051  -68.441  -5.785 0.6999999881
12732  20.681  -69.208  -5.784 0.6999999881
14145  20.611  -67.825  -6.250 0.8000000119
137604  20.054  -67.946  -6.579 0.8000000119
13426  19.735  -68.420  -7.320 0.6000000238
13452  21.577  -68.429  -9.430 0.6000000238
14195  23.290  -68.055  -10.679 0.8000000119
13461  23.455  -68.679  -10.526 0.6999999881
137872  27.057  -67.007  -9.758 0.5000000000
13458  25.777  -68.568  -10.596 0.6000000238
13469  25.494  -68.508  -11.539 0.6999999881
14184  27.061  -67.442  -10.659 0.6000000238
12042  23.420  -70.500  0.866 0.5000000000
135971  22.074  -70.629  1.492 0.4000000060
12044  21.460  -70.766  1.717 0.4000000060
141856  24.495  -70.152  -0.134 0.5000000000
11399  23.608  -71.049  0.352 0.5000000000
138583  24.616  -69.572  -1.851 0.6000000238
12704  24.448  -68.971  -2.168 0.6000000238
13385  23.164  -68.032  -3.523 0.6000000238
117015  22.803  -67.594  -4.820 0.6999999881
117004  21.470  -67.791  -5.799 0.8000000119
116819  21.188  -67.269  -6.416 0.8000000119
117049  20.579  -67.154  -7.201 0.6000000238
116159  21.326  -66.840  -8.729 0.6000000238
14197  22.082  -67.361  -9.841 0.6999999881
14196  22.567  -67.639  -10.309 0.6999999881
14915  24.816  -67.581  -11.554 0.6999999881
14193  26.507  -68.108  -11.042 0.6000000238
14203  25.965  -67.527  -12.130 0.6000000238
15622  27.003  -66.258  -12.697 0.6000000238
14192  27.014  -67.636  -11.534 0.6000000238
14918  26.632  -67.123  -12.330 0.6000000238
13334  24.541  -68.824  0.111 0.5000000000
133685  24.003  -69.957  0.684 0.5000000000
128041  22.630  -70.057  1.403 0.5000000000
141547  21.033  -69.705  1.931 0.5000000000
119739  24.524  -67.970  -1.107 0.5000000000
12675  24.418  -69.754  0.235 0.5000000000
13373  24.080  -67.915  -1.973 0.6000000238
135149  21.050  -66.672  -7.125 0.6999999881
116734  21.590  -65.404  -8.561 0.6000000238
15607  21.918  -65.586  -9.230 0.6000000238
15615  22.815  -65.789  -9.965 0.6000000238
14908  24.205  -66.533  -10.869 0.6999999881
15613  23.774  -65.563  -10.755 0.6000000238
15619  24.578  -66.112  -11.467 0.6000000238
15623  26.084  -66.662  -12.336 0.6999999881
14906  27.989  -66.560  -11.509 0.5000000000
15627  27.691  -65.649  -13.160 0.4000000060
117034  24.471  -67.964  0.254 0.5000000000
13313  23.374  -68.628  1.129 0.5000000000
13314  22.438  -68.558  1.397 0.5000000000
13315  21.625  -68.494  1.474 0.5000000000
13317  19.659  -68.491  1.540 0.5000000000
13318  18.917  -68.525  1.340 0.5000000000
15606  22.642  -64.919  -9.442 0.6000000238
16364  23.218  -65.108  -11.730 0.4000000060
16371  25.008  -64.823  -12.242 0.5000000000
130028  25.944  -64.766  -12.608 0.4000000060
16370  26.062  -65.641  -12.471 0.5000000000
133292  24.285  -66.775  0.552 0.6000000238
14079  23.607  -67.521  1.164 0.5000000000
124347  22.038  -67.830  1.470 0.5000000000
132224  21.312  -67.878  1.376 0.5000000000
14080  20.670  -67.577  1.343 0.5000000000
13336  19.347  -68.032  1.025 0.5000000000
13349  18.258  -68.303  -0.146 0.4000000060
13350  17.933  -68.635  -0.585 0.5000000000
14111  17.737  -68.274  -1.035 0.4000000060
129888  16.883  -68.359  -2.292 0.4000000060
12705  16.684  -69.694  -2.648 0.4000000060
16373  22.323  -64.397  -12.124 0.6000000238
17129  24.190  -63.853  -12.639 0.4000000060
16379  25.378  -63.954  -12.750 0.4000000060
16377  27.246  -64.632  -13.154 0.4000000060
117179  23.392  -66.693  1.338 0.5000000000
14796  22.059  -66.395  1.596 0.4000000060
14797  20.563  -66.655  1.421 0.4000000060
14081  19.781  -67.317  1.216 0.5000000000
14799  18.873  -66.003  1.049 0.4000000060
14093  18.319  -67.599  0.105 0.5000000000
14810  17.887  -66.617  0.158 0.4000000060
14820  17.366  -66.403  -0.473 0.5000000000
132419  17.771  -67.210  -0.315 0.5000000000
14821  16.919  -66.508  -1.275 0.3000000119
14120  16.668  -67.533  -2.234 0.3000000119
14128  16.292  -67.821  -3.686 0.3000000119
17141  24.562  -63.056  -13.141 0.4000000060
116724  22.996  -65.352  1.493 0.5000000000
117057  22.050  -65.592  1.610 0.5000000000
141099  21.266  -65.424  1.598 0.4000000060
116763  23.945  -64.252  1.087 0.4000000060
133013  23.103  -64.404  1.414 0.4000000060
116154  21.584  -64.887  1.599 0.4000000060
135211  20.277  -64.695  1.494 0.4000000060
16985  23.648  -63.600  1.236 0.4000000060
16986  22.732  -63.529  1.441 0.4000000060
116809  21.972  -64.132  1.533 0.4000000060
16998  23.888  -62.858  1.128 0.4000000060
132999  21.144  -63.559  1.484 0.4000000060
17746  20.395  -62.915  1.292 0.4000000060
17747  19.483  -63.507  1.099 0.4000000060
124552  23.257  -63.001  1.356 0.4000000060
17755  24.397  -62.660  0.434 0.3000000119
18518  21.680  -61.991  1.319 0.4000000060
18519  20.915  -62.213  1.260 0.4000000060
17758  19.620  -62.591  0.762 0.4000000060
122119  24.342  -61.768  0.447 0.4000000060
116998  19.124  -62.439  -0.001 0.4000000060
116158  19.269  -61.828  -0.668 0.4000000060
18527  24.215  -61.085  0.511 0.3000000119
18528  23.674  -61.495  1.044 0.4000000060
18529  22.851  -60.874  1.153 0.4000000060
18530  21.922  -61.139  1.213 0.4000000060
17757  20.263  -62.038  0.908 0.4000000060
118874  19.641  -61.839  0.241 0.4000000060
19344  20.527  -60.602  0.460 0.3000000119
13361  24.521  -68.570  -1.477 0.5000000000
129623  22.565  -64.536  -11.541 0.6000000238
10066  19.016  -73.317  -8.137 0.6000000238
12762  21.675  -69.849  -9.078 0.6999999881
14164  27.271  -67.519  -7.816 0.5000000000
14898  27.398  -66.391  -9.163 0.5000000000
13424  25.736  -69.019  -7.706 0.5000000000
14174  26.595  -67.614  -8.461 0.4000000060
13414  19.666  -68.527  -6.703 0.6999999881
13459  25.161  -69.002  -11.045 0.6000000238
12098  24.466  -70.248  -3.162 0.6000000238
13437  20.198  -68.585  -8.160 0.6999999881
13463  22.065  -68.075  -10.043 0.8000000119
13470  24.820  -68.635  -11.340 0.6999999881
11388  21.934  -71.255  1.294 0.4000000060
14156  19.990  -67.784  -6.925 0.6000000238
117127  20.974  -67.886  -8.623 0.6000000238
14194  24.100  -67.789  -10.989 0.6999999881
13471  24.017  -68.512  -10.875 0.6999999881
14907  27.540  -66.574  -10.338 0.5000000000
15612  28.081  -65.974  -10.532 0.5000000000
14202  25.420  -68.020  -11.818 0.6999999881
127262  25.943  -68.169  -11.893 0.6000000238
133548  21.429  -65.970  -8.841 0.6999999881
14910  22.368  -66.632  -9.921 0.6999999881
14909  23.291  -66.899  -10.506 0.6999999881
15624  25.328  -65.891  -11.966 0.6000000238
14200  26.951  -67.509  -12.100 0.6000000238
14916  28.034  -66.279  -12.987 0.6000000238
12659  23.446  -69.635  1.055 0.5000000000
12661  22.049  -69.242  1.530 0.5000000000
12662  21.153  -69.125  1.663 0.4000000060
15614  23.151  -65.138  -10.168 0.6000000238
136893  24.329  -65.267  -11.736 0.6000000238
13363  17.183  -69.264  -1.965 0.3000000119
16378  26.368  -64.224  -12.926 0.4000000060
14808  19.172  -66.805  1.020 0.5000000000
14103  17.419  -67.403  -0.986 0.4000000060
13375  16.798  -68.875  -2.654 0.4000000060
17743  23.377  -62.334  1.272 0.4000000060
18517  22.657  -61.747  1.313 0.4000000060
10042  28.355  -73.167  -6.956 0.3000000119
10063  29.137  -73.432  -7.567 0.3000000119
9475  25.646  -74.645  -10.510 0.4000000060
9485  27.690  -74.748  -11.573 0.4000000060
8834  27.440  -75.667  -11.929 0.4000000060
8841  27.946  -76.371  -12.534 0.4000000060
10811  26.145  -73.235  -9.315 0.4000000060
9458  25.097  -74.193  -9.794 0.4000000060
10101  24.529  -73.702  -9.150 0.4000000060
10102  23.649  -73.748  -9.228 0.5000000000
9461  22.250  -74.244  -9.930 0.5000000000
137829  21.347  -74.225  -9.989 0.5000000000
10823  27.731  -72.931  -10.132 0.4000000060
10114  26.836  -73.906  -10.430 0.5000000000
9476  24.764  -74.866  -10.369 0.5000000000
125018  20.541  -74.691  -10.130 0.5000000000
126395  28.124  -73.285  -10.623 0.5000000000
9473  27.231  -74.252  -10.958 0.5000000000
10123  28.765  -73.907  -11.597 0.5000000000
9484  28.447  -74.557  -11.870 0.4000000060
9493  28.956  -75.307  -12.545 0.4000000060
127069  28.790  -76.507  -12.888 0.4000000060
121151  29.212  -77.737  -12.772 0.4000000060
137499  29.512  -78.458  -12.145 0.3000000119
8211  29.965  -77.409  -11.302 0.4000000060
11496  27.995  -71.236  -8.567 0.4000000060
11498  26.372  -71.900  -8.283 0.4000000060
10783  25.477  -71.901  -7.918 0.4000000060
117281  27.672  -71.880  -9.098 0.4000000060
10098  27.355  -72.541  -9.498 0.4000000060
10792  27.060  -72.140  -8.839 0.4000000060
10084  24.834  -73.045  -8.606 0.4000000060
10794  24.356  -72.515  -8.210 0.5000000000
10086  23.185  -73.141  -8.740 0.5000000000
10810  28.076  -72.263  -9.780 0.4000000060
10099  26.920  -73.292  -9.845 0.4000000060
10115  26.078  -73.902  -9.996 0.4000000060
10795  23.612  -72.552  -8.309 0.5000000000
10812  22.255  -72.989  -8.873 0.5000000000
10104  21.577  -73.554  -9.567 0.5000000000
10813  21.301  -72.747  -9.111 0.6000000238
141527  20.535  -72.468  -9.407 0.6000000238
9463  19.560  -73.384  -9.799 0.6000000238
12153  22.227  -70.613  -8.512 0.6000000238
11499  21.611  -71.442  -8.666 0.6000000238
10106  18.719  -72.908  -9.703 0.5000000000
9492  29.750  -75.080  -12.763 0.4000000060
10816  18.110  -72.510  -9.262 0.5000000000
7637  29.997  -78.227  -12.276 0.4000000060
7627  30.435  -77.832  -12.196 0.4000000060
7628  30.107  -78.185  -12.004 0.4000000060
12137  26.069  -70.633  -7.404 0.4000000060
12747  26.163  -69.739  -7.420 0.5000000000
11484  24.223  -71.245  -7.576 0.5000000000
12138  24.450  -70.420  -7.522 0.5000000000
10796  22.826  -72.436  -8.436 0.5000000000
12749  23.781  -69.841  -7.785 0.5000000000
10797  21.942  -72.230  -8.624 0.6000000238
12152  23.015  -70.164  -7.971 0.6000000238
12140  22.954  -70.782  -7.900 0.6000000238
10043  27.530  -73.283  -6.424 0.3000000119
132642  30.696  -73.343  -7.666 0.3000000119
9470  32.490  -74.956  -10.620 0.3000000119
12150  29.073  -70.236  -8.540 0.4000000060
12135  28.608  -69.748  -7.911 0.4000000060
12136  27.879  -69.974  -7.548 0.4000000060
11482  26.687  -71.077  -7.637 0.4000000060
139254  26.821  -69.526  -7.414 0.4000000060
124643  25.326  -70.197  -7.440 0.5000000000
13423  26.613  -68.849  -7.571 0.4000000060
12748  24.597  -69.648  -7.712 0.5000000000
10814  20.046  -71.889  -9.494 0.6000000238
10815  18.968  -71.933  -9.501 0.5000000000
12745  27.449  -69.263  -7.456 0.4000000060
10083  25.687  -72.695  -8.617 0.4000000060
9480  19.512  -74.145  -9.890 0.5000000000
124700  31.148  -75.796  -10.772 0.3000000119
11481  27.515  -70.766  -7.810 0.4000000060
10784  24.696  -71.870  -7.774 0.5000000000
142052  23.284  -71.986  -8.074 0.5000000000
11486  22.624  -71.561  -8.239 0.6000000238
21067  24.139  -58.357  -11.173 0.3000000119
8234  29.781  -77.260  -13.030 0.4000000060
8833  28.193  -75.481  -12.236 0.4000000060
8840  29.602  -76.103  -13.191 0.4000000060
9441  17.893  -73.587  -8.837 0.6000000238
9462  20.513  -73.857  -9.852 0.5000000000
9471  31.565  -74.892  -10.443 0.3000000119
9972  21.054  -73.212  -0.789 0.5000000000
10008  20.489  -74.199  -3.886 0.5000000000
10017  21.773  -73.434  -4.822 0.6000000238
10064  27.630  -73.502  -7.130 0.3000000119
10085  24.024  -73.202  -8.592 0.5000000000
10100  25.391  -73.491  -9.198 0.4000000060
10103  22.712  -73.661  -9.393 0.5000000000
10105  20.551  -73.101  -9.597 0.6000000238
10112  28.849  -73.263  -10.990 0.5000000000
10113  27.481  -73.592  -10.539 0.4000000060
10124  28.049  -73.895  -11.201 0.4000000060
10695  23.336  -72.176  -2.382 0.6000000238
10697  21.783  -72.833  -2.120 0.5000000000
10711  23.294  -72.227  -3.700 0.5000000000
10748  22.746  -72.449  -5.133 0.6999999881
10767  21.444  -72.548  -6.379 0.6000000238
10769  19.773  -72.085  -7.220 0.6000000238
10785  23.932  -71.945  -7.875 0.5000000000
10793  26.606  -72.674  -9.045 0.4000000060
10798  18.245  -72.712  -8.677 0.6000000238
11379  20.338  -70.727  2.217 0.4000000060
11400  23.079  -71.162  0.691 0.5000000000
11419  23.525  -71.677  -0.732 0.6000000238
11433  24.280  -71.221  -3.249 0.6000000238
11454  23.613  -71.267  -4.590 0.6999999881
11466  21.812  -71.676  -6.027 0.6999999881
11483  25.194  -71.105  -7.442 0.5000000000
11485  23.423  -71.363  -7.784 0.6000000238
11487  18.518  -71.405  -8.463 0.6000000238
11497  27.215  -71.518  -8.332 0.4000000060
11509  28.386  -71.589  -9.355 0.4000000060
11510  20.495  -71.182  -9.183 0.6999999881
11513  18.511  -71.015  -8.972 0.6000000238
12043  22.653  -70.929  1.178 0.4000000060
12045  20.878  -70.225  2.089 0.5000000000
12059  24.159  -70.497  0.210 0.5000000000
12071  24.437  -70.566  -0.673 0.6000000238
12079  24.625  -70.103  -1.473 0.6000000238
12088  24.584  -69.852  -2.342 0.6000000238
12104  23.816  -70.478  -4.480 0.6999999881
12111  22.235  -70.896  -5.535 0.6999999881
12124  19.312  -70.345  -7.116 0.5000000000
12139  23.596  -70.594  -7.663 0.5000000000
12151  28.324  -70.508  -8.138 0.4000000060
12155  18.837  -70.536  -8.640 0.6000000238
12164  19.703  -70.687  -9.196 0.6999999881
12660  22.796  -69.239  1.302 0.5000000000
12676  24.086  -69.206  0.693 0.5000000000
12688  24.610  -69.652  -0.522 0.5000000000
12696  24.630  -69.277  -1.362 0.6000000238
12731  21.689  -69.169  -5.472 0.6999999881
12739  19.846  -69.208  -6.197 0.6999999881
12746  26.976  -70.189  -7.398 0.4000000060
12760  23.390  -69.720  -8.490 0.6999999881
12777  20.087  -69.904  -8.937 0.6999999881
12788  22.831  -68.929  -10.192 0.6999999881
13316  20.865  -68.308  1.418 0.5000000000
13335  24.163  -68.257  0.703 0.5000000000
13348  24.643  -68.737  -0.747 0.5000000000
13362  17.639  -68.995  -1.192 0.4000000060
13384  23.856  -68.386  -2.855 0.6000000238
13386  16.476  -68.910  -3.368 0.4000000060
13397  23.102  -68.668  -4.316 0.6999999881
13405  21.937  -68.392  -5.385 0.8000000119
13413  20.163  -68.458  -6.154 0.8000000119
13422  27.411  -68.334  -7.561 0.5000000000
13425  24.916  -69.166  -7.937 0.5000000000
13434  26.081  -68.306  -7.954 0.5000000000
13438  19.589  -69.201  -7.888 0.6999999881
13448  25.861  -68.313  -9.126 0.5000000000
13460  24.290  -68.959  -10.698 0.6000000238
13462  22.686  -68.362  -10.346 0.8000000119
13468  25.882  -68.494  -11.397 0.6000000238
14091  24.244  -67.409  0.644 0.6000000238
14092  18.960  -67.570  0.717 0.5000000000
14102  17.992  -67.959  -0.561 0.5000000000
14112  17.263  -68.157  -1.657 0.4000000060
14155  20.426  -67.409  -6.784 0.8000000119
14186  21.649  -67.581  -9.392 0.6999999881
14201  26.466  -68.000  -11.713 0.6000000238
14795  22.809  -66.175  1.539 0.5000000000
14809  18.567  -66.775  0.593 0.5000000000
14899  21.765  -66.643  -9.332 0.6999999881
14914  25.419  -67.061  -11.928 0.6999999881
14917  27.377  -66.809  -12.453 0.6000000238
15628  26.751  -65.212  -12.867 0.4000000060
16256  24.555  -64.240  -0.312 0.5000000000
16279  25.015  -64.160  -2.933 0.5000000000
16291  25.259  -64.157  -3.907 0.4000000060
16320  25.237  -64.600  -6.011 0.5000000000
16336  25.104  -64.269  -7.952 0.6999999881
16338  23.418  -64.746  -7.795 0.6999999881
16339  22.436  -64.718  -8.028 0.8000000119
16365  21.800  -63.736  -11.982 0.6999999881
16372  23.425  -64.675  -12.227 0.4000000060
16984  24.067  -63.795  1.015 0.4000000060
16997  24.194  -63.383  0.831 0.4000000060
17007  24.662  -62.868  -0.499 0.4000000060
17020  24.750  -63.582  -1.586 0.5000000000
17034  25.500  -63.387  -3.761 0.4000000060
17040  26.265  -63.056  -5.064 0.3000000119
17056  25.931  -63.704  -5.282 0.4000000060
17068  26.830  -63.060  -6.606 0.3000000119
17069  26.275  -63.614  -6.698 0.4000000060
17084  26.577  -63.213  -8.049 0.4000000060
17097  24.364  -63.895  -9.771 0.6999999881
17116  22.435  -63.457  -11.013 0.6999999881
17125  21.624  -63.121  -12.082 0.6000000238
17131  22.110  -62.964  -12.477 0.6000000238
17142  23.634  -63.075  -13.068 0.5000000000
17744  22.430  -62.684  1.412 0.4000000060
17745  21.386  -62.783  1.403 0.4000000060
17756  24.026  -62.214  0.987 0.4000000060
17765  24.665  -62.063  -0.341 0.4000000060
17781  25.137  -62.349  -2.777 0.4000000060
17798  26.127  -62.225  -4.897 0.3000000119
17818  27.221  -62.100  -6.777 0.3000000119
17819  26.956  -62.538  -6.339 0.3000000119
17874  21.634  -62.835  -11.957 0.6000000238
17883  22.498  -62.453  -12.469 0.6000000238
18531  20.951  -61.407  1.051 0.4000000060
18532  20.196  -61.368  0.489 0.4000000060
18539  24.565  -61.107  -0.259 0.4000000060
18611  26.906  -61.871  -6.167 0.3000000119
18677  23.640  -61.707  -13.632 0.5000000000
18690  23.237  -61.986  -13.285 0.5000000000
19341  23.711  -60.549  0.736 0.4000000060
19390  25.177  -60.993  -3.425 0.4000000060
19410  26.285  -61.435  -5.807 0.3000000119
19411  25.695  -60.731  -5.703 0.4000000060
19477  25.832  -60.280  -11.427 0.6000000238
19478  24.848  -60.131  -12.779 0.6000000238
19498  25.887  -60.381  -14.090 0.4000000060
20203  25.172  -60.135  -3.450 0.4000000060
20271  25.806  -59.159  -9.265 0.3000000119
21081  22.968  -58.731  -12.741 0.5000000000
21082  23.180  -58.454  -12.674 0.4000000060
21907  25.223  -57.835  -8.566 0.3000000119
21923  23.560  -57.473  -10.796 0.3000000119
21930  23.085  -57.484  -11.590 0.4000000060
21958  23.007  -57.353  -11.906 0.4000000060
22770  24.445  -56.595  -9.660 0.3000000119
22771  23.542  -56.374  -10.064 0.3000000119
22772  22.359  -56.218  -10.457 0.4000000060
22801  21.844  -56.256  -11.112 0.4000000060
22802  21.497  -56.033  -10.993 0.4000000060
22817  22.538  -56.408  -11.577 0.4000000060
23649  22.337  -55.380  -10.094 0.3000000119
23650  21.839  -55.286  -10.354 0.4000000060
23661  21.540  -55.510  -10.744 0.4000000060
116135  24.558  -67.247  0.040 0.6000000238
116141  24.296  -67.216  -1.362 0.6999999881
116142  23.610  -66.001  1.267 0.5000000000
116143  24.319  -65.344  0.444 0.5000000000
116146  23.488  -66.321  -3.548 0.6000000238
116149  23.337  -66.605  -4.470 0.6999999881
116151  21.315  -66.113  1.575 0.5000000000
116157  20.903  -66.998  -7.964 0.6000000238
116789  18.729  -63.111  -0.198 0.4000000060
116806  22.338  -64.867  1.556 0.4000000060
116814  21.284  -66.146  -8.273 0.6999999881
116826  23.758  -66.038  -2.155 0.4000000060
116841  24.269  -65.184  -1.925 0.5000000000
116904  23.412  -65.759  -6.313 0.6999999881
116915  24.299  -63.962  0.586 0.5000000000
116954  24.607  -68.030  -0.327 0.6999999881
116976  21.156  -66.554  -7.636 0.6000000238
117087  20.333  -67.752  -7.592 0.6000000238
117348  24.015  -65.687  -3.510 0.5000000000
117403  18.367  -71.581  -9.108 0.5000000000
119129  30.646  -77.615  -12.635 0.4000000060
119296  24.665  -63.550  -0.788 0.5000000000
119362  26.878  -61.007  -10.187 0.5000000000
119821  24.091  -71.107  -4.040 0.6999999881
120126  24.723  -59.983  -1.391 0.4000000060
120310  23.290  -66.346  -5.623 0.8000000119
121122  16.549  -68.068  -2.869 0.3000000119
121228  22.447  -71.485  0.731 0.4000000060
122047  21.756  -54.060  -11.136 0.3000000119
122633  22.814  -67.921  1.365 0.5000000000
123727  19.421  -69.034  -7.249 0.6999999881
123982  20.988  -72.029  -8.962 0.6000000238
124500  19.706  -69.857  -6.386 0.6999999881
125414  21.641  -69.967  1.763 0.5000000000
125657  25.641  -61.434  -4.551 0.4000000060
126403  20.127  -68.092  1.333 0.5000000000
126492  21.528  -54.859  -10.642 0.4000000060
126571  25.737  -58.489  -5.113 0.3000000119
126583  25.006  -72.424  -8.187 0.5000000000
126779  23.046  -67.389  -3.659 0.6999999881
126953  25.358  -69.546  -7.606 0.5000000000
127166  24.455  -66.511  0.136 0.6000000238
127651  25.574  -59.174  -5.093 0.4000000060
128284  21.500  -67.076  1.496 0.4000000060
128285  22.619  -67.082  1.501 0.5000000000
129949  25.968  -71.326  -7.612 0.4000000060
131437  16.896  -67.223  -1.625 0.4000000060
131586  27.072  -62.722  -7.634 0.4000000060
131613  23.555  -65.882  -10.488 0.6000000238
131739  19.730  -72.602  -9.662 0.5000000000
131755  18.157  -65.925  0.552 0.4000000060
132399  24.305  -60.554  0.222 0.3000000119
132478  27.444  -67.126  -11.253 0.5000000000
133014  23.976  -66.716  1.013 0.6000000238
133023  21.458  -65.804  -7.893 0.6999999881
133044  21.021  -64.351  1.557 0.4000000060
133158  20.282  -63.862  1.431 0.4000000060
133902  26.819  -63.761  -13.142 0.4000000060
133971  21.922  -63.342  1.475 0.4000000060
135070  25.565  -60.857  -4.938 0.4000000060
136035  22.145  -67.297  -5.740 0.8999999762
136307  21.607  -63.147  -11.908 0.6999999881
136902  28.190  -69.300  -7.583 0.4000000060
137058  22.793  -67.991  -4.146 0.6999999881
137493  26.867  -67.020  -9.058 0.5000000000
137797  26.414  -67.724  -12.081 0.6000000238
138025  26.770  -60.354  -9.851 0.4000000060
140220  25.535  -64.271  -5.467 0.4000000060
141827  21.223  -73.309  -3.258 0.6000000238
141874  23.568  -66.560  -2.171 0.6000000238
