#!ascii label  , from subject sub-v1s21x0050412_ses-1 vox2ras=TkReg
1787
2597  20.239  -89.038  -7.135 0.6999999881
2194  19.196  -89.218  -8.077 0.8000000119
141028  18.633  -88.651  -7.091 0.8000000119
119376  17.199  -88.653  -8.047 0.6999999881
2198  20.217  -89.532  -8.552 0.6000000238
2193  19.901  -89.368  -7.897 0.6000000238
2616  17.878  -88.905  -8.271 0.6000000238
2615  21.556  -89.218  -8.726 0.6000000238
2577  18.992  -88.600  -6.624 0.8000000119
2600  17.869  -88.584  -7.359 0.6999999881
2579  17.292  -88.520  -6.498 0.6999999881
2580  16.311  -88.554  -6.531 0.6999999881
2596  21.750  -89.194  -7.715 0.6000000238
2598  19.328  -88.894  -7.291 0.6999999881
2601  16.909  -88.570  -7.304 0.6999999881
2634  22.164  -88.815  -9.625 0.6000000238
2633  23.636  -88.481  -10.232 0.6000000238
2650  21.986  -88.812  -10.678 0.6000000238
1854  23.757  -89.288  -11.478 0.6000000238
2219  23.152  -88.963  -11.659 0.6000000238
2555  18.345  -88.433  -5.610 0.8000000119
2556  17.604  -88.499  -5.682 0.8000000119
2557  16.655  -88.546  -5.702 0.6999999881
124868  16.192  -88.621  -4.984 0.6999999881
2559  14.896  -88.638  -5.075 0.6999999881
2554  19.036  -88.440  -5.877 0.8000000119
2558  15.642  -88.583  -5.643 0.6999999881
2575  20.514  -88.643  -6.361 0.6999999881
2578  18.273  -88.524  -6.395 0.8000000119
120289  21.155  -89.084  -6.987 0.6999999881
133552  22.343  -88.946  -8.469 0.6999999881
2614  23.884  -88.267  -8.967 0.6000000238
131802  22.980  -88.588  -9.359 0.6000000238
2218  24.931  -89.076  -11.158 0.6000000238
2648  23.837  -88.746  -11.255 0.6000000238
1846  25.303  -89.836  -10.580 0.6000000238
1454  24.685  -90.951  -8.582 0.6999999881
1464  24.303  -91.224  -9.474 0.6000000238
1435  24.425  -91.388  -6.697 0.5000000000
1455  23.829  -91.498  -8.442 0.6000000238
127748  23.688  -91.865  -6.882 0.5000000000
2535  18.678  -88.087  -4.541 0.8999999762
124869  16.979  -88.601  -4.928 0.8000000119
2537  16.246  -88.598  -4.123 0.6999999881
2553  19.873  -88.363  -5.756 0.6999999881
120011  18.748  -88.290  -5.159 0.8999999762
2538  15.484  -88.633  -4.591 0.6999999881
2574  21.437  -88.532  -6.164 0.8000000119
136792  20.674  -88.266  -5.625 0.8000000119
125193  22.046  -88.834  -6.901 0.8000000119
2595  23.842  -88.335  -7.631 0.6999999881
139867  23.110  -88.701  -8.124 0.8000000119
3019  24.725  -87.928  -9.159 0.8000000119
2632  24.548  -88.240  -10.302 0.6999999881
2647  24.692  -88.709  -11.084 0.6999999881
121952  25.669  -89.401  -10.655 0.6000000238
1839  25.573  -90.526  -9.217 0.6999999881
1444  24.835  -90.852  -7.411 0.6999999881
133327  19.434  -87.823  -4.406 0.8999999762
2536  17.239  -88.431  -4.171 0.8000000119
2519  15.345  -88.631  -3.608 0.6999999881
2987  20.826  -87.847  -5.002 0.8000000119
2974  20.066  -88.010  -5.059 0.8000000119
139914  21.837  -88.278  -5.739 0.6999999881
3007  24.585  -87.823  -6.943 0.6999999881
2550  23.405  -88.157  -6.100 0.6000000238
2573  23.026  -88.570  -7.009 0.8000000119
118135  24.608  -87.946  -8.106 0.8000000119
3030  25.376  -87.815  -9.720 0.8000000119
141697  25.831  -88.247  -10.454 0.6999999881
2206  26.876  -89.572  -10.072 0.8000000119
2646  25.595  -88.750  -10.726 0.6999999881
2205  27.397  -89.470  -9.693 0.8000000119
1835  26.450  -89.979  -6.918 0.6999999881
141832  26.136  -90.177  -8.840 0.6999999881
1845  26.092  -89.862  -10.277 0.6999999881
1443  25.666  -90.413  -7.121 0.6999999881
1453  25.473  -90.418  -8.162 0.6999999881
4519  15.177  -84.160  -6.762 0.6000000238
4520  15.068  -83.232  -6.585 0.6000000238
4980  15.499  -82.921  -8.091 0.6000000238
5492  15.480  -82.075  -8.124 0.6999999881
2959  18.737  -87.746  -3.836 0.8999999762
2518  16.673  -88.443  -3.394 0.6999999881
131731  22.986  -87.785  -5.413 0.6000000238
2995  24.936  -87.580  -6.074 0.6000000238
2984  23.923  -87.573  -5.395 0.6000000238
3006  25.356  -87.539  -7.460 0.6999999881
127288  27.140  -87.250  -8.924 0.6999999881
139029  25.959  -87.388  -7.941 0.6999999881
3304  16.817  -87.046  -0.940 0.6999999881
2939  15.549  -87.648  -1.525 0.6999999881
138434  26.740  -87.563  -9.694 0.8000000119
3018  25.355  -87.645  -8.579 0.8000000119
3290  16.653  -86.437  -0.629 0.6000000238
3305  15.568  -87.029  -1.349 0.6000000238
121318  15.071  -86.914  -1.625 0.6999999881
2630  26.072  -87.817  -10.080 0.6999999881
123740  15.425  -86.548  -1.484 0.5000000000
3318  14.833  -86.526  -2.171 0.6999999881
2216  27.651  -89.029  -10.087 0.8000000119
118314  27.123  -89.016  -10.260 0.8000000119
3291  16.078  -86.392  -0.834 0.5000000000
3633  15.578  -86.239  -1.360 0.5000000000
1834  27.021  -89.672  -7.693 0.6999999881
3622  15.191  -85.429  -1.160 0.5000000000
124427  15.253  -84.931  -0.292 0.6000000238
3655  15.554  -85.807  -3.332 0.6000000238
122744  15.706  -85.610  -4.168 0.6999999881
3691  15.307  -85.467  -5.661 0.6999999881
4017  15.175  -84.932  -2.768 0.5000000000
4028  15.416  -84.921  -3.702 0.6000000238
4051  15.613  -85.574  -4.854 0.6000000238
4511  15.301  -84.134  -5.987 0.6000000238
4001  14.563  -84.625  -0.735 0.6000000238
4052  15.417  -84.707  -4.623 0.6000000238
126368  15.250  -84.124  -5.311 0.6000000238
4002  13.918  -84.049  -1.148 0.5000000000
4475  14.434  -83.948  -3.135 0.5000000000
128308  14.873  -83.248  -5.586 0.6000000238
136102  15.162  -82.892  -7.215 0.6000000238
5493  15.166  -81.688  -7.543 0.6999999881
134300  14.901  -80.055  -7.965 0.6000000238
6001  14.731  -80.232  -8.874 0.6999999881
4488  14.654  -83.806  -3.997 0.6000000238
133717  14.169  -83.000  -4.239 0.6000000238
4959  14.672  -82.351  -5.985 0.6000000238
5468  14.462  -81.678  -5.584 0.6999999881
5980  14.924  -80.155  -6.369 0.5000000000
136072  17.442  -88.199  -3.521 0.8999999762
136142  22.678  -87.458  -4.804 0.6000000238
2973  21.177  -87.489  -4.417 0.6999999881
2506  17.110  -88.119  -2.796 0.8000000119
2520  14.571  -88.631  -3.148 0.6999999881
2507  16.205  -88.364  -2.596 0.6999999881
2947  17.537  -87.669  -2.217 0.8000000119
124574  25.470  -87.373  -6.427 0.6999999881
2937  17.114  -87.468  -1.485 0.8000000119
129238  16.301  -87.593  -1.432 0.6000000238
3289  17.371  -86.423  -0.548 0.6999999881
121946  17.848  -85.836  -0.185 0.6000000238
2215  28.439  -88.447  -10.066 0.8000000119
3041  28.662  -88.069  -10.213 0.8000000119
2214  29.095  -88.437  -9.755 0.8000000119
3619  17.174  -85.779  -0.143 0.5000000000
2203  29.074  -88.925  -9.079 0.8000000119
3620  16.435  -85.734  -0.296 0.5000000000
3990  17.272  -84.437  0.725 0.5000000000
3991  16.371  -84.490  0.677 0.6000000238
4000  16.010  -85.090  0.116 0.6000000238
3992  15.474  -84.413  0.468 0.6000000238
130145  14.093  -83.999  -0.445 0.6000000238
7000  14.944  -78.616  -5.849 0.5000000000
4466  14.162  -83.999  -2.147 0.5000000000
119119  15.025  -79.352  -5.898 0.5000000000
118988  14.822  -79.234  -7.650 0.6000000238
4476  13.550  -83.180  -2.590 0.6000000238
4948  14.261  -82.383  -4.937 0.6999999881
5456  13.881  -81.672  -4.407 0.6999999881
5478  14.728  -81.398  -6.479 0.6999999881
4467  13.210  -83.224  -1.520 0.6000000238
5455  14.271  -81.332  -5.000 0.6000000238
4932  13.016  -82.371  -2.170 0.6999999881
5446  13.602  -81.528  -3.671 0.6000000238
5959  14.097  -80.791  -4.332 0.5000000000
132049  20.359  -87.624  -4.397 0.6999999881
123325  19.981  -87.356  -3.723 0.6999999881
135819  19.322  -87.471  -3.637 0.6999999881
2960  18.043  -87.786  -3.132 0.8000000119
2945  19.197  -86.967  -2.240 0.6999999881
137028  18.598  -86.803  -1.379 0.6999999881
2936  17.867  -87.267  -1.658 0.6999999881
7561  14.556  -77.381  -4.721 0.5000000000
4447  17.521  -83.512  0.770 0.5000000000
4449  15.924  -83.791  0.882 0.6000000238
7575  14.768  -78.114  -5.834 0.5000000000
4448  16.522  -83.247  0.925 0.5000000000
4901  17.186  -82.582  0.646 0.5000000000
4450  14.980  -83.667  0.670 0.6000000238
4456  13.501  -83.460  -0.602 0.6000000238
133591  14.640  -80.556  -5.053 0.5000000000
4902  16.369  -82.503  0.855 0.5000000000
4903  15.548  -82.875  0.925 0.6000000238
4913  13.668  -82.754  0.044 0.6000000238
4904  14.524  -82.823  0.632 0.6000000238
2957  20.825  -87.194  -3.737 0.6999999881
3334  20.441  -86.863  -3.037 0.6999999881
2958  19.625  -87.082  -3.033 0.6999999881
4922  12.779  -81.694  -0.822 0.5000000000
4911  17.679  -81.955  -0.501 0.5000000000
5935  13.215  -80.532  -2.395 0.5000000000
5406  15.842  -81.793  0.834 0.5000000000
4905  14.049  -82.001  0.454 0.5000000000
121640  13.048  -82.596  -0.703 0.5000000000
5440  13.216  -81.459  -2.740 0.5000000000
5894  13.469  -80.296  0.026 0.5000000000
5912  13.008  -80.257  -0.650 0.5000000000
5891  15.714  -80.839  0.756 0.5000000000
5893  14.141  -80.404  0.512 0.5000000000
5927  12.925  -80.360  -1.482 0.5000000000
5413  16.578  -81.174  0.372 0.5000000000
5408  14.466  -81.252  0.631 0.5000000000
5409  13.692  -81.148  0.258 0.5000000000
5412  17.321  -81.445  -0.076 0.5000000000
5407  15.150  -81.308  0.812 0.5000000000
5892  14.925  -80.568  0.823 0.5000000000
8168  12.734  -76.675  -4.722 0.6000000238
7563  12.859  -77.097  -5.444 0.6000000238
8154  13.057  -76.292  -3.852 0.5000000000
8755  11.129  -75.549  -3.489 0.6999999881
123127  11.707  -76.447  -4.788 0.6000000238
8184  11.956  -76.897  -5.375 0.6000000238
141178  10.196  -76.397  -5.430 0.6999999881
8743  10.878  -74.960  -2.833 0.6000000238
8169  11.008  -75.972  -4.474 0.6999999881
8185  10.917  -76.527  -5.269 0.6999999881
7577  11.190  -77.175  -5.912 0.6999999881
8775  10.129  -75.782  -5.019 0.8000000119
9999  11.087  -73.616  -2.303 0.5000000000
8742  11.595  -75.252  -2.666 0.5000000000
8765  10.210  -75.335  -4.122 0.8000000119
8757  9.728  -74.812  -3.874 0.6000000238
8785  9.218  -75.406  -6.221 0.6999999881
138474  12.213  -73.042  -1.637 0.5000000000
9362  11.639  -74.219  -1.933 0.5000000000
9399  9.564  -74.752  -5.375 0.6999999881
8776  9.568  -75.264  -5.422 0.6999999881
9383  9.406  -74.429  -4.241 0.6999999881
10000  10.349  -73.389  -3.075 0.6999999881
9398  9.830  -74.673  -5.792 0.6999999881
10701  11.040  -72.779  -2.843 0.6000000238
10009  9.803  -73.284  -3.869 0.8000000119
12157  13.714  -71.020  -8.955 0.6999999881
141296  13.242  -71.825  -8.840 0.8000000119
11421  14.677  -71.413  -1.225 0.4000000060
8793  9.733  -75.031  -7.469 0.6999999881
11422  14.006  -71.709  -1.718 0.5000000000
9409  10.239  -75.022  -6.975 0.6999999881
10682  12.540  -72.537  -2.007 0.6000000238
10716  12.286  -72.273  -3.439 0.6000000238
10019  9.764  -73.341  -4.654 0.6999999881
10717  11.279  -72.422  -3.641 0.8000000119
10734  11.169  -72.555  -4.772 0.8000000119
17062  9.439  -63.803  -4.966 0.5000000000
16311  10.548  -64.197  -4.988 0.5000000000
16296  11.190  -64.747  -3.996 0.5000000000
14892  14.459  -66.588  -8.497 0.5000000000
13440  15.840  -68.088  -10.359 0.6000000238
14175  15.831  -67.554  -10.234 0.6000000238
127286  13.402  -66.223  -7.927 0.6000000238
15580  13.928  -65.597  -5.383 0.6000000238
13442  14.208  -68.337  -8.527 0.6999999881
14176  15.026  -67.647  -9.084 0.6999999881
12768  13.794  -70.024  -8.794 0.6999999881
12753  13.382  -69.011  -8.088 0.6999999881
9422  11.909  -74.591  -8.143 0.6999999881
9444  12.616  -74.352  -8.692 0.6999999881
118151  13.369  -73.876  -9.055 0.8000000119
119796  14.891  -71.500  -2.132 0.5000000000
119023  11.237  -74.607  -7.363 0.6999999881
10698  13.857  -71.897  -3.156 0.6000000238
10050  10.676  -74.292  -6.363 0.8000000119
10733  12.397  -72.338  -4.392 0.6999999881
10030  12.166  -73.308  -6.331 0.8000000119
10031  11.010  -73.123  -5.803 0.8000000119
17063  9.184  -63.639  -4.601 0.5000000000
17061  10.189  -63.535  -5.318 0.6000000238
18606  10.840  -62.519  -5.469 0.5000000000
123860  10.819  -63.001  -5.700 0.6000000238
17045  12.002  -63.647  -4.974 0.6000000238
16309  12.786  -64.198  -4.177 0.6000000238
17044  12.959  -63.553  -4.778 0.6000000238
16308  13.599  -64.206  -4.323 0.5000000000
14901  15.578  -66.324  -9.682 0.5000000000
117005  14.862  -65.914  -8.997 0.5000000000
14187  16.129  -67.806  -10.659 0.6000000238
116180  14.554  -65.327  -7.993 0.6000000238
15591  13.729  -65.790  -7.572 0.6999999881
139122  14.199  -65.012  -4.733 0.6000000238
13453  16.179  -68.647  -10.556 0.6000000238
12767  14.435  -69.492  -9.043 0.6999999881
121255  13.181  -67.812  -7.884 0.6999999881
14177  13.532  -67.050  -8.130 0.6999999881
122862  12.735  -66.595  -7.598 0.8000000119
15586  13.709  -65.646  -6.592 0.6999999881
12780  15.958  -69.558  -10.132 0.6999999881
12167  14.535  -70.473  -9.272 0.6999999881
12166  15.273  -70.797  -9.475 0.6999999881
11515  14.677  -71.417  -9.278 0.8000000119
10801  14.327  -73.155  -8.841 0.8000000119
11503  14.044  -72.192  -9.186 0.8000000119
11445  14.882  -71.737  -3.464 0.5000000000
121871  15.052  -71.887  -5.004 0.6000000238
10069  13.443  -74.068  -8.343 0.8000000119
10068  14.037  -73.899  -8.715 0.8000000119
10715  13.221  -72.155  -3.729 0.6000000238
10714  14.274  -72.023  -4.031 0.6999999881
10771  13.198  -72.957  -6.320 0.8000000119
10732  13.642  -72.267  -4.626 0.6999999881
122167  13.112  -72.505  -5.251 0.6999999881
10752  12.140  -72.737  -5.465 0.8000000119
18595  9.218  -62.699  -3.601 0.4000000060
17802  9.761  -62.880  -4.590 0.5000000000
17813  11.532  -62.458  -5.618 0.4000000060
17060  11.802  -63.013  -5.563 0.5000000000
17042  14.215  -63.280  -4.934 0.5000000000
133286  16.225  -66.616  -9.962 0.5000000000
116743  14.103  -64.905  -9.140 0.6000000238
116813  14.770  -64.639  -8.369 0.6000000238
117225  14.633  -64.377  -5.666 0.6000000238
133169  16.641  -68.024  -10.396 0.6000000238
15585  14.436  -65.100  -6.745 0.6999999881
124607  14.367  -65.007  -5.571 0.6999999881
12765  16.974  -69.457  -9.504 0.6000000238
10817  14.638  -72.342  -9.035 0.8000000119
10750  14.545  -72.164  -5.678 0.6999999881
10770  13.974  -72.622  -6.629 0.6999999881
10047  13.595  -73.397  -7.672 0.8000000119
138942  14.534  -72.220  -7.791 0.8000000119
10751  13.969  -72.414  -5.562 0.6999999881
18593  10.519  -61.807  -4.088 0.4000000060
18582  10.138  -61.977  -3.275 0.4000000060
18570  9.492  -61.898  -2.790 0.4000000060
18605  11.700  -61.621  -5.336 0.5000000000
118784  10.929  -61.804  -4.981 0.4000000060
18555  8.890  -61.381  -1.606 0.5000000000
17058  13.970  -62.714  -5.043 0.5000000000
120451  15.556  -62.406  -7.489 0.5000000000
116173  14.883  -63.335  -6.059 0.5000000000
18624  15.170  -61.647  -7.908 0.5000000000
116951  14.916  -64.134  -6.436 0.6999999881
121808  16.674  -70.203  -8.944 0.6000000238
11488  14.837  -72.005  -8.540 0.8000000119
12114  15.422  -71.202  -4.803 0.6000000238
12115  15.020  -71.164  -5.846 0.6000000238
12733  15.142  -70.056  -6.284 0.6999999881
12126  15.110  -70.816  -7.202 0.6999999881
127319  14.333  -72.268  -6.681 0.6999999881
126356  9.812  -60.644  -0.637 0.3000000119
19403  11.544  -60.987  -4.603 0.4000000060
18592  11.079  -61.354  -4.061 0.3000000119
18581  10.920  -61.504  -3.137 0.4000000060
18569  10.426  -61.979  -2.235 0.4000000060
130936  9.609  -61.893  -1.867 0.4000000060
18543  9.945  -61.501  -1.070 0.5000000000
18604  12.329  -61.730  -5.819 0.4000000060
19356  10.681  -61.071  -0.417 0.3000000119
17812  13.183  -62.244  -5.613 0.4000000060
116182  14.937  -62.619  -8.623 0.5000000000
18603  14.015  -61.581  -6.001 0.4000000060
17119  13.077  -63.535  -10.023 0.6000000238
18616  12.681  -61.110  -6.159 0.4000000060
18633  14.380  -61.730  -9.061 0.4000000060
18613  15.051  -61.848  -6.913 0.5000000000
12143  15.934  -70.862  -8.517 0.6999999881
135883  14.703  -71.629  -6.826 0.6999999881
18542  10.946  -61.645  -0.865 0.4000000060
20174  10.365  -60.045  -0.179 0.3000000119
18617  12.201  -60.653  -5.814 0.3000000119
19423  14.224  -60.685  -6.939 0.4000000060
19435  13.984  -60.939  -8.648 0.4000000060
18625  14.622  -61.118  -7.286 0.4000000060
19394  11.540  -60.938  -3.549 0.3000000119
18568  11.258  -61.734  -2.167 0.3000000119
18553  11.155  -61.792  -1.474 0.4000000060
18541  11.842  -61.579  -0.937 0.3000000119
19355  11.607  -61.184  -0.367 0.3000000119
19437  13.879  -60.042  -7.324 0.3000000119
19424  13.347  -60.336  -6.824 0.3000000119
19436  14.220  -60.325  -7.482 0.3000000119
18567  12.094  -61.560  -1.745 0.3000000119
19354  12.635  -61.066  -0.498 0.3000000119
19383  11.792  -61.243  -2.659 0.3000000119
19367  12.629  -61.391  -1.176 0.3000000119
20237  11.294  -59.144  -6.488 0.3000000119
20236  12.574  -59.612  -6.935 0.3000000119
20250  13.452  -58.924  -7.637 0.3000000119
127646  9.591  -59.780  -0.499 0.3000000119
19393  12.266  -60.644  -3.201 0.3000000119
19392  13.497  -60.493  -2.951 0.3000000119
20251  11.569  -58.678  -7.041 0.3000000119
3317  15.322  -86.142  -2.167 0.6000000238
3656  15.520  -86.146  -4.200 0.6999999881
3682  15.341  -86.055  -4.915 0.6999999881
17057  14.455  -62.770  -5.501 0.4000000060
116799  15.396  -64.030  -7.497 0.6000000238
20173  11.317  -60.423  0.140 0.3000000119
2200  18.612  -89.418  -8.778 0.6999999881
121395  15.400  -88.566  -6.697 0.6999999881
139059  22.473  -88.920  -7.619 0.8000000119
1843  24.867  -90.581  -10.229 0.6000000238
1842  25.615  -90.376  -10.036 0.6999999881
2551  22.414  -88.380  -6.062 0.6000000238
134678  15.930  -88.579  -3.219 0.6999999881
3042  27.774  -87.989  -10.284 0.8000000119
1837  27.009  -89.832  -8.967 0.6999999881
1833  27.716  -89.469  -8.249 0.8000000119
5992  14.909  -80.703  -7.274 0.6999999881
4016  15.399  -85.677  -2.225 0.5000000000
4071  15.517  -84.854  -5.449 0.6000000238
124112  14.701  -79.364  -8.569 0.6000000238
4940  13.446  -82.324  -3.109 0.6999999881
2938  16.651  -87.963  -2.007 0.8000000119
3610  17.868  -85.102  0.369 0.5000000000
3611  16.864  -85.147  0.363 0.6000000238
4455  14.160  -83.534  0.133 0.6000000238
9408  12.080  -74.397  -7.673 0.8000000119
2498  20.722  -88.436  -0.916 0.4000000060
2924  20.937  -87.434  0.714 0.4000000060
1797  22.172  -89.719  -2.943 0.3000000119
2153  20.092  -89.056  -1.258 0.4000000060
2490  20.273  -88.718  -0.637 0.4000000060
125700  20.270  -88.723  0.015 0.4000000060
2148  26.114  -89.343  -1.807 0.4000000060
2494  25.595  -88.705  -1.051 0.5000000000
2495  24.527  -88.430  -1.224 0.5000000000
2159  24.619  -89.643  -2.675 0.3000000119
2150  23.994  -89.069  -1.971 0.4000000060
2488  22.922  -87.890  -0.659 0.4000000060
1795  24.217  -90.072  -3.294 0.3000000119
132736  21.755  -89.149  -2.149 0.3000000119
2152  20.896  -88.773  -1.543 0.3000000119
1796  23.233  -89.907  -3.204 0.3000000119
2158  25.584  -89.744  -2.616 0.4000000060
135504  26.944  -89.383  -1.873 0.4000000060
2147  26.782  -89.309  -1.515 0.5000000000
1792  26.205  -89.989  -2.991 0.3000000119
1794  24.866  -89.938  -3.141 0.3000000119
1404  23.822  -91.374  -4.852 0.4000000060
129822  24.920  -90.745  -4.215 0.3000000119
1104  23.732  -91.683  -5.651 0.4000000060
1099  23.264  -91.799  -5.424 0.4000000060
118271  23.063  -92.206  -6.211 0.4000000060
1356  27.341  -89.610  -2.396 0.4000000060
1791  28.433  -89.595  -2.336 0.4000000060
1385  27.231  -89.963  -3.235 0.4000000060
138283  27.554  -89.980  -3.487 0.4000000060
1804  29.406  -89.408  -3.091 0.5000000000
1387  25.874  -90.466  -3.957 0.4000000060
1815  28.025  -89.835  -4.221 0.4000000060
1403  24.469  -91.093  -4.757 0.4000000060
1402  24.762  -91.041  -4.842 0.5000000000
1420  26.659  -90.260  -5.097 0.4000000060
128979  24.882  -91.151  -6.005 0.4000000060
1456  23.579  -91.618  -9.065 0.6000000238
1131  23.385  -91.933  -7.595 0.4000000060
2170  30.349  -88.693  -4.008 0.6000000238
2171  30.017  -88.655  -4.893 0.6000000238
2172  28.710  -89.415  -4.494 0.6000000238
2176  28.804  -89.059  -5.455 0.6000000238
1822  27.501  -89.567  -6.039 0.6000000238
2183  29.015  -88.818  -6.428 0.6999999881
1824  26.469  -90.326  -5.561 0.5000000000
130773  26.784  -90.034  -6.125 0.6000000238
2191  28.349  -89.227  -7.679 0.6999999881
125830  31.128  -87.863  -5.996 0.6999999881
2571  31.496  -87.546  -6.683 0.6999999881
2549  30.533  -88.248  -5.653 0.6000000238
2572  30.655  -88.087  -6.678 0.6999999881
2628  30.349  -88.043  -9.314 0.6999999881
2643  29.715  -88.000  -9.857 0.6999999881
3028  27.479  -87.508  -9.756 0.6999999881
2182  29.820  -88.458  -6.854 0.6999999881
2195  29.611  -88.844  -8.463 0.6999999881
141232  28.939  -89.061  -8.280 0.6999999881
129769  32.135  -87.004  -7.850 0.5000000000
3015  31.145  -87.084  -9.027 0.6000000238
138976  30.748  -88.150  -8.193 0.6999999881
134189  30.658  -87.479  -9.284 0.6000000238
3039  29.902  -87.486  -9.723 0.6999999881
3390  30.454  -86.819  -9.487 0.6999999881
2594  30.431  -88.276  -7.616 0.6999999881
3026  29.167  -87.460  -9.958 0.6999999881
3016  28.098  -86.982  -8.927 0.6000000238
3038  30.499  -87.108  -9.501 0.6000000238
3037  31.188  -86.215  -9.074 0.6000000238
3392  29.012  -86.897  -9.362 0.6000000238
3380  30.672  -85.987  -8.882 0.6000000238
2982  25.457  -87.140  -5.602 0.5000000000
128260  14.678  -88.562  -6.926 0.6000000238
127714  16.049  -88.592  -7.424 0.6000000238
3382  28.967  -86.502  -8.209 0.6000000238
3005  27.581  -86.886  -7.844 0.6000000238
3363  26.893  -86.479  -6.112 0.5000000000
2994  26.146  -86.832  -5.855 0.5000000000
2582  13.892  -88.550  -5.996 0.6000000238
2581  14.661  -88.560  -6.003 0.6000000238
130263  14.069  -88.567  -6.702 0.6000000238
3381  29.811  -86.285  -8.570 0.6000000238
3371  27.919  -86.408  -7.046 0.5000000000
2993  26.267  -87.125  -6.872 0.5000000000
2541  12.445  -88.479  -4.022 0.6000000238
128384  13.279  -88.593  -3.678 0.6000000238
126271  13.285  -88.620  -4.589 0.6000000238
2560  13.287  -88.580  -5.605 0.6000000238
124867  14.090  -88.660  -5.046 0.6000000238
138618  14.218  -88.646  -3.549 0.6000000238
2540  13.896  -88.682  -3.977 0.6000000238
2956  21.778  -87.053  -3.761 0.6000000238
3370  28.658  -86.127  -7.316 0.6000000238
2522  12.860  -88.455  -2.913 0.6000000238
2510  13.451  -88.209  -2.349 0.6000000238
2521  13.777  -88.609  -3.027 0.6000000238
2501  14.266  -88.138  -2.029 0.6000000238
2509  14.331  -88.403  -2.385 0.6000000238
2500  14.942  -88.167  -1.889 0.5000000000
2508  15.263  -88.488  -2.574 0.6000000238
2499  15.759  -88.114  -1.895 0.5000000000
121942  11.405  -88.156  -3.946 0.6999999881
141269  11.238  -88.001  -3.163 0.6000000238
2511  12.475  -88.054  -2.511 0.6000000238
2941  13.855  -87.722  -2.056 0.6000000238
3306  14.520  -87.237  -1.881 0.6000000238
4053  11.042  -84.399  -3.857 0.6000000238
2512  11.684  -87.808  -2.709 0.6000000238
134309  12.144  -87.450  -2.419 0.6000000238
3319  14.128  -86.936  -2.293 0.5000000000
3320  12.156  -86.607  -2.327 0.6000000238
3658  13.156  -85.687  -3.034 0.6000000238
123825  11.862  -84.719  -3.898 0.6000000238
4072  12.434  -85.083  -4.852 0.6000000238
3321  11.009  -86.251  -2.451 0.6000000238
3641  13.181  -86.304  -2.423 0.6000000238
3657  14.262  -86.292  -2.956 0.5000000000
3669  14.193  -86.350  -4.091 0.6000000238
3670  12.845  -85.408  -3.881 0.5000000000
3335  15.282  -86.101  -3.190 0.6000000238
123464  13.522  -85.841  -4.933 0.6000000238
3684  14.113  -86.050  -5.735 0.6000000238
3693  13.880  -85.681  -6.441 0.6999999881
3694  13.244  -85.286  -6.845 0.6999999881
136463  13.491  -85.152  -7.527 0.6999999881
4127  14.056  -84.675  -8.607 0.6999999881
119665  14.417  -86.314  -4.995 0.6000000238
3683  14.917  -86.127  -5.389 0.6999999881
3709  14.596  -85.154  -7.110 0.6999999881
3710  14.108  -85.442  -7.078 0.6999999881
4110  14.162  -85.032  -7.831 0.6999999881
4126  14.507  -84.218  -8.660 0.6000000238
4510  15.411  -84.790  -6.134 0.6000000238
3357  25.295  -86.852  -4.975 0.5000000000
2970  24.604  -86.886  -4.606 0.5000000000
3330  24.969  -85.134  -4.059 0.5000000000
3345  24.047  -86.554  -3.827 0.6000000238
4045  24.447  -84.118  -4.782 0.6000000238
134419  24.634  -84.430  -4.135 0.6000000238
3331  24.348  -85.536  -3.477 0.6000000238
3346  22.908  -86.916  -3.907 0.6000000238
3313  22.509  -86.314  -2.915 0.6000000238
4046  23.874  -84.104  -3.958 0.5000000000
3653  23.816  -84.954  -2.995 0.6000000238
3333  21.391  -86.670  -2.988 0.6000000238
4027  23.028  -83.942  -2.908 0.6000000238
3640  22.147  -85.266  -1.815 0.5000000000
3314  21.873  -86.090  -2.215 0.6000000238
3315  20.992  -86.449  -2.180 0.6000000238
3629  22.264  -84.531  -1.852 0.5000000000
3288  18.211  -86.314  -0.587 0.5000000000
3632  20.087  -85.649  -0.822 0.5000000000
3302  19.638  -86.467  -1.403 0.6000000238
3301  20.552  -86.130  -1.464 0.6000000238
1434  25.171  -90.893  -6.460 0.6000000238
1829  27.919  -89.340  -6.827 0.6999999881
2971  23.541  -87.229  -4.649 0.5000000000
3336  14.771  -86.304  -2.784 0.6000000238
3692  14.651  -85.603  -6.317 0.6999999881
3316  20.080  -86.704  -2.204 0.6000000238
3287  19.161  -86.030  -0.672 0.6000000238
141974  21.226  -89.565  -2.622 0.3000000119
2161  22.721  -89.464  -2.591 0.3000000119
2496  23.349  -88.421  -1.301 0.4000000060
1808  23.811  -90.478  -3.829 0.3000000119
1388  25.322  -90.436  -3.700 0.4000000060
137648  25.102  -90.737  -4.351 0.4000000060
1790  29.116  -89.486  -2.546 0.4000000060
128958  26.948  -90.179  -3.777 0.3000000119
2168  28.923  -89.548  -3.700 0.5000000000
127681  29.466  -89.087  -4.263 0.6000000238
128567  25.450  -90.684  -4.479 0.5000000000
1823  27.083  -90.002  -5.375 0.5000000000
1421  25.912  -90.650  -5.287 0.5000000000
2175  29.633  -88.599  -5.784 0.6000000238
2612  30.938  -87.875  -8.730 0.6999999881
127237  13.157  -87.104  -2.197 0.6000000238
4144  13.994  -84.227  -9.320 0.6000000238
3652  24.295  -84.637  -3.543 0.6000000238
4483  23.051  -83.879  -3.507 0.5000000000
3332  23.581  -85.993  -3.138 0.6000000238
4026  23.626  -84.250  -3.183 0.5000000000
3638  23.216  -84.450  -2.661 0.6000000238
4484  22.319  -83.708  -3.047 0.5000000000
3300  21.410  -85.731  -1.574 0.5000000000
3631  20.899  -85.204  -1.022 0.5000000000
507  13.588  -94.465  15.737 0.4000000060
701  13.724  -94.071  17.212 0.4000000060
506  14.276  -94.068  15.719 0.5000000000
357  12.251  -95.713  13.515 0.5000000000
372  11.790  -95.706  11.862 0.5000000000
723  10.932  -94.090  11.318 0.5000000000
121061  13.103  -95.674  13.400 0.5000000000
347  12.694  -95.439  14.192 0.5000000000
700  14.157  -93.631  17.580 0.4000000060
922  14.144  -92.917  19.105 0.4000000060
927  14.551  -92.831  17.871 0.5000000000
2422  18.250  -88.130  3.346 0.3000000119
2423  17.672  -88.596  3.604 0.3000000119
2096  19.103  -89.526  2.093 0.3000000119
2115  19.851  -89.388  1.431 0.3000000119
348  11.917  -95.540  14.303 0.4000000060
140368  11.417  -95.954  12.611 0.5000000000
210  11.268  -95.977  12.067 0.5000000000
132227  12.338  -95.203  15.022 0.4000000060
508  12.806  -94.786  15.839 0.4000000060
696  13.413  -93.863  18.235 0.3000000119
488  12.970  -94.350  17.564 0.3000000119
1556  15.088  -91.086  17.940 0.4000000060
923  13.340  -93.177  19.663 0.3000000119
1187  14.486  -92.011  19.664 0.4000000060
121038  14.711  -91.896  18.510 0.5000000000
910  13.607  -92.016  20.461 0.3000000119
2871  18.095  -87.033  4.416 0.3000000119
2412  17.137  -88.131  4.971 0.3000000119
2448  19.506  -88.452  2.122 0.3000000119
2466  20.114  -87.590  2.020 0.3000000119
2114  20.222  -89.359  0.901 0.3000000119
135017  11.621  -95.381  15.107 0.3000000119
131414  11.418  -95.718  13.765 0.4000000060
330  12.007  -95.031  15.913 0.3000000119
918  12.490  -92.577  20.164 0.3000000119
1533  15.243  -90.894  20.090 0.4000000060
140670  15.608  -90.798  18.514 0.4000000060
1186  14.720  -91.365  20.039 0.4000000060
1181  13.008  -91.361  20.321 0.3000000119
2855  19.872  -87.021  5.473 0.4000000060
2856  18.767  -86.771  5.153 0.4000000060
3249  18.356  -86.723  6.079 0.4000000060
3241  18.202  -86.698  7.080 0.4000000060
3224  17.828  -85.948  8.082 0.4000000060
2827  18.043  -86.615  8.691 0.5000000000
2869  19.821  -87.333  4.097 0.3000000119
2886  18.738  -87.641  3.341 0.3000000119
2905  19.595  -87.545  2.678 0.3000000119
2916  20.522  -87.433  1.374 0.3000000119
119594  21.319  -88.044  -0.548 0.3000000119
331  11.226  -95.253  15.937 0.3000000119
131697  15.768  -89.963  20.895 0.3000000119
1532  16.274  -90.471  20.565 0.3000000119
127577  17.351  -90.498  18.628 0.4000000060
1547  12.615  -90.995  18.348 0.3000000119
1916  14.414  -90.145  20.406 0.3000000119
129694  13.322  -90.516  19.835 0.3000000119
1176  14.101  -91.416  20.516 0.3000000119
1965  19.351  -89.791  13.735 0.5000000000
1591  19.604  -91.130  14.895 0.5000000000
2390  22.671  -88.451  7.697 0.3000000119
2835  21.385  -87.219  7.587 0.3000000119
2397  21.948  -88.027  7.100 0.3000000119
2836  20.566  -86.750  7.232 0.3000000119
3239  19.535  -86.435  7.085 0.4000000060
3198  20.077  -86.770  10.864 0.5000000000
136081  19.516  -87.597  11.707 0.5000000000
2843  21.130  -87.504  6.658 0.3000000119
122305  19.112  -85.863  7.847 0.4000000060
3223  18.676  -85.852  8.278 0.4000000060
3215  18.449  -86.103  8.713 0.5000000000
3205  19.423  -86.719  10.367 0.5000000000
2884  20.114  -87.331  3.437 0.3000000119
126328  20.643  -87.154  2.097 0.3000000119
2915  21.236  -87.045  1.537 0.3000000119
140582  21.644  -87.109  0.851 0.3000000119
2929  22.685  -87.488  -0.019 0.4000000060
1519  16.954  -90.398  21.128 0.3000000119
129720  17.824  -90.836  20.054 0.4000000060
1558  12.541  -90.832  17.111 0.3000000119
1917  13.670  -89.712  18.931 0.3000000119
1915  15.117  -89.696  20.433 0.3000000119
127208  18.287  -90.711  18.583 0.4000000060
1557  13.124  -90.023  17.759 0.3000000119
1203  18.876  -91.034  17.011 0.4000000060
130769  19.103  -91.307  15.165 0.5000000000
1552  20.354  -90.287  16.923 0.4000000060
1201  19.828  -91.050  15.997 0.5000000000
119721  23.830  -89.884  9.330 0.3000000119
1964  20.561  -89.766  14.042 0.5000000000
1590  20.376  -90.953  14.945 0.5000000000
2825  22.216  -87.619  8.856 0.3000000119
1963  21.396  -89.365  13.734 0.4000000060
1600  20.983  -90.600  14.614 0.5000000000
2396  22.668  -88.828  6.719 0.3000000119
2826  21.550  -86.976  8.501 0.4000000060
3221  20.876  -86.411  9.032 0.4000000060
2799  21.163  -87.648  12.501 0.5000000000
2343  20.611  -88.741  13.473 0.5000000000
133849  21.099  -88.300  5.237 0.3000000119
3230  19.958  -86.154  7.754 0.4000000060
3222  19.808  -85.972  8.520 0.5000000000
3213  20.185  -86.234  9.458 0.5000000000
2868  20.678  -87.891  3.998 0.3000000119
136706  22.016  -88.478  3.253 0.4000000060
2446  22.453  -87.873  2.712 0.3000000119
120833  21.892  -87.151  2.143 0.4000000060
2913  23.231  -87.219  1.254 0.4000000060
2654  19.731  -88.880  -13.088 0.5000000000
137535  23.473  -87.521  -0.123 0.3000000119
1939  12.646  -89.895  15.774 0.3000000119
1931  13.790  -89.195  17.742 0.3000000119
1517  18.510  -90.353  21.194 0.3000000119
1569  12.835  -90.154  16.625 0.3000000119
1516  19.649  -90.204  21.057 0.3000000119
129356  19.979  -90.491  17.525 0.5000000000
1551  20.843  -89.982  17.247 0.4000000060
125124  20.571  -90.180  17.881 0.3000000119
1625  24.365  -89.852  10.256 0.3000000119
118751  21.430  -90.108  15.944 0.5000000000
2378  22.815  -88.429  9.215 0.3000000119
139872  22.029  -89.823  13.775 0.4000000060
1589  21.561  -90.338  14.599 0.4000000060
2818  22.254  -87.627  9.683 0.4000000060
2812  22.135  -87.581  10.488 0.4000000060
2806  21.914  -87.515  11.150 0.4000000060
2353  22.008  -88.519  12.610 0.4000000060
2403  21.658  -88.455  5.984 0.3000000119
134453  22.645  -89.420  5.406 0.3000000119
3212  21.087  -86.512  10.004 0.4000000060
2807  21.340  -87.181  11.504 0.5000000000
2409  22.099  -89.232  3.735 0.3000000119
2420  22.830  -89.161  3.213 0.4000000060
2464  23.924  -87.777  1.804 0.4000000060
2230  19.402  -88.985  -11.857 0.5000000000
2922  23.415  -87.332  0.509 0.4000000060
2463  24.925  -88.145  1.627 0.5000000000
1857  20.963  -90.479  -12.851 0.5000000000
1938  13.370  -89.441  16.637 0.3000000119
2583  12.510  -88.524  -6.177 0.5000000000
1562  21.437  -89.746  17.027 0.3000000119
1526  21.428  -89.764  19.197 0.3000000119
128278  13.319  -88.579  -6.636 0.5000000000
2584  11.671  -88.459  -6.668 0.6000000238
1996  25.778  -89.404  10.023 0.3000000119
1619  24.125  -89.668  10.962 0.3000000119
1632  24.615  -90.052  9.484 0.3000000119
1997  23.678  -89.734  10.073 0.3000000119
1990  23.287  -89.158  10.686 0.3000000119
1944  22.165  -90.031  14.753 0.4000000060
133342  16.567  -88.602  -7.962 0.5000000000
2564  9.630  -87.866  -4.719 0.5000000000
2373  22.734  -88.351  10.181 0.3000000119
2352  22.592  -88.553  12.048 0.3000000119
1974  22.809  -88.996  12.709 0.3000000119
1951  22.860  -89.534  14.503 0.3000000119
130230  16.556  -88.723  -8.633 0.5000000000
127424  23.634  -89.959  5.763 0.3000000119
2067  22.741  -89.820  4.259 0.3000000119
2201  17.787  -89.377  -9.188 0.5000000000
2066  23.516  -90.276  3.957 0.3000000119
2224  18.694  -89.304  -10.922 0.5000000000
2073  24.472  -90.021  3.346 0.4000000060
2223  19.362  -89.503  -10.719 0.6000000238
2094  24.948  -89.664  2.874 0.4000000060
2443  25.488  -89.026  2.313 0.5000000000
2222  20.366  -89.855  -11.237 0.5000000000
2462  25.955  -88.587  1.362 0.4000000060
2478  25.101  -87.903  0.706 0.3000000119
2921  24.229  -87.570  0.171 0.4000000060
2227  21.573  -89.948  -11.650 0.6000000238
2108  29.604  -88.715  1.266 0.3000000119
2124  28.755  -89.045  1.026 0.4000000060
2476  26.797  -88.579  0.085 0.4000000060
2487  25.100  -88.011  -0.298 0.3000000119
1849  22.814  -90.015  -11.449 0.6000000238
136053  21.335  -90.654  -11.682 0.5000000000
134424  30.040  -88.336  1.100 0.3000000119
2123  29.395  -88.839  0.760 0.5000000000
1767  28.435  -89.114  -0.856 0.4000000060
1768  27.975  -89.213  -1.006 0.4000000060
1474  22.487  -91.089  -10.834 0.6000000238
133716  30.762  -87.126  0.291 0.3000000119
2134  30.637  -88.656  -0.299 0.5000000000
1766  28.997  -89.020  -0.766 0.4000000060
1781  28.683  -89.286  -1.488 0.4000000060
2485  31.193  -88.108  -0.547 0.4000000060
2145  30.167  -89.004  -1.529 0.5000000000
1780  29.256  -89.317  -1.902 0.4000000060
1789  30.021  -89.137  -2.416 0.5000000000
2562  11.679  -88.371  -5.774 0.6000000238
136745  10.973  -88.099  -5.439 0.6000000238
2372  26.681  -88.307  10.776 0.3000000119
1981  25.052  -88.885  11.381 0.3000000119
2365  24.576  -88.763  12.076 0.3000000119
1982  24.325  -89.222  11.562 0.3000000119
120866  10.726  -87.877  -4.740 0.6000000238
2542  9.925  -87.610  -4.511 0.6000000238
1972  23.919  -89.031  12.382 0.3000000119
1961  23.479  -89.021  13.173 0.3000000119
2543  9.266  -88.544  -3.147 0.6000000238
124123  27.416  -89.116  7.832 0.3000000119
1984  23.327  -89.035  11.740 0.3000000119
1973  23.302  -89.035  12.711 0.3000000119
134083  8.463  -87.815  -2.531 0.6000000238
2054  23.597  -90.270  4.810 0.3000000119
131801  8.526  -85.680  -3.079 0.6000000238
3325  7.908  -86.835  -2.660 0.6000000238
3673  7.703  -86.100  -3.830 0.6000000238
3686  7.916  -85.602  -4.777 0.5000000000
2092  26.657  -89.650  2.524 0.4000000060
2125  28.199  -89.146  0.995 0.4000000060
2927  31.494  -87.201  -0.788 0.4000000060
2157  31.010  -88.725  -1.890 0.5000000000
2371  27.401  -87.623  10.955 0.3000000119
2362  26.930  -87.482  11.682 0.3000000119
135391  25.758  -88.501  11.238 0.3000000119
2364  25.352  -88.395  11.773 0.3000000119
2351  24.191  -88.742  12.920 0.3000000119
2341  24.116  -88.490  13.806 0.3000000119
2330  23.780  -88.520  14.633 0.3000000119
2561  12.490  -88.533  -5.178 0.5000000000
1995  26.989  -88.752  9.968 0.3000000119
2008  26.572  -89.635  8.510 0.3000000119
2961  10.828  -87.410  -2.868 0.5000000000
2975  10.404  -87.659  -3.805 0.6000000238
1994  28.032  -88.231  9.264 0.3000000119
1950  23.402  -88.980  14.170 0.3000000119
2951  9.435  -87.036  -2.682 0.6000000238
2831  28.052  -88.015  8.195 0.3000000119
3323  9.091  -86.478  -2.600 0.6000000238
1729  27.116  -89.831  3.057 0.3000000119
1730  26.145  -89.980  2.994 0.3000000119
3672  8.261  -85.507  -3.881 0.6000000238
119704  9.049  -84.869  -5.916 0.6000000238
3322  10.000  -86.274  -2.552 0.6000000238
3644  10.500  -85.601  -2.499 0.5000000000
4020  10.159  -85.132  -2.745 0.6000000238
3659  9.317  -85.399  -2.913 0.6000000238
4055  9.675  -84.622  -4.201 0.6000000238
138392  8.811  -84.950  -4.748 0.6000000238
4092  9.751  -84.733  -6.731 0.6000000238
4075  9.720  -84.590  -5.203 0.6000000238
4113  9.680  -84.785  -7.593 0.5000000000
2950  10.496  -86.747  -2.692 0.5000000000
3643  11.369  -85.600  -2.455 0.5000000000
137964  10.359  -84.503  -3.817 0.5000000000
4074  10.568  -84.529  -5.572 0.6000000238
4146  11.748  -84.408  -9.612 0.5000000000
4169  13.226  -84.047  -10.711 0.6000000238
140482  11.417  -84.144  -10.241 0.5000000000
4170  12.266  -84.090  -10.360 0.6000000238
131322  11.800  -83.749  -10.685 0.6000000238
4030  11.376  -84.660  -3.119 0.5000000000
4090  11.379  -84.681  -6.062 0.5000000000
135771  11.491  -84.778  -7.125 0.5000000000
4091  10.592  -84.643  -6.491 0.6000000238
4111  12.594  -84.986  -7.404 0.6000000238
117158  12.003  -84.851  -8.091 0.5000000000
4129  11.249  -84.657  -8.772 0.5000000000
120050  13.182  -84.895  -8.261 0.6000000238
4125  14.928  -84.105  -8.083 0.6000000238
131381  13.363  -84.585  -9.107 0.6000000238
137552  13.429  -83.544  -12.059 0.5000000000
10073  6.903  -74.332  -6.969 0.5000000000
4018  11.578  -85.093  -2.668 0.5000000000
4073  11.402  -84.554  -4.908 0.5000000000
4089  12.280  -84.960  -6.506 0.6000000238
10774  6.775  -72.499  -5.843 0.5000000000
11469  6.028  -71.620  -5.167 0.6000000238
10051  6.878  -73.545  -6.494 0.6000000238
10072  7.686  -73.938  -7.171 0.6000000238
10775  5.909  -73.320  -5.994 0.5000000000
9426  7.574  -74.741  -7.366 0.5000000000
120082  6.924  -75.744  -7.251 0.5000000000
136780  12.286  -81.593  -11.284 0.5000000000
5040  12.866  -82.681  -12.155 0.5000000000
119912  12.373  -72.044  -8.428 0.6000000238
11489  11.379  -71.744  -7.715 0.6999999881
11504  10.713  -72.380  -7.776 0.6000000238
11490  10.629  -71.572  -7.267 0.6999999881
12130  8.024  -71.023  -5.607 0.6000000238
11468  7.101  -71.375  -5.427 0.6000000238
10790  9.391  -72.496  -7.281 0.6000000238
11492  9.255  -71.951  -6.739 0.6000000238
10089  12.020  -73.901  -8.776 0.6000000238
118589  10.913  -73.343  -8.307 0.6000000238
10772  8.689  -72.549  -6.805 0.6000000238
11478  7.880  -72.017  -6.047 0.5000000000
123943  11.061  -74.072  -8.414 0.6000000238
10070  9.166  -73.215  -7.636 0.6000000238
10773  7.764  -73.032  -6.594 0.5000000000
10090  10.248  -73.847  -8.250 0.6000000238
125029  8.453  -73.535  -7.403 0.6000000238
9447  9.616  -74.276  -8.089 0.6000000238
10071  8.948  -73.938  -7.985 0.6000000238
9425  8.721  -74.498  -7.699 0.6000000238
8795  7.860  -75.131  -7.344 0.5000000000
7602  7.365  -77.613  -7.346 0.5000000000
7601  7.993  -77.752  -7.805 0.5000000000
7611  8.400  -78.036  -8.321 0.5000000000
7035  9.347  -78.319  -8.859 0.5000000000
11476  9.439  -71.088  -6.382 0.6000000238
126768  9.357  -70.091  -5.873 0.6999999881
9446  10.520  -74.454  -8.138 0.5000000000
8794  8.759  -75.164  -7.282 0.6000000238
8786  8.289  -75.743  -6.687 0.6000000238
8194  7.316  -76.693  -7.134 0.5000000000
8193  8.167  -76.363  -6.574 0.6000000238
7600  8.595  -77.575  -7.381 0.5000000000
119060  9.634  -77.469  -6.754 0.6000000238
119890  9.315  -77.907  -8.069 0.6000000238
13415  15.957  -68.819  -7.353 0.4000000060
119570  11.876  -69.534  -6.988 0.6999999881
14158  10.062  -67.186  -6.632 0.5000000000
13408  9.233  -67.804  -5.885 0.5000000000
13407  15.347  -69.081  -6.411 0.6000000238
12125  15.928  -69.983  -7.728 0.5000000000
138798  9.462  -68.254  -6.235 0.6000000238
13409  8.891  -68.407  -5.342 0.5000000000
117701  15.281  -69.328  -5.394 0.5000000000
12144  12.301  -70.195  -7.544 0.6000000238
12741  9.928  -68.556  -6.436 0.8000000119
12145  11.905  -70.982  -7.647 0.6999999881
12127  10.309  -69.913  -6.420 0.8000000119
12734  8.409  -69.105  -5.253 0.6999999881
8187  8.875  -75.970  -6.006 0.6000000238
8192  8.879  -76.647  -6.100 0.6000000238
14149  9.999  -67.115  -6.321 0.5000000000
12752  16.845  -69.400  -8.653 0.5000000000
13428  12.275  -67.880  -7.383 0.6999999881
13399  9.968  -68.093  -4.586 0.5000000000
13398  15.429  -68.430  -4.986 0.4000000060
125768  15.575  -68.237  -6.376 0.4000000060
122987  15.633  -69.145  -4.631 0.4000000060
12724  15.702  -70.218  -4.522 0.5000000000
12105  15.800  -71.168  -4.041 0.4000000060
14868  10.567  -66.824  -6.801 0.5000000000
14139  10.483  -67.455  -5.348 0.5000000000
14166  16.562  -67.702  -7.852 0.3000000119
134280  17.237  -68.173  -8.916 0.3000000119
13429  10.677  -66.924  -7.067 0.6000000238
12716  16.124  -69.532  -3.953 0.4000000060
136195  16.391  -69.875  -3.287 0.4000000060
11444  15.582  -71.457  -3.658 0.4000000060
14875  11.264  -66.722  -7.084 0.6000000238
14167  12.431  -67.032  -7.653 0.6000000238
12101  15.976  -71.088  -3.402 0.4000000060
14867  11.508  -66.658  -6.497 0.5000000000
14148  10.966  -66.905  -5.950 0.5000000000
116171  16.652  -65.710  -6.384 0.3000000119
116871  17.055  -66.553  -8.191 0.3000000119
133068  17.755  -66.478  -9.203 0.3000000119
132956  16.702  -66.890  -9.998 0.4000000060
12090  16.277  -70.913  -2.270 0.3000000119
11435  15.327  -71.460  -2.853 0.4000000060
11420  15.638  -71.222  -2.082 0.4000000060
117359  18.230  -65.845  -9.125 0.4000000060
14874  12.138  -66.410  -6.896 0.6000000238
14147  12.215  -66.896  -5.281 0.4000000060
132991  16.836  -66.042  -9.744 0.4000000060
117001  17.102  -64.877  -5.749 0.3000000119
135686  16.930  -64.902  -6.837 0.3000000119
14866  12.664  -66.508  -5.854 0.5000000000
133281  15.558  -65.777  -9.625 0.4000000060
116177  14.207  -64.771  -9.879 0.4000000060
133159  13.594  -64.255  -9.571 0.5000000000
17100  14.973  -63.979  -10.029 0.4000000060
116184  13.166  -63.991  -10.152 0.4000000060
19459  15.581  -60.539  -9.477 0.3000000119
19460  13.956  -60.375  -9.347 0.3000000119
120472  16.038  -61.351  -9.937 0.3000000119
18634  14.187  -61.163  -9.273 0.3000000119
19448  13.653  -60.173  -9.226 0.3000000119
18583  9.306  -62.116  -3.187 0.4000000060
20274  14.820  -59.574  -9.431 0.3000000119
2315  23.239  -88.686  16.060 0.3000000119
2093  25.728  -89.732  2.692 0.4000000060
17118  13.953  -63.369  -10.081 0.3000000119
7578  10.028  -77.021  -5.849 0.6000000238
18556  8.033  -61.352  -1.902 0.4000000060
126965  15.261  -70.387  -5.348 0.5000000000
17849  14.286  -62.717  -9.921 0.3000000119
2139  26.554  -88.945  -0.839 0.3000000119
119774  27.904  -89.063  -0.100 0.4000000060
4054  10.473  -84.446  -4.596 0.5000000000
498  13.285  -94.443  16.627 0.4000000060
346  13.566  -95.232  14.126 0.5000000000
524  11.441  -95.216  11.477 0.5000000000
1196  14.707  -91.571  17.218 0.5000000000
2872  17.492  -87.529  4.654 0.4000000060
499  12.499  -94.655  16.751 0.4000000060
1545  15.068  -91.235  19.237 0.4000000060
1555  15.746  -90.567  17.481 0.4000000060
2870  18.978  -87.082  4.259 0.4000000060
2858  17.610  -87.367  6.010 0.4000000060
2846  17.890  -87.290  7.006 0.4000000060
358  10.658  -95.739  13.725 0.3000000119
1189  11.987  -91.971  19.233 0.3000000119
1175  14.746  -90.966  20.417 0.3000000119
1544  16.832  -90.543  19.862 0.4000000060
128957  16.385  -90.515  18.569 0.4000000060
2411  20.418  -87.699  4.847 0.4000000060
1531  17.323  -90.792  21.001 0.4000000060
140373  18.672  -90.891  17.728 0.4000000060
2808  20.356  -87.107  11.642 0.5000000000
141682  18.846  -88.427  -11.756 0.5000000000
129907  21.013  -87.085  2.339 0.4000000060
1930  14.238  -89.039  18.491 0.3000000119
1543  18.594  -90.800  19.639 0.4000000060
1195  18.998  -90.864  18.131 0.4000000060
1194  19.414  -90.721  17.240 0.5000000000
1576  20.924  -90.511  15.614 0.5000000000
2039  23.435  -89.549  6.539 0.3000000119
2068  21.575  -88.909  4.916 0.3000000119
2410  21.422  -88.791  4.180 0.3000000119
2228  20.957  -90.380  -11.716 0.6000000238
1528  20.773  -90.259  19.709 0.3000000119
1542  19.366  -90.664  19.101 0.4000000060
1599  22.362  -89.797  13.865 0.3000000119
2209  19.221  -89.609  -9.603 0.5000000000
2444  24.538  -88.677  2.433 0.4000000060
1922  21.790  -89.410  18.876 0.3000000119
1943  22.594  -89.549  15.475 0.3000000119
2110  28.462  -89.357  1.956 0.4000000060
2112  26.965  -89.219  1.658 0.4000000060
2477  26.002  -88.298  0.383 0.4000000060
140875  29.523  -86.668  1.187 0.3000000119
2340  24.779  -88.162  13.042 0.3000000119
3645  9.621  -85.781  -2.612 0.6000000238
2111  27.872  -89.427  1.659 0.3000000119
2785  24.841  -87.750  13.781 0.3000000119
2769  24.469  -87.865  14.799 0.3000000119
2832  27.509  -88.009  7.578 0.3000000119
133415  11.136  -84.764  -7.900 0.5000000000
4128  12.379  -84.693  -8.935 0.6000000238
122439  11.045  -70.722  -6.969 0.6999999881
12742  9.627  -69.272  -6.060 0.6999999881
124946  11.647  -70.185  -7.120 0.6999999881
13416  10.435  -67.682  -6.762 0.6000000238
116818  16.590  -66.546  -6.962 0.3000000119
132957  17.154  -65.387  -7.789 0.3000000119
2207  21.426  -89.082  -9.889 0.5000000000
130603  20.786  -89.451  -9.076 0.5000000000
137068  12.071  -84.901  -5.656 0.4000000060
3685  13.055  -85.368  -5.859 0.5000000000
4572  13.840  -83.847  -11.625 0.5000000000
4534  14.987  -83.451  -8.453 0.5000000000
4550  14.229  -83.670  -9.473 0.5000000000
4168  13.997  -83.722  -10.602 0.5000000000
5042  13.967  -83.188  -12.325 0.5000000000
5032  14.725  -82.638  -12.106 0.5000000000
4527  15.280  -83.377  -7.528 0.5000000000
5535  14.283  -81.346  -12.220 0.4000000060
4997  15.160  -82.461  -8.489 0.5000000000
5018  14.400  -82.824  -9.442 0.5000000000
5534  14.765  -81.386  -12.095 0.5000000000
6018  13.691  -80.919  -11.030 0.5000000000
120731  14.473  -81.824  -9.434 0.6000000238
121096  14.404  -81.348  -10.679 0.5000000000
6017  14.255  -80.817  -10.862 0.5000000000
128973  10.031  -78.032  -9.832 0.5000000000
5520  14.469  -80.866  -9.635 0.6000000238
6020  11.132  -79.310  -10.393 0.5000000000
7046  10.348  -78.228  -10.339 0.5000000000
6016  14.221  -80.760  -10.603 0.6000000238
6522  13.375  -80.019  -10.249 0.6000000238
118887  12.580  -80.357  -10.252 0.5000000000
5508  14.896  -81.399  -8.656 0.6000000238
6008  14.282  -80.013  -9.817 0.6000000238
6514  14.070  -79.708  -10.065 0.6000000238
7045  11.087  -77.834  -10.208 0.6000000238
6506  14.040  -78.756  -9.714 0.6000000238
7609  10.961  -77.385  -9.633 0.5000000000
7610  10.168  -77.740  -9.198 0.5000000000
6515  13.145  -78.781  -10.046 0.6000000238
6523  12.050  -79.180  -10.260 0.6000000238
12117  6.355  -70.669  -4.821 0.5000000000
12735  7.605  -69.532  -4.927 0.5000000000
12116  8.166  -70.041  -5.338 0.5000000000
7588  10.542  -77.395  -6.444 0.6000000238
7032  13.927  -78.306  -8.960 0.6000000238
121929  10.986  -77.608  -8.474 0.6000000238
7044  12.382  -78.083  -10.015 0.6000000238
7034  11.807  -77.721  -9.645 0.6000000238
7033  12.840  -77.973  -9.180 0.6000000238
116707  16.747  -64.456  -9.710 0.3000000119
17803  9.046  -63.263  -4.132 0.3000000119
121326  30.990  -88.669  -2.743 0.4000000060
2533  30.870  -88.246  -4.686 0.5000000000
1466  22.915  -91.769  -10.070 0.5000000000
1473  23.235  -90.865  -10.559 0.5000000000
2547  32.111  -87.454  -4.767 0.4000000060
1848  23.572  -89.919  -11.187 0.4000000060
141442  32.572  -86.684  -7.391 0.4000000060
133684  19.833  -89.584  -10.172 0.4000000060
2220  22.172  -89.067  -11.479 0.4000000060
2208  20.666  -89.409  -10.252 0.4000000060
2221  21.091  -89.693  -11.131 0.4000000060
2226  22.532  -89.412  -11.587 0.4000000060
4134  34.226  -84.448  -9.137 0.4000000060
3400  32.690  -85.374  -9.369 0.4000000060
3401  31.952  -85.565  -9.265 0.4000000060
2199  19.532  -89.519  -8.681 0.4000000060
3377  33.570  -85.526  -8.551 0.4000000060
3378  32.765  -86.015  -8.611 0.4000000060
3732  31.582  -85.484  -9.220 0.4000000060
3718  30.866  -85.052  -8.425 0.5000000000
7024  14.086  -78.270  -7.792 0.5000000000
7023  14.604  -78.633  -7.292 0.5000000000
7596  13.641  -78.000  -7.139 0.5000000000
7014  14.270  -78.245  -6.994 0.5000000000
7562  13.746  -77.114  -5.123 0.5000000000
7597  12.479  -77.797  -7.183 0.5000000000
13410  7.993  -68.940  -4.885 0.4000000060
13400  8.906  -68.185  -5.180 0.4000000060
7586  13.249  -77.719  -6.513 0.5000000000
7598  11.488  -77.687  -7.586 0.5000000000
135520  31.640  -87.383  -7.482 0.5000000000
131501  33.210  -85.942  -8.027 0.4000000060
3402  32.000  -85.131  -9.426 0.4000000060
523  12.478  -95.222  11.630 0.4000000060
722  11.825  -93.996  11.525 0.4000000060
128987  15.073  -91.142  8.063 0.4000000060
371  12.640  -95.776  11.995 0.4000000060
1257  15.534  -91.621  8.474 0.4000000060
721  12.749  -93.977  11.522 0.4000000060
538  15.747  -94.746  9.043 0.4000000060
974  15.691  -92.629  8.989 0.4000000060
1248  15.205  -91.837  9.154 0.4000000060
136487  13.890  -95.508  13.397 0.5000000000
365  13.415  -95.861  12.085 0.5000000000
364  14.284  -95.813  12.108 0.4000000060
522  13.401  -95.103  11.471 0.4000000060
975  14.960  -92.900  9.657 0.4000000060
512  14.028  -94.593  14.880 0.5000000000
511  14.851  -94.128  14.870 0.5000000000
127088  14.563  -94.851  13.943 0.5000000000
369  14.462  -95.531  11.593 0.4000000060
720  13.610  -94.083  11.254 0.4000000060
510  15.516  -94.147  14.183 0.4000000060
517  14.991  -95.440  12.440 0.4000000060
961  16.555  -93.385  11.730 0.4000000060
520  16.137  -94.907  10.699 0.4000000060
529  15.327  -95.080  10.366 0.4000000060
539  14.911  -94.514  9.661 0.4000000060
730  13.788  -93.221  10.829 0.4000000060
119287  15.852  -94.945  9.688 0.4000000060
135744  15.242  -94.764  9.236 0.4000000060
709  15.539  -93.288  13.792 0.5000000000
138364  15.761  -94.999  12.252 0.4000000060
363  15.003  -95.473  11.789 0.4000000060
729  14.336  -94.272  10.646 0.4000000060
949  15.671  -92.926  12.677 0.5000000000
715  16.384  -93.977  12.192 0.4000000060
368  15.519  -95.125  11.277 0.4000000060
530  14.805  -94.975  10.309 0.4000000060
1225  16.366  -91.510  12.051 0.3000000119
1235  17.249  -91.650  11.639 0.3000000119
1613  16.248  -90.854  12.705 0.4000000060
1614  15.739  -91.325  12.542 0.3000000119
1594  16.443  -90.567  14.228 0.4000000060
120061  15.757  -90.648  13.618 0.4000000060
125637  19.225  -90.654  10.972 0.3000000119
123019  18.665  -90.764  11.477 0.4000000060
1622  17.953  -90.965  11.831 0.4000000060
1603  16.828  -90.623  13.561 0.4000000060
1621  18.352  -90.162  12.200 0.4000000060
135668  17.766  -90.658  12.371 0.4000000060
1602  17.730  -90.577  13.708 0.4000000060
126261  18.257  -91.071  16.487 0.3000000119
1237  15.945  -92.715  12.060 0.3000000119
1580  16.436  -90.482  15.949 0.3000000119
1595  15.550  -90.533  14.505 0.4000000060
1627  19.138  -89.750  10.785 0.4000000060
1579  17.663  -90.926  15.632 0.3000000119
1611  18.007  -90.335  12.942 0.4000000060
1601  18.480  -90.342  13.700 0.4000000060
118609  18.450  -91.242  15.140 0.4000000060
1220  14.844  -91.408  13.485 0.4000000060
1605  14.992  -90.738  13.974 0.4000000060
1634  19.870  -90.165  9.140 0.4000000060
130417  17.254  -90.571  16.614 0.3000000119
1999  18.940  -88.730  10.534 0.4000000060
123970  19.453  -89.722  9.843 0.4000000060
2374  18.942  -87.883  11.126 0.4000000060
2368  19.213  -88.327  12.140 0.4000000060
1977  18.596  -89.708  13.024 0.4000000060
946  14.719  -92.127  13.746 0.4000000060
1217  14.614  -91.343  14.500 0.4000000060
1567  15.380  -90.546  16.355 0.3000000119
137641  14.864  -90.707  15.674 0.4000000060
1554  16.859  -90.399  17.524 0.3000000119
2379  18.732  -87.748  10.137 0.4000000060
2837  17.761  -87.383  8.190 0.4000000060
2380  18.518  -87.048  9.602 0.4000000060
2355  19.933  -88.422  12.967 0.4000000060
706  14.770  -93.547  15.616 0.4000000060
123481  15.000  -90.879  16.992 0.3000000119
122739  14.570  -93.162  17.061 0.4000000060
710  15.187  -93.492  14.767 0.4000000060
933  14.594  -92.358  16.953 0.4000000060
1213  14.464  -91.955  15.426 0.4000000060
1582  14.558  -91.105  15.505 0.4000000060
3369  29.448  -85.882  -7.702 0.4000000060
1991  18.872  -88.869  11.466 0.4000000060
197  11.813  -95.883  12.994 0.5000000000
338  13.137  -94.938  14.937 0.5000000000
355  14.484  -95.547  12.937 0.4000000060
356  13.639  -95.813  12.711 0.5000000000
366  11.958  -95.873  12.321 0.5000000000
370  13.847  -95.670  11.672 0.4000000060
373  10.846  -95.797  11.625 0.5000000000
377  14.878  -95.167  11.118 0.4000000060
497  14.367  -93.702  16.559 0.5000000000
500  11.675  -94.771  16.702 0.3000000119
514  15.371  -94.789  13.244 0.4000000060
516  16.179  -94.845  11.577 0.4000000060
521  14.243  -95.053  11.188 0.4000000060
695  14.019  -93.464  18.364 0.4000000060
713  16.106  -94.046  13.102 0.5000000000
719  16.625  -94.321  11.432 0.4000000060
740  15.391  -94.239  9.156 0.4000000060
911  12.890  -92.049  20.490 0.3000000119
916  13.832  -92.544  20.040 0.3000000119
917  13.104  -92.661  20.252 0.3000000119
940  14.717  -92.812  16.234 0.4000000060
943  14.960  -92.961  15.394 0.4000000060
950  14.996  -92.243  13.078 0.5000000000
1096  24.392  -91.330  -5.358 0.4000000060
1097  24.244  -91.335  -5.115 0.4000000060
1098  23.798  -91.459  -5.063 0.4000000060
1118  24.035  -91.641  -6.113 0.5000000000
1119  23.361  -92.050  -6.475 0.5000000000
1177  13.580  -91.423  20.500 0.3000000119
1180  14.235  -91.745  20.287 0.4000000060
1182  12.286  -92.045  20.130 0.3000000119
1188  12.621  -91.212  19.582 0.3000000119
1193  19.865  -90.631  16.657 0.5000000000
1202  19.406  -90.967  16.514 0.5000000000
1204  14.515  -91.664  16.258 0.4000000060
1212  18.976  -91.248  15.883 0.4000000060
1219  15.236  -91.632  12.771 0.4000000060
1224  17.091  -91.034  12.133 0.4000000060
1226  15.765  -91.947  12.160 0.3000000119
1249  14.449  -91.529  9.600 0.4000000060
1269  14.791  -91.256  7.536 0.4000000060
1355  28.177  -89.475  -1.867 0.4000000060
1357  26.800  -89.721  -2.582 0.3000000119
1372  27.757  -89.821  -2.775 0.4000000060
1373  26.897  -89.875  -2.926 0.4000000060
1374  26.269  -90.075  -3.234 0.3000000119
1375  25.786  -90.277  -3.500 0.4000000060
1384  27.970  -89.917  -3.011 0.4000000060
1386  26.494  -90.173  -3.537 0.4000000060
1389  24.282  -90.906  -4.401 0.3000000119
1400  26.717  -90.322  -4.277 0.4000000060
1401  25.953  -90.584  -4.646 0.5000000000
1422  25.200  -90.975  -5.097 0.5000000000
1433  25.989  -90.485  -6.142 0.5000000000
1445  24.091  -91.434  -7.586 0.6000000238
1465  23.598  -91.510  -9.790 0.5000000000
1472  23.991  -90.723  -10.363 0.5000000000
1479  21.973  -90.434  -11.580 0.6000000238
1520  15.526  -90.489  20.445 0.3000000119
1521  14.298  -90.809  20.536 0.3000000119
1529  18.933  -90.631  20.511 0.3000000119
1530  18.044  -90.864  20.932 0.3000000119
1534  13.738  -90.691  20.399 0.3000000119
1539  21.248  -89.799  18.147 0.3000000119
1540  20.965  -90.117  18.939 0.3000000119
1541  20.186  -90.451  18.678 0.3000000119
1546  13.082  -90.429  18.878 0.3000000119
1553  19.584  -90.652  18.050 0.4000000060
1563  20.866  -90.202  16.430 0.4000000060
1564  20.358  -90.615  16.120 0.4000000060
1565  17.984  -90.739  17.471 0.4000000060
1566  16.347  -90.432  16.744 0.3000000119
1568  14.686  -90.960  16.290 0.3000000119
1575  21.506  -90.327  15.170 0.4000000060
1577  20.329  -90.908  15.409 0.5000000000
1578  19.683  -91.209  15.391 0.5000000000
1581  15.487  -90.486  15.402 0.4000000060
1588  22.106  -90.091  14.294 0.4000000060
1592  18.582  -90.955  14.553 0.4000000060
1593  17.519  -90.787  14.558 0.3000000119
1596  14.875  -90.706  14.906 0.4000000060
1604  15.353  -90.943  13.149 0.3000000119
1612  17.238  -90.634  12.802 0.4000000060
1620  18.777  -89.858  11.541 0.4000000060
1626  23.988  -89.932  10.454 0.3000000119
1631  25.559  -89.907  9.200 0.3000000119
1633  24.070  -90.053  9.804 0.3000000119
1713  26.650  -90.037  3.443 0.3000000119
1714  25.773  -90.304  3.614 0.3000000119
1716  24.095  -90.364  3.703 0.4000000060
1769  27.525  -89.289  -1.216 0.4000000060
1782  27.470  -89.432  -1.895 0.4000000060
1783  26.414  -89.712  -2.448 0.4000000060
1793  25.787  -90.111  -3.138 0.4000000060
1805  28.152  -89.867  -3.576 0.4000000060
1806  27.459  -90.079  -3.943 0.4000000060
1807  24.700  -90.559  -3.836 0.3000000119
1809  22.705  -90.285  -3.649 0.3000000119
1816  27.286  -90.046  -4.579 0.4000000060
1830  27.218  -89.664  -6.818 0.6999999881
1838  26.221  -89.961  -7.923 0.6999999881
1841  26.369  -90.055  -9.738 0.6999999881
1847  24.352  -89.682  -11.027 0.6000000238
1855  23.285  -89.217  -11.597 0.4000000060
1856  21.098  -90.926  -12.135 0.5000000000
1906  16.085  -90.202  20.826 0.3000000119
1907  15.156  -90.319  20.611 0.3000000119
1914  16.372  -90.081  21.112 0.3000000119
1923  14.455  -89.373  19.570 0.3000000119
1946  12.244  -89.601  15.000 0.3000000119
1952  22.588  -89.774  14.125 0.3000000119
1953  20.021  -90.599  14.514 0.5000000000
1962  22.921  -89.377  13.560 0.3000000119
1975  22.151  -89.346  13.334 0.3000000119
1976  19.244  -89.015  12.969 0.4000000060
1983  23.828  -89.252  11.698 0.3000000119
1985  18.831  -89.284  12.274 0.4000000060
1987  25.796  -88.896  10.712 0.3000000119
1988  24.858  -89.422  10.725 0.3000000119
1989  23.773  -89.633  10.955 0.3000000119
1998  23.399  -89.351  9.215 0.3000000119
2007  27.399  -88.901  8.753 0.3000000119
2072  25.203  -90.079  3.109 0.4000000060
2074  23.682  -89.870  3.515 0.4000000060
2075  22.952  -89.759  3.709 0.3000000119
2089  28.875  -89.117  2.238 0.4000000060
2095  24.048  -89.329  3.048 0.4000000060
2109  29.266  -88.818  1.846 0.3000000119
2113  26.196  -89.329  2.147 0.4000000060
2122  30.168  -88.583  0.482 0.3000000119
2126  27.515  -88.989  0.767 0.4000000060
2135  29.754  -88.844  -0.233 0.4000000060
2136  28.927  -88.934  0.010 0.4000000060
2137  28.356  -89.018  0.065 0.4000000060
2138  27.367  -89.000  -0.489 0.5000000000
2144  30.963  -88.707  -1.008 0.5000000000
2146  29.467  -89.034  -1.148 0.4000000060
2149  25.102  -89.164  -1.944 0.3000000119
2151  22.865  -89.024  -1.967 0.3000000119
2160  23.620  -89.541  -2.658 0.3000000119
2162  20.595  -89.272  -2.018 0.4000000060
2166  30.969  -88.552  -3.409 0.6000000238
2167  30.202  -88.949  -3.223 0.5000000000
2173  27.937  -89.562  -5.146 0.6000000238
2184  28.251  -89.158  -6.106 0.6999999881
2190  29.176  -88.871  -7.488 0.6999999881
2192  20.815  -89.439  -7.933 0.6000000238
2196  28.390  -89.246  -8.674 0.8000000119
2197  27.792  -89.472  -9.089 0.8000000119
2204  28.276  -89.025  -9.596 0.8000000119
2217  26.341  -89.318  -10.417 0.8000000119
2229  20.170  -89.752  -12.111 0.5000000000
2323  23.263  -88.944  15.013 0.3000000119
2342  21.291  -88.488  13.197 0.4000000060
2344  19.910  -89.027  13.512 0.4000000060
2350  24.973  -88.273  12.368 0.3000000119
2354  20.651  -88.114  12.971 0.4000000060
2363  26.282  -88.056  11.435 0.3000000119
2366  22.598  -88.270  11.190 0.3000000119
2367  21.966  -87.854  11.876 0.4000000060
2384  27.958  -88.250  8.360 0.3000000119
2385  22.615  -88.208  8.430 0.3000000119
2387  18.420  -87.600  9.142 0.4000000060
2421  21.368  -88.180  3.563 0.3000000119
2445  23.466  -88.352  2.573 0.4000000060
2447  21.532  -87.497  2.840 0.4000000060
2449  18.821  -88.161  2.815 0.3000000119
2450  18.245  -88.807  3.066 0.3000000119
2460  29.679  -88.369  1.672 0.3000000119
2461  26.710  -88.653  0.838 0.4000000060
2465  20.050  -88.248  1.375 0.3000000119
2474  31.056  -87.518  -0.088 0.3000000119
2475  30.496  -87.870  0.601 0.3000000119
2479  20.693  -88.107  -0.083 0.4000000060
2480  20.349  -88.016  0.681 0.4000000060
2486  26.057  -88.435  -0.309 0.3000000119
2489  22.078  -87.870  -0.501 0.3000000119
2493  31.601  -87.981  -1.459 0.4000000060
2497  21.940  -88.425  -1.223 0.3000000119
2513  8.891  -87.731  -2.607 0.6000000238
2514  8.240  -88.099  -2.532 0.6000000238
2517  18.045  -88.114  -4.042 0.8000000119
2523  11.981  -88.293  -3.036 0.6000000238
2524  9.438  -87.844  -2.863 0.6000000238
2525  8.775  -88.291  -2.623 0.6000000238
2532  31.472  -88.249  -3.899 0.5000000000
2534  19.360  -88.185  -5.170 0.8999999762
2539  14.640  -88.657  -4.137 0.6000000238
2548  31.319  -87.845  -5.209 0.4000000060
2552  21.379  -88.108  -5.465 0.6999999881
2576  19.663  -88.641  -6.504 0.6999999881
2593  31.071  -87.821  -7.657 0.6999999881
2599  18.594  -88.889  -7.809 0.8000000119
2613  30.329  -88.428  -8.544 0.6999999881
2618  15.917  -88.602  -8.311 0.5000000000
2627  30.235  -87.484  -9.513 0.6000000238
2629  29.752  -88.509  -9.263 0.8000000119
2631  25.347  -88.191  -10.461 0.6999999881
2644  27.866  -88.537  -10.227 0.8000000119
2645  26.436  -88.470  -10.433 0.6999999881
2649  22.852  -88.674  -10.898 0.6000000238
2798  25.549  -87.790  12.565 0.3000000119
2800  20.088  -87.752  12.402 0.5000000000
2809  19.437  -87.193  11.050 0.5000000000
2813  21.544  -86.973  10.702 0.4000000060
2814  18.908  -87.184  10.342 0.4000000060
2819  21.665  -86.903  9.367 0.4000000060
2820  18.814  -86.574  9.506 0.5000000000
2822  28.167  -87.790  8.854 0.3000000119
2823  27.886  -87.673  8.502 0.3000000119
2828  17.564  -86.539  8.090 0.4000000060
2834  22.100  -87.736  8.023 0.3000000119
2844  20.234  -86.921  6.361 0.4000000060
2845  19.260  -86.663  6.124 0.4000000060
2854  20.757  -87.702  5.767 0.3000000119
2857  17.774  -86.987  5.354 0.4000000060
2883  20.742  -87.333  3.101 0.4000000060
2885  19.429  -87.360  3.501 0.3000000119
2887  17.899  -87.652  3.836 0.3000000119
2903  22.922  -87.340  2.017 0.4000000060
2904  20.302  -87.286  2.751 0.3000000119
2909  30.061  -87.842  1.355 0.3000000119
2910  29.842  -87.279  1.471 0.3000000119
2912  24.159  -87.535  0.967 0.4000000060
2914  22.239  -87.040  1.404 0.4000000060
2920  30.285  -87.349  0.881 0.3000000119
2923  22.507  -87.146  0.688 0.4000000060
2930  21.635  -87.554  0.118 0.3000000119
2940  14.815  -87.699  -1.711 0.6000000238
2946  18.380  -87.349  -2.269 0.6999999881
2948  12.850  -87.593  -2.261 0.6000000238
2949  11.436  -87.022  -2.558 0.6000000238
2952  8.665  -87.236  -2.548 0.6000000238
2953  8.171  -87.447  -2.525 0.6000000238
2962  10.077  -87.288  -3.064 0.5000000000
2972  21.992  -87.434  -4.555 0.6999999881
2976  9.903  -87.626  -3.632 0.6000000238
2983  24.775  -87.361  -5.439 0.5000000000
2985  22.093  -87.879  -5.307 0.6999999881
2986  21.465  -87.732  -4.970 0.6999999881
2992  32.250  -87.039  -6.209 0.6000000238
3002  32.657  -86.444  -7.998 0.5000000000
3003  32.154  -87.092  -7.058 0.4000000060
3004  31.390  -87.218  -8.209 0.6999999881
3008  23.824  -88.206  -6.750 0.6999999881
3017  26.704  -87.167  -7.877 0.6999999881
3024  31.373  -86.280  -8.989 0.4000000060
3025  30.782  -86.994  -9.390 0.6000000238
3027  28.347  -87.482  -9.882 0.6999999881
3029  26.183  -87.485  -9.042 0.8000000119
3040  29.396  -87.823  -10.049 0.6999999881
3043  26.921  -87.877  -10.179 0.8000000119
3197  20.892  -86.668  10.851 0.5000000000
3204  20.263  -86.464  10.248 0.5000000000
3214  19.242  -86.066  9.048 0.5000000000
3229  20.734  -86.522  8.106 0.4000000060
3231  18.609  -86.179  7.427 0.4000000060
3232  17.928  -86.006  7.816 0.4000000060
3233  17.749  -86.503  7.720 0.4000000060
3240  18.809  -86.525  6.762 0.4000000060
3250  17.921  -86.938  6.193 0.4000000060
3251  17.967  -86.984  6.841 0.4000000060
3303  17.645  -86.899  -1.065 0.8000000119
3324  8.394  -86.701  -2.601 0.6000000238
3344  25.411  -86.070  -4.494 0.5000000000
3347  15.033  -86.375  -3.790 0.6000000238
3356  25.857  -86.452  -5.163 0.5000000000
3362  27.476  -86.181  -6.432 0.5000000000
3368  33.155  -86.068  -7.288 0.4000000060
3372  27.158  -86.741  -6.935 0.5000000000
3379  32.009  -86.634  -8.666 0.5000000000
3388  33.024  -85.653  -9.088 0.4000000060
3389  32.286  -85.937  -9.120 0.4000000060
3391  29.842  -86.885  -9.587 0.6999999881
3403  29.721  -87.395  -9.848 0.6999999881
3621  15.777  -85.685  -0.613 0.5000000000
3639  22.744  -84.818  -2.159 0.5000000000
3642  12.264  -85.607  -2.536 0.5000000000
3646  8.806  -86.023  -2.695 0.6000000238
3654  23.172  -85.356  -2.571 0.6000000238
3660  7.901  -86.112  -3.128 0.6000000238
3668  15.031  -86.371  -4.606 0.6000000238
3671  9.037  -85.097  -3.651 0.6000000238
3702  29.705  -85.164  -7.670 0.4000000060
3716  34.104  -85.129  -8.160 0.4000000060
3719  30.185  -85.452  -8.070 0.5000000000
3730  34.123  -84.996  -8.724 0.4000000060
3731  33.538  -85.121  -9.251 0.4000000060
3746  32.469  -84.972  -9.545 0.4000000060
3993  14.653  -84.252  0.057 0.6000000238
4010  14.850  -84.815  -1.748 0.5000000000
4015  22.580  -84.032  -2.328 0.5000000000
4019  10.927  -84.963  -2.578 0.5000000000
4029  12.169  -85.073  -3.114 0.6000000238
4031  10.614  -84.626  -3.115 0.5000000000
4032  9.846  -84.802  -3.318 0.5000000000
4088  15.108  -84.906  -6.712 0.6000000238
4108  15.067  -84.112  -7.465 0.6000000238
4109  14.735  -84.647  -7.569 0.6999999881
4112  10.498  -84.701  -7.336 0.5000000000
4135  33.529  -84.474  -9.697 0.4000000060
4145  12.700  -84.318  -9.716 0.6000000238
4501  14.724  -83.524  -4.779 0.6000000238
4502  13.910  -83.078  -3.514 0.6000000238
4533  15.306  -83.576  -8.006 0.5000000000
4571  14.317  -83.393  -12.069 0.5000000000
4573  12.922  -83.831  -11.273 0.5000000000
4581  13.538  -82.929  -12.333 0.5000000000
4912  16.827  -81.901  0.423 0.5000000000
4914  13.328  -81.871  -0.142 0.5000000000
4949  13.759  -82.334  -3.996 0.6999999881
4970  14.909  -82.352  -6.936 0.6000000238
4981  15.457  -82.566  -7.796 0.6000000238
5019  14.583  -83.128  -11.060 0.5000000000
5033  14.431  -83.386  -11.679 0.5000000000
5039  14.552  -82.590  -12.188 0.5000000000
5414  13.118  -81.043  -0.353 0.5000000000
5430  12.742  -80.955  -0.945 0.5000000000
5528  14.311  -81.190  -11.860 0.5000000000
5529  12.945  -81.099  -11.180 0.5000000000
5536  12.788  -81.689  -11.902 0.5000000000
5537  14.437  -82.004  -12.314 0.5000000000
5538  13.637  -82.194  -12.330 0.4000000060
5890  16.525  -80.424  0.641 0.5000000000
6026  14.878  -81.082  -11.969 0.5000000000
6027  14.696  -81.014  -12.028 0.5000000000
6028  13.861  -80.782  -11.905 0.4000000060
6426  13.354  -79.446  -0.307 0.5000000000
6484  14.933  -79.127  -6.668 0.5000000000
6505  14.382  -79.295  -9.468 0.6000000238
6508  9.133  -78.533  -8.722 0.5000000000
6524  10.571  -78.712  -10.457 0.5000000000
7013  14.668  -78.402  -6.483 0.5000000000
7025  13.208  -78.008  -8.096 0.5000000000
7031  14.502  -78.697  -8.224 0.6000000238
7036  8.375  -78.390  -8.403 0.5000000000
7043  13.385  -78.342  -9.717 0.6000000238
7057  11.855  -78.438  -10.216 0.6000000238
7058  10.954  -78.595  -10.471 0.5000000000
7576  13.500  -77.461  -5.843 0.5000000000
7585  14.170  -77.932  -6.318 0.5000000000
7587  11.438  -77.530  -6.747 0.6999999881
7589  9.096  -77.127  -6.277 0.6000000238
7590  8.166  -77.098  -6.831 0.6000000238
7599  10.487  -77.653  -7.502 0.6000000238
7608  11.970  -77.779  -8.469 0.6000000238
7615  10.402  -77.611  -10.111 0.5000000000
8155  11.942  -76.176  -4.059 0.6999999881
8186  9.565  -76.246  -5.641 0.6999999881
8756  10.304  -74.858  -3.394 0.6000000238
8766  9.536  -74.962  -4.519 0.6999999881
8787  7.604  -75.922  -7.038 0.5000000000
9373  11.224  -74.563  -2.368 0.5000000000
9374  10.512  -74.236  -2.848 0.6000000238
9382  9.711  -74.107  -3.634 0.6000000238
9391  9.414  -74.448  -4.766 0.6999999881
9420  13.518  -74.172  -8.753 0.6999999881
9421  12.774  -74.365  -8.319 0.8000000119
9423  10.717  -74.755  -7.895 0.5000000000
9424  9.721  -74.767  -7.894 0.6000000238
9445  11.559  -74.397  -8.315 0.6000000238
9987  11.870  -73.582  -1.756 0.5000000000
10020  9.359  -73.900  -4.414 0.6999999881
10032  10.061  -73.651  -5.387 0.6999999881
10033  9.437  -73.994  -5.094 0.6999999881
10048  12.713  -73.795  -7.388 0.8000000119
10049  11.687  -74.028  -6.794 0.8000000119
10052  6.018  -74.163  -6.562 0.5000000000
10067  14.205  -73.599  -8.789 0.8000000119
10088  14.080  -73.802  -8.737 0.8000000119
10091  9.559  -73.678  -8.064 0.6000000238
10683  11.723  -72.924  -2.204 0.5000000000
10699  13.471  -72.025  -2.268 0.6000000238
10700  11.877  -72.485  -2.807 0.6000000238
10702  10.507  -72.811  -3.483 0.8000000119
10731  14.550  -72.104  -4.887 0.6999999881
10735  10.392  -72.738  -4.216 0.8000000119
10753  10.381  -72.917  -4.998 0.8000000119
10788  14.448  -72.805  -8.682 0.8000000119
10789  14.126  -73.049  -7.992 0.8000000119
10802  14.093  -73.220  -9.077 0.8000000119
10803  13.344  -72.819  -9.035 0.8000000119
10804  11.641  -72.802  -8.365 0.6000000238
10805  9.951  -72.970  -7.857 0.6000000238
11436  14.460  -71.667  -2.612 0.5000000000
11455  15.380  -71.592  -4.448 0.6000000238
11456  15.089  -71.769  -4.303 0.6000000238
11467  14.839  -71.934  -5.701 0.6999999881
11477  8.686  -71.546  -6.230 0.6000000238
11491  9.931  -71.932  -7.164 0.6999999881
11501  15.479  -71.442  -8.875 0.6999999881
11502  14.801  -72.189  -8.992 0.8000000119
11514  15.417  -71.387  -9.162 0.6999999881
12080  16.726  -70.312  -1.934 0.3000000119
12081  16.228  -70.838  -1.598 0.4000000060
12082  15.547  -71.078  -1.236 0.4000000060
12089  16.352  -70.647  -2.825 0.4000000060
12100  16.126  -70.531  -3.633 0.4000000060
12128  9.813  -70.320  -6.227 0.8000000119
12129  8.770  -70.599  -5.799 0.6000000238
12146  10.218  -70.993  -6.672 0.6000000238
12156  16.125  -70.756  -9.105 0.6999999881
12158  12.772  -71.018  -8.204 0.6999999881
12165  15.832  -70.456  -9.616 0.6999999881
12736  6.704  -69.851  -4.613 0.5000000000
12743  8.872  -69.629  -5.553 0.6999999881
12751  17.283  -68.795  -9.291 0.6000000238
12754  12.463  -69.245  -7.399 0.6999999881
12755  11.058  -69.337  -6.606 0.8000000119
12766  16.439  -70.021  -9.702 0.6000000238
12769  13.114  -70.108  -8.041 0.6000000238
12779  16.498  -69.308  -10.158 0.6000000238
12781  15.295  -69.984  -9.642 0.6999999881
13417  9.267  -67.887  -6.105 0.6000000238
13418  9.160  -68.740  -5.711 0.6999999881
13427  16.688  -68.472  -8.203 0.5000000000
13439  16.931  -68.771  -10.129 0.6000000238
13441  15.353  -68.894  -9.722 0.6000000238
14140  9.464  -67.557  -5.797 0.5000000000
14146  15.560  -67.831  -5.546 0.4000000060
14157  16.060  -68.078  -7.169 0.4000000060
14159  9.578  -67.502  -6.277 0.5000000000
14168  11.506  -66.941  -7.292 0.6000000238
14865  13.556  -66.166  -4.849 0.6000000238
14873  13.189  -66.103  -6.238 0.6999999881
14882  12.840  -66.176  -7.324 0.6999999881
14883  12.072  -66.648  -7.288 0.6000000238
14891  15.416  -66.850  -9.443 0.6000000238
14900  16.117  -67.166  -10.289 0.5000000000
15571  14.282  -64.153  -4.720 0.6000000238
15572  13.897  -65.454  -4.498 0.6000000238
15598  14.220  -65.861  -8.273 0.6000000238
16310  11.617  -64.160  -4.596 0.5000000000
16312  9.144  -64.476  -4.625 0.5000000000
16322  14.588  -63.614  -5.371 0.5000000000
16323  9.790  -64.171  -5.025 0.5000000000
17043  13.857  -63.415  -4.717 0.6000000238
17046  11.050  -63.550  -5.425 0.6000000238
17047  8.924  -63.990  -4.679 0.5000000000
17059  13.046  -62.853  -5.252 0.5000000000
17101  13.034  -63.918  -10.156 0.4000000060
17117  15.117  -62.965  -10.116 0.3000000119
17801  10.350  -62.398  -4.911 0.5000000000
17811  14.012  -62.093  -5.526 0.4000000060
17814  10.223  -62.938  -5.372 0.5000000000
17815  9.650  -63.314  -4.910 0.5000000000
17820  14.556  -61.998  -6.038 0.4000000060
17821  13.177  -61.636  -6.021 0.4000000060
18554  10.413  -61.826  -1.432 0.4000000060
18594  9.951  -62.400  -3.939 0.4000000060
18614  14.424  -61.346  -6.555 0.4000000060
18615  13.411  -61.029  -6.467 0.4000000060
18645  14.957  -61.805  -9.876 0.3000000119
19368  9.160  -60.960  -1.000 0.4000000060
19425  12.350  -60.233  -6.421 0.3000000119
21019  10.573  -58.405  -6.495 0.3000000119
116166  17.534  -66.339  -9.416 0.4000000060
116174  15.178  -62.715  -6.531 0.5000000000
116176  14.888  -65.441  -9.559 0.4000000060
116179  15.298  -63.527  -6.736 0.5000000000
116181  13.559  -63.479  -9.652 0.6000000238
116691  17.233  -65.278  -9.664 0.4000000060
116747  17.270  -67.358  -8.924 0.3000000119
116751  14.210  -64.910  -9.485 0.4000000060
116775  15.861  -65.075  -9.721 0.4000000060
116840  17.066  -67.195  -9.776 0.4000000060
116987  13.999  -62.866  -9.632 0.6000000238
117688  11.625  -68.563  -6.847 0.6999999881
117943  15.704  -63.220  -7.547 0.5000000000
117948  12.841  -72.181  -2.866 0.6000000238
118013  16.129  -87.074  -1.049 0.6999999881
119242  23.127  -89.308  13.827 0.3000000119
119647  29.093  -88.072  -10.056 0.6999999881
119857  14.949  -61.090  -9.442 0.3000000119
119998  12.572  -73.203  -8.869 0.6000000238
120039  15.207  -94.902  9.528 0.4000000060
120326  29.032  -89.011  1.613 0.4000000060
120413  8.323  -74.160  -7.632 0.6000000238
121626  15.895  -71.155  -2.879 0.4000000060
122001  21.930  -90.010  15.469 0.4000000060
122057  13.243  -63.915  -10.073 0.4000000060
122116  14.655  -80.864  -5.654 0.5000000000
122926  19.607  -87.089  4.740 0.4000000060
122945  27.934  -87.931  10.154 0.3000000119
122952  17.360  -88.308  4.249 0.3000000119
123165  26.622  -89.330  9.336 0.3000000119
123345  31.764  -87.435  -5.693 0.6999999881
123449  18.560  -87.297  3.844 0.3000000119
123467  24.766  -86.084  -3.980 0.5000000000
123565  17.343  -87.598  5.303 0.4000000060
123578  18.881  -87.362  -3.071 0.8000000119
124040  14.490  -84.572  -8.180 0.6999999881
124104  22.753  -89.343  13.348 0.3000000119
124143  12.691  -95.856  12.653 0.5000000000
124246  11.641  -88.345  -4.867 0.6000000238
124332  14.397  -77.670  -5.478 0.5000000000
124444  28.540  -89.061  -6.901 0.6999999881
124499  14.904  -82.028  0.808 0.5000000000
125101  14.522  -62.127  -9.433 0.4000000060
125177  17.967  -88.394  -4.898 0.8999999762
125404  7.313  -70.361  -5.136 0.5000000000
125951  31.706  -87.916  -4.460 0.5000000000
126022  12.377  -77.394  -6.132 0.5000000000
126457  15.827  -90.667  19.569 0.4000000060
126739  28.645  -89.719  -3.017 0.4000000060
126828  20.028  -89.597  -9.351 0.5000000000
127118  26.196  -90.443  -4.113 0.5000000000
127202  19.490  -90.501  10.366 0.3000000119
128535  19.932  -90.329  19.923 0.3000000119
128542  21.766  -87.030  10.050 0.4000000060
128805  8.303  -68.657  -4.891 0.4000000060
129050  9.661  -67.691  -6.450 0.6000000238
129291  20.966  -90.681  14.984 0.5000000000
129539  18.777  -88.896  2.546 0.3000000119
129601  14.839  -92.612  14.662 0.4000000060
129635  12.783  -81.388  -1.683 0.5000000000
129718  9.920  -84.655  -6.010 0.6000000238
129902  25.401  -90.879  -5.731 0.5000000000
130170  16.504  -90.561  15.039 0.4000000060
130415  11.168  -67.326  -7.156 0.6000000238
130467  21.996  -88.941  19.498 0.3000000119
130501  23.972  -87.818  -0.612 0.5000000000
130851  25.088  -90.858  -9.562 0.6999999881
131242  23.184  -89.068  9.863 0.3000000119
131452  15.120  -81.062  -8.113 0.6000000238
131591  23.935  -89.002  -11.501 0.6000000238
131618  12.173  -60.610  0.092 0.3000000119
131662  14.415  -78.789  -9.087 0.6000000238
132118  12.270  -62.412  -5.668 0.5000000000
132465  13.899  -64.878  -4.179 0.6000000238
132477  24.247  -87.855  -6.108 0.6000000238
132551  23.609  -88.911  13.552 0.3000000119
133004  17.131  -64.173  -6.561 0.3000000119
133011  17.974  -65.677  -9.405 0.4000000060
133061  13.105  -64.288  -9.932 0.4000000060
133069  17.299  -68.141  -9.731 0.6000000238
133094  14.875  -63.758  -8.547 0.6000000238
133141  14.878  -64.735  -7.368 0.6000000238
133142  14.434  -65.447  -8.748 0.6000000238
133187  16.622  -67.073  -7.617 0.3000000119
133267  16.973  -66.039  -7.626 0.3000000119
133318  30.774  -88.253  0.035 0.5000000000
133726  20.200  -87.328  2.387 0.3000000119
133768  15.348  -68.537  -5.684 0.4000000060
134053  26.943  -89.786  -9.727 0.6999999881
134247  16.442  -67.441  -10.402 0.6000000238
134298  21.740  -90.166  14.200 0.4000000060
134647  28.286  -86.610  -7.760 0.6000000238
134685  29.915  -88.646  -7.823 0.6999999881
135332  11.342  -95.564  14.487 0.3000000119
135466  24.982  -89.765  9.970 0.3000000119
135562  13.880  -94.131  16.409 0.4000000060
135702  15.182  -71.714  -5.059 0.6000000238
135821  13.855  -89.994  20.028 0.3000000119
135912  15.105  -71.502  -8.019 0.8000000119
135936  22.537  -85.594  -2.276 0.6000000238
136110  19.597  -86.357  9.772 0.5000000000
136375  12.792  -82.298  -1.373 0.6999999881
136867  14.026  -81.852  -11.985 0.5000000000
137142  14.409  -93.476  10.250 0.4000000060
137254  27.241  -88.421  -10.320 0.8000000119
137424  25.338  -87.653  13.128 0.3000000119
137735  25.381  -90.535  -3.934 0.4000000060
138027  29.319  -88.964  -4.942 0.6000000238
138235  27.656  -89.465  -7.433 0.6999999881
138327  9.289  -69.396  -5.765 0.6999999881
138344  14.374  -82.203  -10.496 0.5000000000
138671  20.041  -91.122  15.155 0.5000000000
138778  15.866  -94.073  13.697 0.4000000060
138995  29.629  -89.161  -3.652 0.5000000000
139000  21.047  -88.393  4.616 0.3000000119
139011  30.163  -88.338  -6.250 0.6999999881
139163  18.275  -85.837  7.915 0.4000000060
139739  9.395  -76.839  -5.888 0.6000000238
139857  21.993  -89.353  4.396 0.3000000119
139875  15.417  -92.249  12.510 0.3000000119
139894  28.477  -89.732  -3.950 0.5000000000
139968  19.151  -90.661  14.294 0.5000000000
140156  27.279  -88.822  9.331 0.3000000119
140436  21.495  -89.042  -10.873 0.4000000060
140751  19.055  -88.105  -4.820 0.8999999762
141309  13.440  -84.101  -9.812 0.6000000238
141342  14.903  -79.841  -7.192 0.6000000238
141426  30.229  -88.852  -0.820 0.5000000000
141960  8.232  -86.237  -2.772 0.6000000238
142025  14.018  -82.638  -12.422 0.5000000000
142034  13.215  -95.619  11.809 0.5000000000
