#!ascii label  , from subject sub-v1s21x0050424_ses-1 vox2ras=TkReg
967
51424  -39.928  -30.036  25.648 0.0000000000
45697  -23.786  -36.246  30.050 0.0000000000
49419  -30.591  -32.194  27.970 0.0000000000
73157  -44.856  -7.039  13.896 0.0000000000
132089  -49.675  -0.831  9.012 0.0000000000
47399  -16.108  -34.056  34.775 0.0000000000
68807  -42.533  -11.340  16.177 0.0000000000
54847  -41.015  -25.959  24.084 0.0000000000
49469  -35.261  -32.287  25.330 0.0000000000
46551  -19.622  -34.690  32.327 0.0000000000
122305  -19.175  -37.532  35.662 0.0000000000
53165  -35.146  -28.528  22.912 0.0000000000
54860  -37.522  -25.965  22.617 0.0000000000
48455  -28.286  -33.259  28.656 0.0000000000
134979  -31.843  -29.499  25.174 0.0000000000
61525  -42.187  -19.634  14.047 0.0000000000
127822  -45.941  -15.907  12.618 0.0000000000
67890  -47.553  -12.008  14.422 0.0000000000
138826  -11.709  -38.969  38.380 0.0000000000
41062  -9.617  -41.606  41.189 0.0000000000
57647  -35.630  -24.342  22.235 0.0000000000
59512  -36.081  -21.579  20.373 0.0000000000
60571  -38.400  -20.545  17.157 0.0000000000
43888  -15.052  -38.154  36.660 0.0000000000
142841  -24.170  -37.888  33.064 0.0000000000
44836  -26.554  -37.379  32.456 0.0000000000
50487  -37.535  -31.418  25.428 0.0000000000
48420  -22.086  -33.894  30.335 0.0000000000
45678  -21.555  -36.268  31.508 0.0000000000
127643  -21.338  -37.488  33.542 0.0000000000
53128  -35.393  -29.011  25.829 0.0000000000
52267  -33.230  -29.265  23.672 0.0000000000
64315  -41.410  -17.149  14.327 0.0000000000
62489  -43.774  -18.553  13.293 0.0000000000
137492  -43.109  -15.856  13.373 0.0000000000
68817  -44.957  -11.460  14.895 0.0000000000
70494  -45.115  -9.718  13.236 0.0000000000
69688  -47.948  -9.841  13.026 0.0000000000
132707  -46.298  -7.770  11.079 0.0000000000
73195  -47.417  -6.834  10.300 0.0000000000
55754  -35.531  -24.868  25.238 0.0000000000
55789  -36.562  -25.350  23.687 0.0000000000
137514  -33.744  -24.579  24.529 0.0000000000
60514  -33.326  -20.905  21.955 0.0000000000
62423  -34.530  -18.786  19.748 0.0000000000
60556  -36.735  -20.462  19.012 0.0000000000
63396  -36.400  -17.937  18.329 0.0000000000
62451  -38.787  -18.364  17.234 0.0000000000
49389  -29.675  -32.142  29.417 0.0000000000
46495  -13.569  -35.935  36.643 0.0000000000
45634  -14.959  -36.199  34.936 0.0000000000
38127  -9.634  -44.470  41.296 0.0000000000
38125  -8.137  -45.435  41.832 0.0000000000
66023  -43.549  -14.658  16.109 0.0000000000
57641  -39.981  -23.596  24.794 0.0000000000
144788  -32.116  -33.178  26.276 0.0000000000
48377  -17.835  -33.667  33.652 0.0000000000
46525  -16.852  -35.879  33.797 0.0000000000
45653  -19.337  -36.612  33.246 0.0000000000
78419  -52.701  -1.070  8.421 0.0000000000
52282  -37.118  -30.011  23.222 0.0000000000
147670  -38.517  -28.345  22.520 0.0000000000
54006  -36.766  -27.851  22.801 0.0000000000
47488  -24.613  -34.447  28.646 0.0000000000
124512  -26.589  -35.671  29.020 0.0000000000
48453  -26.402  -32.891  27.414 0.0000000000
50444  -27.243  -30.805  28.121 0.0000000000
51384  -29.074  -30.263  27.465 0.0000000000
53126  -30.149  -28.690  26.170 0.0000000000
50483  -30.395  -31.028  25.544 0.0000000000
50498  -31.939  -31.336  24.234 0.0000000000
50512  -34.829  -31.072  23.468 0.0000000000
128559  -42.985  -21.172  16.292 0.0000000000
66039  -44.484  -13.699  14.349 0.0000000000
66058  -47.622  -13.796  12.859 0.0000000000
74139  -49.653  -5.312  9.295 0.0000000000
42868  -10.583  -39.971  39.782 0.0000000000
40052  -10.987  -42.760  40.234 0.0000000000
125441  -38.947  -25.982  22.040 0.0000000000
56748  -39.198  -24.305  22.741 0.0000000000
130718  -38.175  -23.515  22.169 0.0000000000
58532  -33.068  -22.926  23.151 0.0000000000
58550  -35.033  -22.738  21.258 0.0000000000
59473  -39.005  -22.476  22.201 0.0000000000
140192  -38.651  -21.663  20.809 0.0000000000
59536  -39.515  -21.581  19.915 0.0000000000
59564  -41.058  -21.795  18.114 0.0000000000
60584  -39.746  -20.415  16.051 0.0000000000
62461  -39.876  -18.301  16.275 0.0000000000
127014  -28.355  -36.225  31.020 0.0000000000
45584  -12.280  -36.496  38.443 0.0000000000
139008  -12.978  -38.230  37.313 0.0000000000
44767  -16.866  -37.642  35.772 0.0000000000
36185  -5.999  -46.203  41.730 0.0000000000
44847  -24.286  -37.145  31.598 0.0000000000
44834  -24.762  -37.481  32.379 0.0000000000
45682  -24.921  -36.706  31.045 0.0000000000
50488  -38.442  -31.129  25.620 0.0000000000
46584  -22.439  -35.070  29.676 0.0000000000
46574  -21.841  -34.974  30.225 0.0000000000
45696  -22.458  -36.228  30.706 0.0000000000
44832  -22.534  -37.278  32.053 0.0000000000
64304  -42.294  -16.380  14.969 0.0000000000
64331  -42.349  -16.754  13.599 0.0000000000
65147  -42.696  -15.897  14.242 0.0000000000
71329  -44.234  -8.128  14.424 0.0000000000
70492  -43.973  -9.336  14.110 0.0000000000
71349  -44.651  -8.521  13.125 0.0000000000
124251  -45.535  -8.755  12.297 0.0000000000
72268  -45.235  -7.396  12.180 0.0000000000
74128  -45.783  -5.920  11.840 0.0000000000
56708  -34.369  -24.754  25.031 0.0000000000
125845  -34.625  -17.541  21.567 0.0000000000
63379  -35.340  -17.545  19.568 0.0000000000
137270  -36.311  -16.458  19.707 0.0000000000
64259  -37.504  -16.207  19.169 0.0000000000
50447  -30.080  -31.753  28.719 0.0000000000
49405  -30.921  -32.635  29.790 0.0000000000
48442  -31.530  -33.058  29.052 0.0000000000
47397  -14.709  -35.087  35.652 0.0000000000
47413  -15.706  -34.739  34.548 0.0000000000
75929  -49.845  -3.447  8.718 0.0000000000
38126  -8.891  -44.800  41.550 0.0000000000
127938  -41.691  -27.011  25.939 0.0000000000
55771  -40.920  -25.078  24.302 0.0000000000
49448  -33.749  -33.070  25.905 0.0000000000
48490  -35.232  -33.365  26.626 0.0000000000
47441  -19.923  -33.751  32.178 0.0000000000
48379  -18.944  -33.080  33.068 0.0000000000
49336  -18.760  -32.602  33.723 0.0000000000
47429  -18.475  -34.022  33.088 0.0000000000
46538  -18.338  -35.110  33.020 0.0000000000
46540  -19.609  -35.825  32.583 0.0000000000
44801  -22.395  -38.123  34.303 0.0000000000
128297  -21.497  -37.713  34.348 0.0000000000
52290  -36.415  -29.570  22.627 0.0000000000
52291  -37.074  -28.918  22.402 0.0000000000
54005  -35.957  -28.396  22.726 0.0000000000
126280  -24.908  -33.315  29.056 0.0000000000
47489  -25.597  -34.295  28.004 0.0000000000
49401  -25.773  -32.128  28.682 0.0000000000
52197  -26.804  -29.541  28.581 0.0000000000
52198  -27.288  -29.158  28.051 0.0000000000
138049  -28.674  -30.587  28.041 0.0000000000
52214  -28.381  -28.723  26.982 0.0000000000
52216  -31.729  -29.163  26.482 0.0000000000
53127  -30.873  -29.032  26.018 0.0000000000
52233  -30.272  -29.437  25.713 0.0000000000
51421  -30.929  -30.707  25.111 0.0000000000
50484  -31.316  -31.387  24.852 0.0000000000
51436  -31.638  -30.732  24.392 0.0000000000
53163  -33.774  -28.875  23.281 0.0000000000
137148  -33.615  -30.174  22.755 0.0000000000
51458  -35.012  -29.980  22.515 0.0000000000
51449  -36.185  -30.292  23.158 0.0000000000
60596  -42.110  -20.769  14.941 0.0000000000
60586  -44.175  -20.742  16.017 0.0000000000
60610  -43.484  -20.311  14.457 0.0000000000
63474  -45.558  -17.252  12.778 0.0000000000
62491  -45.573  -18.514  13.393 0.0000000000
66916  -42.632  -12.716  16.549 0.0000000000
66930  -43.760  -13.871  15.038 0.0000000000
67872  -43.254  -12.561  15.536 0.0000000000
68818  -46.256  -11.895  15.050 0.0000000000
66933  -46.174  -12.890  14.572 0.0000000000
66939  -47.636  -12.533  13.958 0.0000000000
66059  -48.777  -13.559  12.857 0.0000000000
73196  -48.080  -6.222  10.020 0.0000000000
127366  -47.764  -3.872  10.239 0.0000000000
75925  -48.210  -3.713  9.784 0.0000000000
44741  -11.613  -37.913  38.674 0.0000000000
136400  -11.063  -38.646  39.923 0.0000000000
42883  -11.462  -39.555  38.749 0.0000000000
41073  -11.297  -42.247  39.897 0.0000000000
38116  -10.985  -43.927  42.071 0.0000000000
54017  -37.827  -26.719  22.058 0.0000000000
54876  -38.794  -26.820  22.125 0.0000000000
54874  -37.844  -25.892  21.836 0.0000000000
132631  -35.637  -24.722  22.814 0.0000000000
56741  -37.265  -24.497  22.292 0.0000000000
57649  -37.182  -24.043  22.098 0.0000000000
138075  -39.034  -23.364  22.839 0.0000000000
58534  -37.232  -23.658  21.927 0.0000000000
59444  -33.108  -21.354  24.215 0.0000000000
59510  -34.142  -21.048  20.511 0.0000000000
59487  -33.721  -21.535  21.253 0.0000000000
59489  -35.574  -22.153  20.817 0.0000000000
59471  -37.220  -22.813  21.619 0.0000000000
59491  -37.688  -22.277  21.278 0.0000000000
59492  -38.571  -22.239  21.635 0.0000000000
59513  -37.103  -21.704  20.556 0.0000000000
61484  -37.058  -20.038  18.396 0.0000000000
59534  -37.886  -21.275  19.128 0.0000000000
59562  -39.405  -21.665  18.248 0.0000000000
123773  -40.796  -21.827  18.926 0.0000000000
59587  -39.668  -21.546  17.312 0.0000000000
59605  -40.453  -21.397  16.637 0.0000000000
60583  -39.103  -20.547  16.600 0.0000000000
63399  -39.553  -16.800  18.086 0.0000000000
62452  -39.535  -18.060  17.090 0.0000000000
63415  -40.220  -17.767  16.988 0.0000000000
46601  -27.940  -34.914  28.602 0.0000000000
131018  -27.936  -35.889  30.075 0.0000000000
139406  -28.336  -35.195  29.516 0.0000000000
44779  -13.974  -37.179  35.892 0.0000000000
44763  -13.077  -37.488  37.001 0.0000000000
43887  -14.218  -38.234  36.630 0.0000000000
45621  -17.976  -37.084  34.645 0.0000000000
44783  -17.429  -37.434  35.219 0.0000000000
44784  -18.324  -37.478  35.531 0.0000000000
43941  -24.013  -38.276  33.973 0.0000000000
43927  -25.351  -38.385  34.266 0.0000000000
43944  -26.520  -38.041  33.687 0.0000000000
44820  -27.884  -37.754  33.078 0.0000000000
49470  -36.235  -32.194  25.680 0.0000000000
49451  -36.599  -32.598  26.338 0.0000000000
48403  -21.688  -33.555  30.951 0.0000000000
47453  -21.045  -34.157  31.134 0.0000000000
46553  -20.897  -35.802  31.957 0.0000000000
45665  -20.433  -36.306  32.476 0.0000000000
45667  -21.797  -36.931  31.989 0.0000000000
44816  -22.495  -37.719  32.862 0.0000000000
129305  -34.740  -28.508  24.238 0.0000000000
126237  -35.685  -28.147  24.108 0.0000000000
52235  -32.212  -29.277  26.038 0.0000000000
52249  -32.057  -29.664  24.645 0.0000000000
53136  -34.457  -28.934  25.182 0.0000000000
62479  -41.225  -18.424  14.108 0.0000000000
61533  -43.475  -19.250  13.612 0.0000000000
62488  -42.838  -18.141  13.322 0.0000000000
137368  -43.621  -16.780  12.884 0.0000000000
64343  -44.361  -16.254  12.707 0.0000000000
68816  -44.119  -11.659  15.054 0.0000000000
69654  -43.619  -10.334  14.667 0.0000000000
69656  -45.089  -10.759  14.253 0.0000000000
69668  -46.614  -10.556  13.734 0.0000000000
69669  -47.500  -10.679  13.712 0.0000000000
69686  -46.339  -9.824  13.075 0.0000000000
70516  -46.894  -9.030  11.790 0.0000000000
71358  -47.311  -8.705  11.133 0.0000000000
72284  -46.841  -7.362  10.641 0.0000000000
146706  -46.181  -5.641  11.391 0.0000000000
42896  -12.701  -39.541  38.177 0.0000000000
42025  -11.781  -40.453  38.845 0.0000000000
42014  -12.553  -40.871  39.348 0.0000000000
141412  -36.882  -25.480  24.467 0.0000000000
55790  -37.085  -25.240  22.915 0.0000000000
55769  -36.074  -25.163  24.427 0.0000000000
56725  -35.145  -24.895  24.288 0.0000000000
56738  -34.245  -24.686  23.291 0.0000000000
61428  -33.470  -19.934  23.358 0.0000000000
62395  -33.593  -19.127  21.978 0.0000000000
61444  -33.827  -19.284  20.970 0.0000000000
60539  -34.891  -20.143  19.556 0.0000000000
147311  -36.709  -20.890  19.559 0.0000000000
61464  -35.460  -19.463  19.077 0.0000000000
61482  -36.025  -18.760  18.543 0.0000000000
62449  -37.316  -19.042  17.642 0.0000000000
62450  -38.013  -18.722  17.368 0.0000000000
63397  -37.612  -17.534  17.971 0.0000000000
48440  -28.780  -32.683  29.450 0.0000000000
48425  -28.984  -33.395  30.038 0.0000000000
48441  -29.379  -32.603  29.874 0.0000000000
45619  -14.437  -36.467  35.443 0.0000000000
44780  -14.705  -37.222  35.486 0.0000000000
125635  -9.803  -42.522  40.754 0.0000000000
41050  -9.212  -41.264  42.077 0.0000000000
40039  -9.070  -43.368  41.433 0.0000000000
39034  -8.178  -43.875  42.431 0.0000000000
39033  -7.327  -44.213  43.090 0.0000000000
125204  -39.722  -23.185  24.967 0.0000000000
48487  -31.664  -33.174  26.746 0.0000000000
48456  -31.606  -33.456  28.132 0.0000000000
49314  -17.957  -32.614  34.887 0.0000000000
47415  -17.132  -34.063  33.932 0.0000000000
46524  -16.167  -35.316  34.089 0.0000000000
46537  -17.624  -35.501  33.387 0.0000000000
45652  -18.494  -36.216  33.370 0.0000000000
44785  -19.571  -37.327  34.949 0.0000000000
45639  -20.753  -37.273  33.894 0.0000000000
44800  -20.765  -37.470  34.753 0.0000000000
140361  -20.639  -37.673  35.524 0.0000000000
78417  -50.587  -0.509  8.426 0.0000000000
51439  -38.730  -29.857  24.218 0.0000000000
52268  -39.366  -29.342  24.279 0.0000000000
124316  -37.707  -29.411  22.772 0.0000000000
53177  -37.533  -28.153  22.296 0.0000000000
54845  -37.519  -26.970  22.864 0.0000000000
53150  -36.710  -27.642  23.967 0.0000000000
53993  -37.486  -26.906  23.885 0.0000000000
55756  -37.452  -25.757  24.867 0.0000000000
55738  -37.158  -25.201  26.260 0.0000000000
46586  -23.982  -35.372  29.091 0.0000000000
45713  -25.139  -35.966  29.715 0.0000000000
46598  -25.136  -35.002  28.557 0.0000000000
47490  -26.500  -34.483  27.740 0.0000000000
48466  -27.138  -32.993  27.400 0.0000000000
49402  -26.125  -31.770  28.226 0.0000000000
50456  -26.888  -31.525  27.879 0.0000000000
49417  -27.492  -31.599  28.086 0.0000000000
50445  -28.245  -31.074  28.574 0.0000000000
50446  -29.479  -30.949  28.045 0.0000000000
50458  -30.067  -31.374  27.655 0.0000000000
143309  -29.004  -28.043  26.759 0.0000000000
52215  -28.920  -29.143  26.402 0.0000000000
125453  -30.025  -30.796  26.044 0.0000000000
49431  -30.413  -32.060  26.909 0.0000000000
49465  -31.136  -32.008  25.480 0.0000000000
145980  -32.390  -32.548  25.196 0.0000000000
49476  -33.684  -32.109  24.528 0.0000000000
50509  -32.401  -30.615  23.749 0.0000000000
50499  -33.293  -31.481  23.827 0.0000000000
50501  -35.288  -31.605  24.423 0.0000000000
50502  -36.271  -31.295  24.558 0.0000000000
51438  -37.524  -30.483  24.134 0.0000000000
47478  -23.390  -34.538  29.069 0.0000000000
125231  -44.861  -19.718  14.091 0.0000000000
65148  -43.227  -15.214  14.335 0.0000000000
66055  -44.150  -14.720  13.436 0.0000000000
66072  -44.998  -14.752  12.906 0.0000000000
66932  -45.234  -13.003  14.806 0.0000000000
66937  -45.521  -13.454  14.039 0.0000000000
66073  -46.505  -14.555  12.796 0.0000000000
65173  -48.253  -15.551  12.592 0.0000000000
123251  -49.969  -4.847  8.961 0.0000000000
134685  -49.163  -3.287  9.159 0.0000000000
77567  -49.286  -1.700  9.317 0.0000000000
43819  -10.695  -39.057  40.488 0.0000000000
42000  -10.339  -40.993  39.956 0.0000000000
42013  -11.331  -40.886  39.192 0.0000000000
139287  -10.845  -41.432  39.531 0.0000000000
136913  -10.462  -42.004  40.089 0.0000000000
39048  -10.446  -43.884  41.053 0.0000000000
53151  -39.549  -28.611  23.800 0.0000000000
54008  -39.846  -27.113  23.302 0.0000000000
54862  -40.303  -26.431  23.482 0.0000000000
55803  -37.672  -25.198  22.153 0.0000000000
55805  -39.126  -25.155  22.367 0.0000000000
135242  -40.429  -25.377  23.515 0.0000000000
138813  -39.705  -24.199  23.245 0.0000000000
57639  -39.371  -23.146  23.786 0.0000000000
58527  -39.441  -23.001  23.679 0.0000000000
57646  -33.244  -23.801  23.484 0.0000000000
57656  -34.140  -23.844  22.266 0.0000000000
143478  -33.223  -21.395  22.603 0.0000000000
58540  -33.611  -22.880  22.279 0.0000000000
57657  -35.146  -23.920  22.027 0.0000000000
58543  -36.748  -23.374  21.780 0.0000000000
59458  -39.069  -22.850  22.439 0.0000000000
60531  -38.065  -21.429  20.106 0.0000000000
59514  -38.867  -21.475  20.477 0.0000000000
59590  -42.125  -21.576  17.124 0.0000000000
59619  -41.725  -21.146  15.626 0.0000000000
129539  -41.258  -20.598  15.111 0.0000000000
61507  -39.349  -19.780  16.256 0.0000000000
61515  -39.843  -19.680  15.607 0.0000000000
62478  -40.645  -19.012  14.605 0.0000000000
128166  -40.541  -18.109  14.697 0.0000000000
63424  -40.976  -17.249  15.757 0.0000000000
45700  -26.439  -36.438  30.549 0.0000000000
45684  -27.568  -36.803  31.508 0.0000000000
46577  -29.247  -34.851  30.877 0.0000000000
44742  -12.103  -37.335  38.077 0.0000000000
46487  -13.029  -36.275  37.239 0.0000000000
44751  -12.568  -37.516  37.463 0.0000000000
42909  -12.646  -38.853  37.845 0.0000000000
42897  -13.437  -39.416  38.227 0.0000000000
45635  -16.044  -36.243  34.178 0.0000000000
44798  -16.067  -36.974  34.720 0.0000000000
44766  -16.275  -37.817  36.088 0.0000000000
36187  -7.873  -46.610  41.976 0.0000000000
37201  -6.580  -45.760  42.240 0.0000000000
38101  -6.677  -44.129  43.197 0.0000000000
139507  -39.771  -29.496  24.986 0.0000000000
45681  -24.071  -36.687  30.784 0.0000000000
51423  -39.216  -30.590  25.557 0.0000000000
46576  -22.964  -35.826  29.917 0.0000000000
136488  -23.282  -36.497  30.629 0.0000000000
143311  -23.592  -36.904  31.219 0.0000000000
64305  -43.186  -16.389  15.623 0.0000000000
72248  -44.571  -7.555  14.300 0.0000000000
72258  -44.545  -7.819  13.616 0.0000000000
72267  -44.836  -7.829  12.847 0.0000000000
73166  -44.921  -7.111  13.042 0.0000000000
73173  -45.335  -6.320  12.514 0.0000000000
64242  -35.676  -16.751  19.989 0.0000000000
127800  -30.894  -32.314  28.937 0.0000000000
49420  -31.193  -32.831  28.160 0.0000000000
47398  -15.614  -34.205  35.261 0.0000000000
77568  -49.909  -1.644  8.617 0.0000000000
76762  -50.217  -2.612  8.411 0.0000000000
55772  -41.411  -25.647  24.789 0.0000000000
49449  -34.748  -32.910  25.993 0.0000000000
48489  -34.278  -33.554  26.526 0.0000000000
47430  -19.253  -33.811  32.616 0.0000000000
46539  -19.044  -34.842  32.704 0.0000000000
53176  -35.421  -28.872  22.592 0.0000000000
144830  -36.041  -28.629  22.575 0.0000000000
48439  -25.434  -32.941  28.441 0.0000000000
53959  -27.722  -27.470  28.618 0.0000000000
53099  -27.402  -28.154  28.228 0.0000000000
52213  -27.868  -28.348  27.590 0.0000000000
52199  -27.908  -29.153  27.526 0.0000000000
52234  -31.238  -29.457  25.497 0.0000000000
52247  -30.765  -29.988  25.276 0.0000000000
52248  -31.436  -30.091  24.813 0.0000000000
53164  -34.368  -28.651  23.049 0.0000000000
51456  -34.014  -29.442  22.587 0.0000000000
52289  -34.762  -29.404  22.516 0.0000000000
131348  -35.563  -29.440  22.492 0.0000000000
60609  -42.578  -20.275  14.431 0.0000000000
60597  -42.979  -20.713  14.991 0.0000000000
139776  -46.000  -16.631  12.678 0.0000000000
63458  -45.979  -17.885  13.096 0.0000000000
64345  -46.778  -16.275  12.633 0.0000000000
67870  -42.478  -11.975  16.492 0.0000000000
130856  -42.990  -13.055  15.922 0.0000000000
67871  -42.776  -12.125  15.864 0.0000000000
68819  -46.956  -11.922  14.878 0.0000000000
146988  -47.154  -12.300  14.566 0.0000000000
66940  -48.449  -12.753  13.408 0.0000000000
127368  -47.637  -3.214  10.423 0.0000000000
43837  -11.292  -38.868  39.149 0.0000000000
57648  -36.396  -24.324  22.185 0.0000000000
59511  -35.052  -21.442  20.314 0.0000000000
59490  -36.679  -22.203  21.049 0.0000000000
60570  -37.678  -20.516  17.840 0.0000000000
59585  -37.873  -21.147  18.302 0.0000000000
59586  -38.325  -21.174  17.667 0.0000000000
142713  -38.938  -21.466  17.673 0.0000000000
59603  -38.930  -21.204  17.046 0.0000000000
47492  -28.045  -34.172  28.335 0.0000000000
47480  -28.499  -34.202  29.193 0.0000000000
44765  -14.435  -37.761  36.088 0.0000000000
44764  -13.635  -37.800  36.566 0.0000000000
43868  -14.639  -38.569  37.341 0.0000000000
42854  -9.806  -40.290  41.603 0.0000000000
134461  -9.619  -40.881  41.642 0.0000000000
53140  -41.258  -27.913  25.631 0.0000000000
43926  -24.682  -38.471  34.474 0.0000000000
43942  -24.851  -38.168  33.757 0.0000000000
44835  -25.668  -37.400  32.463 0.0000000000
44818  -26.095  -37.708  33.094 0.0000000000
44819  -26.980  -37.693  33.060 0.0000000000
43945  -27.339  -38.057  33.662 0.0000000000
50486  -36.705  -31.625  25.256 0.0000000000
49471  -37.057  -31.976  25.934 0.0000000000
48404  -22.543  -33.446  30.665 0.0000000000
45695  -21.763  -35.682  30.766 0.0000000000
46563  -21.327  -34.884  30.859 0.0000000000
143993  -21.227  -35.516  31.313 0.0000000000
46562  -20.708  -34.862  31.551 0.0000000000
44833  -23.284  -37.665  32.570 0.0000000000
44802  -23.078  -38.060  33.513 0.0000000000
53137  -35.511  -28.544  24.961 0.0000000000
126126  -32.702  -29.291  25.336 0.0000000000
63444  -41.059  -17.709  14.325 0.0000000000
62487  -41.973  -18.284  13.615 0.0000000000
63445  -41.524  -17.643  13.876 0.0000000000
65162  -42.633  -16.086  13.749 0.0000000000
64332  -42.981  -16.416  13.249 0.0000000000
65169  -43.588  -16.000  12.933 0.0000000000
69649  -43.035  -10.298  15.219 0.0000000000
70480  -43.551  -9.716  14.623 0.0000000000
70493  -44.510  -9.374  13.520 0.0000000000
69666  -44.675  -10.129  13.814 0.0000000000
142982  -45.246  -10.268  13.660 0.0000000000
69667  -45.804  -10.719  14.007 0.0000000000
69685  -45.769  -10.056  13.360 0.0000000000
70508  -45.727  -9.373  12.694 0.0000000000
71356  -45.681  -8.182  11.684 0.0000000000
70515  -46.087  -8.895  11.966 0.0000000000
71357  -46.499  -8.481  11.336 0.0000000000
71367  -46.994  -8.122  10.735 0.0000000000
55755  -36.770  -25.146  25.325 0.0000000000
56724  -34.311  -24.801  24.037 0.0000000000
126354  -34.933  -24.841  23.422 0.0000000000
56723  -33.678  -24.481  23.753 0.0000000000
62408  -34.207  -18.590  20.431 0.0000000000
62396  -34.061  -18.266  21.486 0.0000000000
61451  -34.192  -19.533  20.008 0.0000000000
61463  -34.787  -19.292  19.466 0.0000000000
63395  -35.793  -17.844  18.857 0.0000000000
61483  -36.761  -19.301  18.132 0.0000000000
62448  -36.772  -18.534  18.000 0.0000000000
63412  -37.437  -18.263  17.676 0.0000000000
128854  -36.978  -17.899  17.992 0.0000000000
64274  -37.722  -16.731  18.517 0.0000000000
49403  -28.931  -31.910  29.295 0.0000000000
49380  -30.880  -32.848  30.648 0.0000000000
46510  -14.757  -35.670  35.205 0.0000000000
46496  -14.236  -35.639  35.999 0.0000000000
45620  -14.955  -36.718  35.092 0.0000000000
40051  -9.775  -43.373  40.855 0.0000000000
39047  -9.421  -44.047  41.216 0.0000000000
39046  -8.753  -44.228  41.657 0.0000000000
38114  -8.025  -44.727  42.123 0.0000000000
38113  -7.164  -45.193  42.641 0.0000000000
145578  -40.914  -24.166  25.536 0.0000000000
57632  -40.320  -23.549  25.496 0.0000000000
48468  -32.056  -33.755  27.537 0.0000000000
137348  -32.426  -33.543  26.696 0.0000000000
48378  -18.405  -33.243  33.494 0.0000000000
48366  -18.133  -32.911  34.074 0.0000000000
48365  -17.449  -33.269  34.355 0.0000000000
47428  -17.683  -34.539  33.395 0.0000000000
131480  -18.951  -35.739  32.861 0.0000000000
45637  -19.147  -36.917  34.127 0.0000000000
45655  -20.867  -37.018  33.043 0.0000000000
45654  -20.084  -36.909  33.111 0.0000000000
44786  -21.360  -37.856  35.301 0.0000000000
51450  -38.032  -29.905  23.614 0.0000000000
54016  -36.695  -28.352  22.523 0.0000000000
131690  -37.422  -27.598  22.408 0.0000000000
53138  -36.608  -28.086  24.799 0.0000000000
53983  -37.498  -27.375  24.737 0.0000000000
54825  -37.991  -26.201  25.374 0.0000000000
54834  -37.624  -26.277  24.405 0.0000000000
130892  -37.544  -25.556  25.627 0.0000000000
46596  -23.862  -34.816  28.877 0.0000000000
46587  -24.747  -35.475  29.111 0.0000000000
48452  -25.692  -33.338  27.751 0.0000000000
47502  -26.186  -33.761  27.510 0.0000000000
47503  -26.887  -33.720  27.382 0.0000000000
51382  -27.068  -30.107  28.278 0.0000000000
50443  -26.658  -31.104  28.281 0.0000000000
51399  -28.501  -29.613  27.252 0.0000000000
50457  -29.653  -30.540  26.966 0.0000000000
53115  -30.174  -28.319  27.011 0.0000000000
53103  -30.757  -28.666  27.707 0.0000000000
53114  -29.399  -27.838  27.315 0.0000000000
53125  -29.427  -28.290  26.475 0.0000000000
52231  -28.892  -28.461  26.516 0.0000000000
52232  -29.411  -28.918  26.024 0.0000000000
51420  -30.282  -30.316  25.595 0.0000000000
51410  -29.613  -29.795  26.060 0.0000000000
139628  -30.101  -31.284  26.680 0.0000000000
50468  -30.440  -31.654  25.972 0.0000000000
49446  -31.048  -32.451  26.315 0.0000000000
49466  -31.788  -32.060  24.899 0.0000000000
49475  -32.638  -31.967  24.450 0.0000000000
49467  -33.215  -32.615  25.170 0.0000000000
132664  -32.710  -29.487  24.281 0.0000000000
52266  -32.100  -30.137  24.135 0.0000000000
52280  -32.694  -29.867  23.518 0.0000000000
50511  -33.842  -31.004  23.184 0.0000000000
50500  -34.246  -31.605  23.996 0.0000000000
50513  -35.776  -30.914  23.774 0.0000000000
51437  -36.671  -30.666  23.961 0.0000000000
140516  -38.190  -30.319  24.360 0.0000000000
48438  -24.329  -33.899  28.901 0.0000000000
48437  -23.448  -33.991  29.297 0.0000000000
47479  -23.879  -34.340  28.929 0.0000000000
46585  -23.221  -35.145  29.226 0.0000000000
122740  -43.681  -21.331  17.634 0.0000000000
60599  -44.561  -20.515  15.427 0.0000000000
60587  -44.921  -20.564  16.205 0.0000000000
146591  -43.155  -18.759  13.433 0.0000000000
61534  -44.348  -19.248  13.628 0.0000000000
134791  -43.451  -14.798  15.147 0.0000000000
66038  -43.745  -14.453  14.256 0.0000000000
147535  -44.289  -14.214  13.853 0.0000000000
125269  -44.870  -14.109  13.551 0.0000000000
67883  -44.898  -12.350  15.115 0.0000000000
135863  -47.313  -13.219  13.606 0.0000000000
66938  -46.476  -13.363  13.866 0.0000000000
66057  -46.856  -13.861  13.071 0.0000000000
66074  -47.199  -14.573  12.647 0.0000000000
65172  -47.442  -15.432  12.556 0.0000000000
66075  -47.965  -14.654  12.578 0.0000000000
66076  -48.841  -14.719  12.641 0.0000000000
143423  -47.677  -10.245  13.364 0.0000000000
72292  -48.147  -7.189  9.936 0.0000000000
74145  -48.821  -5.483  9.715 0.0000000000
73205  -49.698  -6.248  9.379 0.0000000000
134095  -48.449  -3.134  9.559 0.0000000000
145448  -48.878  -3.756  9.354 0.0000000000
76759  -48.824  -2.502  9.457 0.0000000000
43836  -10.939  -39.284  39.664 0.0000000000
41990  -10.186  -40.004  40.770 0.0000000000
41096  -11.889  -40.941  39.127 0.0000000000
40061  -10.896  -42.187  39.848 0.0000000000
127495  -10.443  -42.858  40.489 0.0000000000
39064  -10.689  -43.364  40.717 0.0000000000
141283  -10.482  -44.254  41.500 0.0000000000
52283  -38.689  -29.117  23.211 0.0000000000
53167  -39.061  -28.149  23.038 0.0000000000
54007  -39.280  -27.361  22.810 0.0000000000
139569  -39.462  -26.565  22.733 0.0000000000
56746  -38.065  -24.533  22.174 0.0000000000
56747  -38.681  -24.683  22.301 0.0000000000
55791  -39.801  -24.780  23.015 0.0000000000
58536  -39.072  -23.209  22.709 0.0000000000
130540  -32.947  -22.144  23.704 0.0000000000
58526  -32.839  -23.052  24.102 0.0000000000
57655  -33.517  -23.621  22.753 0.0000000000
143999  -33.421  -19.975  22.444 0.0000000000
60496  -33.268  -20.713  22.902 0.0000000000
58549  -34.011  -22.433  21.466 0.0000000000
58541  -34.570  -23.235  21.799 0.0000000000
58542  -35.679  -23.401  21.698 0.0000000000
58533  -36.195  -23.896  21.909 0.0000000000
59472  -38.185  -22.758  21.952 0.0000000000
58544  -37.476  -23.054  21.844 0.0000000000
59474  -39.496  -22.280  22.678 0.0000000000
60516  -38.937  -21.823  21.436 0.0000000000
60541  -37.236  -21.056  19.464 0.0000000000
129780  -39.190  -21.635  19.054 0.0000000000
59535  -38.640  -21.476  19.577 0.0000000000
123772  -41.710  -21.800  18.847 0.0000000000
59565  -41.966  -21.670  17.994 0.0000000000
122820  -42.852  -21.502  17.808 0.0000000000
59589  -41.233  -21.650  17.277 0.0000000000
60585  -40.193  -20.888  16.042 0.0000000000
59606  -41.426  -21.427  16.432 0.0000000000
59618  -40.871  -21.017  15.818 0.0000000000
60595  -40.398  -20.333  15.415 0.0000000000
62459  -38.525  -19.121  17.095 0.0000000000
61506  -38.730  -19.795  16.836 0.0000000000
62468  -39.609  -19.098  15.987 0.0000000000
62469  -40.040  -18.764  15.306 0.0000000000
61516  -40.289  -19.560  15.047 0.0000000000
129132  -40.374  -17.850  15.500 0.0000000000
45714  -26.070  -36.072  29.768 0.0000000000
45699  -25.505  -36.391  30.439 0.0000000000
45701  -27.372  -36.407  30.705 0.0000000000
45668  -28.404  -36.828  31.882 0.0000000000
45669  -29.096  -36.792  32.378 0.0000000000
47468  -29.440  -33.887  30.739 0.0000000000
47455  -29.782  -34.223  31.408 0.0000000000
48457  -32.065  -33.849  28.498 0.0000000000
45583  -11.927  -37.037  38.760 0.0000000000
130156  -13.433  -35.379  37.562 0.0000000000
45602  -12.861  -36.974  37.154 0.0000000000
42910  -13.222  -38.951  37.700 0.0000000000
44799  -16.673  -37.329  35.048 0.0000000000
44782  -16.111  -37.479  35.410 0.0000000000
142975  -51.537  -0.946  8.048 0.0000000000
130396  -6.760  -46.600  42.112 0.0000000000
38112  -6.473  -44.892  42.627 0.0000000000
130839  -23.988  -37.556  32.251 0.0000000000
44848  -25.267  -37.075  31.783 0.0000000000
44849  -26.154  -37.041  31.881 0.0000000000
47466  -22.221  -34.439  29.978 0.0000000000
46575  -22.272  -35.544  30.216 0.0000000000
147629  -21.981  -36.246  31.057 0.0000000000
45679  -22.191  -36.678  31.395 0.0000000000
45680  -22.901  -36.850  31.273 0.0000000000
44846  -23.431  -37.278  31.804 0.0000000000
128360  -36.059  -29.027  26.252 0.0000000000
64303  -41.464  -16.858  14.914 0.0000000000
64330  -41.787  -17.037  13.851 0.0000000000
64316  -42.022  -16.560  14.203 0.0000000000
65163  -43.056  -15.531  13.798 0.0000000000
71340  -44.185  -8.666  13.858 0.0000000000
70507  -45.082  -9.034  12.834 0.0000000000
71350  -45.155  -8.311  12.460 0.0000000000
72272  -45.777  -7.272  11.414 0.0000000000
73182  -45.567  -6.660  11.782 0.0000000000
55753  -34.720  -24.867  25.992 0.0000000000
131617  -33.935  -24.694  25.814 0.0000000000
56707  -33.542  -24.425  25.256 0.0000000000
63361  -34.678  -18.027  19.927 0.0000000000
63380  -35.974  -17.038  19.269 0.0000000000
124403  -36.339  -17.347  18.736 0.0000000000
64273  -36.939  -17.322  18.372 0.0000000000
64258  -36.795  -16.658  19.047 0.0000000000
49404  -30.358  -32.320  29.429 0.0000000000
48428  -31.502  -33.197  30.102 0.0000000000
132209  -15.110  -34.943  35.070 0.0000000000
46523  -15.356  -35.664  34.535 0.0000000000
75062  -50.289  -4.285  8.663 0.0000000000
75933  -50.585  -3.516  8.296 0.0000000000
123526  -9.305  -45.038  41.554 0.0000000000
37208  -8.738  -45.476  41.683 0.0000000000
36193  -8.227  -45.962  41.768 0.0000000000
56710  -41.294  -24.823  25.083 0.0000000000
56709  -40.616  -24.264  24.853 0.0000000000
49447  -32.703  -33.065  25.935 0.0000000000
48488  -33.313  -33.621  26.547 0.0000000000
48471  -35.667  -33.754  27.219 0.0000000000
48390  -20.425  -33.079  31.960 0.0000000000
49357  -19.719  -32.796  32.528 0.0000000000
49337  -19.402  -32.338  33.329 0.0000000000
122464  -22.040  -37.839  33.531 0.0000000000
44787  -21.948  -38.090  34.910 0.0000000000
144415  -37.093  -29.483  22.682 0.0000000000
131472  -36.165  -28.913  22.451 0.0000000000
48451  -25.086  -33.729  28.364 0.0000000000
49415  -25.886  -32.449  27.891 0.0000000000
127451  -26.423  -29.399  29.261 0.0000000000
52187  -26.837  -28.809  28.689 0.0000000000
51383  -27.795  -30.026  27.977 0.0000000000
53116  -31.049  -28.826  26.891 0.0000000000
129479  -30.785  -31.395  25.355 0.0000000000
52281  -33.355  -29.493  22.945 0.0000000000
51457  -34.310  -29.891  22.485 0.0000000000
51447  -34.458  -30.469  22.781 0.0000000000
51448  -35.335  -30.483  22.996 0.0000000000
51459  -35.710  -29.985  22.659 0.0000000000
59620  -42.554  -21.067  15.603 0.0000000000
59621  -43.377  -20.913  15.776 0.0000000000
60598  -43.852  -20.647  15.141 0.0000000000
60611  -44.494  -20.267  14.637 0.0000000000
126127  -44.346  -18.024  13.014 0.0000000000
62490  -44.734  -18.600  13.320 0.0000000000
63457  -45.125  -17.955  12.971 0.0000000000
66917  -43.030  -13.717  16.660 0.0000000000
126702  -43.390  -13.894  15.762 0.0000000000
66923  -43.554  -13.204  15.450 0.0000000000
66931  -44.300  -13.140  15.048 0.0000000000
67884  -45.835  -12.392  14.995 0.0000000000
67885  -46.609  -12.391  14.819 0.0000000000
66934  -46.973  -12.777  14.328 0.0000000000
143645  -48.276  -13.896  12.728 0.0000000000
137746  -48.017  -13.161  13.210 0.0000000000
74137  -47.327  -5.940  10.469 0.0000000000
74138  -47.911  -5.239  10.230 0.0000000000
75054  -48.243  -4.506  9.961 0.0000000000
75055  -49.067  -4.512  9.433 0.0000000000
143496  -47.943  -2.980  10.046 0.0000000000
44734  -11.303  -37.860  39.788 0.0000000000
42882  -11.050  -39.772  39.196 0.0000000000
39049  -10.943  -43.675  41.262 0.0000000000
53178  -38.130  -27.930  22.187 0.0000000000
53179  -38.675  -27.647  22.326 0.0000000000
54018  -38.235  -27.137  21.999 0.0000000000
54875  -38.272  -26.305  21.791 0.0000000000
56740  -36.479  -24.818  22.803 0.0000000000
57658  -38.080  -23.867  22.229 0.0000000000
57659  -38.791  -24.023  22.494 0.0000000000
141302  -33.617  -20.745  21.136 0.0000000000
59488  -34.492  -21.970  20.821 0.0000000000
58551  -36.174  -22.836  21.377 0.0000000000
60515  -38.104  -21.827  20.783 0.0000000000
60557  -37.332  -20.788  18.675 0.0000000000
59561  -38.560  -21.477  18.499 0.0000000000
124107  -39.933  -21.781  19.003 0.0000000000
59563  -40.215  -21.778  18.162 0.0000000000
59588  -40.499  -21.676  17.470 0.0000000000
59604  -39.620  -21.102  16.529 0.0000000000
63414  -39.115  -17.588  17.564 0.0000000000
139393  -40.434  -17.727  16.288 0.0000000000
46600  -27.062  -35.158  28.305 0.0000000000
45715  -27.038  -36.096  29.841 0.0000000000
46589  -27.557  -35.564  29.166 0.0000000000
128399  -28.654  -35.437  30.428 0.0000000000
45604  -13.865  -36.454  36.041 0.0000000000
45603  -13.335  -36.898  36.540 0.0000000000
43867  -13.732  -38.519  37.135 0.0000000000
45636  -16.940  -36.838  34.364 0.0000000000
131702  -17.720  -37.672  36.176 0.0000000000
53986  -41.382  -27.025  25.045 0.0000000000
53995  -40.907  -26.800  24.286 0.0000000000
43912  -24.459  -38.724  35.230 0.0000000000
43928  -26.172  -38.447  34.402 0.0000000000
44817  -25.204  -37.771  33.092 0.0000000000
43943  -25.691  -38.086  33.719 0.0000000000
49450  -35.715  -32.751  26.140 0.0000000000
48402  -21.028  -33.421  31.404 0.0000000000
47454  -21.603  -34.244  30.581 0.0000000000
147486  -21.313  -33.843  30.999 0.0000000000
47442  -20.466  -33.912  31.630 0.0000000000
141584  -20.171  -34.498  31.986 0.0000000000
46552  -20.188  -35.354  32.134 0.0000000000
45666  -21.191  -36.659  32.314 0.0000000000
44815  -21.696  -37.411  32.720 0.0000000000
43925  -23.278  -38.378  34.442 0.0000000000
53149  -34.976  -28.411  23.510 0.0000000000
52250  -33.428  -29.126  24.861 0.0000000000
53147  -33.833  -28.841  24.134 0.0000000000
53148  -34.294  -28.600  23.601 0.0000000000
61524  -41.389  -19.362  14.257 0.0000000000
61532  -42.612  -19.010  13.608 0.0000000000
63454  -42.169  -17.488  13.532 0.0000000000
63455  -42.889  -17.196  13.223 0.0000000000
63456  -43.631  -17.659  13.028 0.0000000000
63473  -44.535  -17.217  12.767 0.0000000000
64344  -45.253  -16.481  12.657 0.0000000000
68809  -43.351  -11.854  15.337 0.0000000000
68808  -42.879  -11.211  15.524 0.0000000000
68815  -43.478  -11.013  15.009 0.0000000000
69655  -44.253  -10.723  14.556 0.0000000000
69665  -44.067  -9.954  14.150 0.0000000000
68824  -45.712  -11.372  14.709 0.0000000000
68825  -46.473  -11.335  14.551 0.0000000000
68826  -47.262  -11.396  14.326 0.0000000000
68827  -48.070  -11.433  13.914 0.0000000000
69687  -47.131  -9.964  13.129 0.0000000000
70509  -46.554  -9.414  12.467 0.0000000000
70510  -47.351  -9.449  12.391 0.0000000000
72285  -47.553  -7.680  10.300 0.0000000000
73194  -46.728  -6.582  10.716 0.0000000000
73183  -46.055  -6.410  11.215 0.0000000000
74136  -46.633  -5.765  10.921 0.0000000000
74129  -46.542  -5.014  11.263 0.0000000000
145784  -12.221  -39.129  38.124 0.0000000000
140914  -11.932  -39.805  38.438 0.0000000000
42026  -12.446  -40.357  38.686 0.0000000000
55770  -37.233  -25.831  23.812 0.0000000000
55788  -35.754  -25.049  23.580 0.0000000000
56739  -34.730  -24.520  22.595 0.0000000000
62382  -33.562  -19.114  22.957 0.0000000000
134726  -33.557  -20.042  21.498 0.0000000000
61450  -33.822  -20.182  20.638 0.0000000000
60528  -34.300  -20.341  20.119 0.0000000000
60529  -35.520  -20.890  19.885 0.0000000000
60540  -35.991  -20.365  19.374 0.0000000000
61465  -36.306  -19.710  18.718 0.0000000000
62438  -35.163  -18.527  19.244 0.0000000000
61497  -37.355  -19.708  17.856 0.0000000000
61498  -37.971  -19.645  17.353 0.0000000000
63413  -38.230  -17.902  17.545 0.0000000000
63398  -38.526  -17.175  18.009 0.0000000000
64275  -38.747  -16.411  18.531 0.0000000000
139026  -28.655  -33.376  29.382 0.0000000000
48426  -29.707  -33.047  30.560 0.0000000000
49390  -30.198  -32.643  30.138 0.0000000000
48427  -30.356  -32.960  30.808 0.0000000000
47384  -14.565  -34.789  36.353 0.0000000000
130813  -15.412  -37.728  35.887 0.0000000000
44769  -19.612  -37.751  36.356 0.0000000000
40027  -9.112  -42.235  41.741 0.0000000000
40026  -8.392  -42.840  42.560 0.0000000000
39019  -7.583  -43.285  43.286 0.0000000000
66909  -42.698  -13.056  17.454 0.0000000000
67861  -42.435  -12.228  17.183 0.0000000000
68798  -42.376  -11.426  16.914 0.0000000000
58521  -39.757  -22.889  25.026 0.0000000000
49432  -31.053  -32.709  27.251 0.0000000000
48467  -31.488  -33.258  27.534 0.0000000000
48491  -36.140  -33.212  26.746 0.0000000000
48353  -17.221  -33.020  35.199 0.0000000000
48364  -16.713  -33.652  34.606 0.0000000000
47414  -16.409  -34.428  34.207 0.0000000000
46536  -16.941  -34.941  33.731 0.0000000000
45651  -17.730  -36.408  33.874 0.0000000000
145407  -18.462  -36.789  34.150 0.0000000000
45622  -18.812  -37.213  34.866 0.0000000000
45638  -19.999  -37.182  34.177 0.0000000000
147382  -20.207  -37.439  35.034 0.0000000000
135034  -19.948  -37.614  35.653 0.0000000000
51440  -39.304  -29.970  24.933 0.0000000000
53166  -37.977  -28.702  22.379 0.0000000000
125707  -37.811  -27.480  22.152 0.0000000000
54846  -37.516  -26.339  23.512 0.0000000000
53992  -35.987  -28.120  23.310 0.0000000000
136909  -36.956  -27.526  23.313 0.0000000000
45698  -24.608  -36.350  30.259 0.0000000000
45712  -24.289  -35.914  29.568 0.0000000000
46588  -25.619  -35.577  29.058 0.0000000000
46599  -26.056  -35.135  28.269 0.0000000000
47491  -27.410  -34.423  27.903 0.0000000000
48454  -27.632  -33.557  27.815 0.0000000000
50435  -26.081  -31.140  28.916 0.0000000000
51381  -26.548  -30.240  28.776 0.0000000000
49416  -26.445  -32.022  27.839 0.0000000000
49430  -26.960  -32.229  27.582 0.0000000000
130824  -27.634  -32.601  27.956 0.0000000000
49418  -28.267  -32.062  28.799 0.0000000000
50436  -29.187  -31.405  28.770 0.0000000000
53113  -28.552  -27.892  27.294 0.0000000000
51400  -29.150  -29.794  26.774 0.0000000000
124470  -31.789  -32.724  25.784 0.0000000000
49468  -34.213  -32.564  25.246 0.0000000000
139620  -32.574  -31.233  23.833 0.0000000000
51446  -32.971  -30.183  23.159 0.0000000000
50510  -33.040  -30.772  23.317 0.0000000000
49477  -34.546  -32.065  24.705 0.0000000000
50485  -35.958  -31.787  25.087 0.0000000000
50503  -37.127  -31.087  24.704 0.0000000000
50504  -37.921  -30.831  24.873 0.0000000000
51422  -38.644  -30.445  24.941 0.0000000000
48421  -22.677  -33.923  29.866 0.0000000000
47477  -22.833  -34.480  29.427 0.0000000000
45711  -23.624  -35.740  29.515 0.0000000000
59608  -44.547  -20.842  16.768 0.0000000000
61526  -43.045  -19.784  13.961 0.0000000000
61527  -43.958  -19.865  13.964 0.0000000000
61517  -45.309  -19.966  14.617 0.0000000000
61535  -45.244  -19.139  13.713 0.0000000000
65140  -43.028  -15.698  14.901 0.0000000000
66054  -43.495  -15.028  13.812 0.0000000000
122265  -43.571  -15.405  13.338 0.0000000000
65164  -44.271  -15.427  12.893 0.0000000000
65170  -45.106  -15.626  12.679 0.0000000000
67882  -43.886  -12.498  15.245 0.0000000000
66056  -45.871  -14.129  13.241 0.0000000000
136210  -45.836  -15.044  12.741 0.0000000000
65171  -46.641  -15.293  12.609 0.0000000000
75061  -49.519  -4.062  8.992 0.0000000000
76760  -49.505  -2.577  8.931 0.0000000000
78409  -49.283  -0.768  9.935 0.0000000000
42855  -10.263  -39.061  41.402 0.0000000000
41989  -9.955  -40.945  40.891 0.0000000000
42024  -11.406  -40.212  38.920 0.0000000000
42012  -10.868  -40.588  39.317 0.0000000000
41084  -11.409  -41.597  39.518 0.0000000000
41072  -10.093  -41.668  40.509 0.0000000000
39063  -10.057  -43.790  40.896 0.0000000000
38128  -10.090  -44.297  41.168 0.0000000000
37209  -9.939  -44.891  41.559 0.0000000000
53168  -39.753  -27.814  23.516 0.0000000000
55804  -38.284  -25.419  21.917 0.0000000000
54861  -39.675  -25.725  22.833 0.0000000000
56726  -40.227  -24.256  23.923 0.0000000000
57650  -39.102  -23.429  23.278 0.0000000000
57640  -39.472  -23.272  24.220 0.0000000000
58528  -39.540  -23.059  24.317 0.0000000000
57630  -33.102  -23.871  25.415 0.0000000000
133081  -32.862  -23.083  25.147 0.0000000000
57638  -33.116  -23.990  24.531 0.0000000000
56737  -33.819  -24.301  22.892 0.0000000000
59457  -33.131  -21.383  23.338 0.0000000000
130376  -33.111  -22.097  22.815 0.0000000000
58548  -33.429  -21.880  22.039 0.0000000000
58535  -38.117  -23.034  22.127 0.0000000000
59459  -39.588  -22.741  23.175 0.0000000000
59445  -39.776  -22.784  23.832 0.0000000000
60497  -39.246  -22.047  22.185 0.0000000000
60530  -36.458  -21.147  19.906 0.0000000000
140626  -37.286  -21.346  20.064 0.0000000000
123690  -42.958  -21.368  16.993 0.0000000000
59607  -42.280  -21.373  16.305 0.0000000000
60608  -41.715  -20.156  14.510 0.0000000000
62460  -39.190  -18.953  16.688 0.0000000000
60607  -40.900  -19.884  14.740 0.0000000000
63434  -40.887  -17.406  14.885 0.0000000000
64296  -41.726  -16.882  15.537 0.0000000000
64297  -42.554  -16.882  15.886 0.0000000000
45683  -25.835  -36.731  31.194 0.0000000000
126083  -26.719  -36.754  31.305 0.0000000000
44850  -26.908  -37.066  31.901 0.0000000000
44837  -27.548  -37.324  32.321 0.0000000000
47467  -28.864  -34.538  30.146 0.0000000000
46564  -29.016  -35.591  31.104 0.0000000000
46565  -29.572  -35.157  31.551 0.0000000000
45685  -29.200  -36.122  31.731 0.0000000000
45571  -11.681  -37.087  39.448 0.0000000000
46476  -12.782  -35.931  38.057 0.0000000000
45594  -12.530  -36.726  37.691 0.0000000000
44750  -12.209  -38.315  37.909 0.0000000000
43852  -13.992  -38.969  37.795 0.0000000000
44797  -15.417  -36.495  34.694 0.0000000000
44781  -15.416  -37.152  35.149 0.0000000000
44768  -18.724  -37.707  36.499 0.0000000000
44752  -16.948  -37.875  36.769 0.0000000000
43889  -15.990  -38.065  36.718 0.0000000000
77573  -50.769  -1.661  8.075 0.0000000000
127866  -7.016  -47.265  42.276 0.0000000000
37202  -7.490  -46.038  42.045 0.0000000000
37200  -6.034  -45.003  41.950 0.0000000000
124986  -5.945  -43.924  41.930 0.0000000000
38111  -6.181  -44.089  42.544 0.0000000000
38100  -6.212  -43.428  43.018 0.0000000000
46597  -24.413  -35.035  28.760 0.0000000000
53174  -33.927  -28.980  22.784 0.0000000000
53175  -34.528  -28.934  22.681 0.0000000000
54848  -41.347  -26.337  24.666 0.0000000000
61531  -41.833  -18.964  13.832 0.0000000000
69670  -48.166  -10.529  13.536 0.0000000000
71328  -43.801  -8.901  14.694 0.0000000000
72273  -46.283  -7.092  10.955 0.0000000000
132890  -34.762  -20.762  20.072 0.0000000000
136325  -45.584  -11.911  15.104 0.0000000000
143620  -24.012  -38.519  34.645 0.0000000000
146981  -33.278  -29.173  24.237 0.0000000000
