#!ascii label  , from subject sub-v1s21x0050424_ses-1 vox2ras=TkReg
527
77157  -25.981  -1.954  -33.168 0.0000000000
72691  -22.559  -7.876  -31.695 0.0000000000
72695  -29.013  -6.996  -30.956 0.0000000000
68341  -26.889  -12.631  -30.489 0.0000000000
89079  -23.489  10.376  -38.384 0.0000000000
142038  -25.397  5.842  -37.863 0.0000000000
80598  -21.321  2.110  -33.369 0.0000000000
64733  -25.463  -16.531  -29.690 0.0000000000
70104  -24.608  -10.248  -31.747 0.0000000000
68338  -23.026  -12.483  -30.409 0.0000000000
135135  -24.747  7.371  -38.545 0.0000000000
83488  -21.031  6.356  -36.352 0.0000000000
77126  -20.988  -2.734  -31.745 0.0000000000
78780  -19.621  -0.632  -31.409 0.0000000000
78823  -23.311  -0.135  -33.296 0.0000000000
81503  -25.422  2.479  -35.006 0.0000000000
78839  -27.741  0.262  -34.659 0.0000000000
77937  -30.063  -1.536  -32.557 0.0000000000
74534  -20.305  -5.681  -30.703 0.0000000000
75476  -23.959  -4.731  -32.579 0.0000000000
75480  -27.485  -4.286  -32.060 0.0000000000
72712  -26.059  -7.401  -32.139 0.0000000000
70920  -27.829  -9.615  -31.087 0.0000000000
67368  -30.706  -13.402  -29.735 0.0000000000
124300  -20.406  4.874  -33.440 0.0000000000
83466  -23.146  5.912  -34.815 0.0000000000
138580  -27.643  4.178  -35.167 0.0000000000
129584  -22.625  -13.936  -29.619 0.0000000000
134903  -26.053  -14.509  -30.266 0.0000000000
69240  -21.917  -11.525  -30.179 0.0000000000
68336  -21.715  -12.103  -29.706 0.0000000000
84415  -20.052  6.694  -36.216 0.0000000000
82472  -19.071  3.658  -36.862 0.0000000000
77141  -23.693  -2.432  -32.597 0.0000000000
78802  -22.130  -0.764  -32.703 0.0000000000
127331  -24.892  -0.935  -33.358 0.0000000000
79696  -25.437  0.402  -34.242 0.0000000000
78825  -26.381  -0.515  -33.903 0.0000000000
143732  -28.787  -0.525  -33.522 0.0000000000
77159  -27.679  -2.141  -32.859 0.0000000000
73625  -21.732  -6.786  -31.441 0.0000000000
75460  -21.495  -4.986  -31.867 0.0000000000
73640  -22.574  -6.609  -31.974 0.0000000000
73642  -24.319  -6.144  -32.486 0.0000000000
72710  -23.976  -7.601  -32.402 0.0000000000
69260  -25.507  -11.275  -31.568 0.0000000000
70106  -26.246  -10.661  -31.844 0.0000000000
69262  -27.044  -11.075  -31.258 0.0000000000
69245  -28.498  -10.938  -30.227 0.0000000000
68326  -27.801  -12.316  -29.893 0.0000000000
88155  -22.235  9.756  -37.784 0.0000000000
90010  -21.492  11.186  -37.602 0.0000000000
129606  -22.139  11.612  -38.264 0.0000000000
92715  -21.464  14.832  -38.492 0.0000000000
90019  -24.532  11.096  -37.801 0.0000000000
85353  -25.189  6.310  -39.278 0.0000000000
79675  -19.568  0.796  -32.287 0.0000000000
142969  -18.337  1.932  -32.241 0.0000000000
81474  -19.856  3.053  -33.159 0.0000000000
84371  -22.222  5.353  -34.288 0.0000000000
82439  -22.233  3.624  -33.805 0.0000000000
140711  -28.044  1.769  -35.855 0.0000000000
121257  -26.651  3.091  -35.692 0.0000000000
121255  -28.341  3.452  -33.987 0.0000000000
74550  -27.786  -5.762  -31.521 0.0000000000
75462  -28.892  -4.425  -31.516 0.0000000000
140602  -23.961  -15.804  -29.386 0.0000000000
65588  -23.584  -15.100  -29.462 0.0000000000
66479  -24.136  -14.559  -29.888 0.0000000000
65590  -25.359  -15.681  -29.859 0.0000000000
134326  -22.046  -9.088  -31.106 0.0000000000
71803  -23.701  -8.965  -31.988 0.0000000000
70103  -22.683  -10.269  -31.045 0.0000000000
131600  -23.639  -11.450  -31.060 0.0000000000
127081  -25.156  -12.485  -31.021 0.0000000000
86285  -22.081  8.176  -37.689 0.0000000000
134691  -24.260  8.429  -38.132 0.0000000000
85332  -21.628  7.563  -37.958 0.0000000000
85362  -21.828  6.345  -38.819 0.0000000000
84436  -22.896  5.935  -37.820 0.0000000000
77125  -20.229  -2.846  -31.271 0.0000000000
77936  -20.685  -1.953  -31.613 0.0000000000
78801  -21.203  -0.442  -32.421 0.0000000000
80599  -22.255  1.168  -33.459 0.0000000000
81500  -23.238  2.724  -34.235 0.0000000000
79707  -24.161  1.083  -34.213 0.0000000000
80615  -26.852  1.267  -35.292 0.0000000000
80586  -28.961  1.432  -33.255 0.0000000000
136113  -29.820  0.667  -32.243 0.0000000000
63878  -26.856  -17.713  -29.717 0.0000000000
141957  -27.092  -17.059  -29.766 0.0000000000
75459  -20.841  -4.431  -31.595 0.0000000000
76337  -22.470  -3.753  -32.275 0.0000000000
124930  -24.873  -3.322  -32.793 0.0000000000
147174  -26.695  -3.337  -32.655 0.0000000000
75478  -25.750  -4.826  -32.432 0.0000000000
74567  -26.426  -5.459  -32.165 0.0000000000
73626  -26.815  -7.025  -31.856 0.0000000000
70949  -25.239  -9.054  -32.245 0.0000000000
71804  -26.618  -8.881  -32.053 0.0000000000
71787  -28.387  -8.821  -30.920 0.0000000000
70091  -29.095  -10.267  -30.338 0.0000000000
68342  -30.898  -12.058  -29.936 0.0000000000
88158  -25.197  9.710  -37.997 0.0000000000
131274  -20.738  6.072  -35.381 0.0000000000
83475  -21.406  6.175  -35.803 0.0000000000
83491  -24.122  7.279  -36.636 0.0000000000
82459  -24.718  4.316  -34.916 0.0000000000
138469  -25.075  5.477  -35.551 0.0000000000
121272  -25.753  5.936  -36.170 0.0000000000
76343  -28.645  -2.889  -32.384 0.0000000000
77128  -29.939  -2.711  -31.931 0.0000000000
135533  -21.570  -12.658  -29.436 0.0000000000
67377  -22.458  -12.892  -29.983 0.0000000000
139138  -24.152  -13.361  -30.430 0.0000000000
67379  -26.177  -13.303  -30.576 0.0000000000
123382  -27.563  -15.813  -29.608 0.0000000000
125591  -28.123  -15.232  -29.465 0.0000000000
138724  -28.039  -13.292  -29.553 0.0000000000
84383  -19.439  6.193  -34.905 0.0000000000
77956  -24.193  -1.934  -32.907 0.0000000000
77955  -23.531  -1.643  -32.785 0.0000000000
77156  -24.975  -1.778  -33.162 0.0000000000
77974  -25.699  -1.103  -33.445 0.0000000000
77975  -26.669  -1.204  -33.401 0.0000000000
72690  -21.700  -7.587  -31.220 0.0000000000
72689  -20.964  -7.047  -30.659 0.0000000000
72708  -22.368  -7.233  -31.736 0.0000000000
72709  -23.171  -7.270  -32.192 0.0000000000
71819  -23.391  -8.131  -32.143 0.0000000000
69242  -25.724  -11.956  -31.276 0.0000000000
69261  -26.264  -11.410  -31.474 0.0000000000
69243  -26.570  -11.922  -31.040 0.0000000000
69244  -27.338  -11.725  -30.524 0.0000000000
89078  -22.523  10.306  -38.219 0.0000000000
90017  -22.049  10.909  -38.219 0.0000000000
136566  -22.778  10.979  -38.605 0.0000000000
90919  -22.771  12.382  -38.385 0.0000000000
90920  -23.692  12.475  -38.422 0.0000000000
131232  -23.700  11.038  -38.400 0.0000000000
121276  -25.018  6.691  -38.757 0.0000000000
84384  -25.868  7.515  -38.003 0.0000000000
121930  -25.379  7.019  -37.885 0.0000000000
85335  -26.268  6.746  -36.606 0.0000000000
80584  -20.240  1.320  -32.834 0.0000000000
80583  -19.292  1.608  -32.609 0.0000000000
81475  -19.974  2.131  -33.050 0.0000000000
80582  -19.061  2.490  -32.804 0.0000000000
81487  -20.730  2.611  -33.312 0.0000000000
82438  -21.618  3.809  -33.594 0.0000000000
81488  -21.641  2.937  -33.552 0.0000000000
81490  -28.445  2.561  -33.938 0.0000000000
121253  -28.212  2.626  -35.332 0.0000000000
73628  -28.429  -6.394  -31.267 0.0000000000
74551  -28.629  -5.451  -31.324 0.0000000000
73629  -29.240  -6.131  -31.047 0.0000000000
138971  -24.816  -16.851  -29.506 0.0000000000
64731  -23.939  -16.641  -29.199 0.0000000000
64732  -24.684  -16.144  -29.558 0.0000000000
65589  -24.494  -15.343  -29.737 0.0000000000
70919  -21.855  -9.820  -30.655 0.0000000000
70934  -22.754  -9.434  -31.318 0.0000000000
124937  -22.762  -11.834  -30.568 0.0000000000
70088  -22.679  -11.093  -30.782 0.0000000000
128890  -23.621  -12.081  -30.814 0.0000000000
69241  -24.650  -11.867  -31.191 0.0000000000
84425  -20.829  6.423  -36.568 0.0000000000
84426  -21.002  6.251  -37.130 0.0000000000
84435  -22.059  5.987  -37.641 0.0000000000
85370  -22.584  5.812  -38.450 0.0000000000
135944  -21.531  6.577  -36.485 0.0000000000
77971  -22.852  -0.638  -33.031 0.0000000000
78821  -21.854  -0.103  -32.891 0.0000000000
79677  -21.384  0.296  -32.881 0.0000000000
79693  -22.899  0.647  -33.484 0.0000000000
80600  -22.871  1.492  -33.750 0.0000000000
80601  -23.449  1.100  -33.893 0.0000000000
78837  -26.206  0.153  -34.265 0.0000000000
79709  -26.058  0.823  -34.627 0.0000000000
79710  -27.028  0.538  -34.781 0.0000000000
80616  -28.653  0.883  -35.510 0.0000000000
79697  -28.704  0.662  -34.684 0.0000000000
80587  -29.417  1.070  -32.662 0.0000000000
79698  -28.878  0.424  -33.736 0.0000000000
78803  -29.281  -0.978  -33.277 0.0000000000
79655  -30.076  -0.062  -32.279 0.0000000000
77938  -30.529  -1.615  -31.809 0.0000000000
62941  -26.549  -18.388  -29.515 0.0000000000
62942  -27.380  -18.161  -29.410 0.0000000000
74547  -19.876  -4.995  -30.389 0.0000000000
75458  -20.215  -4.360  -31.043 0.0000000000
74548  -20.565  -5.017  -31.188 0.0000000000
130526  -22.567  -5.285  -32.182 0.0000000000
123632  -22.456  -4.487  -32.241 0.0000000000
140940  -23.200  -4.805  -32.402 0.0000000000
76338  -23.382  -4.013  -32.450 0.0000000000
76339  -24.400  -4.002  -32.609 0.0000000000
76340  -25.282  -4.013  -32.634 0.0000000000
75477  -24.815  -4.731  -32.596 0.0000000000
135001  -25.496  -6.958  -32.237 0.0000000000
73643  -25.252  -6.296  -32.364 0.0000000000
124897  -26.121  -6.416  -32.151 0.0000000000
73644  -26.977  -6.080  -31.807 0.0000000000
70935  -23.700  -9.813  -31.531 0.0000000000
70948  -24.530  -8.853  -32.231 0.0000000000
70936  -24.571  -9.490  -32.056 0.0000000000
70939  -27.140  -10.191  -31.653 0.0000000000
70938  -26.524  -9.752  -32.085 0.0000000000
123829  -27.225  -9.337  -31.718 0.0000000000
71805  -27.289  -8.495  -31.628 0.0000000000
143605  -27.749  -8.900  -31.329 0.0000000000
70921  -28.711  -9.528  -30.628 0.0000000000
70090  -28.217  -10.254  -30.608 0.0000000000
69231  -29.395  -11.922  -29.676 0.0000000000
69246  -29.447  -11.081  -29.981 0.0000000000
69232  -30.089  -12.166  -29.678 0.0000000000
68330  -31.022  -12.781  -29.939 0.0000000000
87239  -24.752  9.056  -38.141 0.0000000000
87229  -25.338  8.428  -38.081 0.0000000000
77934  -19.234  -0.994  -30.912 0.0000000000
82419  -18.755  4.428  -32.782 0.0000000000
83424  -20.898  5.715  -33.780 0.0000000000
83433  -20.977  6.411  -33.949 0.0000000000
83446  -21.454  6.111  -34.504 0.0000000000
83447  -22.578  5.594  -34.500 0.0000000000
83465  -21.704  6.345  -35.112 0.0000000000
83476  -22.705  6.492  -35.684 0.0000000000
83477  -23.852  6.209  -35.353 0.0000000000
81501  -24.024  2.685  -34.516 0.0000000000
82448  -23.613  3.459  -34.452 0.0000000000
82460  -25.130  3.398  -35.089 0.0000000000
142731  -26.592  3.782  -35.695 0.0000000000
121267  -25.990  3.997  -35.692 0.0000000000
121279  -26.158  4.698  -35.778 0.0000000000
82489  -24.995  6.322  -36.061 0.0000000000
124495  -26.413  5.237  -35.837 0.0000000000
121274  -27.568  5.239  -34.920 0.0000000000
76341  -27.031  -3.717  -32.430 0.0000000000
77144  -27.233  -2.915  -32.719 0.0000000000
76342  -27.898  -3.405  -32.267 0.0000000000
76323  -29.583  -3.564  -31.612 0.0000000000
65587  -22.567  -14.701  -29.191 0.0000000000
66477  -21.905  -13.945  -29.305 0.0000000000
67363  -22.099  -13.356  -29.632 0.0000000000
67376  -21.856  -12.742  -29.670 0.0000000000
137337  -22.760  -13.414  -29.891 0.0000000000
66480  -25.206  -14.769  -30.190 0.0000000000
66496  -24.646  -13.965  -30.337 0.0000000000
126040  -25.142  -13.222  -30.714 0.0000000000
66497  -25.617  -13.958  -30.439 0.0000000000
64734  -26.948  -16.363  -29.784 0.0000000000
66482  -27.839  -14.361  -29.540 0.0000000000
70087  -21.900  -10.711  -30.472 0.0000000000
68337  -22.187  -12.261  -30.064 0.0000000000
85349  -19.968  6.605  -36.803 0.0000000000
84414  -18.347  6.078  -37.400 0.0000000000
83486  -19.435  4.292  -38.107 0.0000000000
82496  -20.083  3.842  -38.040 0.0000000000
131056  -22.696  -2.156  -32.425 0.0000000000
77140  -21.640  -2.123  -32.090 0.0000000000
77954  -22.823  -1.256  -32.734 0.0000000000
77972  -23.493  -0.884  -33.087 0.0000000000
79694  -23.783  0.453  -33.698 0.0000000000
139768  -25.338  -0.290  -33.807 0.0000000000
78826  -27.413  -0.442  -33.950 0.0000000000
78827  -28.516  0.100  -34.029 0.0000000000
123857  -28.185  -0.506  -33.694 0.0000000000
77977  -28.611  -1.126  -33.301 0.0000000000
77958  -29.059  -1.578  -33.122 0.0000000000
73624  -21.025  -6.221  -30.998 0.0000000000
146350  -21.023  -5.559  -31.351 0.0000000000
74549  -21.875  -5.926  -31.775 0.0000000000
74563  -22.802  -5.960  -32.162 0.0000000000
74564  -23.527  -5.522  -32.441 0.0000000000
74565  -24.351  -5.321  -32.555 0.0000000000
73641  -23.386  -6.418  -32.350 0.0000000000
124766  -23.908  -6.914  -32.444 0.0000000000
143953  -24.629  -7.795  -32.309 0.0000000000
70105  -25.334  -10.646  -31.828 0.0000000000
70937  -25.527  -9.912  -32.147 0.0000000000
70089  -27.576  -10.389  -30.985 0.0000000000
122201  -27.741  -10.944  -30.545 0.0000000000
69230  -28.609  -11.693  -29.836 0.0000000000
68327  -28.690  -12.503  -29.586 0.0000000000
88143  -21.483  9.618  -37.279 0.0000000000
90918  -21.910  12.435  -37.985 0.0000000000
91807  -22.073  13.488  -38.456 0.0000000000
90905  -24.385  12.618  -37.814 0.0000000000
84401  -25.006  6.690  -39.137 0.0000000000
86287  -26.138  7.930  -37.930 0.0000000000
85334  -26.097  7.271  -38.211 0.0000000000
80560  -16.868  1.544  -31.212 0.0000000000
81451  -17.343  2.306  -31.645 0.0000000000
132087  -18.903  3.460  -32.851 0.0000000000
82437  -20.784  3.686  -33.418 0.0000000000
83434  -21.728  5.300  -33.938 0.0000000000
141201  -21.933  4.342  -33.772 0.0000000000
141838  -22.471  4.430  -34.122 0.0000000000
83448  -23.344  4.980  -34.529 0.0000000000
81514  -26.656  2.450  -35.610 0.0000000000
81513  -25.896  3.079  -35.499 0.0000000000
122017  -27.950  2.424  -35.688 0.0000000000
125372  -27.825  3.266  -35.450 0.0000000000
75461  -27.993  -4.837  -31.640 0.0000000000
76321  -28.164  -4.066  -31.847 0.0000000000
75463  -29.786  -4.435  -31.218 0.0000000000
65582  -23.042  -15.767  -28.938 0.0000000000
66478  -23.273  -14.418  -29.636 0.0000000000
126933  -26.091  -15.210  -30.070 0.0000000000
71801  -21.848  -8.401  -31.144 0.0000000000
71802  -22.728  -8.641  -31.589 0.0000000000
69258  -23.663  -10.635  -31.288 0.0000000000
69259  -24.601  -11.025  -31.494 0.0000000000
88142  -20.461  9.572  -36.695 0.0000000000
144354  -21.076  9.167  -37.157 0.0000000000
87227  -21.851  8.818  -37.402 0.0000000000
88144  -22.582  9.152  -37.682 0.0000000000
87238  -23.698  9.040  -38.036 0.0000000000
87228  -23.017  8.576  -37.884 0.0000000000
86286  -23.735  8.037  -38.176 0.0000000000
85333  -23.062  7.686  -38.760 0.0000000000
84416  -20.823  6.832  -36.321 0.0000000000
85350  -21.539  7.341  -38.388 0.0000000000
84400  -23.906  7.184  -39.315 0.0000000000
86312  -23.631  6.232  -39.330 0.0000000000
121937  -23.836  5.517  -38.730 0.0000000000
84438  -24.287  5.782  -37.922 0.0000000000
77935  -19.996  -1.297  -31.301 0.0000000000
77953  -21.443  -1.303  -32.158 0.0000000000
77952  -20.719  -1.108  -31.879 0.0000000000
78800  -20.272  -0.539  -31.944 0.0000000000
79676  -20.524  0.368  -32.522 0.0000000000
80585  -21.323  1.192  -33.173 0.0000000000
81489  -22.520  2.822  -33.871 0.0000000000
80612  -22.868  2.168  -33.941 0.0000000000
144756  -23.582  1.854  -34.221 0.0000000000
80613  -24.670  1.923  -34.559 0.0000000000
79708  -25.081  0.998  -34.460 0.0000000000
80614  -25.719  1.590  -34.866 0.0000000000
79722  -27.650  1.477  -35.749 0.0000000000
121270  -28.447  1.697  -35.617 0.0000000000
81476  -28.677  2.234  -33.068 0.0000000000
81477  -29.140  1.870  -32.299 0.0000000000
81458  -29.787  1.440  -31.681 0.0000000000
79678  -29.505  0.251  -32.989 0.0000000000
141764  -29.516  -7.440  -30.742 0.0000000000
63877  -25.412  -17.375  -29.604 0.0000000000
123198  -26.296  -17.031  -29.771 0.0000000000
140247  -20.702  -3.608  -31.590 0.0000000000
76320  -21.595  -4.070  -32.019 0.0000000000
76336  -21.846  -3.087  -32.157 0.0000000000
132761  -23.041  -3.105  -32.393 0.0000000000
132727  -24.010  -3.237  -32.585 0.0000000000
77142  -24.532  -2.574  -32.868 0.0000000000
135061  -25.371  -2.675  -33.031 0.0000000000
144792  -25.603  -3.355  -32.800 0.0000000000
128388  -26.196  -3.816  -32.560 0.0000000000
75479  -26.690  -4.547  -32.252 0.0000000000
74566  -25.051  -5.503  -32.491 0.0000000000
139044  -25.730  -5.700  -32.327 0.0000000000
73627  -27.615  -6.697  -31.527 0.0000000000
72694  -28.250  -7.316  -31.257 0.0000000000
71820  -24.191  -8.304  -32.310 0.0000000000
71821  -24.960  -8.347  -32.270 0.0000000000
70950  -25.975  -9.216  -32.207 0.0000000000
71822  -25.850  -8.368  -32.193 0.0000000000
72692  -26.689  -7.966  -31.922 0.0000000000
72693  -27.432  -7.607  -31.539 0.0000000000
72679  -28.880  -7.955  -30.871 0.0000000000
71788  -29.235  -8.793  -30.624 0.0000000000
70922  -29.616  -9.547  -30.433 0.0000000000
145275  -30.192  -10.969  -29.991 0.0000000000
88157  -24.180  9.727  -38.189 0.0000000000
89081  -25.167  10.476  -37.636 0.0000000000
87241  -25.999  9.266  -37.542 0.0000000000
82473  -19.923  3.794  -36.687 0.0000000000
82488  -20.205  4.954  -36.894 0.0000000000
83474  -20.362  5.548  -35.955 0.0000000000
146638  -20.289  5.707  -36.279 0.0000000000
83489  -22.217  6.540  -36.253 0.0000000000
84428  -23.505  6.870  -37.097 0.0000000000
83498  -24.603  6.917  -37.098 0.0000000000
82447  -22.883  3.516  -34.188 0.0000000000
83436  -23.939  4.261  -34.596 0.0000000000
82458  -24.095  5.209  -34.794 0.0000000000
82475  -24.785  5.302  -35.268 0.0000000000
131426  -24.476  6.645  -35.945 0.0000000000
83478  -24.774  6.890  -36.491 0.0000000000
121852  -25.339  6.723  -36.793 0.0000000000
121796  -27.037  5.891  -35.710 0.0000000000
77158  -26.918  -2.077  -33.061 0.0000000000
77145  -28.173  -2.584  -32.632 0.0000000000
77146  -29.063  -2.246  -32.787 0.0000000000
76322  -28.729  -3.505  -31.966 0.0000000000
77127  -29.286  -2.816  -32.243 0.0000000000
131735  -30.153  -2.096  -32.113 0.0000000000
67364  -23.552  -13.818  -30.009 0.0000000000
67378  -23.321  -13.110  -30.251 0.0000000000
68339  -24.141  -12.672  -30.716 0.0000000000
123213  -26.169  -16.064  -29.829 0.0000000000
65591  -26.859  -15.535  -29.847 0.0000000000
138726  -27.460  -15.105  -29.650 0.0000000000
66481  -26.871  -14.633  -29.976 0.0000000000
66498  -26.465  -13.924  -30.266 0.0000000000
67365  -27.240  -13.768  -29.910 0.0000000000
67381  -27.351  -13.067  -29.981 0.0000000000
67380  -26.837  -13.352  -30.280 0.0000000000
68328  -29.547  -12.648  -29.547 0.0000000000
68329  -30.377  -12.721  -29.685 0.0000000000
68340  -25.981  -12.617  -30.930 0.0000000000
69247  -30.182  -11.516  -29.829 0.0000000000
71806  -28.005  -8.188  -31.247 0.0000000000
72711  -25.293  -7.655  -32.240 0.0000000000
74568  -27.214  -5.157  -31.891 0.0000000000
77129  -30.678  -2.451  -31.516 0.0000000000
77143  -26.291  -2.905  -32.913 0.0000000000
77147  -29.727  -2.171  -32.553 0.0000000000
77957  -28.399  -1.835  -32.974 0.0000000000
77959  -29.625  -1.582  -33.007 0.0000000000
77973  -24.216  -1.253  -33.123 0.0000000000
77976  -27.689  -1.295  -33.229 0.0000000000
78781  -29.842  -0.747  -32.950 0.0000000000
78783  -31.066  -0.982  -31.465 0.0000000000
78804  -29.156  -0.249  -33.411 0.0000000000
78822  -22.522  -0.083  -33.115 0.0000000000
78824  -24.243  -0.363  -33.440 0.0000000000
78838  -26.997  -0.011  -34.330 0.0000000000
78840  -28.325  0.433  -34.913 0.0000000000
79692  -22.038  0.510  -33.193 0.0000000000
79695  -24.637  0.353  -34.028 0.0000000000
79711  -27.916  0.796  -35.425 0.0000000000
80562  -18.638  1.064  -31.980 0.0000000000
80602  -28.826  1.054  -34.038 0.0000000000
80603  -29.123  0.828  -33.363 0.0000000000
80625  -26.262  2.089  -35.387 0.0000000000
80626  -26.988  1.866  -35.655 0.0000000000
80637  -25.184  4.984  -35.315 0.0000000000
80646  -20.218  3.942  -37.747 0.0000000000
81502  -24.734  2.787  -34.756 0.0000000000
81525  -20.025  3.288  -37.084 0.0000000000
81526  -20.006  3.817  -36.941 0.0000000000
81536  -20.062  3.109  -37.929 0.0000000000
81537  -20.094  3.521  -37.476 0.0000000000
81538  -20.184  4.103  -37.609 0.0000000000
81549  -20.034  3.598  -37.976 0.0000000000
82436  -19.692  4.101  -33.163 0.0000000000
82449  -24.389  3.480  -34.694 0.0000000000
82471  -18.323  3.942  -37.175 0.0000000000
82474  -20.115  4.349  -36.669 0.0000000000
82476  -25.335  4.414  -35.376 0.0000000000
82486  -18.785  3.868  -37.828 0.0000000000
82487  -19.047  3.514  -37.422 0.0000000000
82495  -19.701  3.488  -38.098 0.0000000000
82497  -20.207  5.023  -37.255 0.0000000000
83425  -21.310  4.607  -33.610 0.0000000000
83435  -23.192  4.205  -34.385 0.0000000000
83445  -20.138  6.065  -35.481 0.0000000000
83462  -18.149  4.379  -36.715 0.0000000000
83463  -18.885  4.443  -36.534 0.0000000000
83464  -19.888  4.984  -36.235 0.0000000000
83485  -18.461  4.830  -37.999 0.0000000000
83487  -20.157  5.175  -37.464 0.0000000000
83490  -23.175  7.031  -36.374 0.0000000000
84372  -22.792  4.857  -34.354 0.0000000000
84399  -18.718  5.390  -36.301 0.0000000000
84402  -25.571  7.000  -38.584 0.0000000000
84417  -25.325  6.803  -39.022 0.0000000000
84424  -19.563  5.724  -37.516 0.0000000000
84427  -22.474  6.503  -36.682 0.0000000000
84429  -24.096  6.761  -37.142 0.0000000000
84437  -23.567  5.756  -38.053 0.0000000000
85348  -18.236  6.380  -36.723 0.0000000000
85351  -22.662  7.339  -39.247 0.0000000000
85352  -24.058  6.712  -39.424 0.0000000000
85363  -21.659  6.489  -38.329 0.0000000000
85364  -24.545  6.029  -39.361 0.0000000000
85369  -22.143  5.881  -38.320 0.0000000000
86298  -22.719  7.015  -39.370 0.0000000000
86309  -22.068  6.440  -39.083 0.0000000000
86310  -21.845  6.764  -39.078 0.0000000000
86311  -22.733  6.559  -39.249 0.0000000000
86313  -24.184  5.563  -39.131 0.0000000000
86325  -22.303  5.905  -38.862 0.0000000000
86326  -22.711  5.836  -39.075 0.0000000000
86327  -23.362  5.600  -39.109 0.0000000000
87240  -25.537  9.011  -37.972 0.0000000000
87250  -22.298  6.385  -39.133 0.0000000000
88156  -23.148  9.660  -38.136 0.0000000000
89080  -24.365  10.415  -38.115 0.0000000000
121254  -27.407  2.284  -35.745 0.0000000000
121256  -28.265  1.221  -35.905 0.0000000000
121262  -27.296  3.220  -35.664 0.0000000000
121263  -26.831  4.209  -35.675 0.0000000000
121271  -25.190  6.243  -36.801 0.0000000000
121275  -25.612  6.049  -37.493 0.0000000000
121277  -27.075  4.852  -35.499 0.0000000000
121286  -26.026  6.308  -36.444 0.0000000000
121287  -25.881  6.103  -38.112 0.0000000000
121288  -24.565  5.693  -38.617 0.0000000000
121628  -28.117  3.597  -34.849 0.0000000000
121959  -24.965  5.866  -37.882 0.0000000000
122266  -25.498  5.347  -35.786 0.0000000000
122906  -26.050  -17.932  -29.683 0.0000000000
123064  -21.527  7.504  -36.791 0.0000000000
123117  -25.144  5.794  -38.387 0.0000000000
123386  -28.510  2.078  -34.876 0.0000000000
123466  -28.834  1.266  -34.984 0.0000000000
125468  -22.459  13.025  -38.401 0.0000000000
125765  -21.799  5.994  -34.652 0.0000000000
126109  -24.701  -7.052  -32.345 0.0000000000
127316  -23.677  7.040  -36.078 0.0000000000
127774  -25.072  7.773  -38.205 0.0000000000
128236  -28.638  1.718  -34.026 0.0000000000
128339  -22.117  1.981  -33.606 0.0000000000
128377  -24.961  5.871  -39.142 0.0000000000
128882  -22.162  -1.514  -32.421 0.0000000000
129384  -28.040  -0.038  -34.342 0.0000000000
131270  -23.189  5.649  -38.631 0.0000000000
133358  -24.110  11.777  -38.149 0.0000000000
134029  -21.765  11.863  -37.450 0.0000000000
138488  -25.176  6.389  -36.298 0.0000000000
139250  -27.966  -11.499  -30.127 0.0000000000
142999  -20.728  1.863  -33.170 0.0000000000
144100  -22.043  7.187  -39.187 0.0000000000
145897  -19.533  -1.574  -30.791 0.0000000000
146488  -28.365  2.880  -34.691 0.0000000000
147759  -27.352  3.887  -35.488 0.0000000000
