#!ascii label  , from subject sub-v1s21x0050424_ses-1 vox2ras=TkReg
1410
56307  11.760  -23.051  47.694 0.0000000000
48198  1.710  -30.450  35.391 0.0000000000
49055  4.014  -30.083  54.165 0.0000000000
55209  6.210  -23.960  48.875 0.0000000000
142766  2.384  -23.091  38.883 0.0000000000
53267  11.043  -25.090  54.429 0.0000000000
57116  7.166  -21.768  55.809 0.0000000000
144881  12.633  -24.965  44.235 0.0000000000
141213  10.657  -28.452  50.359 0.0000000000
44972  5.388  -32.854  52.136 0.0000000000
56289  0.555  -22.330  50.457 0.0000000000
55253  4.877  -23.396  44.079 0.0000000000
58965  0.594  -20.230  46.016 0.0000000000
47079  -0.221  -31.864  49.046 0.0000000000
50077  2.520  -28.723  46.540 0.0000000000
52250  6.706  -26.447  51.803 0.0000000000
55159  3.280  -22.817  53.883 0.0000000000
51255  5.354  -27.307  42.381 0.0000000000
52420  6.462  -26.186  35.742 0.0000000000
55473  4.056  -23.068  30.797 0.0000000000
59120  1.087  -19.697  34.937 0.0000000000
55164  10.841  -23.990  51.620 0.0000000000
57152  10.290  -22.149  52.115 0.0000000000
54262  12.422  -24.042  46.384 0.0000000000
52286  11.425  -25.528  47.117 0.0000000000
139096  11.918  -25.049  48.978 0.0000000000
51151  11.172  -27.334  51.970 0.0000000000
143136  0.435  -21.094  48.122 0.0000000000
49063  2.379  -30.987  52.163 0.0000000000
50045  2.959  -29.127  50.570 0.0000000000
51149  5.147  -27.585  53.249 0.0000000000
126380  6.365  -20.894  52.741 0.0000000000
56258  4.907  -21.902  55.639 0.0000000000
46013  5.304  -31.579  54.403 0.0000000000
43965  3.305  -33.314  52.047 0.0000000000
44965  2.386  -32.640  52.638 0.0000000000
44985  -0.140  -33.397  51.391 0.0000000000
51195  6.575  -26.637  47.717 0.0000000000
51228  3.761  -27.751  44.279 0.0000000000
52306  7.179  -25.874  45.364 0.0000000000
124170  3.996  -23.370  41.364 0.0000000000
55320  6.844  -23.911  40.204 0.0000000000
55373  5.752  -23.544  37.037 0.0000000000
54391  5.966  -24.998  32.391 0.0000000000
124795  3.914  -22.635  34.976 0.0000000000
149454  7.870  -28.128  55.024 0.0000000000
52230  7.566  -26.711  54.850 0.0000000000
55145  9.738  -23.300  54.842 0.0000000000
148362  8.040  -21.139  52.337 0.0000000000
53344  12.693  -26.160  41.402 0.0000000000
148490  11.860  -28.952  42.847 0.0000000000
51225  10.957  -27.815  44.616 0.0000000000
49086  10.549  -29.469  47.533 0.0000000000
47062  8.896  -30.780  52.087 0.0000000000
49053  9.087  -29.388  54.214 0.0000000000
55200  3.463  -23.544  49.585 0.0000000000
124068  5.225  -23.540  46.966 0.0000000000
148432  2.091  -23.422  47.609 0.0000000000
55246  1.346  -22.896  45.176 0.0000000000
55270  1.421  -22.804  43.481 0.0000000000
57194  11.841  -22.054  44.338 0.0000000000
52353  16.216  -26.338  40.606 0.0000000000
54305  18.099  -24.211  40.538 0.0000000000
54294  14.483  -24.099  41.254 0.0000000000
55262  13.656  -22.860  42.989 0.0000000000
45012  -1.398  -33.232  47.016 0.0000000000
47092  -0.073  -31.511  45.053 0.0000000000
49078  1.676  -30.440  48.047 0.0000000000
51185  4.622  -27.649  49.027 0.0000000000
53285  7.472  -25.514  50.069 0.0000000000
54220  7.577  -24.608  54.296 0.0000000000
145378  6.171  -23.565  53.187 0.0000000000
55181  4.533  -23.563  51.741 0.0000000000
55184  1.493  -23.053  52.239 0.0000000000
49124  1.552  -30.547  43.306 0.0000000000
49146  2.415  -29.918  40.657 0.0000000000
136867  2.778  -28.895  38.790 0.0000000000
54280  7.378  -24.731  43.565 0.0000000000
52371  6.739  -26.624  39.300 0.0000000000
51351  3.466  -27.834  36.611 0.0000000000
52449  2.973  -26.594  33.606 0.0000000000
53455  1.430  -25.070  31.521 0.0000000000
60021  1.140  -18.771  43.869 0.0000000000
57220  0.655  -21.219  42.038 0.0000000000
59052  0.964  -19.639  40.177 0.0000000000
55379  0.719  -22.870  36.148 0.0000000000
125315  1.430  -21.137  32.330 0.0000000000
56293  11.281  -23.440  48.874 0.0000000000
57157  10.509  -22.794  50.274 0.0000000000
57172  10.907  -22.229  48.006 0.0000000000
55219  12.232  -23.618  47.513 0.0000000000
54256  12.350  -24.543  47.722 0.0000000000
54249  12.094  -24.049  48.469 0.0000000000
141991  11.296  -24.745  50.112 0.0000000000
47239  0.094  -31.362  35.458 0.0000000000
49166  0.613  -30.382  34.937 0.0000000000
48102  2.744  -30.540  52.804 0.0000000000
50039  3.217  -29.407  52.249 0.0000000000
50034  4.666  -28.776  53.732 0.0000000000
49132  13.364  -29.588  41.187 0.0000000000
48089  4.301  -30.829  54.585 0.0000000000
135363  3.374  -32.296  53.385 0.0000000000
48094  3.169  -31.324  53.690 0.0000000000
47064  2.148  -31.891  52.605 0.0000000000
53298  7.598  -25.242  47.942 0.0000000000
51205  6.801  -26.279  46.934 0.0000000000
54257  7.422  -24.708  47.579 0.0000000000
125231  3.172  -23.349  39.832 0.0000000000
131538  5.202  -23.344  39.147 0.0000000000
55355  4.180  -23.395  37.691 0.0000000000
55396  5.498  -23.396  35.409 0.0000000000
55375  3.382  -23.074  36.285 0.0000000000
52229  9.442  -26.719  55.157 0.0000000000
53261  9.400  -25.537  55.467 0.0000000000
55143  10.595  -23.888  54.386 0.0000000000
127593  9.427  -21.442  51.934 0.0000000000
141592  7.071  -21.029  50.952 0.0000000000
53326  12.946  -25.322  42.861 0.0000000000
52319  11.729  -26.355  43.425 0.0000000000
52311  11.511  -26.071  44.368 0.0000000000
138623  10.530  -27.348  48.278 0.0000000000
51194  10.633  -27.572  47.257 0.0000000000
126437  10.335  -29.036  48.487 0.0000000000
48103  9.772  -29.570  50.843 0.0000000000
52238  11.200  -26.326  53.317 0.0000000000
50033  9.987  -28.357  53.553 0.0000000000
51146  10.325  -27.380  54.179 0.0000000000
50024  8.391  -28.726  54.797 0.0000000000
55202  1.503  -23.389  49.872 0.0000000000
124306  2.022  -23.451  48.943 0.0000000000
55203  1.352  -23.135  48.916 0.0000000000
139418  0.437  -20.512  47.598 0.0000000000
56308  1.161  -22.538  46.602 0.0000000000
144202  0.550  -21.253  46.139 0.0000000000
125548  1.346  -23.012  44.284 0.0000000000
57195  0.515  -21.366  44.706 0.0000000000
54317  14.541  -24.988  38.863 0.0000000000
46053  -1.184  -32.652  48.216 0.0000000000
130946  -0.810  -31.607  47.277 0.0000000000
48114  0.806  -31.314  48.642 0.0000000000
51164  4.587  -27.604  51.010 0.0000000000
50049  3.473  -28.450  49.912 0.0000000000
51163  5.300  -27.146  50.590 0.0000000000
147983  6.654  -26.685  49.754 0.0000000000
52257  7.240  -26.063  50.660 0.0000000000
54215  7.945  -24.078  55.242 0.0000000000
53268  7.712  -25.581  54.921 0.0000000000
129009  7.232  -23.184  55.362 0.0000000000
55152  4.066  -22.470  54.563 0.0000000000
55157  5.644  -23.229  54.478 0.0000000000
55167  5.043  -23.400  53.594 0.0000000000
55180  5.576  -23.541  52.202 0.0000000000
147622  3.738  -23.552  52.381 0.0000000000
55182  2.917  -23.503  52.473 0.0000000000
55169  2.646  -23.127  53.153 0.0000000000
49111  11.308  -30.169  44.345 0.0000000000
47089  12.142  -31.066  43.678 0.0000000000
44981  6.077  -32.904  51.439 0.0000000000
135444  4.626  -33.690  49.726 0.0000000000
44982  4.902  -33.488  51.024 0.0000000000
42981  1.857  -34.088  51.271 0.0000000000
42987  2.678  -34.242  50.557 0.0000000000
46042  -0.163  -32.515  50.724 0.0000000000
45000  -0.735  -33.367  49.372 0.0000000000
50093  1.905  -29.870  45.304 0.0000000000
48144  0.777  -31.003  43.437 0.0000000000
50103  1.700  -29.662  45.412 0.0000000000
51242  4.355  -27.598  43.406 0.0000000000
125736  3.023  -28.429  42.622 0.0000000000
51276  3.336  -27.898  41.088 0.0000000000
51310  2.395  -28.946  39.431 0.0000000000
51293  3.794  -27.741  40.418 0.0000000000
143454  4.887  -23.397  45.352 0.0000000000
55252  6.562  -23.693  44.893 0.0000000000
55264  6.362  -23.763  43.987 0.0000000000
54328  7.530  -24.317  38.136 0.0000000000
140082  7.478  -25.589  39.294 0.0000000000
52393  6.697  -26.511  37.541 0.0000000000
147738  4.781  -27.351  37.483 0.0000000000
52408  4.995  -27.011  36.111 0.0000000000
51385  2.773  -27.289  35.067 0.0000000000
52435  4.585  -26.540  34.444 0.0000000000
55460  5.600  -23.640  31.623 0.0000000000
53453  3.677  -25.280  31.782 0.0000000000
54404  3.278  -24.549  31.245 0.0000000000
61080  1.465  -17.916  43.510 0.0000000000
59008  0.520  -19.628  43.179 0.0000000000
60045  0.559  -19.003  42.811 0.0000000000
60121  1.492  -19.603  36.504 0.0000000000
59107  0.941  -20.074  36.639 0.0000000000
57249  0.989  -21.241  37.363 0.0000000000
57257  0.717  -22.023  34.523 0.0000000000
56386  0.300  -23.144  34.781 0.0000000000
57271  -0.399  -21.341  33.486 0.0000000000
144937  10.918  -24.217  52.562 0.0000000000
55154  10.450  -23.390  53.556 0.0000000000
57150  10.489  -22.876  51.333 0.0000000000
54274  12.724  -24.245  44.428 0.0000000000
53315  12.029  -25.175  45.687 0.0000000000
53309  12.041  -25.082  46.581 0.0000000000
52277  11.605  -25.457  48.001 0.0000000000
51160  10.791  -26.547  49.887 0.0000000000
50043  11.026  -28.044  50.958 0.0000000000
52247  11.091  -25.861  50.996 0.0000000000
53275  11.147  -25.232  51.320 0.0000000000
135043  0.226  -21.027  50.527 0.0000000000
143663  0.533  -21.953  49.106 0.0000000000
131547  0.385  -19.977  49.224 0.0000000000
58944  0.461  -19.323  48.746 0.0000000000
59986  1.035  -18.244  47.690 0.0000000000
48111  1.082  -32.146  50.332 0.0000000000
49070  2.031  -30.907  49.929 0.0000000000
49066  2.509  -30.517  51.329 0.0000000000
50041  3.761  -28.827  51.718 0.0000000000
51152  5.080  -27.304  52.474 0.0000000000
57127  6.287  -21.252  55.223 0.0000000000
56257  5.706  -21.967  55.953 0.0000000000
57128  5.122  -21.417  55.085 0.0000000000
57129  4.237  -21.683  54.704 0.0000000000
57130  3.444  -22.000  54.213 0.0000000000
57131  2.676  -22.120  53.546 0.0000000000
46025  5.167  -32.142  53.750 0.0000000000
43964  3.819  -33.322  51.754 0.0000000000
44974  3.709  -32.822  52.761 0.0000000000
43966  2.580  -33.466  52.070 0.0000000000
43967  1.774  -33.735  51.927 0.0000000000
42990  0.507  -34.692  51.127 0.0000000000
44977  0.829  -33.297  51.886 0.0000000000
46038  0.333  -32.574  51.382 0.0000000000
143137  4.172  -27.718  47.435 0.0000000000
51219  2.810  -28.236  45.696 0.0000000000
123577  4.983  -27.287  46.251 0.0000000000
52308  5.951  -26.856  45.408 0.0000000000
52323  6.123  -26.880  43.872 0.0000000000
55276  4.532  -23.447  42.659 0.0000000000
126835  6.035  -23.563  42.265 0.0000000000
55302  5.555  -23.478  40.647 0.0000000000
55335  6.465  -23.517  38.516 0.0000000000
54343  7.403  -24.512  36.396 0.0000000000
53418  6.215  -25.614  34.464 0.0000000000
55416  6.358  -23.618  34.501 0.0000000000
55434  6.109  -23.215  33.779 0.0000000000
56416  4.661  -22.224  32.283 0.0000000000
60146  1.502  -18.862  34.690 0.0000000000
126221  -0.540  -19.717  33.197 0.0000000000
128064  0.169  -17.824  32.545 0.0000000000
50021  5.730  -29.269  54.768 0.0000000000
128145  5.825  -28.076  54.263 0.0000000000
52226  7.555  -27.108  54.796 0.0000000000
54212  8.658  -24.362  55.431 0.0000000000
56252  8.654  -22.233  55.199 0.0000000000
141528  9.757  -22.538  53.758 0.0000000000
126927  8.965  -21.595  54.245 0.0000000000
57125  8.254  -21.219  54.536 0.0000000000
57987  7.271  -20.968  52.556 0.0000000000
52357  13.027  -26.596  40.567 0.0000000000
51272  12.548  -27.859  41.233 0.0000000000
51253  11.984  -27.534  42.096 0.0000000000
52305  10.850  -26.588  45.826 0.0000000000
50076  10.730  -28.566  46.245 0.0000000000
49094  10.735  -30.134  46.326 0.0000000000
46036  7.474  -31.836  50.938 0.0000000000
143989  6.683  -31.781  52.256 0.0000000000
49061  10.266  -28.902  52.123 0.0000000000
48097  8.979  -30.069  53.381 0.0000000000
46023  6.800  -31.277  53.462 0.0000000000
47046  6.841  -30.713  54.486 0.0000000000
48082  6.525  -30.277  55.030 0.0000000000
137827  4.773  -23.629  48.969 0.0000000000
55220  6.228  -23.886  48.005 0.0000000000
55211  4.624  -23.612  48.324 0.0000000000
124184  3.500  -23.597  47.345 0.0000000000
55243  3.464  -23.467  45.687 0.0000000000
56301  0.971  -22.522  47.644 0.0000000000
55235  1.708  -23.049  46.160 0.0000000000
124180  2.676  -23.398  45.295 0.0000000000
55267  1.892  -23.345  43.957 0.0000000000
124172  2.008  -23.276  42.223 0.0000000000
55306  1.717  -22.801  41.068 0.0000000000
57183  11.691  -22.630  45.908 0.0000000000
51287  14.080  -27.710  39.856 0.0000000000
55261  18.884  -23.983  43.749 0.0000000000
147990  18.922  -23.089  42.620 0.0000000000
53340  17.998  -24.879  41.918 0.0000000000
53341  17.649  -25.101  40.812 0.0000000000
52366  16.052  -26.061  39.461 0.0000000000
52368  14.312  -26.345  38.801 0.0000000000
54308  13.911  -25.045  40.546 0.0000000000
54286  13.516  -24.725  42.595 0.0000000000
55283  14.407  -23.402  41.995 0.0000000000
55275  13.713  -24.003  43.076 0.0000000000
55250  12.531  -23.444  44.579 0.0000000000
56317  12.208  -22.984  45.193 0.0000000000
48121  0.654  -30.708  46.276 0.0000000000
50069  2.077  -29.714  46.900 0.0000000000
50051  2.487  -29.535  49.160 0.0000000000
50058  2.691  -28.994  48.780 0.0000000000
141354  3.383  -28.134  47.571 0.0000000000
51184  5.579  -27.328  48.726 0.0000000000
52269  7.432  -25.897  49.123 0.0000000000
54243  7.051  -24.403  49.663 0.0000000000
52241  6.041  -27.539  54.182 0.0000000000
52239  7.173  -26.304  53.385 0.0000000000
135105  7.466  -25.670  52.990 0.0000000000
55150  6.300  -22.808  55.353 0.0000000000
55155  7.256  -24.119  53.547 0.0000000000
53272  7.579  -25.299  52.134 0.0000000000
54229  7.190  -24.375  51.101 0.0000000000
54237  7.055  -24.361  50.387 0.0000000000
136168  5.204  -23.640  50.111 0.0000000000
131528  3.339  -23.572  50.516 0.0000000000
148660  2.508  -23.600  50.698 0.0000000000
56288  0.893  -22.876  50.960 0.0000000000
56272  1.441  -22.509  52.713 0.0000000000
56273  0.734  -22.250  52.168 0.0000000000
58016  0.261  -21.101  51.450 0.0000000000
43994  4.220  -33.960  48.879 0.0000000000
43986  3.421  -33.951  50.479 0.0000000000
51230  2.507  -29.130  43.728 0.0000000000
50159  2.316  -30.371  41.974 0.0000000000
135614  3.281  -29.599  37.196 0.0000000000
55231  7.188  -24.027  45.935 0.0000000000
53322  7.540  -25.081  44.351 0.0000000000
52329  7.292  -26.119  42.983 0.0000000000
55284  7.026  -24.116  41.734 0.0000000000
52358  7.381  -26.165  40.878 0.0000000000
51290  6.373  -27.041  40.875 0.0000000000
51323  4.414  -27.577  38.773 0.0000000000
51335  3.415  -28.153  37.363 0.0000000000
49173  2.093  -29.540  35.493 0.0000000000
51371  1.636  -28.355  35.031 0.0000000000
52462  4.320  -26.104  32.971 0.0000000000
53441  1.972  -25.732  32.178 0.0000000000
59997  1.314  -18.317  46.657 0.0000000000
61053  2.120  -17.873  45.756 0.0000000000
149392  1.123  -19.235  44.941 0.0000000000
57202  0.539  -21.015  44.043 0.0000000000
56333  0.927  -22.278  42.874 0.0000000000
139729  0.321  -23.211  40.151 0.0000000000
58148  0.737  -20.102  40.800 0.0000000000
56361  1.294  -21.800  38.632 0.0000000000
55358  2.354  -22.922  37.117 0.0000000000
56376  2.249  -22.534  35.505 0.0000000000
57260  2.742  -21.656  33.983 0.0000000000
57276  3.219  -21.482  31.984 0.0000000000
57292  1.928  -21.174  31.312 0.0000000000
56300  11.549  -23.109  48.247 0.0000000000
128351  10.963  -23.079  48.695 0.0000000000
142143  11.250  -22.497  47.663 0.0000000000
56306  12.005  -23.172  47.132 0.0000000000
145151  12.165  -23.711  48.023 0.0000000000
55208  11.874  -23.559  48.386 0.0000000000
55197  11.652  -23.873  49.086 0.0000000000
47213  2.139  -30.798  35.606 0.0000000000
47238  1.174  -30.961  35.193 0.0000000000
48206  0.249  -30.731  35.375 0.0000000000
48199  0.975  -30.480  34.945 0.0000000000
49059  3.702  -29.680  53.507 0.0000000000
50031  4.327  -29.272  53.854 0.0000000000
50155  13.864  -28.586  40.290 0.0000000000
50141  13.368  -28.920  40.901 0.0000000000
49051  4.603  -30.110  54.493 0.0000000000
48093  3.662  -31.017  54.244 0.0000000000
49056  3.349  -30.506  53.664 0.0000000000
48098  2.862  -30.915  53.228 0.0000000000
139033  7.542  -24.834  48.302 0.0000000000
54251  7.021  -24.366  48.313 0.0000000000
131517  2.973  -23.184  39.046 0.0000000000
131523  3.794  -23.266  39.226 0.0000000000
55338  3.578  -23.281  38.399 0.0000000000
126002  3.840  -23.290  36.808 0.0000000000
55356  3.237  -23.264  37.563 0.0000000000
52227  10.742  -25.687  54.857 0.0000000000
53264  10.480  -25.291  55.123 0.0000000000
54216  10.992  -24.330  54.274 0.0000000000
53320  12.694  -25.271  43.553 0.0000000000
53321  12.168  -25.603  43.924 0.0000000000
51171  10.565  -27.419  49.189 0.0000000000
142750  10.435  -28.201  48.690 0.0000000000
50056  10.411  -28.534  49.399 0.0000000000
49071  10.007  -29.557  49.597 0.0000000000
141027  10.321  -29.117  49.808 0.0000000000
47066  9.622  -30.114  50.394 0.0000000000
49067  10.210  -29.222  50.434 0.0000000000
53269  11.264  -25.332  53.628 0.0000000000
51145  10.852  -27.136  53.875 0.0000000000
52233  10.560  -26.628  54.530 0.0000000000
51142  9.833  -27.225  54.633 0.0000000000
56294  0.924  -22.938  49.905 0.0000000000
56295  0.603  -22.286  49.622 0.0000000000
135012  0.478  -20.658  46.798 0.0000000000
57189  0.698  -22.082  45.322 0.0000000000
139762  0.462  -20.955  45.257 0.0000000000
48117  0.132  -31.407  48.450 0.0000000000
125855  0.360  -31.582  49.097 0.0000000000
51157  5.172  -27.146  51.536 0.0000000000
52259  6.101  -26.718  51.064 0.0000000000
52258  6.739  -26.530  50.402 0.0000000000
130838  6.901  -26.405  51.069 0.0000000000
55146  7.624  -22.914  55.446 0.0000000000
55147  6.779  -22.181  55.880 0.0000000000
55158  4.012  -23.165  53.933 0.0000000000
55168  4.362  -23.495  52.866 0.0000000000
125459  3.374  -23.332  53.234 0.0000000000
55160  2.671  -22.816  53.407 0.0000000000
44971  6.115  -32.357  52.264 0.0000000000
134328  5.325  -33.252  51.473 0.0000000000
42989  1.215  -34.774  50.737 0.0000000000
42988  1.862  -34.605  50.478 0.0000000000
46047  -0.392  -32.535  49.719 0.0000000000
46052  -0.728  -32.578  48.843 0.0000000000
45005  -1.165  -33.347  48.587 0.0000000000
50078  2.244  -29.294  46.084 0.0000000000
50092  1.797  -29.643  45.561 0.0000000000
134349  2.211  -29.092  45.766 0.0000000000
127851  5.056  -27.363  43.025 0.0000000000
51256  4.574  -27.558  42.511 0.0000000000
132194  4.003  -27.737  41.830 0.0000000000
142578  5.040  -27.423  41.139 0.0000000000
124181  4.537  -23.357  44.689 0.0000000000
136928  5.513  -23.484  44.583 0.0000000000
55265  5.519  -23.512  43.670 0.0000000000
53396  7.501  -25.171  36.690 0.0000000000
52405  7.240  -25.947  37.084 0.0000000000
52406  6.630  -26.402  36.667 0.0000000000
52407  5.863  -26.763  36.347 0.0000000000
52421  5.622  -26.579  35.557 0.0000000000
52422  4.748  -26.786  35.356 0.0000000000
52433  5.993  -26.133  35.000 0.0000000000
55461  4.810  -23.351  31.272 0.0000000000
54419  3.988  -23.788  30.979 0.0000000000
61972  1.663  -17.055  43.190 0.0000000000
61088  1.173  -17.332  42.833 0.0000000000
141852  0.685  -18.758  43.057 0.0000000000
131412  0.724  -18.249  42.660 0.0000000000
141999  1.348  -19.635  35.913 0.0000000000
59106  1.156  -19.846  37.037 0.0000000000
59121  1.063  -20.266  35.703 0.0000000000
58173  0.959  -20.647  36.307 0.0000000000
58176  0.627  -20.801  34.929 0.0000000000
56401  -0.256  -22.216  34.159 0.0000000000
57263  -0.331  -21.241  34.241 0.0000000000
56270  10.652  -23.589  52.443 0.0000000000
56279  10.622  -23.412  51.531 0.0000000000
57165  10.650  -22.295  48.777 0.0000000000
54269  12.479  -24.081  45.402 0.0000000000
53308  12.348  -24.629  46.039 0.0000000000
54263  12.339  -24.559  46.936 0.0000000000
146916  12.119  -25.001  48.541 0.0000000000
53297  12.177  -25.005  48.168 0.0000000000
144351  11.783  -25.286  48.643 0.0000000000
52278  10.923  -26.131  48.781 0.0000000000
52268  11.361  -25.555  49.394 0.0000000000
51155  10.939  -26.521  50.754 0.0000000000
126921  11.127  -25.780  50.177 0.0000000000
54235  11.015  -24.368  50.782 0.0000000000
133967  11.109  -24.854  50.850 0.0000000000
54227  11.012  -24.600  51.564 0.0000000000
53271  11.183  -24.985  52.200 0.0000000000
58029  0.314  -20.272  50.036 0.0000000000
59974  0.596  -18.362  49.514 0.0000000000
131018  0.700  -18.520  48.478 0.0000000000
127868  0.569  -19.133  47.765 0.0000000000
48106  1.383  -32.160  50.821 0.0000000000
48110  1.698  -31.665  50.508 0.0000000000
51154  4.301  -28.577  52.854 0.0000000000
147017  3.516  -29.099  51.995 0.0000000000
51153  4.615  -27.940  52.732 0.0000000000
51158  4.567  -27.742  51.909 0.0000000000
57138  5.776  -20.971  53.962 0.0000000000
57139  4.776  -21.136  53.859 0.0000000000
57140  3.796  -21.307  53.672 0.0000000000
57141  2.868  -21.448  53.388 0.0000000000
46018  4.868  -31.979  54.194 0.0000000000
44962  4.238  -32.655  53.065 0.0000000000
44955  4.418  -32.350  53.715 0.0000000000
46026  2.917  -32.292  53.055 0.0000000000
44964  2.941  -32.766  52.739 0.0000000000
44975  2.277  -33.179  52.352 0.0000000000
44976  1.629  -33.142  52.223 0.0000000000
43968  1.168  -33.769  51.871 0.0000000000
47069  1.968  -31.729  52.099 0.0000000000
47065  1.551  -32.309  51.895 0.0000000000
144644  1.532  -32.219  51.511 0.0000000000
48107  0.899  -32.505  50.984 0.0000000000
125108  5.087  -27.367  47.083 0.0000000000
51207  4.329  -27.557  46.570 0.0000000000
51206  5.940  -26.921  46.912 0.0000000000
52295  6.994  -25.997  46.139 0.0000000000
52296  6.347  -26.607  46.161 0.0000000000
52307  6.650  -26.397  45.433 0.0000000000
52315  6.386  -26.646  44.698 0.0000000000
52314  6.917  -26.217  44.828 0.0000000000
124174  3.567  -23.432  42.351 0.0000000000
141713  4.464  -23.440  41.949 0.0000000000
55336  5.580  -23.422  38.525 0.0000000000
132993  5.949  -23.452  39.214 0.0000000000
55353  6.117  -23.487  37.824 0.0000000000
55352  7.227  -23.767  37.530 0.0000000000
131676  6.702  -23.564  37.177 0.0000000000
133013  6.776  -23.867  35.821 0.0000000000
124442  6.368  -23.660  36.271 0.0000000000
56374  4.862  -22.973  34.880 0.0000000000
55417  5.776  -23.249  34.594 0.0000000000
56398  5.383  -22.740  33.823 0.0000000000
147609  5.410  -22.586  33.107 0.0000000000
56399  4.747  -22.327  33.153 0.0000000000
60134  1.653  -19.027  35.342 0.0000000000
60145  1.316  -18.669  34.410 0.0000000000
60157  0.644  -18.324  34.142 0.0000000000
60156  0.757  -18.135  33.797 0.0000000000
127285  7.181  -28.151  54.895 0.0000000000
51141  6.620  -28.356  54.810 0.0000000000
51139  7.594  -27.514  54.844 0.0000000000
54210  9.940  -24.378  55.268 0.0000000000
149820  9.694  -24.876  55.435 0.0000000000
55140  9.824  -23.701  55.099 0.0000000000
55141  9.054  -23.608  55.359 0.0000000000
56251  9.357  -22.626  54.717 0.0000000000
57136  10.279  -22.527  52.736 0.0000000000
57123  10.124  -22.660  53.304 0.0000000000
57137  9.950  -22.123  53.058 0.0000000000
57985  9.507  -21.625  52.852 0.0000000000
57975  8.867  -21.394  53.617 0.0000000000
57976  7.924  -21.048  53.450 0.0000000000
52342  12.454  -26.994  41.308 0.0000000000
53333  12.079  -26.559  42.329 0.0000000000
52320  11.252  -27.017  43.990 0.0000000000
52328  11.541  -27.247  43.020 0.0000000000
52293  11.368  -25.611  46.188 0.0000000000
52304  11.391  -25.806  45.281 0.0000000000
52294  10.804  -26.463  46.743 0.0000000000
126566  10.671  -28.644  47.060 0.0000000000
142509  10.694  -28.106  46.752 0.0000000000
49095  10.744  -29.498  46.690 0.0000000000
49085  10.725  -29.970  46.842 0.0000000000
49076  10.493  -30.234  47.493 0.0000000000
139712  9.441  -31.535  48.515 0.0000000000
47068  9.193  -30.758  51.422 0.0000000000
46035  8.224  -31.488  51.311 0.0000000000
125799  7.382  -31.547  51.798 0.0000000000
46029  7.919  -31.259  52.198 0.0000000000
50040  11.049  -28.078  51.561 0.0000000000
139775  10.686  -28.653  51.719 0.0000000000
50037  10.822  -28.190  52.385 0.0000000000
49052  9.603  -28.951  53.949 0.0000000000
49058  9.668  -29.070  53.301 0.0000000000
47051  8.457  -30.367  53.666 0.0000000000
47058  8.054  -30.712  53.324 0.0000000000
47052  7.816  -30.640  53.887 0.0000000000
47053  7.022  -30.924  54.020 0.0000000000
47045  7.503  -30.494  54.350 0.0000000000
50016  8.573  -27.932  55.008 0.0000000000
48081  7.088  -30.078  55.141 0.0000000000
49045  7.294  -29.379  55.155 0.0000000000
49047  6.130  -29.731  55.046 0.0000000000
131527  4.011  -23.551  48.942 0.0000000000
55213  2.579  -23.540  48.006 0.0000000000
55223  2.548  -23.500  47.046 0.0000000000
124183  3.447  -23.558  46.498 0.0000000000
57173  0.420  -21.425  48.931 0.0000000000
136616  0.596  -21.980  48.343 0.0000000000
149258  0.524  -21.587  48.222 0.0000000000
55236  1.560  -22.890  45.795 0.0000000000
55245  1.454  -22.978  45.426 0.0000000000
55244  1.923  -23.218  45.756 0.0000000000
55255  1.910  -23.264  45.072 0.0000000000
124178  2.892  -23.397  44.234 0.0000000000
55256  1.348  -23.094  44.523 0.0000000000
55258  1.413  -22.876  44.093 0.0000000000
55269  1.556  -23.054  43.621 0.0000000000
55278  1.650  -22.989  42.737 0.0000000000
55287  1.636  -23.052  41.987 0.0000000000
57188  11.568  -22.203  45.264 0.0000000000
52341  15.657  -27.017  41.093 0.0000000000
51270  15.457  -27.876  41.455 0.0000000000
52354  15.343  -26.684  39.948 0.0000000000
133044  18.660  -22.824  41.062 0.0000000000
56330  18.816  -22.869  42.014 0.0000000000
55282  18.522  -23.662  41.410 0.0000000000
55273  18.735  -23.549  42.391 0.0000000000
54293  18.184  -24.455  41.350 0.0000000000
127173  15.765  -25.696  38.859 0.0000000000
52367  15.146  -26.290  38.973 0.0000000000
53365  15.063  -25.739  38.650 0.0000000000
54307  14.505  -24.453  39.963 0.0000000000
54295  13.747  -24.861  41.625 0.0000000000
56339  14.423  -22.724  41.643 0.0000000000
55274  14.038  -23.413  42.738 0.0000000000
55263  13.564  -23.377  43.248 0.0000000000
129356  13.113  -23.732  43.695 0.0000000000
127635  13.020  -23.126  43.576 0.0000000000
57193  12.378  -22.435  43.819 0.0000000000
56323  12.486  -22.876  44.147 0.0000000000
57187  12.017  -22.570  44.892 0.0000000000
143309  11.977  -22.804  45.564 0.0000000000
134201  -1.653  -34.155  45.853 0.0000000000
129309  -1.441  -33.176  46.067 0.0000000000
126801  1.315  -30.592  47.629 0.0000000000
47085  0.029  -31.182  46.854 0.0000000000
49088  1.467  -30.383  46.954 0.0000000000
50070  1.928  -30.013  46.527 0.0000000000
49087  1.760  -30.200  47.314 0.0000000000
49069  2.423  -30.301  50.359 0.0000000000
140737  1.986  -30.740  49.186 0.0000000000
49068  2.644  -29.559  50.018 0.0000000000
51186  3.874  -28.049  49.467 0.0000000000
50057  3.227  -28.453  49.129 0.0000000000
50066  3.007  -28.537  48.244 0.0000000000
125453  3.830  -27.983  48.432 0.0000000000
51197  4.856  -27.583  48.086 0.0000000000
134338  7.140  -26.253  49.848 0.0000000000
52270  6.931  -26.604  49.160 0.0000000000
53292  7.565  -25.238  49.336 0.0000000000
54242  7.429  -24.823  49.842 0.0000000000
52231  6.850  -27.276  54.279 0.0000000000
52236  6.438  -27.693  54.365 0.0000000000
52235  6.843  -27.283  54.380 0.0000000000
52234  7.304  -26.556  54.342 0.0000000000
53270  7.576  -25.646  53.912 0.0000000000
54221  7.562  -24.875  53.180 0.0000000000
55151  5.217  -22.454  55.363 0.0000000000
55156  6.640  -23.575  54.052 0.0000000000
55166  6.954  -23.897  52.807 0.0000000000
55165  7.365  -24.435  52.437 0.0000000000
54228  7.464  -24.696  51.518 0.0000000000
137160  7.111  -24.126  51.843 0.0000000000
55179  6.532  -23.908  51.196 0.0000000000
55190  5.442  -23.658  50.947 0.0000000000
55189  6.251  -23.919  49.940 0.0000000000
55191  4.425  -23.583  50.733 0.0000000000
55183  2.174  -23.303  52.422 0.0000000000
148552  2.519  -23.574  51.516 0.0000000000
139035  1.786  -23.378  51.745 0.0000000000
55193  1.297  -23.207  51.418 0.0000000000
56281  0.971  -22.810  51.788 0.0000000000
56264  2.303  -22.477  53.234 0.0000000000
50125  12.217  -28.545  42.029 0.0000000000
49123  12.381  -29.547  42.556 0.0000000000
144945  3.613  -34.095  49.639 0.0000000000
43976  3.298  -33.769  51.265 0.0000000000
44012  -1.546  -33.967  47.406 0.0000000000
44017  -1.776  -34.567  46.343 0.0000000000
49119  1.164  -30.622  43.766 0.0000000000
47108  0.588  -31.557  43.010 0.0000000000
47122  0.897  -31.663  42.429 0.0000000000
48159  1.505  -31.074  42.315 0.0000000000
51218  3.649  -27.777  45.242 0.0000000000
123570  2.927  -28.091  44.721 0.0000000000
144518  2.953  -28.012  43.984 0.0000000000
125253  2.676  -28.733  41.863 0.0000000000
140735  2.594  -29.287  42.179 0.0000000000
50158  2.436  -29.930  41.353 0.0000000000
48168  2.339  -30.950  41.388 0.0000000000
48175  2.686  -30.501  39.959 0.0000000000
50180  2.567  -29.359  39.010 0.0000000000
49152  2.684  -29.774  38.945 0.0000000000
142234  3.202  -29.753  38.033 0.0000000000
132848  3.315  -30.029  37.253 0.0000000000
50179  3.102  -29.427  38.183 0.0000000000
123886  6.134  -23.713  47.170 0.0000000000
55232  5.974  -23.572  46.350 0.0000000000
54275  7.146  -24.250  44.346 0.0000000000
55251  7.200  -24.027  45.248 0.0000000000
53328  7.430  -25.527  43.645 0.0000000000
55285  6.533  -23.758  41.625 0.0000000000
55300  7.023  -23.937  41.043 0.0000000000
149080  7.229  -26.253  39.539 0.0000000000
52370  7.450  -25.879  40.078 0.0000000000
52359  6.954  -26.609  40.254 0.0000000000
52344  6.986  -26.681  41.229 0.0000000000
51305  6.041  -27.046  39.899 0.0000000000
128180  5.194  -27.338  40.022 0.0000000000
51306  5.239  -27.285  39.291 0.0000000000
51350  4.322  -27.363  36.586 0.0000000000
51334  4.102  -27.573  37.309 0.0000000000
50203  2.864  -29.265  36.332 0.0000000000
51352  2.728  -28.428  36.164 0.0000000000
50214  2.199  -28.865  35.513 0.0000000000
51370  2.267  -27.982  35.522 0.0000000000
52437  2.364  -26.975  34.345 0.0000000000
52450  1.858  -26.672  33.532 0.0000000000
53437  6.204  -25.024  33.080 0.0000000000
53429  5.885  -25.571  33.670 0.0000000000
53438  5.604  -25.448  32.869 0.0000000000
53454  2.620  -25.210  31.647 0.0000000000
53440  3.077  -25.820  32.248 0.0000000000
53442  0.767  -25.476  32.222 0.0000000000
61065  2.313  -17.930  44.767 0.0000000000
134935  1.341  -18.916  44.643 0.0000000000
60022  0.937  -19.386  44.479 0.0000000000
58105  0.538  -20.553  44.480 0.0000000000
58986  0.703  -19.827  44.157 0.0000000000
58128  0.443  -20.261  43.137 0.0000000000
143846  0.454  -21.075  42.964 0.0000000000
145301  0.915  -21.950  41.778 0.0000000000
56340  1.049  -22.364  42.010 0.0000000000
56346  1.204  -21.942  40.721 0.0000000000
60088  1.434  -19.493  39.599 0.0000000000
60070  0.798  -18.820  40.658 0.0000000000
60057  0.488  -18.390  41.519 0.0000000000
59037  0.589  -19.236  41.266 0.0000000000
59053  1.026  -20.144  39.659 0.0000000000
56370  1.255  -21.885  36.653 0.0000000000
57245  1.010  -21.319  38.273 0.0000000000
56369  1.505  -22.090  37.144 0.0000000000
55342  2.114  -22.178  38.886 0.0000000000
55378  1.739  -22.635  36.362 0.0000000000
56368  2.058  -22.730  36.053 0.0000000000
56377  1.016  -23.091  35.295 0.0000000000
57269  0.784  -21.504  33.170 0.0000000000
57261  1.394  -21.872  34.205 0.0000000000
57268  2.075  -21.300  33.275 0.0000000000
57267  3.110  -21.519  33.016 0.0000000000
57277  2.460  -21.309  32.438 0.0000000000
148974  -0.271  -20.578  32.042 0.0000000000
55188  10.981  -23.692  49.723 0.0000000000
56287  10.604  -23.290  50.529 0.0000000000
131209  10.707  -23.212  49.509 0.0000000000
57164  10.640  -22.742  49.170 0.0000000000
55230  12.262  -23.519  46.743 0.0000000000
134066  12.384  -24.058  47.245 0.0000000000
54248  12.320  -24.090  47.921 0.0000000000
126020  11.781  -24.534  49.202 0.0000000000
53291  11.483  -25.187  49.677 0.0000000000
54241  11.286  -24.167  49.913 0.0000000000
135779  -0.071  -30.459  35.022 0.0000000000
49175  0.267  -29.788  34.784 0.0000000000
49062  2.765  -30.134  52.206 0.0000000000
126421  3.036  -29.868  52.735 0.0000000000
50035  4.135  -29.001  53.280 0.0000000000
51150  4.770  -28.295  53.420 0.0000000000
46014  4.623  -31.717  54.429 0.0000000000
46019  4.239  -32.086  54.174 0.0000000000
47055  3.623  -31.692  54.157 0.0000000000
46021  3.128  -31.915  53.556 0.0000000000
46027  2.544  -32.091  52.937 0.0000000000
46032  1.914  -32.443  52.387 0.0000000000
48099  2.457  -31.297  52.765 0.0000000000
52288  7.250  -25.933  47.726 0.0000000000
53304  7.384  -25.404  46.974 0.0000000000
53310  7.448  -25.331  45.977 0.0000000000
55304  3.523  -23.364  40.600 0.0000000000
55303  4.554  -23.424  40.450 0.0000000000
144096  3.915  -23.433  39.920 0.0000000000
55337  4.575  -23.328  38.621 0.0000000000
55354  5.150  -23.477  37.781 0.0000000000
135715  5.363  -23.522  36.218 0.0000000000
55374  4.786  -23.473  36.978 0.0000000000
55398  4.008  -23.217  36.037 0.0000000000
56375  3.410  -22.788  35.677 0.0000000000
51137  8.750  -27.106  55.201 0.0000000000
52223  9.025  -26.329  55.434 0.0000000000
52222  9.822  -25.840  55.301 0.0000000000
149646  10.327  -24.452  55.148 0.0000000000
55144  10.268  -23.664  54.541 0.0000000000
57984  10.024  -21.811  52.121 0.0000000000
123949  9.199  -21.232  51.079 0.0000000000
57998  8.591  -21.225  51.717 0.0000000000
57999  7.696  -21.089  51.501 0.0000000000
58011  7.793  -20.999  50.433 0.0000000000
142927  12.550  -25.844  42.286 0.0000000000
53327  12.340  -25.818  43.072 0.0000000000
52287  10.825  -26.328  47.711 0.0000000000
50065  10.449  -28.425  47.893 0.0000000000
143562  10.229  -29.849  48.284 0.0000000000
47067  9.443  -30.404  50.959 0.0000000000
48104  9.592  -29.949  51.336 0.0000000000
51148  11.063  -27.272  52.892 0.0000000000
50032  10.541  -27.899  53.279 0.0000000000
50027  10.361  -27.789  53.823 0.0000000000
50028  9.844  -28.089  54.153 0.0000000000
49049  8.726  -29.081  54.574 0.0000000000
50022  9.380  -28.031  54.617 0.0000000000
51143  9.139  -27.587  54.962 0.0000000000
132072  2.479  -23.564  49.905 0.0000000000
55201  3.037  -23.522  48.916 0.0000000000
55214  1.751  -23.339  48.084 0.0000000000
136608  0.664  -21.884  47.476 0.0000000000
131240  0.527  -21.271  47.086 0.0000000000
57185  0.745  -22.036  46.365 0.0000000000
56312  1.215  -22.650  45.692 0.0000000000
55257  1.365  -22.987  44.888 0.0000000000
56318  1.345  -22.863  45.209 0.0000000000
56319  1.185  -22.668  44.740 0.0000000000
57196  0.739  -22.009  44.456 0.0000000000
52340  16.335  -26.530  41.796 0.0000000000
55296  18.317  -23.365  40.398 0.0000000000
53375  15.129  -25.130  38.583 0.0000000000
54316  15.354  -24.326  38.726 0.0000000000
55319  14.965  -23.885  39.297 0.0000000000
46062  -1.229  -32.333  46.709 0.0000000000
46058  -1.235  -32.448  47.533 0.0000000000
47082  0.023  -31.271  47.671 0.0000000000
49079  1.241  -30.892  48.285 0.0000000000
50044  3.518  -28.716  50.735 0.0000000000
50050  2.897  -28.908  49.780 0.0000000000
51175  4.048  -28.058  50.373 0.0000000000
145855  4.702  -27.520  50.272 0.0000000000
51173  5.290  -27.318  49.673 0.0000000000
51162  6.078  -26.903  50.111 0.0000000000
141925  7.964  -25.040  55.208 0.0000000000
54217  7.712  -24.268  55.014 0.0000000000
55149  7.165  -23.661  54.742 0.0000000000
145284  4.560  -22.241  55.175 0.0000000000
132288  4.814  -23.037  54.541 0.0000000000
147170  6.586  -23.757  52.198 0.0000000000
143298  3.577  -23.594  51.551 0.0000000000
123453  11.997  -30.176  43.772 0.0000000000
129235  12.360  -30.099  43.311 0.0000000000
48133  11.710  -30.510  43.951 0.0000000000
44991  6.245  -33.019  50.571 0.0000000000
43984  5.127  -33.560  50.387 0.0000000000
43985  4.280  -33.646  50.384 0.0000000000
43977  2.605  -33.932  51.315 0.0000000000
43987  -0.245  -34.332  50.841 0.0000000000
44993  -0.448  -33.389  50.347 0.0000000000
44004  -1.436  -34.121  48.255 0.0000000000
45006  -1.416  -33.284  47.846 0.0000000000
48127  0.923  -30.581  45.486 0.0000000000
47091  0.127  -31.515  44.338 0.0000000000
133116  0.962  -30.668  45.076 0.0000000000
49113  1.448  -30.371  44.764 0.0000000000
149083  1.923  -30.237  44.160 0.0000000000
127990  4.696  -27.405  44.299 0.0000000000
51243  3.380  -27.973  43.381 0.0000000000
126185  3.742  -27.881  42.600 0.0000000000
130905  3.150  -28.205  41.814 0.0000000000
51277  2.609  -28.420  41.058 0.0000000000
50169  2.331  -29.488  39.847 0.0000000000
51295  2.359  -28.755  40.291 0.0000000000
51294  2.849  -28.086  40.321 0.0000000000
51309  2.738  -28.370  39.419 0.0000000000
124363  5.074  -23.461  46.156 0.0000000000
144857  5.794  -23.507  45.511 0.0000000000
54281  6.905  -24.130  43.381 0.0000000000
142505  7.291  -24.025  38.871 0.0000000000
54309  7.324  -24.426  40.465 0.0000000000
53376  7.545  -25.372  38.463 0.0000000000
52380  7.251  -26.184  38.815 0.0000000000
52381  6.714  -26.572  38.412 0.0000000000
51332  6.043  -26.885  38.018 0.0000000000
52394  6.006  -26.889  37.179 0.0000000000
51349  5.113  -27.210  36.940 0.0000000000
51368  4.039  -27.255  35.946 0.0000000000
51369  3.089  -27.597  35.801 0.0000000000
52423  3.766  -26.997  35.188 0.0000000000
52436  3.435  -26.801  34.391 0.0000000000
54402  5.778  -24.483  31.837 0.0000000000
53451  5.410  -25.218  32.111 0.0000000000
54403  4.305  -24.680  31.466 0.0000000000
54405  2.117  -24.468  31.000 0.0000000000
61079  2.017  -17.560  43.901 0.0000000000
58998  0.636  -19.607  43.574 0.0000000000
60034  0.753  -19.017  43.456 0.0000000000
59022  0.497  -19.621  42.792 0.0000000000
60107  1.579  -19.873  38.261 0.0000000000
59074  1.214  -20.037  39.214 0.0000000000
59075  1.154  -20.364  38.638 0.0000000000
58169  0.846  -20.645  37.059 0.0000000000
57253  1.070  -21.325  36.402 0.0000000000
138456  0.214  -23.249  35.113 0.0000000000
55400  -0.163  -23.378  35.218 0.0000000000
56388  -0.187  -22.961  34.754 0.0000000000
57262  0.159  -22.314  33.831 0.0000000000
138484  0.024  -21.720  33.034 0.0000000000
54219  11.121  -24.487  53.867 0.0000000000
55148  10.953  -23.942  53.962 0.0000000000
55153  10.660  -23.685  53.203 0.0000000000
56271  10.470  -23.006  52.375 0.0000000000
56280  10.387  -22.559  51.974 0.0000000000
57151  10.453  -22.310  51.095 0.0000000000
53314  12.425  -24.741  45.107 0.0000000000
53303  12.135  -25.036  47.451 0.0000000000
135338  10.603  -27.692  49.922 0.0000000000
51161  10.805  -27.434  50.564 0.0000000000
52248  11.162  -26.542  51.498 0.0000000000
53284  11.182  -25.309  50.483 0.0000000000
52242  11.247  -25.770  51.836 0.0000000000
52237  11.325  -25.567  52.734 0.0000000000
54218  11.206  -24.707  53.096 0.0000000000
57166  0.398  -21.667  49.905 0.0000000000
132057  0.288  -21.033  49.701 0.0000000000
58046  0.325  -20.683  49.077 0.0000000000
131677  0.399  -20.237  48.455 0.0000000000
145202  0.444  -19.818  47.948 0.0000000000
58955  0.485  -19.907  47.124 0.0000000000
59998  0.794  -19.152  46.599 0.0000000000
47077  0.208  -31.886  49.978 0.0000000000
137834  0.937  -31.711  49.366 0.0000000000
48109  2.139  -31.033  50.694 0.0000000000
49065  2.814  -29.670  50.874 0.0000000000
126995  2.893  -29.683  51.649 0.0000000000
50042  3.214  -29.160  51.415 0.0000000000
140262  4.084  -28.270  51.341 0.0000000000
52251  5.810  -26.797  52.137 0.0000000000
57118  7.423  -21.449  55.418 0.0000000000
57119  6.423  -21.738  55.890 0.0000000000
57120  5.409  -21.764  55.765 0.0000000000
57121  4.636  -21.875  55.442 0.0000000000
57122  4.164  -21.844  54.791 0.0000000000
56260  3.780  -22.226  54.428 0.0000000000
56263  3.056  -22.447  53.789 0.0000000000
44960  5.471  -32.305  52.998 0.0000000000
125137  4.718  -32.737  52.649 0.0000000000
44973  4.043  -33.013  52.404 0.0000000000
44963  3.535  -32.582  53.066 0.0000000000
43959  3.233  -32.961  52.542 0.0000000000
43978  1.114  -34.309  51.333 0.0000000000
43979  0.650  -34.083  51.655 0.0000000000
44984  0.331  -33.678  51.753 0.0000000000
46033  1.357  -32.889  52.150 0.0000000000
46037  0.900  -32.730  51.551 0.0000000000
47074  0.529  -32.307  50.860 0.0000000000
51208  3.595  -27.862  46.852 0.0000000000
148636  3.065  -28.088  46.439 0.0000000000
124336  3.626  -27.781  46.094 0.0000000000
51217  4.372  -27.502  45.756 0.0000000000
51227  4.415  -27.477  44.962 0.0000000000
52297  5.605  -26.995  46.122 0.0000000000
51216  5.107  -27.212  45.418 0.0000000000
147468  4.935  -27.295  44.824 0.0000000000
51226  5.497  -27.076  44.610 0.0000000000
51241  5.249  -27.241  43.720 0.0000000000
51240  5.763  -27.088  43.070 0.0000000000
55266  4.710  -23.411  43.435 0.0000000000
124067  5.394  -23.473  42.867 0.0000000000
124175  5.213  -23.469  42.083 0.0000000000
55286  5.813  -23.502  41.462 0.0000000000
55301  6.377  -23.635  40.833 0.0000000000
125210  5.333  -23.455  39.829 0.0000000000
127622  6.161  -23.597  39.995 0.0000000000
131615  6.786  -23.734  39.249 0.0000000000
127855  7.109  -23.708  38.342 0.0000000000
54335  7.528  -24.391  37.125 0.0000000000
53406  7.338  -25.024  35.958 0.0000000000
132409  6.462  -25.698  35.119 0.0000000000
53416  7.036  -24.889  35.438 0.0000000000
54365  6.644  -24.326  34.369 0.0000000000
54376  6.478  -24.368  33.412 0.0000000000
55395  6.229  -23.649  35.329 0.0000000000
55433  6.326  -23.563  32.947 0.0000000000
56414  6.002  -23.085  32.215 0.0000000000
56435  5.405  -22.968  31.658 0.0000000000
137294  4.861  -22.470  31.766 0.0000000000
60135  1.567  -19.265  35.607 0.0000000000
58175  0.295  -19.187  34.469 0.0000000000
58179  -0.080  -20.096  34.438 0.0000000000
136259  -0.097  -18.447  34.144 0.0000000000
60168  0.571  -17.880  33.194 0.0000000000
47212  3.002  -31.011  36.211 0.0000000000
49054  4.697  -29.469  54.265 0.0000000000
50030  4.916  -28.895  54.087 0.0000000000
50025  5.944  -28.591  54.587 0.0000000000
51144  6.491  -27.990  54.513 0.0000000000
53262  7.932  -26.551  55.205 0.0000000000
52224  8.343  -26.711  55.287 0.0000000000
136467  8.515  -25.933  55.470 0.0000000000
53265  8.299  -25.143  55.378 0.0000000000
55142  8.301  -23.570  55.351 0.0000000000
56248  8.432  -22.824  55.327 0.0000000000
57115  8.015  -21.725  55.398 0.0000000000
142138  10.593  -23.579  53.769 0.0000000000
56249  10.251  -23.399  54.077 0.0000000000
56255  9.868  -22.994  53.955 0.0000000000
57124  9.485  -22.020  53.824 0.0000000000
130596  9.213  -21.973  54.411 0.0000000000
57114  8.924  -21.941  54.902 0.0000000000
57117  8.501  -21.539  54.914 0.0000000000
57126  7.344  -21.039  54.622 0.0000000000
57977  6.816  -20.878  53.812 0.0000000000
51289  13.045  -27.381  40.507 0.0000000000
50142  12.809  -28.552  41.231 0.0000000000
50126  11.639  -28.167  42.847 0.0000000000
145521  11.466  -28.885  43.519 0.0000000000
49118  11.467  -29.674  44.040 0.0000000000
49104  10.790  -30.159  45.365 0.0000000000
137249  12.078  -25.349  44.784 0.0000000000
52312  11.002  -26.785  44.912 0.0000000000
51204  10.722  -27.519  46.403 0.0000000000
51215  10.784  -27.662  45.543 0.0000000000
50089  10.796  -28.711  45.240 0.0000000000
49105  10.773  -29.541  45.830 0.0000000000
48120  10.662  -30.493  45.958 0.0000000000
47078  10.201  -30.982  47.968 0.0000000000
44990  7.460  -32.133  50.338 0.0000000000
124689  6.767  -32.370  50.790 0.0000000000
44970  6.692  -32.076  51.551 0.0000000000
135345  10.792  -28.684  51.085 0.0000000000
48100  9.845  -29.425  51.756 0.0000000000
48101  9.584  -29.856  52.187 0.0000000000
49057  10.104  -28.562  52.851 0.0000000000
48096  9.398  -29.675  52.981 0.0000000000
47056  9.181  -30.253  52.589 0.0000000000
47063  8.268  -30.904  52.552 0.0000000000
46022  7.578  -30.981  52.955 0.0000000000
46031  6.350  -31.836  52.957 0.0000000000
46024  5.934  -31.784  53.660 0.0000000000
46016  6.272  -31.360  54.042 0.0000000000
46017  5.924  -31.305  54.352 0.0000000000
48087  7.262  -30.310  54.803 0.0000000000
48088  6.704  -30.549  54.782 0.0000000000
133450  5.180  -31.468  54.521 0.0000000000
48083  5.856  -30.446  54.866 0.0000000000
128716  5.144  -29.678  54.592 0.0000000000
55198  5.389  -23.712  49.348 0.0000000000
55210  5.434  -23.715  48.549 0.0000000000
55221  5.362  -23.650  47.772 0.0000000000
55222  4.458  -23.582  47.561 0.0000000000
55212  3.704  -23.585  48.178 0.0000000000
55233  4.327  -23.541  46.757 0.0000000000
55242  4.232  -23.487  45.961 0.0000000000
149032  4.164  -23.387  45.295 0.0000000000
138166  0.850  -22.589  48.766 0.0000000000
55215  1.373  -22.980  47.910 0.0000000000
55225  1.500  -22.883  46.826 0.0000000000
55224  1.807  -23.207  47.159 0.0000000000
124182  2.642  -23.437  46.138 0.0000000000
55254  3.643  -23.353  44.869 0.0000000000
124176  2.723  -23.420  43.216 0.0000000000
124173  2.578  -23.388  42.477 0.0000000000
124388  1.941  -23.329  43.092 0.0000000000
124169  2.889  -23.325  41.546 0.0000000000
55305  2.629  -23.223  40.563 0.0000000000
142567  1.946  -23.004  40.500 0.0000000000
125230  2.315  -23.121  39.711 0.0000000000
57177  11.894  -23.015  46.949 0.0000000000
57178  11.380  -22.502  47.110 0.0000000000
129387  11.437  -22.502  46.522 0.0000000000
58070  11.208  -21.947  45.644 0.0000000000
55272  19.010  -23.301  43.183 0.0000000000
53342  16.909  -25.865  41.316 0.0000000000
53352  17.328  -25.164  39.682 0.0000000000
52355  14.458  -26.923  39.352 0.0000000000
51304  13.932  -27.051  39.253 0.0000000000
52356  13.501  -26.899  39.748 0.0000000000
54318  14.010  -25.288  39.519 0.0000000000
53343  13.236  -25.613  40.990 0.0000000000
53332  13.049  -25.414  41.935 0.0000000000
55318  15.435  -23.371  38.831 0.0000000000
55299  14.850  -23.500  40.475 0.0000000000
130863  14.707  -23.269  41.297 0.0000000000
54285  14.115  -24.131  42.282 0.0000000000
54279  13.136  -24.609  43.520 0.0000000000
55240  12.316  -23.455  45.770 0.0000000000
56311  12.018  -23.038  46.187 0.0000000000
47086  -0.826  -31.423  46.477 0.0000000000
48122  -0.030  -31.186  46.204 0.0000000000
48128  0.291  -31.108  45.615 0.0000000000
49096  1.381  -30.309  46.107 0.0000000000
50079  2.233  -29.543  45.687 0.0000000000
50068  2.325  -29.191  47.142 0.0000000000
49073  1.271  -31.272  48.843 0.0000000000
127289  1.657  -30.843  48.693 0.0000000000
49072  2.070  -30.186  48.641 0.0000000000
50059  2.356  -29.544  48.341 0.0000000000
128828  2.510  -29.092  47.969 0.0000000000
50067  2.770  -28.669  47.431 0.0000000000
51198  3.064  -28.268  46.973 0.0000000000
51196  5.781  -27.201  47.831 0.0000000000
51172  6.223  -27.025  49.313 0.0000000000
51183  6.423  -26.926  48.525 0.0000000000
52279  7.086  -26.327  48.439 0.0000000000
148010  7.466  -25.725  48.384 0.0000000000
54250  7.393  -24.739  49.032 0.0000000000
143473  6.808  -24.283  49.154 0.0000000000
131719  5.145  -28.408  53.969 0.0000000000
51147  5.417  -27.872  53.849 0.0000000000
140261  5.671  -27.368  53.691 0.0000000000
52240  6.388  -26.932  53.811 0.0000000000
52246  5.627  -26.973  53.096 0.0000000000
52245  6.518  -26.561  52.783 0.0000000000
52244  7.208  -26.096  52.403 0.0000000000
52249  7.274  -26.002  51.501 0.0000000000
53276  7.513  -25.394  51.078 0.0000000000
54236  7.464  -24.824  50.660 0.0000000000
55199  4.386  -23.571  49.725 0.0000000000
55192  1.807  -23.503  50.855 0.0000000000
131331  1.222  -23.232  50.634 0.0000000000
55170  2.080  -22.948  52.916 0.0000000000
57143  0.971  -21.685  52.761 0.0000000000
146999  1.120  -22.711  52.265 0.0000000000
56282  0.565  -22.340  51.356 0.0000000000
57160  0.313  -21.716  50.904 0.0000000000
129749  0.286  -20.293  51.167 0.0000000000
57179  11.031  -22.219  47.365 0.0000000000
49133  12.797  -29.206  41.576 0.0000000000
49122  12.977  -29.940  41.946 0.0000000000
47107  13.060  -31.558  42.560 0.0000000000
48143  12.343  -30.533  43.492 0.0000000000
44983  4.610  -33.202  51.821 0.0000000000
43975  4.026  -33.474  51.104 0.0000000000
43005  2.851  -34.813  49.191 0.0000000000
47109  -0.009  -32.202  43.233 0.0000000000
50090  2.334  -28.858  45.103 0.0000000000
50102  2.169  -29.465  44.770 0.0000000000
130405  2.205  -30.068  43.798 0.0000000000
51244  2.814  -28.476  43.428 0.0000000000
50127  2.413  -30.074  42.879 0.0000000000
49134  1.694  -30.652  42.728 0.0000000000
47136  1.610  -31.499  41.936 0.0000000000
131650  2.159  -32.290  41.267 0.0000000000
48182  2.755  -30.275  39.303 0.0000000000
48197  2.675  -30.332  36.056 0.0000000000
54258  6.904  -24.151  47.342 0.0000000000
54264  7.351  -24.477  46.573 0.0000000000
55241  6.673  -23.724  45.742 0.0000000000
54270  7.475  -24.559  45.640 0.0000000000
53316  7.517  -25.236  45.159 0.0000000000
52321  6.982  -26.253  43.998 0.0000000000
52322  6.595  -26.672  43.072 0.0000000000
51254  6.167  -26.999  42.318 0.0000000000
123796  6.211  -23.681  43.099 0.0000000000
138116  6.774  -23.990  42.450 0.0000000000
54287  7.321  -24.548  42.206 0.0000000000
53356  7.541  -25.280  40.682 0.0000000000
139473  7.540  -25.589  41.446 0.0000000000
53345  7.572  -25.170  42.001 0.0000000000
141737  7.333  -26.255  41.579 0.0000000000
51273  6.485  -26.937  41.629 0.0000000000
51274  5.705  -27.248  41.548 0.0000000000
51292  4.720  -27.482  40.523 0.0000000000
51307  4.333  -27.599  39.693 0.0000000000
51308  3.556  -27.971  39.063 0.0000000000
127135  4.563  -27.433  37.975 0.0000000000
126767  3.594  -27.894  38.143 0.0000000000
51324  3.179  -28.802  37.887 0.0000000000
50193  3.222  -29.307  37.278 0.0000000000
49164  2.804  -29.786  36.194 0.0000000000
49165  1.772  -30.094  35.401 0.0000000000
50215  1.521  -29.113  34.966 0.0000000000
50216  0.692  -29.141  34.755 0.0000000000
52434  5.528  -26.070  34.320 0.0000000000
52448  4.020  -26.448  33.607 0.0000000000
53439  4.023  -25.778  32.379 0.0000000000
52463  3.521  -26.246  32.907 0.0000000000
52464  2.478  -26.299  32.827 0.0000000000
52465  1.322  -26.167  32.824 0.0000000000
59985  1.525  -17.746  47.382 0.0000000000
138298  1.627  -18.257  45.943 0.0000000000
60009  1.251  -18.892  45.560 0.0000000000
60010  0.884  -19.527  45.371 0.0000000000
58976  0.627  -20.070  44.923 0.0000000000
57203  0.736  -21.817  43.813 0.0000000000
58118  0.518  -20.232  43.526 0.0000000000
123983  0.481  -21.006  43.484 0.0000000000
56334  1.029  -22.384  43.399 0.0000000000
55279  1.385  -22.669  42.512 0.0000000000
55307  0.869  -22.842  40.485 0.0000000000
55340  2.353  -22.969  39.345 0.0000000000
59023  0.594  -19.745  42.029 0.0000000000
57227  0.768  -20.943  40.909 0.0000000000
143215  1.015  -20.914  38.767 0.0000000000
57237  1.108  -21.380  39.178 0.0000000000
57228  1.180  -21.469  40.106 0.0000000000
56360  1.503  -22.066  39.018 0.0000000000
134244  2.411  -22.888  38.486 0.0000000000
130598  2.434  -23.132  38.081 0.0000000000
55376  2.782  -23.077  36.754 0.0000000000
56367  3.016  -22.809  36.069 0.0000000000
142564  3.081  -22.430  35.102 0.0000000000
137366  1.291  -22.671  34.944 0.0000000000
56385  2.377  -22.102  34.777 0.0000000000
56384  3.412  -22.203  34.460 0.0000000000
56400  3.760  -22.022  33.588 0.0000000000
57266  3.975  -21.905  32.605 0.0000000000
57275  4.086  -22.003  31.594 0.0000000000
58186  -0.487  -20.412  33.620 0.0000000000
57279  -0.244  -21.236  32.649 0.0000000000
57291  3.056  -21.526  30.971 0.0000000000
56450  3.414  -22.547  30.513 0.0000000000
44956  3.854  -32.346  53.689 0.0000000000
44961  4.766  -32.438  53.290 0.0000000000
46015  4.062  -31.842  54.355 0.0000000000
46020  3.697  -32.073  54.010 0.0000000000
46028  8.451  -31.141  51.900 0.0000000000
46030  7.104  -31.342  52.625 0.0000000000
46034  8.823  -31.133  51.374 0.0000000000
46043  9.959  -31.002  48.303 0.0000000000
47043  6.145  -30.828  54.698 0.0000000000
47044  5.426  -30.887  54.766 0.0000000000
47047  6.274  -30.938  54.525 0.0000000000
47048  5.723  -31.221  54.526 0.0000000000
47049  4.770  -31.317  54.620 0.0000000000
47050  4.150  -31.507  54.478 0.0000000000
47054  6.439  -31.038  54.304 0.0000000000
47057  8.635  -30.504  52.960 0.0000000000
47059  7.441  -30.870  53.573 0.0000000000
47060  2.702  -31.585  53.166 0.0000000000
47061  9.386  -30.381  51.797 0.0000000000
47070  1.020  -32.555  51.261 0.0000000000
47083  -0.704  -31.845  48.176 0.0000000000
47088  -0.563  -31.356  45.730 0.0000000000
47099  0.329  -31.532  43.625 0.0000000000
47135  2.183  -31.578  41.385 0.0000000000
48080  7.587  -29.770  54.931 0.0000000000
48084  5.062  -30.513  54.735 0.0000000000
48085  8.492  -29.697  54.375 0.0000000000
48086  7.869  -30.012  54.597 0.0000000000
48090  9.298  -29.561  53.694 0.0000000000
48091  8.807  -29.931  53.950 0.0000000000
48092  8.201  -30.230  54.155 0.0000000000
48095  9.777  -29.240  52.541 0.0000000000
48105  1.964  -31.583  51.368 0.0000000000
48113  1.551  -31.386  49.525 0.0000000000
48115  10.434  -30.665  47.433 0.0000000000
48119  0.817  -30.742  47.138 0.0000000000
48134  0.765  -30.864  44.196 0.0000000000
48135  0.556  -31.052  44.930 0.0000000000
48169  2.036  -30.987  41.886 0.0000000000
49044  7.829  -29.092  54.894 0.0000000000
49046  6.738  -29.570  55.227 0.0000000000
49048  5.578  -29.902  54.829 0.0000000000
49050  8.138  -29.420  54.670 0.0000000000
49060  3.138  -30.118  53.150 0.0000000000
49064  10.229  -29.054  51.318 0.0000000000
49077  10.127  -29.437  49.082 0.0000000000
49106  1.417  -30.357  45.206 0.0000000000
49140  2.405  -30.487  41.431 0.0000000000
49141  2.026  -30.726  42.209 0.0000000000
49145  2.430  -30.035  39.865 0.0000000000
49174  1.255  -29.738  34.912 0.0000000000
50017  8.036  -28.312  54.966 0.0000000000
50018  7.474  -28.643  55.029 0.0000000000
50019  6.904  -28.825  55.182 0.0000000000
50020  6.313  -29.007  55.035 0.0000000000
50023  8.912  -28.378  54.789 0.0000000000
50026  5.299  -29.039  54.442 0.0000000000
50029  9.268  -28.706  54.428 0.0000000000
50036  3.474  -29.465  52.917 0.0000000000
50038  3.804  -28.979  52.484 0.0000000000
50060  2.041  -29.958  47.827 0.0000000000
50080  1.834  -30.063  46.077 0.0000000000
50091  1.997  -29.467  45.508 0.0000000000
50104  1.750  -29.872  45.258 0.0000000000
50114  11.934  -29.621  43.372 0.0000000000
50115  2.282  -29.696  44.044 0.0000000000
50116  1.961  -30.004  44.692 0.0000000000
50117  1.599  -30.419  44.143 0.0000000000
50128  1.913  -30.366  43.420 0.0000000000
50143  2.490  -29.416  41.459 0.0000000000
50144  2.464  -29.887  42.080 0.0000000000
50145  2.144  -30.411  42.599 0.0000000000
50157  2.359  -29.436  40.804 0.0000000000
51138  8.123  -27.461  55.112 0.0000000000
51140  7.087  -27.762  54.610 0.0000000000
51156  11.041  -27.319  51.211 0.0000000000
51159  4.177  -28.422  52.196 0.0000000000
51174  4.474  -27.683  49.762 0.0000000000
51229  2.604  -28.577  44.250 0.0000000000
51257  2.685  -28.955  42.807 0.0000000000
51275  4.315  -27.620  41.138 0.0000000000
51278  2.453  -28.911  41.212 0.0000000000
51291  5.534  -27.288  40.671 0.0000000000
51321  6.018  -26.898  38.896 0.0000000000
51322  5.293  -27.208  38.440 0.0000000000
51333  5.333  -27.168  37.670 0.0000000000
51336  3.209  -28.759  36.895 0.0000000000
52225  7.885  -26.999  55.112 0.0000000000
52228  10.206  -26.219  54.996 0.0000000000
52232  11.081  -26.084  54.234 0.0000000000
52243  11.266  -26.468  52.348 0.0000000000
52313  7.287  -25.751  44.646 0.0000000000
52330  6.969  -26.559  42.141 0.0000000000
52343  7.496  -25.886  42.167 0.0000000000
52392  7.288  -26.088  37.959 0.0000000000
52447  5.010  -26.044  33.474 0.0000000000
52461  4.852  -25.688  32.608 0.0000000000
53260  10.207  -24.957  55.287 0.0000000000
53263  10.708  -24.836  54.912 0.0000000000
53266  7.957  -25.886  55.267 0.0000000000
53334  7.541  -25.212  42.786 0.0000000000
53368  7.534  -24.990  39.864 0.0000000000
53387  7.583  -25.247  37.561 0.0000000000
53397  7.103  -25.745  36.251 0.0000000000
53407  6.890  -25.447  35.551 0.0000000000
53417  6.706  -25.108  34.825 0.0000000000
53428  6.473  -25.058  33.918 0.0000000000
53452  4.601  -25.317  31.921 0.0000000000
54211  8.999  -25.092  55.550 0.0000000000
54213  10.703  -24.362  54.689 0.0000000000
54214  10.497  -24.774  55.130 0.0000000000
54265  6.776  -23.870  46.526 0.0000000000
54288  7.240  -24.474  42.873 0.0000000000
54296  7.422  -24.643  41.373 0.0000000000
54319  7.508  -24.699  39.042 0.0000000000
54352  7.099  -24.308  35.771 0.0000000000
54364  6.807  -24.523  35.116 0.0000000000
54390  6.279  -24.407  32.543 0.0000000000
55139  10.293  -23.916  54.848 0.0000000000
55178  10.832  -23.831  50.687 0.0000000000
55234  2.028  -23.266  46.448 0.0000000000
55268  1.503  -23.146  43.765 0.0000000000
55277  1.641  -23.136  42.947 0.0000000000
55288  1.579  -22.793  41.581 0.0000000000
55289  1.511  -22.535  41.122 0.0000000000
55308  0.469  -23.049  40.328 0.0000000000
55321  1.820  -22.873  40.217 0.0000000000
55322  0.928  -22.606  40.271 0.0000000000
55323  1.443  -22.220  40.057 0.0000000000
55339  2.752  -23.189  38.258 0.0000000000
55341  2.459  -22.564  38.741 0.0000000000
55357  2.486  -23.105  37.450 0.0000000000
55359  2.338  -22.707  37.535 0.0000000000
55360  2.180  -22.520  37.395 0.0000000000
55372  7.158  -23.863  36.561 0.0000000000
55377  1.318  -22.987  35.926 0.0000000000
55394  6.668  -23.991  35.143 0.0000000000
55397  4.733  -23.303  35.721 0.0000000000
55399  0.461  -23.292  35.715 0.0000000000
55418  -0.149  -23.233  35.045 0.0000000000
55445  6.170  -23.715  32.025 0.0000000000
56247  9.303  -22.956  55.039 0.0000000000
56250  9.845  -23.111  54.350 0.0000000000
56253  7.668  -22.117  55.603 0.0000000000
56254  10.208  -23.109  53.654 0.0000000000
56256  9.479  -22.517  54.337 0.0000000000
56259  4.358  -21.982  55.118 0.0000000000
56261  10.469  -23.166  52.847 0.0000000000
56262  10.325  -22.974  53.185 0.0000000000
56299  11.961  -23.320  47.814 0.0000000000
56326  1.132  -22.514  44.060 0.0000000000
56341  1.073  -21.705  41.005 0.0000000000
56347  1.263  -21.752  40.017 0.0000000000
56354  0.784  -22.634  39.922 0.0000000000
56355  1.322  -21.820  39.490 0.0000000000
56363  1.814  -22.126  38.060 0.0000000000
56364  1.312  -21.725  37.684 0.0000000000
56378  0.903  -22.385  35.466 0.0000000000
56383  4.370  -22.481  34.160 0.0000000000
56387  -0.219  -22.831  34.562 0.0000000000
56397  5.883  -22.861  33.030 0.0000000000
56415  5.381  -22.583  32.407 0.0000000000
56434  5.883  -23.321  31.836 0.0000000000
56436  4.415  -22.665  31.159 0.0000000000
57171  11.078  -22.681  48.244 0.0000000000
57184  11.304  -22.296  46.034 0.0000000000
57212  0.679  -21.761  43.271 0.0000000000
57219  0.715  -21.849  42.634 0.0000000000
57258  1.004  -21.268  35.510 0.0000000000
57270  -0.112  -22.078  33.564 0.0000000000
58138  0.487  -20.342  42.612 0.0000000000
58139  0.633  -20.445  41.763 0.0000000000
58153  1.034  -20.750  39.732 0.0000000000
58163  0.925  -20.757  37.946 0.0000000000
58196  -0.567  -20.478  32.761 0.0000000000
58209  -0.426  -20.006  32.040 0.0000000000
59090  1.322  -20.017  37.900 0.0000000000
59091  1.050  -20.230  37.527 0.0000000000
59145  -0.329  -19.374  33.902 0.0000000000
60033  0.967  -18.254  43.140 0.0000000000
60122  1.367  -19.795  37.282 0.0000000000
60169  -0.083  -17.914  33.507 0.0000000000
61029  1.029  -17.723  48.744 0.0000000000
61054  1.817  -18.484  45.120 0.0000000000
61089  0.853  -17.591  42.589 0.0000000000
123529  5.580  -33.373  50.887 0.0000000000
123641  2.087  -22.946  36.720 0.0000000000
124168  2.060  -23.082  41.294 0.0000000000
124171  4.950  -23.425  41.321 0.0000000000
124177  3.755  -23.431  43.311 0.0000000000
124179  4.081  -23.326  44.085 0.0000000000
125209  4.562  -23.368  39.529 0.0000000000
126056  2.281  -30.167  49.507 0.0000000000
126553  18.437  -24.248  42.127 0.0000000000
126841  3.069  -28.431  38.641 0.0000000000
126981  5.325  -26.422  34.927 0.0000000000
127621  3.381  -27.895  39.766 0.0000000000
127729  1.747  -30.221  44.843 0.0000000000
128435  1.091  -30.881  42.919 0.0000000000
128584  0.373  -32.178  42.728 0.0000000000
129280  5.001  -24.148  31.404 0.0000000000
130391  1.349  -23.004  44.997 0.0000000000
131295  0.828  -19.323  43.865 0.0000000000
131836  -1.593  -33.983  46.593 0.0000000000
132149  1.323  -30.378  46.483 0.0000000000
132942  0.959  -19.052  34.503 0.0000000000
133598  3.935  -32.571  53.304 0.0000000000
133618  0.601  -20.197  43.915 0.0000000000
134831  10.909  -24.054  53.444 0.0000000000
135499  1.798  -30.537  42.968 0.0000000000
135855  4.194  -23.019  35.466 0.0000000000
136172  7.463  -24.581  44.950 0.0000000000
136976  10.523  -24.196  54.744 0.0000000000
137137  0.044  -23.347  35.401 0.0000000000
137186  12.181  -24.613  48.414 0.0000000000
137569  9.438  -24.351  55.423 0.0000000000
137888  4.851  -27.490  41.768 0.0000000000
138057  5.578  -31.816  53.967 0.0000000000
138184  2.225  -22.799  39.955 0.0000000000
138514  0.804  -22.974  35.981 0.0000000000
139710  2.267  -29.508  47.681 0.0000000000
139975  7.602  -25.261  48.680 0.0000000000
139999  7.257  -24.232  39.618 0.0000000000
140699  2.553  -29.562  43.252 0.0000000000
141893  5.085  -24.838  31.652 0.0000000000
141920  9.391  -21.766  53.538 0.0000000000
142431  0.688  -30.973  47.996 0.0000000000
142761  2.155  -29.451  45.583 0.0000000000
144059  6.860  -23.507  37.880 0.0000000000
144157  1.409  -19.385  35.114 0.0000000000
144376  4.530  -23.394  36.344 0.0000000000
146040  0.364  -33.073  51.728 0.0000000000
146143  6.458  -23.754  33.797 0.0000000000
147121  5.420  -28.594  54.267 0.0000000000
147171  0.584  -19.233  43.213 0.0000000000
147258  7.340  -25.677  44.164 0.0000000000
147467  10.638  -23.648  53.712 0.0000000000
148602  5.393  -27.142  46.587 0.0000000000
149637  5.893  -23.580  35.799 0.0000000000
