#!ascii label  , from subject sub-v1s21x0050424_ses-1 vox2ras=TkReg
2138
124005  45.622  -52.378  -34.188 0.6000000238
26401  45.800  -53.480  -33.579 0.5000000000
28368  44.774  -50.976  -32.742 0.6999999881
30276  45.203  -50.216  -33.056 0.6000000238
30266  45.246  -49.319  -32.997 0.6000000238
31212  44.935  -48.456  -32.632 0.6000000238
27400  45.387  -52.394  -33.316 0.6999999881
28367  45.267  -51.652  -33.443 0.6000000238
29333  45.595  -50.844  -33.622 0.5000000000
30275  46.086  -49.908  -33.794 0.5000000000
136930  46.032  -49.065  -33.629 0.6000000238
137264  45.342  -47.718  -33.047 0.6000000238
27391  45.425  -52.509  -32.652 0.5000000000
125375  45.734  -53.274  -34.311 0.5000000000
144805  46.462  -52.208  -34.989 0.6000000238
33020  45.973  -46.935  -33.521 0.6000000238
25339  46.447  -55.941  -35.067 0.5000000000
142352  46.469  -55.790  -34.948 0.5000000000
135248  43.689  -47.947  -31.453 0.6000000238
32120  44.179  -47.006  -31.647 0.6999999881
28350  44.691  -51.308  -31.531 0.6000000238
29321  44.400  -50.746  -32.030 0.6999999881
30256  43.974  -49.472  -31.620 0.6000000238
31213  44.176  -48.597  -31.889 0.6000000238
32132  44.635  -47.614  -32.273 0.6000000238
27392  45.021  -51.863  -32.123 0.6000000238
27401  45.009  -51.683  -32.677 0.6999999881
32131  45.240  -46.938  -32.954 0.6000000238
27383  45.643  -52.309  -31.879 0.5000000000
130459  45.585  -46.184  -33.346 0.6000000238
26414  46.380  -54.895  -34.268 0.5000000000
33987  45.943  -45.505  -33.754 0.6000000238
147252  46.299  -44.979  -34.107 0.6000000238
35988  46.676  -43.398  -34.812 0.6999999881
34960  47.326  -44.236  -35.049 0.6000000238
144214  47.025  -42.547  -35.338 0.6999999881
35996  47.749  -43.489  -35.490 0.6000000238
128065  47.715  -42.136  -35.788 0.6000000238
39112  49.297  -40.863  -36.443 0.6000000238
38053  49.087  -41.593  -36.391 0.6000000238
41074  52.650  -38.677  -39.420 0.5000000000
124202  50.971  -36.701  -39.930 0.6999999881
42013  52.352  -37.749  -39.456 0.6000000238
125476  50.241  -36.406  -40.068 0.8000000119
42016  49.444  -37.633  -39.323 0.6999999881
32121  43.378  -47.264  -30.932 0.6000000238
33008  43.763  -46.344  -31.207 0.6999999881
29305  44.361  -50.738  -30.968 0.6999999881
29313  44.122  -50.257  -31.434 0.6999999881
30257  43.566  -49.534  -30.953 0.6000000238
33015  44.706  -46.765  -32.321 0.6999999881
33007  44.397  -46.188  -32.000 0.6999999881
28349  45.281  -51.677  -31.407 0.6000000238
28339  44.919  -51.223  -30.994 0.6000000238
33981  44.585  -45.450  -32.429 0.8000000119
27381  47.416  -52.805  -31.514 0.5000000000
27382  46.475  -52.608  -31.663 0.5000000000
34953  45.150  -44.398  -33.135 0.8000000119
33988  45.236  -45.305  -33.114 0.6000000238
26399  47.455  -54.234  -32.935 0.5000000000
26379  46.882  -53.407  -32.175 0.5000000000
34952  45.581  -43.883  -33.623 0.8000000119
128710  45.760  -44.694  -33.638 0.6000000238
25338  46.882  -56.245  -34.650 0.5000000000
35989  45.888  -43.325  -34.148 0.8000000119
38040  46.166  -41.817  -35.055 0.8000000119
148924  46.314  -44.203  -34.280 0.6999999881
39105  47.111  -40.703  -35.609 0.6999999881
38046  46.948  -41.612  -35.509 0.6999999881
41052  49.529  -39.213  -36.479 0.6999999881
40057  48.402  -39.966  -36.024 0.6999999881
38045  47.873  -41.493  -35.950 0.6999999881
140497  51.844  -38.969  -37.787 0.6000000238
40056  49.354  -40.047  -36.482 0.6000000238
39113  48.138  -40.761  -36.056 0.6000000238
123382  54.291  -40.926  -37.693 0.6999999881
40063  51.185  -39.585  -37.680 0.6999999881
41072  54.987  -38.380  -39.289 0.6999999881
140485  55.398  -41.545  -38.107 0.6000000238
42012  53.237  -37.857  -39.290 0.8000000119
40075  53.528  -39.897  -39.309 0.6000000238
142993  51.550  -36.052  -39.603 0.8999999762
42960  47.392  -36.844  -39.086 0.6999999881
43947  49.833  -35.716  -40.264 0.8000000119
124088  48.952  -36.711  -39.337 0.6999999881
32991  43.021  -46.621  -30.408 0.6000000238
34924  43.069  -44.867  -30.569 0.6999999881
146039  42.900  -48.093  -30.172 0.6000000238
34935  43.653  -44.633  -31.390 0.6000000238
30228  44.918  -49.402  -29.630 0.4000000060
30246  44.427  -50.004  -30.227 0.6000000238
30230  43.518  -48.877  -29.903 0.6000000238
33972  44.032  -45.488  -31.648 0.6999999881
29303  46.054  -50.723  -30.305 0.6000000238
34944  44.549  -44.196  -32.653 0.8000000119
28346  48.251  -52.170  -31.064 0.4000000060
28347  47.091  -52.065  -31.016 0.5000000000
28338  45.617  -51.332  -30.800 0.6000000238
35979  44.876  -43.556  -33.150 0.8000000119
26378  47.769  -53.606  -32.001 0.5000000000
37015  44.925  -42.748  -33.417 0.8000000119
26398  48.368  -54.470  -32.709 0.4000000060
38047  46.295  -40.946  -35.217 0.8000000119
25324  48.027  -55.425  -33.774 0.5000000000
40049  47.693  -39.210  -35.708 0.8000000119
42001  50.137  -37.799  -36.857 0.8000000119
41053  48.634  -39.039  -35.926 0.6999999881
146362  46.928  -40.059  -35.527 0.8000000119
140498  53.201  -38.645  -37.568 0.8000000119
41062  50.564  -38.593  -37.164 0.6999999881
41996  54.547  -37.784  -37.908 0.8999999762
41061  54.135  -39.150  -37.566 0.8999999762
125127  51.272  -38.600  -37.420 0.6999999881
41995  55.197  -38.226  -38.417 0.8999999762
123177  55.711  -40.102  -38.157 0.6000000238
124203  51.955  -36.763  -39.574 0.8999999762
42962  53.139  -36.721  -39.235 0.8999999762
42966  46.929  -35.903  -39.152 0.8000000119
43936  46.322  -35.851  -37.931 0.8000000119
42965  47.648  -36.037  -39.310 0.8000000119
43935  46.772  -36.451  -38.782 0.8000000119
124348  48.951  -35.732  -39.802 0.8000000119
42963  49.580  -36.246  -39.846 0.6999999881
138569  42.738  -46.047  -29.794 0.6999999881
35950  43.007  -44.116  -30.776 0.6000000238
32107  42.895  -47.485  -30.240 0.6000000238
32992  42.794  -46.854  -29.666 0.5000000000
35972  43.550  -43.546  -31.736 0.6999999881
31175  45.444  -48.651  -29.379 0.4000000060
31177  43.769  -48.469  -29.542 0.5000000000
31191  43.169  -48.290  -29.791 0.6000000238
35971  44.199  -43.518  -32.545 0.6999999881
30245  46.522  -50.027  -29.835 0.5000000000
128823  44.387  -42.949  -33.001 0.6999999881
29301  48.161  -50.536  -30.401 0.5000000000
28337  46.609  -51.358  -30.662 0.6000000238
28345  49.416  -51.984  -31.148 0.4000000060
40051  45.992  -39.449  -35.103 0.8000000119
38042  45.075  -41.297  -34.052 0.8000000119
140198  49.701  -53.749  -31.844 0.4000000060
40050  46.820  -39.426  -35.449 0.8000000119
39107  45.752  -40.282  -34.939 0.8000000119
131399  45.560  -41.923  -34.357 0.8000000119
25323  49.015  -55.690  -33.524 0.3000000119
42951  50.118  -36.961  -36.761 0.8000000119
41990  49.563  -37.498  -36.298 0.8000000119
147759  48.465  -38.343  -35.751 0.8000000119
126958  51.499  -37.086  -37.410 0.8000000119
132894  49.082  -38.202  -35.920 0.8000000119
42948  53.848  -36.767  -37.787 0.8999999762
41998  52.687  -37.842  -37.554 0.8999999762
43929  54.378  -36.121  -38.598 0.8999999762
42947  54.541  -36.917  -38.429 0.8999999762
44940  54.064  -35.373  -39.265 0.8999999762
42961  54.726  -36.637  -39.206 0.8999999762
43944  53.622  -35.669  -39.255 0.8999999762
43942  46.261  -35.630  -38.828 0.8000000119
42956  44.876  -36.202  -37.251 0.8000000119
43945  52.521  -35.724  -39.262 0.8999999762
43946  50.690  -35.746  -40.011 0.8999999762
125189  48.077  -35.449  -39.675 0.8000000119
44950  50.175  -35.019  -40.188 0.8000000119
33957  42.556  -45.424  -29.256 0.6000000238
34925  42.609  -44.684  -29.870 0.6000000238
35962  42.863  -43.197  -30.935 0.6000000238
148564  42.949  -46.523  -28.851 0.6000000238
32092  45.859  -47.799  -29.179 0.4000000060
129563  45.030  -48.083  -29.172 0.4000000060
32081  44.070  -47.270  -28.854 0.4000000060
32976  42.944  -46.936  -29.115 0.5000000000
37006  43.855  -42.719  -32.470 0.6999999881
30227  45.929  -49.358  -29.572 0.4000000060
37016  44.326  -42.142  -33.148 0.6999999881
30244  47.579  -49.858  -29.979 0.5000000000
30226  46.936  -49.193  -29.644 0.4000000060
38033  44.619  -41.508  -33.536 0.6999999881
29300  49.134  -50.432  -30.522 0.5000000000
41042  45.457  -38.652  -34.890 0.8000000119
39103  45.130  -40.470  -34.347 0.8000000119
142041  48.859  -37.211  -35.822 0.8000000119
41047  47.075  -38.529  -35.486 0.8000000119
42950  51.859  -36.351  -37.523 0.8000000119
43931  53.161  -35.135  -37.847 0.8999999762
129325  53.054  -37.061  -37.548 0.8999999762
44930  53.889  -34.695  -38.719 0.8999999762
44946  53.472  -34.955  -39.358 0.8999999762
125018  51.613  -35.218  -39.438 1.0000000000
44936  45.882  -34.825  -37.925 0.8000000119
44949  50.906  -34.739  -39.600 1.0000000000
43948  46.514  -35.197  -39.188 0.8000000119
145771  49.685  -34.572  -40.127 1.0000000000
124024  49.321  -35.103  -40.258 0.8000000119
44952  47.816  -34.716  -39.875 0.8000000119
35951  42.412  -43.733  -29.892 0.6000000238
135374  42.449  -42.896  -30.299 0.6000000238
33928  42.776  -45.384  -28.627 0.6000000238
38015  42.926  -41.656  -31.533 0.6999999881
32079  45.869  -46.932  -28.893 0.4000000060
32080  44.977  -47.331  -28.925 0.4000000060
125382  43.435  -46.637  -28.742 0.4000000060
31174  46.346  -48.531  -29.441 0.4000000060
37007  43.613  -41.597  -32.424 0.6999999881
135623  48.555  -49.716  -30.234 0.5000000000
32090  47.370  -47.444  -29.457 0.4000000060
39098  44.518  -40.719  -33.622 0.8000000119
135434  46.589  -38.024  -35.353 0.8000000119
41043  44.764  -38.935  -34.322 0.8000000119
42942  48.614  -36.465  -35.795 0.8000000119
41987  47.269  -37.536  -35.454 0.8000000119
43933  50.621  -35.480  -37.323 0.8000000119
143178  50.903  -36.444  -37.294 0.8000000119
146951  52.294  -35.635  -37.549 0.8999999762
44941  53.929  -34.518  -39.179 0.8999999762
44931  53.073  -34.129  -38.285 0.8999999762
46006  53.360  -34.235  -39.354 1.0000000000
44948  51.756  -34.279  -39.307 1.0000000000
124941  51.045  -33.856  -39.355 1.0000000000
148155  46.787  -34.809  -39.413 0.8000000119
43938  44.732  -35.270  -37.140 0.8000000119
46003  49.505  -33.759  -39.863 1.0000000000
46010  47.687  -33.848  -39.948 0.8000000119
44944  48.990  -34.482  -40.204 0.8000000119
34898  42.688  -44.429  -28.279 0.6000000238
34908  42.353  -44.506  -28.916 0.6000000238
36968  42.125  -42.958  -29.524 0.6000000238
39077  43.111  -41.001  -31.924 0.6999999881
39078  42.917  -40.178  -31.921 0.6999999881
32962  45.271  -46.586  -28.725 0.4000000060
33925  45.027  -45.946  -28.571 0.5000000000
33926  44.108  -45.918  -28.459 0.5000000000
39091  43.433  -40.687  -32.368 0.8000000119
137362  43.558  -39.964  -32.626 0.8000000119
137629  46.671  -47.855  -29.369 0.4000000060
144725  44.115  -39.911  -33.299 0.8000000119
32089  48.255  -47.438  -29.696 0.4000000060
32975  47.118  -46.591  -29.257 0.4000000060
149194  46.398  -37.470  -35.335 0.8000000119
41988  45.927  -37.944  -35.209 0.8000000119
41986  48.064  -36.910  -35.616 0.8000000119
130537  50.024  -35.994  -36.811 0.8000000119
44933  50.833  -33.985  -37.485 0.8000000119
46001  53.485  -33.606  -39.222 1.0000000000
46007  52.716  -33.722  -39.335 1.0000000000
47025  53.193  -32.594  -38.910 1.0000000000
135930  51.102  -33.102  -39.411 1.0000000000
47038  48.368  -32.941  -39.608 1.0000000000
44954  45.404  -34.330  -39.133 0.8999999762
141839  45.285  -34.650  -37.523 0.8000000119
44938  44.790  -34.193  -37.268 0.8999999762
46011  46.717  -33.724  -39.691 1.0000000000
46012  45.709  -33.619  -39.438 1.0000000000
146135  44.883  -33.834  -39.112 1.0000000000
47039  46.954  -32.197  -39.522 1.0000000000
141208  46.629  -31.421  -39.351 1.0000000000
47040  46.171  -32.266  -39.626 1.0000000000
148112  44.945  -32.513  -39.526 1.0000000000
49042  45.833  -30.478  -39.342 1.0000000000
48077  45.559  -31.872  -39.626 1.0000000000
36969  41.808  -42.306  -29.228 0.6999999881
36982  42.197  -42.255  -30.089 0.6999999881
133160  41.778  -41.450  -29.751 0.6999999881
34888  42.575  -43.709  -28.011 0.6000000238
35921  42.187  -43.179  -28.373 0.6000000238
136257  42.572  -40.902  -31.343 0.6999999881
130751  43.813  -45.255  -28.277 0.6000000238
133300  45.574  -45.372  -28.576 0.5000000000
40036  43.019  -39.146  -32.365 0.8000000119
133409  46.759  -45.896  -29.030 0.4000000060
40042  43.701  -39.193  -33.044 0.8000000119
41982  45.192  -37.777  -34.947 0.8000000119
42936  46.541  -36.774  -35.378 0.8000000119
43925  48.730  -35.709  -35.903 0.8000000119
42935  47.324  -36.480  -35.473 0.8000000119
146612  50.386  -34.736  -37.367 0.6999999881
43924  49.329  -35.445  -36.479 0.8000000119
44932  51.973  -33.978  -37.669 0.8999999762
45996  50.216  -33.110  -37.385 0.8000000119
45994  52.685  -33.233  -38.381 0.8999999762
45995  51.603  -33.004  -37.817 1.0000000000
131304  51.785  -32.192  -38.365 1.0000000000
132862  51.911  -32.302  -39.348 1.0000000000
48069  52.009  -31.313  -38.988 1.0000000000
49028  50.609  -30.863  -38.572 1.0000000000
47037  50.472  -32.253  -39.365 1.0000000000
49037  50.559  -30.888  -39.203 1.0000000000
144814  50.191  -30.937  -39.370 1.0000000000
140690  48.539  -30.176  -39.331 1.0000000000
48076  47.464  -31.494  -39.276 1.0000000000
46005  44.364  -33.268  -38.932 1.0000000000
127809  44.714  -33.358  -37.441 1.0000000000
49040  47.719  -30.517  -39.259 1.0000000000
142597  44.888  -33.181  -39.307 1.0000000000
47034  44.000  -32.596  -38.622 1.0000000000
135982  45.010  -30.958  -39.601 1.0000000000
48079  43.868  -32.049  -39.101 1.0000000000
130238  41.622  -41.649  -28.755 0.6999999881
131296  42.292  -40.142  -31.099 0.6999999881
35909  43.720  -43.505  -27.836 0.5000000000
36956  41.908  -42.408  -28.524 0.6999999881
34887  43.080  -44.111  -27.866 0.6000000238
34896  45.744  -44.490  -28.595 0.5000000000
136162  44.908  -44.224  -28.379 0.5000000000
130862  43.345  -38.441  -32.933 0.8000000119
41983  44.552  -37.632  -34.511 0.8000000119
42931  44.799  -37.061  -34.938 0.6999999881
43920  45.882  -36.039  -35.409 0.8000000119
43917  48.059  -35.125  -35.723 0.8000000119
43918  47.295  -35.603  -35.541 0.8000000119
44934  49.548  -34.091  -37.324 0.6999999881
146564  49.230  -34.591  -36.839 0.6999999881
45998  48.010  -32.971  -36.978 0.8000000119
45990  49.133  -32.268  -35.885 0.8000000119
48054  47.715  -31.526  -35.532 0.8000000119
47027  50.898  -32.098  -37.774 0.8999999762
47029  48.609  -32.289  -37.128 0.8000000119
127739  49.255  -31.592  -36.216 0.8000000119
48062  50.789  -31.339  -38.195 1.0000000000
125187  49.294  -31.634  -37.197 0.8999999762
48064  49.016  -31.077  -37.214 0.8999999762
47021  48.868  -30.832  -35.788 0.8000000119
48063  49.928  -31.047  -37.875 0.8999999762
49029  50.007  -30.560  -38.482 1.0000000000
49039  49.209  -30.316  -39.324 1.0000000000
48074  49.353  -30.864  -39.382 1.0000000000
140802  47.533  -29.590  -39.315 1.0000000000
50013  46.192  -29.608  -39.205 1.0000000000
47022  43.680  -32.470  -36.783 1.0000000000
132638  46.587  -28.572  -39.309 1.0000000000
49043  45.176  -29.988  -39.287 1.0000000000
48071  43.529  -31.986  -38.374 1.0000000000
141930  45.650  -29.031  -39.167 1.0000000000
50014  44.644  -29.493  -39.138 1.0000000000
128396  43.092  -30.656  -38.570 1.0000000000
37963  42.392  -41.869  -27.749 0.6999999881
36944  41.908  -41.782  -28.113 0.6999999881
37988  41.410  -40.741  -29.006 0.6999999881
146671  41.626  -40.672  -29.865 0.6999999881
40005  41.986  -39.450  -30.711 0.6999999881
36941  43.509  -42.672  -27.720 0.6000000238
40023  42.515  -39.357  -31.494 0.6999999881
35920  44.598  -43.547  -28.235 0.5000000000
41032  42.845  -38.291  -32.453 0.6999999881
35919  45.461  -43.564  -28.543 0.5000000000
130930  43.580  -37.898  -33.542 0.8000000119
41984  43.925  -37.436  -34.122 0.6999999881
42932  44.346  -36.402  -34.723 0.6999999881
143528  46.485  -35.315  -35.499 0.6999999881
44922  47.180  -34.610  -35.591 0.6999999881
45997  48.810  -33.102  -37.280 0.6999999881
127878  48.694  -33.798  -36.063 0.6999999881
148395  48.670  -32.595  -35.800 0.8000000119
45984  46.246  -33.190  -35.414 0.8000000119
47016  45.868  -32.649  -35.236 0.8000000119
47014  47.848  -32.458  -35.639 0.8000000119
47015  46.701  -32.296  -35.424 0.8000000119
49025  47.666  -30.724  -35.517 0.8000000119
49030  48.873  -30.204  -37.677 1.0000000000
49032  48.561  -30.414  -36.064 0.8999999762
138933  48.268  -30.374  -35.760 0.8000000119
50003  47.849  -29.073  -37.637 1.0000000000
128459  47.894  -29.753  -36.143 0.8000000119
50009  49.020  -29.662  -39.164 1.0000000000
50002  48.526  -29.499  -38.129 1.0000000000
139211  48.254  -29.604  -39.289 1.0000000000
128701  47.363  -28.191  -39.226 1.0000000000
147423  45.925  -28.120  -39.311 1.0000000000
48058  43.472  -31.854  -36.754 1.0000000000
47024  41.800  -33.021  -36.226 1.0000000000
51136  44.360  -28.660  -38.695 1.0000000000
148707  43.532  -28.760  -38.430 1.0000000000
50015  43.623  -29.809  -38.848 1.0000000000
147997  42.963  -31.274  -37.819 1.0000000000
149177  42.724  -29.958  -38.394 1.0000000000
39024  41.768  -40.394  -27.847 0.6999999881
39037  41.493  -40.315  -28.309 0.6999999881
128748  41.663  -38.901  -30.273 0.6000000238
41002  42.171  -38.685  -30.955 0.6000000238
130314  42.567  -37.732  -32.098 0.6000000238
41972  42.956  -37.583  -32.904 0.6999999881
42933  43.756  -36.646  -34.243 0.6999999881
43921  45.206  -35.597  -35.302 0.6999999881
44923  46.231  -34.493  -35.493 0.6999999881
45986  44.823  -34.053  -35.014 0.8000000119
136437  47.404  -33.794  -35.622 0.6999999881
132316  46.663  -33.847  -35.521 0.8000000119
48056  45.850  -31.795  -35.061 0.8000000119
50000  47.240  -29.347  -35.953 0.8000000119
50004  47.174  -29.215  -36.841 0.8000000119
51120  46.624  -28.838  -36.139 0.8000000119
51131  47.598  -27.952  -39.009 1.0000000000
144628  46.743  -27.770  -37.850 1.0000000000
51128  46.525  -28.493  -37.118 0.6999999881
52216  46.597  -27.050  -39.029 1.0000000000
52212  46.332  -27.003  -38.378 0.8999999762
53258  46.016  -26.870  -39.205 1.0000000000
52221  44.822  -27.535  -38.936 1.0000000000
51132  43.968  -27.777  -38.318 1.0000000000
45988  40.786  -33.567  -35.636 1.0000000000
50007  42.695  -29.281  -38.350 1.0000000000
48067  43.574  -31.137  -36.977 1.0000000000
48059  42.960  -31.471  -36.599 1.0000000000
47017  41.159  -32.818  -35.894 1.0000000000
49036  42.335  -30.434  -38.101 1.0000000000
40006  41.510  -39.514  -29.867 0.6999999881
42927  42.750  -36.643  -33.098 0.6000000238
42926  43.128  -36.184  -33.790 0.6999999881
44925  44.945  -34.890  -35.230 0.6999999881
43915  43.759  -35.660  -34.395 0.6999999881
44924  45.495  -34.282  -35.344 0.6999999881
44917  44.204  -34.697  -34.701 0.8000000119
45977  44.783  -33.268  -34.701 0.6999999881
47012  44.811  -32.625  -34.288 0.6999999881
48050  45.670  -31.107  -34.294 0.6999999881
133443  46.044  -30.023  -35.367 0.6999999881
49997  46.596  -29.400  -35.659 0.6999999881
52209  45.180  -27.299  -37.017 0.8000000119
51124  45.890  -28.209  -36.540 0.6999999881
53249  45.446  -26.405  -38.498 0.8999999762
52217  44.489  -26.658  -38.521 1.0000000000
53255  44.082  -25.990  -38.130 1.0000000000
45980  40.181  -33.400  -35.194 1.0000000000
51133  42.879  -28.162  -38.209 1.0000000000
48057  41.056  -31.952  -35.717 1.0000000000
144924  41.781  -29.883  -37.961 1.0000000000
40987  41.361  -38.711  -29.295 0.6000000238
41003  41.648  -38.178  -30.308 0.6000000238
41022  42.212  -37.759  -31.185 0.6000000238
41939  41.666  -37.310  -30.364 0.6000000238
41957  42.374  -37.183  -31.722 0.6000000238
42907  42.052  -36.746  -31.137 0.6000000238
42921  42.411  -36.214  -32.447 0.6000000238
43907  42.639  -35.727  -33.144 0.6000000238
44918  43.541  -34.802  -34.209 0.6000000238
44912  43.174  -34.375  -33.705 0.6999999881
45974  43.472  -33.522  -33.575 0.6999999881
47008  44.557  -32.234  -33.585 0.6999999881
48051  45.276  -31.927  -34.184 0.6999999881
48049  45.145  -31.289  -33.418 0.6999999881
49018  45.381  -30.373  -33.743 0.6999999881
131010  45.534  -30.084  -34.884 0.6999999881
56177  46.204  -23.543  -27.655 0.3000000119
51125  45.239  -27.813  -35.967 0.6999999881
124270  45.299  -28.621  -35.534 0.6999999881
57045  47.288  -22.378  -27.763 0.3000000119
148327  44.770  -27.208  -36.390 0.8000000119
125064  38.428  -37.340  -29.371 0.8999999762
143567  44.726  -26.012  -38.303 1.0000000000
43890  39.504  -35.916  -31.434 1.0000000000
44920  39.642  -34.187  -34.038 1.0000000000
43909  39.505  -35.007  -32.988 1.0000000000
147823  42.058  -27.521  -38.133 1.0000000000
140604  41.801  -29.745  -37.368 1.0000000000
138963  41.817  -29.442  -38.156 1.0000000000
49027  42.891  -30.573  -36.596 1.0000000000
47018  40.487  -32.763  -35.445 1.0000000000
49023  42.390  -29.715  -36.017 1.0000000000
126245  41.376  -38.014  -28.426 0.6000000238
132748  41.406  -37.727  -29.460 0.6000000238
131168  41.444  -36.992  -29.608 0.6000000238
42891  41.570  -36.482  -30.235 0.6000000238
144840  41.405  -35.506  -29.252 0.6000000238
43870  41.644  -35.072  -30.611 0.6999999881
44895  41.767  -34.424  -31.129 0.6999999881
43889  41.967  -35.182  -31.416 0.6000000238
44905  42.455  -34.249  -32.441 0.6999999881
46930  44.554  -32.353  -26.127 0.3000000119
47980  44.298  -31.576  -26.013 0.3000000119
45975  42.878  -33.880  -33.065 0.6999999881
45969  43.228  -32.964  -32.843 0.6999999881
47004  44.545  -31.666  -32.985 0.6999999881
55074  46.008  -24.304  -27.181 0.3000000119
55075  45.516  -24.632  -27.500 0.4000000060
57046  46.320  -22.585  -28.231 0.4000000060
56188  45.664  -23.398  -28.739 0.4000000060
40974  36.857  -38.351  -28.886 0.6999999881
41917  35.571  -37.782  -28.508 0.6999999881
59904  46.989  -20.156  -31.151 0.3000000119
51122  44.529  -28.159  -35.435 0.6999999881
41915  38.017  -37.077  -28.637 0.8999999762
58855  46.866  -20.814  -30.566 0.3000000119
57055  46.296  -21.868  -29.196 0.3000000119
52210  44.287  -26.574  -36.963 0.8000000119
131253  38.878  -35.880  -29.836 0.8999999762
57925  46.638  -21.348  -29.946 0.3000000119
57067  45.962  -22.716  -29.581 0.3000000119
53250  44.198  -25.996  -37.770 0.8000000119
144568  41.812  -26.818  -37.728 1.0000000000
45976  39.519  -33.478  -33.800 1.0000000000
123198  40.229  -28.052  -38.116 1.0000000000
47019  40.162  -31.955  -35.237 1.0000000000
141259  39.615  -32.906  -34.307 1.0000000000
50005  40.857  -29.099  -37.982 1.0000000000
141028  42.064  -30.882  -36.032 1.0000000000
122752  41.454  -30.032  -35.411 1.0000000000
49024  40.750  -31.051  -35.419 1.0000000000
49019  39.607  -31.175  -34.249 1.0000000000
130843  41.403  -34.928  -28.846 0.6999999881
44878  41.619  -34.296  -30.306 0.6999999881
146559  44.310  -33.535  -26.437 0.3000000119
132858  44.053  -33.002  -26.268 0.4000000060
45959  41.863  -33.613  -30.930 0.6999999881
128220  42.299  -33.636  -31.777 0.6999999881
46999  42.792  -32.869  -32.019 0.6999999881
47981  43.583  -31.459  -26.308 0.4000000060
46998  43.482  -32.230  -32.177 0.6999999881
146832  44.315  -30.335  -25.972 0.3000000119
47982  42.999  -31.443  -26.709 0.5000000000
48041  43.697  -31.600  -31.544 0.6999999881
48047  44.255  -31.498  -32.311 0.6999999881
49924  44.287  -29.639  -26.273 0.5000000000
48046  44.809  -31.136  -32.757 0.6999999881
52133  44.728  -27.440  -26.799 0.4000000060
52150  44.210  -27.863  -27.697 0.6000000238
53193  44.659  -26.522  -27.563 0.5000000000
53182  45.439  -26.304  -26.695 0.3000000119
49996  44.907  -29.417  -34.279 0.6999999881
56234  45.382  -22.938  -32.477 0.4000000060
54167  45.142  -25.621  -28.896 0.4000000060
41918  34.878  -37.631  -28.876 0.6999999881
57962  46.296  -21.597  -32.395 0.4000000060
54152  45.228  -24.862  -28.244 0.4000000060
55085  45.471  -24.226  -29.036 0.4000000060
143443  34.887  -37.863  -29.932 0.6000000238
58872  46.809  -20.650  -31.840 0.3000000119
57953  47.049  -22.001  -31.922 0.3000000119
57961  46.973  -21.957  -32.132 0.4000000060
56203  45.903  -23.667  -29.947 0.4000000060
55104  46.001  -24.685  -30.132 0.4000000060
52206  44.210  -27.073  -35.962 0.6999999881
51123  43.525  -27.336  -35.253 0.6999999881
130763  37.231  -37.548  -28.423 0.6999999881
57091  47.297  -22.842  -32.157 0.4000000060
55116  46.726  -25.353  -31.015 0.4000000060
53246  43.261  -26.096  -36.976 0.8000000119
57942  46.725  -21.632  -31.106 0.3000000119
57082  46.609  -23.108  -30.939 0.3000000119
56219  46.915  -24.314  -31.299 0.4000000060
53251  43.209  -26.096  -37.444 0.8000000119
44906  39.310  -34.585  -32.359 1.0000000000
53252  41.579  -25.738  -37.148 0.8999999762
140559  40.205  -27.182  -38.049 1.0000000000
138433  39.608  -32.023  -34.462 1.0000000000
123319  39.927  -30.388  -34.443 1.0000000000
123268  41.651  -29.092  -36.311 1.0000000000
123336  40.285  -28.672  -37.773 1.0000000000
147372  39.401  -31.629  -33.615 1.0000000000
47006  39.165  -32.785  -32.549 1.0000000000
48048  39.326  -31.596  -32.219 1.0000000000
142002  39.120  -32.287  -32.004 1.0000000000
125128  41.471  -34.975  -27.923 0.6000000238
44835  41.614  -34.288  -27.517 0.6000000238
45920  41.673  -33.560  -27.916 0.6000000238
45929  41.679  -33.517  -28.894 0.6999999881
45886  42.233  -33.707  -26.771 0.5000000000
46931  42.207  -33.134  -26.930 0.6000000238
46977  42.040  -32.826  -29.402 0.6999999881
134712  42.628  -32.988  -26.640 0.5000000000
46949  42.476  -32.326  -26.934 0.4000000060
127899  42.423  -32.877  -31.224 0.6999999881
48042  43.057  -32.249  -31.413 0.6999999881
46965  42.304  -32.175  -27.873 0.6000000238
124872  42.514  -32.194  -29.859 0.6999999881
48949  42.977  -30.824  -26.991 0.6000000238
48032  43.273  -31.683  -30.833 0.6999999881
49925  43.808  -29.490  -26.887 0.6000000238
48962  43.292  -30.126  -27.307 0.6000000238
123649  43.791  -31.055  -30.921 0.6999999881
48040  44.330  -30.908  -31.612 0.6999999881
51058  44.370  -27.963  -26.959 0.5000000000
51073  43.975  -28.569  -28.219 0.6000000238
49957  43.925  -29.339  -28.805 0.6000000238
49011  44.857  -30.161  -31.721 0.6000000238
56235  43.766  -22.812  -32.691 0.4000000060
54153  44.935  -25.690  -27.753 0.4000000060
53208  44.772  -26.360  -28.495 0.4000000060
51072  44.410  -27.862  -28.735 0.5000000000
49967  44.412  -29.333  -29.756 0.6000000238
49993  44.897  -29.594  -33.187 0.6999999881
57101  44.091  -21.997  -32.694 0.4000000060
123944  44.905  -27.135  -29.212 0.5000000000
57099  46.864  -23.037  -32.442 0.4000000060
134403  44.940  -23.534  -32.419 0.5000000000
53219  45.485  -26.464  -29.638 0.4000000060
54183  45.972  -25.757  -30.119 0.4000000060
124296  44.119  -28.490  -34.772 0.6999999881
42863  36.726  -37.184  -28.001 0.8999999762
41904  35.077  -37.281  -27.899 0.6999999881
57081  47.123  -22.583  -31.677 0.4000000060
53245  42.662  -25.671  -36.004 0.6999999881
52207  43.171  -26.100  -35.637 0.6999999881
128603  46.980  -24.273  -32.331 0.4000000060
43857  38.557  -35.527  -29.063 0.8999999762
123103  40.206  -26.469  -37.629 0.8999999762
44867  38.701  -34.924  -29.846 0.8999999762
47010  39.387  -32.587  -33.514 1.0000000000
149428  39.067  -34.223  -31.764 1.0000000000
146233  39.667  -28.195  -37.891 1.0000000000
45971  39.131  -33.651  -32.296 1.0000000000
122753  40.608  -29.650  -34.951 1.0000000000
45960  38.870  -32.952  -31.766 1.0000000000
134574  38.631  -33.725  -30.743 1.0000000000
122745  39.907  -30.085  -33.636 1.0000000000
123374  39.415  -31.428  -29.337 0.8999999762
122739  39.445  -31.254  -30.199 1.0000000000
147812  39.313  -31.475  -31.235 1.0000000000
46987  38.739  -32.539  -30.594 1.0000000000
45942  38.605  -33.053  -31.058 1.0000000000
122736  39.014  -32.006  -30.013 1.0000000000
122733  38.972  -32.209  -28.964 1.0000000000
148681  38.603  -32.893  -29.109 0.8999999762
122735  38.828  -31.972  -27.800 1.0000000000
122732  38.342  -32.496  -27.309 0.8999999762
46950  42.021  -32.947  -27.454 0.6000000238
46966  41.929  -32.831  -28.400 0.6999999881
46976  42.342  -32.120  -28.923 0.6999999881
47997  42.645  -31.468  -27.330 0.6999999881
48023  42.919  -31.451  -29.480 0.6999999881
48963  42.918  -30.735  -27.816 0.6000000238
48031  43.398  -31.223  -30.237 0.6999999881
48981  43.163  -30.748  -28.885 0.6999999881
48993  43.792  -30.108  -29.457 0.6000000238
129629  43.898  -30.609  -30.261 0.6000000238
49001  44.350  -30.405  -30.984 0.6000000238
57965  42.173  -21.387  -33.562 0.3000000119
49940  43.636  -29.336  -27.745 0.6000000238
49983  44.914  -29.526  -31.275 0.6000000238
56236  42.348  -22.846  -33.757 0.4000000060
57104  41.641  -22.729  -33.680 0.4000000060
52176  45.193  -28.031  -29.943 0.6000000238
51095  44.863  -29.142  -30.582 0.6000000238
123660  45.256  -28.405  -30.685 0.5000000000
131298  44.740  -29.290  -32.497 0.6000000238
52175  45.814  -27.182  -30.288 0.4000000060
51114  44.040  -28.588  -33.005 0.6000000238
55132  43.783  -23.754  -32.496 0.5000000000
53224  46.566  -26.141  -31.151 0.4000000060
54189  46.591  -26.168  -30.895 0.4000000060
51118  43.270  -27.319  -34.421 0.6000000238
55123  44.807  -24.758  -32.157 0.5000000000
54204  46.991  -25.233  -32.071 0.4000000060
123317  42.810  -25.569  -34.901 0.6000000238
143952  46.217  -24.817  -32.237 0.4000000060
54205  45.940  -25.609  -31.875 0.4000000060
42862  37.450  -36.641  -28.013 0.8999999762
140503  40.728  -25.738  -37.211 0.8999999762
53247  42.186  -25.686  -36.666 0.8000000119
43841  37.732  -35.853  -27.895 0.8999999762
43815  38.127  -35.134  -28.244 0.8999999762
44879  38.736  -34.421  -30.471 0.8999999762
122749  41.394  -28.800  -35.148 1.0000000000
140931  39.539  -30.994  -32.388 1.0000000000
44880  38.536  -33.977  -29.920 1.0000000000
144493  38.519  -33.343  -29.559 0.8999999762
122734  38.491  -31.650  -26.988 1.0000000000
46932  37.848  -32.184  -26.720 1.0000000000
46951  37.943  -32.975  -26.986 0.8999999762
122742  37.370  -31.510  -26.492 1.0000000000
140592  36.607  -31.467  -26.408 0.8999999762
48012  42.668  -31.428  -28.391 0.6999999881
57964  42.547  -20.845  -33.175 0.3000000119
57092  41.784  -21.796  -33.289 0.3000000119
57093  41.603  -22.860  -32.327 0.3000000119
51104  44.948  -28.619  -31.348 0.6000000238
56237  41.680  -22.991  -34.047 0.5000000000
56227  41.490  -23.512  -32.916 0.4000000060
52184  45.742  -27.590  -30.803 0.5000000000
53225  46.345  -26.825  -30.927 0.5000000000
52185  45.364  -27.899  -31.207 0.5000000000
51111  44.354  -28.479  -32.233 0.5000000000
149406  42.388  -23.737  -33.704 0.5000000000
52194  45.956  -27.181  -31.190 0.5000000000
51105  44.253  -27.600  -31.853 0.5000000000
55124  43.413  -24.469  -32.476 0.5000000000
52195  44.669  -26.930  -31.650 0.5000000000
54196  44.415  -25.388  -32.007 0.5000000000
122764  42.393  -24.850  -35.224 0.6999999881
53243  42.230  -24.782  -33.749 0.5000000000
54197  43.162  -24.956  -32.539 0.5000000000
123045  41.919  -24.442  -35.159 0.6000000238
140635  40.106  -25.964  -37.274 0.8999999762
122759  40.152  -27.996  -36.622 0.8999999762
140502  39.678  -27.066  -37.685 0.8999999762
143926  40.931  -29.394  -34.536 0.8999999762
125842  39.731  -30.808  -29.625 0.8999999762
142803  40.002  -30.441  -31.321 0.8999999762
122743  39.910  -30.457  -32.175 0.8999999762
126659  40.321  -29.741  -34.217 1.0000000000
44856  38.249  -34.149  -28.397 0.8999999762
45903  38.184  -33.413  -27.678 0.8999999762
126942  38.973  -31.164  -27.419 0.8000000119
123254  38.033  -31.176  -26.606 0.6999999881
45904  37.696  -33.688  -26.975 0.8999999762
46933  36.922  -32.327  -26.433 0.8999999762
133192  36.799  -33.119  -26.466 0.8999999762
58857  42.706  -20.650  -31.776 0.3000000119
57083  41.920  -22.218  -31.564 0.3000000119
57068  42.243  -22.410  -30.195 0.4000000060
136712  42.229  -23.094  -29.630 0.3000000119
56220  41.735  -23.147  -30.750 0.3000000119
56205  41.665  -24.094  -30.486 0.4000000060
56221  41.476  -23.734  -31.657 0.4000000060
54208  41.450  -23.955  -32.831 0.5000000000
54198  41.519  -24.869  -32.036 0.4000000060
51112  43.347  -26.805  -32.638 0.5000000000
148865  43.424  -27.535  -32.903 0.5000000000
126545  41.663  -24.745  -33.723 0.5000000000
53236  43.817  -25.794  -32.157 0.5000000000
51116  42.748  -25.325  -34.080 0.5000000000
52202  42.573  -25.122  -33.443 0.5000000000
123196  41.912  -24.080  -34.367 0.5000000000
122768  42.122  -24.103  -34.992 0.5000000000
122767  41.624  -25.204  -33.910 0.5000000000
122760  41.759  -24.476  -35.011 0.6000000238
140407  41.465  -25.750  -35.990 0.6000000238
51113  41.506  -27.845  -33.047 0.6999999881
51117  41.524  -27.649  -33.809 0.6999999881
140631  39.940  -26.735  -36.653 0.6999999881
49995  41.300  -28.722  -33.601 0.6999999881
49991  41.022  -29.206  -32.838 0.8000000119
123552  41.402  -28.348  -34.395 0.8000000119
44836  37.833  -34.359  -27.575 0.8999999762
122746  40.552  -29.546  -33.545 0.8999999762
133420  39.392  -30.763  -27.858 0.6999999881
45889  36.288  -33.587  -26.451 0.8999999762
46934  36.152  -32.849  -26.358 0.8999999762
123144  36.319  -30.379  -26.553 1.0000000000
56189  42.216  -23.430  -28.689 0.3000000119
56204  41.997  -23.764  -29.648 0.4000000060
149468  42.325  -22.912  -28.291 0.3000000119
55117  41.473  -24.541  -31.253 0.4000000060
55086  41.916  -24.269  -28.824 0.3000000119
140008  41.563  -25.736  -31.632 0.4000000060
54184  41.680  -24.875  -30.156 0.4000000060
134311  41.660  -24.973  -29.133 0.4000000060
53244  41.508  -25.428  -32.971 0.4000000060
54190  41.510  -25.375  -30.847 0.4000000060
53226  41.559  -26.368  -30.352 0.4000000060
141966  41.576  -25.936  -32.257 0.4000000060
53237  41.581  -26.623  -31.298 0.4000000060
52197  41.693  -26.805  -32.096 0.5000000000
52204  41.534  -26.161  -33.205 0.5000000000
49975  41.086  -29.142  -31.150 0.6000000238
49985  40.611  -29.713  -31.900 0.8000000119
49002  40.075  -30.398  -30.291 0.6999999881
138530  38.630  -30.773  -26.850 0.6999999881
47983  35.146  -31.765  -26.683 0.8999999762
47999  34.377  -31.553  -27.216 0.8999999762
122750  35.234  -29.639  -27.410 0.8999999762
49943  34.610  -29.580  -27.952 0.8000000119
140892  34.232  -30.773  -27.542 0.8000000119
122757  34.925  -28.442  -28.632 0.6999999881
123207  34.327  -27.550  -29.611 0.8000000119
56180  41.841  -23.754  -27.153 0.3000000119
55076  42.048  -24.071  -27.911 0.3000000119
55087  41.832  -24.911  -28.120 0.3000000119
54154  41.612  -25.650  -27.458 0.4000000060
53220  41.400  -26.460  -29.145 0.4000000060
53209  41.485  -26.524  -28.069 0.4000000060
52165  41.284  -27.223  -28.646 0.5000000000
146469  41.553  -27.388  -31.125 0.5000000000
51086  41.293  -28.067  -29.772 0.5000000000
51074  41.043  -27.935  -28.298 0.5000000000
149755  41.477  -27.929  -30.591 0.5000000000
51087  40.877  -28.946  -29.616 0.5000000000
51096  41.230  -28.652  -30.437 0.5000000000
49976  40.734  -29.492  -30.314 0.6000000238
145214  40.507  -29.860  -30.980 0.6999999881
49958  40.011  -29.847  -28.744 0.6999999881
48964  39.208  -30.399  -27.186 0.6999999881
49927  38.065  -29.675  -26.369 0.6999999881
123498  37.736  -30.545  -26.465 0.6999999881
136563  37.258  -29.145  -26.396 0.6999999881
141829  35.823  -29.791  -26.853 0.8000000119
122751  35.720  -28.370  -27.511 0.6999999881
57047  42.328  -22.375  -27.848 0.3000000119
56166  41.430  -23.280  -26.572 0.3000000119
55064  41.314  -24.279  -26.565 0.4000000060
136092  40.834  -25.102  -26.381 0.4000000060
54141  41.179  -25.815  -26.756 0.4000000060
52151  41.174  -27.270  -27.720 0.4000000060
53184  40.663  -26.464  -26.632 0.3000000119
52152  40.662  -27.966  -27.413 0.5000000000
128057  40.595  -28.634  -28.038 0.6000000238
123587  40.029  -27.066  -26.454 0.3000000119
51060  40.049  -28.749  -27.069 0.5000000000
51040  39.465  -28.398  -26.479 0.4000000060
129790  40.444  -29.139  -28.818 0.6999999881
49941  40.056  -29.347  -27.923 0.6999999881
127815  39.379  -29.135  -26.667 0.6000000238
49959  39.644  -30.098  -27.892 0.6999999881
48982  39.685  -30.671  -28.749 0.6999999881
49926  38.864  -29.861  -26.664 0.6999999881
51041  38.017  -28.612  -26.193 0.6000000238
55048  40.497  -24.343  -25.978 0.3000000119
54142  40.491  -25.770  -26.352 0.3000000119
53185  39.873  -26.233  -26.156 0.3000000119
54128  39.840  -25.213  -25.858 0.3000000119
54129  39.161  -26.012  -25.741 0.3000000119
55051  38.265  -25.068  -25.599 0.3000000119
52117  39.191  -26.925  -25.971 0.3000000119
53169  37.958  -26.336  -25.743 0.4000000060
133294  38.777  -28.945  -26.366 0.5000000000
52118  38.334  -27.041  -25.843 0.5000000000
142568  37.629  -26.889  -25.945 0.5000000000
52137  37.803  -27.661  -26.031 0.6000000238
127836  37.107  -28.194  -26.372 0.6000000238
57014  40.892  -22.017  -25.916 0.4000000060
56146  40.125  -23.592  -25.701 0.3000000119
57016  39.683  -22.888  -25.565 0.3000000119
55049  39.774  -24.276  -25.659 0.3000000119
56147  39.327  -23.665  -25.515 0.3000000119
55050  38.981  -24.534  -25.520 0.3000000119
144667  38.160  -24.361  -25.566 0.3000000119
55065  37.505  -24.691  -25.850 0.3000000119
54131  37.730  -25.584  -25.774 0.4000000060
55066  36.743  -24.743  -26.502 0.4000000060
52138  36.911  -27.162  -26.425 0.6000000238
53186  37.199  -26.191  -26.151 0.4000000060
55078  36.212  -24.946  -27.336 0.4000000060
136406  36.414  -26.367  -26.835 0.5000000000
135990  36.087  -26.994  -27.214 0.6000000238
148977  34.962  -27.134  -29.971 0.6999999881
123415  33.146  -27.699  -29.573 0.8000000119
57864  41.102  -21.078  -25.850 0.4000000060
127912  40.038  -22.114  -25.611 0.3000000119
129330  39.223  -22.197  -25.488 0.3000000119
57018  38.107  -23.014  -25.670 0.3000000119
56149  37.721  -23.769  -25.752 0.3000000119
56168  37.009  -23.908  -26.297 0.4000000060
56169  36.328  -24.007  -27.141 0.4000000060
132573  36.077  -24.434  -27.901 0.4000000060
55079  35.859  -25.122  -28.307 0.4000000060
53196  35.690  -26.668  -28.062 0.5000000000
55088  35.750  -24.761  -29.130 0.4000000060
52153  35.693  -27.558  -27.813 0.6000000238
54169  35.694  -25.613  -29.173 0.4000000060
144005  35.219  -27.258  -29.546 0.6999999881
122765  35.607  -25.975  -29.940 0.4000000060
54191  35.494  -25.374  -30.442 0.4000000060
147415  35.079  -26.437  -30.448 0.6000000238
123420  34.800  -24.966  -31.671 0.5000000000
122763  34.822  -26.127  -30.767 0.6000000238
123179  33.922  -26.186  -30.669 0.6999999881
122769  33.344  -25.655  -31.052 0.6999999881
59836  41.112  -19.724  -25.638 0.3000000119
57866  39.547  -21.441  -25.518 0.3000000119
57867  38.782  -21.525  -25.541 0.3000000119
57868  37.845  -22.388  -25.903 0.3000000119
57039  37.330  -22.986  -26.173 0.3000000119
131803  36.359  -23.117  -27.517 0.4000000060
56181  36.155  -23.784  -28.113 0.3000000119
56190  36.326  -23.041  -28.496 0.3000000119
56191  35.982  -23.826  -29.041 0.3000000119
56206  35.890  -23.462  -29.816 0.3000000119
123423  35.672  -25.256  -29.768 0.4000000060
55106  35.703  -24.455  -29.981 0.3000000119
56222  35.604  -23.843  -30.521 0.3000000119
55118  35.389  -24.632  -31.059 0.3000000119
55126  35.345  -23.629  -31.281 0.3000000119
141432  34.880  -24.179  -31.852 0.3000000119
145053  34.454  -23.987  -32.540 0.4000000060
123363  34.332  -24.476  -32.209 0.5000000000
123808  33.593  -25.264  -31.534 0.5000000000
143893  33.217  -24.811  -31.915 0.5000000000
58787  39.679  -20.154  -25.505 0.3000000119
58788  39.057  -19.989  -25.505 0.3000000119
136171  38.034  -21.573  -25.913 0.3000000119
57897  37.355  -22.062  -26.335 0.3000000119
57040  36.709  -22.515  -26.847 0.3000000119
57069  36.093  -22.608  -29.745 0.3000000119
57084  35.704  -23.054  -30.524 0.3000000119
57094  35.413  -22.697  -31.416 0.3000000119
56228  34.909  -23.319  -32.265 0.3000000119
122776  33.584  -23.629  -32.843 0.4000000060
122772  33.323  -24.227  -32.451 0.5000000000
122775  32.778  -22.812  -32.743 0.5000000000
122773  32.597  -23.693  -32.441 0.5000000000
59838  39.384  -19.432  -25.479 0.3000000119
58789  38.565  -20.203  -25.684 0.3000000119
58813  37.974  -20.543  -26.097 0.3000000119
135006  37.153  -20.969  -27.132 0.3000000119
57910  36.833  -21.213  -27.808 0.3000000119
57056  36.456  -22.350  -28.963 0.3000000119
57928  36.248  -21.604  -29.586 0.3000000119
57956  35.479  -21.689  -31.511 0.3000000119
57106  33.957  -22.879  -33.136 0.4000000060
57967  32.365  -22.008  -32.800 0.4000000060
123121  31.477  -20.556  -33.108 0.4000000060
122777  31.694  -22.306  -32.597 0.5000000000
122778  30.471  -21.061  -32.896 0.4000000060
130907  40.806  -17.204  -25.467 0.3000000119
60877  39.825  -18.735  -25.438 0.3000000119
59860  37.765  -19.858  -26.458 0.3000000119
58825  37.149  -20.302  -27.658 0.3000000119
58832  36.777  -20.658  -28.469 0.3000000119
58843  36.523  -20.921  -29.099 0.3000000119
58858  35.875  -21.190  -30.506 0.3000000119
57095  35.159  -22.359  -32.445 0.3000000119
57966  35.129  -21.402  -33.231 0.3000000119
57112  34.461  -21.966  -33.296 0.3000000119
57113  33.315  -22.074  -33.134 0.4000000060
57974  32.500  -21.329  -33.037 0.3000000119
141611  39.367  -17.989  -25.460 0.3000000119
136441  38.973  -18.714  -25.507 0.3000000119
60878  38.590  -17.854  -25.750 0.3000000119
59840  38.178  -19.646  -25.989 0.3000000119
59861  37.415  -19.654  -27.041 0.3000000119
59874  37.228  -19.469  -27.754 0.3000000119
132182  37.115  -18.802  -28.138 0.3000000119
144679  36.566  -20.268  -29.033 0.3000000119
58844  36.208  -20.498  -29.749 0.3000000119
59894  36.463  -19.601  -29.360 0.3000000119
57957  35.297  -21.596  -32.662 0.3000000119
145429  39.183  -17.145  -25.505 0.3000000119
128001  37.787  -19.036  -26.530 0.3000000119
61756  38.082  -17.269  -26.254 0.3000000119
60898  37.538  -18.316  -26.871 0.3000000119
131293  35.891  -20.357  -30.676 0.3000000119
134699  35.549  -20.325  -31.483 0.3000000119
58875  35.348  -20.880  -32.841 0.3000000119
61755  38.527  -16.934  -25.804 0.3000000119
62632  38.110  -16.293  -26.202 0.3000000119
60918  37.371  -17.995  -27.605 0.3000000119
62643  37.696  -16.846  -26.675 0.4000000060
60931  36.731  -18.803  -28.964 0.3000000119
129251  36.537  -18.877  -29.822 0.3000000119
62658  37.510  -16.975  -27.428 0.4000000060
133023  37.575  -16.140  -26.930 0.4000000060
125262  37.581  -17.335  -28.299 0.4000000060
63632  37.944  -15.369  -26.514 0.3000000119
64609  37.644  -15.291  -27.319 0.4000000060
47033  49.442  -32.816  -39.454 1.0000000000
127921  48.843  -31.840  -39.242 1.0000000000
46004  48.692  -33.628  -39.987 0.8999999762
122744  37.056  -30.856  -26.420 0.6999999881
122755  35.174  -28.900  -27.996 0.8000000119
122761  35.059  -27.923  -29.111 0.8000000119
122756  35.354  -28.130  -28.388 0.6999999881
30267  44.478  -50.089  -32.289 0.6000000238
135836  44.526  -49.199  -32.270 0.6000000238
33014  44.939  -46.135  -32.725 0.6000000238
26400  46.579  -53.961  -33.201 0.5000000000
30247  43.742  -49.422  -30.318 0.6000000238
42011  54.965  -37.463  -39.274 0.8999999762
30229  44.073  -49.196  -29.783 0.5000000000
27380  49.044  -52.818  -31.492 0.4000000060
28336  47.688  -51.345  -30.638 0.5000000000
139146  48.690  -53.690  -31.923 0.4000000060
37026  45.019  -42.036  -33.715 0.6999999881
41999  51.816  -38.004  -37.521 0.8999999762
36996  43.249  -42.509  -31.692 0.6999999881
29302  47.129  -50.631  -30.304 0.5000000000
28335  48.768  -51.268  -30.697 0.5000000000
40047  44.656  -39.792  -33.995 0.8000000119
25302  49.384  -54.697  -32.527 0.4000000060
41046  48.270  -37.757  -35.672 0.8000000119
30225  47.983  -48.918  -29.783 0.4000000060
126117  52.217  -34.878  -37.611 0.8000000119
44945  45.185  -34.329  -38.811 0.8000000119
126897  42.343  -43.900  -28.480 0.6000000238
148065  46.462  -46.542  -28.980 0.4000000060
149696  47.886  -48.065  -29.652 0.4000000060
41044  44.230  -38.260  -34.047 0.8000000119
46009  50.307  -33.251  -39.411 1.0000000000
128713  44.747  -45.104  -28.394 0.5000000000
132368  46.383  -32.935  -39.716 1.0000000000
35911  42.474  -43.089  -27.910 0.6999999881
48072  51.358  -31.245  -39.160 1.0000000000
134087  49.938  -31.699  -39.354 1.0000000000
130698  43.436  -31.365  -38.884 1.0000000000
149680  43.653  -30.698  -39.215 1.0000000000
45989  48.563  -33.141  -35.929 0.8000000119
52219  46.614  -27.498  -39.202 1.0000000000
49021  46.765  -30.289  -35.430 0.8000000119
51127  47.706  -28.377  -38.484 1.0000000000
51130  48.024  -28.553  -39.105 1.0000000000
45979  43.753  -34.053  -34.197 0.6999999881
52214  44.946  -26.202  -37.818 0.8000000119
52218  43.162  -26.865  -38.194 1.0000000000
51134  41.846  -28.457  -38.237 1.0000000000
53256  42.787  -26.255  -37.627 1.0000000000
130559  41.763  -35.864  -30.886 0.6000000238
44913  42.668  -34.787  -33.128 0.6999999881
52132  45.475  -27.280  -26.460 0.4000000060
42892  39.283  -36.472  -30.532 1.0000000000
43871  39.092  -35.266  -30.673 1.0000000000
54140  45.309  -25.602  -26.962 0.4000000060
140416  39.579  -30.810  -33.654 1.0000000000
49923  44.880  -28.926  -26.129 0.4000000060
52149  44.479  -27.248  -27.281 0.5000000000
51039  44.338  -28.779  -26.662 0.5000000000
56233  46.462  -23.938  -32.417 0.4000000060
55122  47.235  -24.674  -32.308 0.4000000060
122740  39.190  -31.806  -31.536 1.0000000000
122747  35.420  -30.329  -26.912 0.8000000119
54206  42.407  -24.212  -33.726 0.5000000000
52205  42.757  -25.688  -33.376 0.5000000000
140420  42.048  -24.013  -34.832 0.5000000000
123293  41.283  -26.525  -35.722 0.6999999881
125737  41.534  -26.359  -33.695 0.6000000238
141100  41.633  -27.600  -32.330 0.5000000000
49984  41.413  -28.676  -32.081 0.5000000000
52177  41.411  -27.221  -29.554 0.5000000000
140544  36.478  -29.534  -26.622 0.6999999881
51042  36.398  -28.700  -26.758 0.6999999881
122762  35.568  -26.537  -29.215 0.6000000238
140949  36.530  -22.184  -27.894 0.3000000119
39111  50.310  -41.025  -36.788 0.5000000000
40054  50.607  -40.118  -37.434 0.5000000000
140486  53.616  -40.819  -38.069 0.5000000000
125892  50.662  -42.969  -36.920 0.5000000000
39110  50.560  -40.960  -37.141 0.5000000000
34964  49.682  -44.167  -36.665 0.5000000000
37036  50.133  -42.443  -36.630 0.5000000000
38052  50.376  -41.717  -36.714 0.5000000000
137054  49.079  -45.254  -36.048 0.5000000000
33991  47.655  -45.752  -34.993 0.4000000060
33024  47.272  -46.441  -34.626 0.4000000060
131872  46.995  -44.959  -34.647 0.5000000000
31221  46.474  -48.534  -33.893 0.5000000000
33992  46.664  -45.641  -34.362 0.5000000000
41024  39.530  -38.769  -31.224 0.6999999881
40008  38.252  -39.645  -30.800 0.6999999881
144180  40.662  -37.071  -34.256 0.8000000119
43927  42.294  -35.740  -36.251 0.8000000119
147190  41.061  -37.077  -35.280 0.8000000119
134697  43.580  -34.703  -36.666 0.8999999762
40007  38.914  -38.893  -30.560 0.6999999881
42939  41.131  -36.390  -35.528 0.8999999762
135931  40.350  -36.392  -34.332 0.8999999762
132879  42.787  -34.880  -36.483 0.8999999762
44929  43.443  -33.994  -36.615 0.8999999762
146165  38.790  -38.278  -30.179 0.6000000238
41959  39.669  -37.731  -31.259 0.8000000119
130112  40.604  -35.915  -35.219 0.8999999762
129750  41.775  -34.938  -36.076 0.8999999762
136951  42.514  -34.080  -36.418 0.8999999762
45991  44.166  -33.107  -36.901 0.8999999762
40962  42.981  -38.215  -27.510 0.5000000000
40964  41.781  -38.969  -27.702 0.5000000000
128990  41.658  -38.158  -27.787 0.5000000000
39965  42.610  -39.913  -27.527 0.6000000238
39966  41.960  -39.763  -27.611 0.5000000000
39978  41.538  -39.689  -27.962 0.5000000000
135738  42.726  -41.173  -27.603 0.6000000238
40990  37.294  -38.800  -29.536 0.6000000238
41940  39.428  -37.312  -30.745 0.8999999762
130651  40.252  -35.870  -34.762 0.8999999762
41958  39.884  -37.304  -31.875 0.8999999762
43923  40.292  -35.146  -35.156 0.8999999762
44926  40.896  -34.543  -35.642 0.8999999762
45993  42.378  -33.356  -36.402 0.8999999762
42838  41.787  -36.652  -27.579 0.5000000000
42860  41.448  -36.513  -28.073 0.5000000000
41901  42.508  -37.432  -27.425 0.5000000000
41902  41.901  -37.420  -27.532 0.5000000000
41929  41.380  -37.164  -28.688 0.5000000000
41900  43.453  -37.410  -27.561 0.5000000000
140797  42.092  -38.223  -27.495 0.5000000000
42909  39.647  -36.867  -31.337 0.8999999762
40989  38.385  -38.155  -29.655 0.6999999881
42908  39.836  -36.478  -32.307 0.8999999762
43908  40.015  -35.829  -34.045 0.8999999762
43916  39.949  -35.298  -34.536 0.8999999762
45987  41.583  -33.863  -36.079 0.8999999762
43813  42.164  -35.776  -27.141 0.5000000000
43840  41.406  -35.668  -28.420 0.5000000000
43812  42.780  -35.910  -27.067 0.5000000000
42836  43.044  -36.678  -27.322 0.5000000000
43900  39.754  -35.754  -33.173 0.8999999762
44914  39.669  -34.996  -33.838 0.8999999762
44919  39.853  -34.592  -34.624 0.8999999762
43814  41.708  -35.747  -27.499 0.5000000000
43790  42.592  -35.157  -26.784 0.5000000000
44813  41.885  -34.351  -26.945 0.5000000000
43789  43.479  -35.301  -26.801 0.5000000000
45885  42.812  -33.701  -26.513 0.4000000060
42864  34.393  -36.973  -28.472 0.6000000238
43842  33.209  -35.596  -28.835 0.6000000238
42841  35.619  -36.653  -27.444 0.8000000119
42843  33.869  -36.151  -28.132 0.6999999881
147507  32.748  -35.092  -28.906 0.6999999881
45931  32.064  -33.821  -29.620 0.6999999881
45932  31.828  -32.786  -30.385 0.6999999881
42825  35.440  -36.069  -27.100 0.8000000119
42840  36.569  -36.537  -27.574 0.8000000119
43820  33.568  -35.345  -27.942 0.6999999881
44839  32.984  -34.644  -28.263 0.6999999881
45922  31.753  -33.177  -28.946 0.6999999881
45921  32.384  -33.267  -28.312 0.6999999881
46968  31.518  -32.126  -29.201 0.6999999881
44815  35.509  -34.742  -26.603 0.8000000119
44816  34.583  -34.741  -26.857 0.8000000119
43816  37.427  -35.251  -27.425 0.8000000119
46967  32.249  -32.535  -28.370 0.6999999881
45906  33.463  -33.308  -27.539 0.6999999881
44838  34.143  -33.813  -27.118 0.8000000119
43792  36.705  -35.065  -26.871 0.8000000119
142722  33.448  -32.644  -27.566 0.6999999881
46953  33.836  -32.132  -27.406 0.8000000119
48984  32.176  -30.794  -28.545 0.6000000238
44814  36.415  -34.377  -26.613 0.8000000119
45891  34.714  -33.170  -26.657 0.8000000119
48983  32.953  -30.263  -28.362 0.6000000238
49968  32.242  -29.264  -29.078 0.6000000238
51097  31.345  -28.164  -29.895 0.6000000238
48000  33.644  -31.344  -27.648 0.8000000119
131283  32.954  -29.487  -28.658 0.6000000238
51090  32.378  -28.375  -29.379 0.6000000238
46952  34.539  -32.352  -26.900 0.8000000119
52179  32.187  -27.458  -29.802 0.6000000238
48966  33.637  -30.544  -27.979 0.6999999881
51089  33.508  -28.284  -29.197 0.6000000238
53227  32.867  -26.147  -30.579 0.6999999881
146282  32.216  -26.098  -30.659 0.6000000238
123079  32.381  -25.620  -30.986 0.6000000238
49961  33.794  -29.689  -28.292 0.6999999881
51088  34.389  -28.345  -28.971 0.6999999881
30274  46.822  -49.319  -34.193 0.4000000060
32135  46.895  -47.237  -34.284 0.5000000000
33019  46.317  -46.318  -33.992 0.5000000000
146969  49.342  -42.718  -36.404 0.5000000000
46000  44.475  -32.875  -38.042 0.8999999762
139055  43.837  -34.546  -26.611 0.3000000119
43817  36.699  -35.756  -27.208 0.8000000119
35994  49.875  -43.268  -36.601 0.5000000000
34959  48.046  -45.067  -35.339 0.5000000000
41973  40.239  -37.387  -32.588 0.8000000119
40963  42.550  -39.106  -27.531 0.5000000000
43794  35.017  -35.572  -26.858 0.8000000119
137983  33.428  -34.017  -27.629 0.6999999881
135606  34.969  -33.985  -26.527 0.8000000119
48014  32.171  -31.652  -28.457 0.6999999881
48013  32.938  -31.107  -28.113 0.6999999881
33938  47.065  -45.110  -29.235 0.4000000060
34906  47.403  -44.348  -29.475 0.4000000060
35918  46.263  -43.615  -28.868 0.4000000060
34907  46.645  -44.395  -29.031 0.4000000060
36954  45.126  -42.809  -28.443 0.5000000000
35932  47.864  -43.562  -29.844 0.4000000060
35931  48.596  -43.984  -30.269 0.4000000060
37961  44.132  -41.881  -27.915 0.5000000000
139973  43.570  -41.124  -27.686 0.5000000000
36953  45.903  -42.792  -28.782 0.5000000000
36967  46.631  -42.844  -29.257 0.4000000060
35949  48.554  -43.139  -30.431 0.4000000060
129339  47.320  -42.938  -29.617 0.4000000060
35933  47.008  -43.615  -29.370 0.4000000060
129286  43.866  -40.328  -27.768 0.5000000000
37975  45.484  -42.080  -28.628 0.5000000000
36966  47.144  -42.171  -29.584 0.4000000060
36981  47.935  -42.506  -30.088 0.4000000060
38012  50.188  -41.574  -31.907 0.4000000060
37997  49.047  -41.945  -30.984 0.4000000060
36980  48.616  -42.412  -30.589 0.4000000060
38026  50.874  -41.691  -32.313 0.4000000060
36995  49.793  -42.280  -31.439 0.4000000060
39021  44.370  -40.970  -28.106 0.5000000000
39035  45.116  -40.751  -28.531 0.5000000000
37987  45.626  -41.299  -28.811 0.4000000060
42919  50.615  -36.648  -32.453 0.3000000119
37986  46.263  -41.916  -29.151 0.4000000060
41969  51.237  -37.173  -32.902 0.3000000119
37999  47.650  -41.562  -30.050 0.4000000060
41976  51.938  -37.783  -33.481 0.3000000119
136080  50.974  -38.059  -32.909 0.3000000119
130684  50.693  -38.846  -32.746 0.3000000119
39075  50.021  -40.263  -32.193 0.3000000119
141958  49.892  -40.908  -31.924 0.4000000060
38013  49.504  -41.367  -31.466 0.4000000060
37998  48.354  -41.742  -30.530 0.4000000060
40034  51.165  -39.613  -33.069 0.3000000119
130032  50.633  -40.174  -32.615 0.3000000119
39090  50.549  -40.910  -32.385 0.4000000060
39036  44.600  -40.157  -28.287 0.4000000060
135335  45.370  -39.995  -28.745 0.4000000060
127071  46.188  -40.919  -29.309 0.4000000060
145527  45.669  -40.595  -28.949 0.4000000060
42904  49.329  -36.530  -31.600 0.3000000119
41970  50.425  -37.531  -32.500 0.3000000119
41971  49.721  -37.992  -32.091 0.3000000119
41019  49.381  -38.773  -31.727 0.3000000119
40022  48.972  -39.476  -31.389 0.4000000060
39076  49.347  -40.402  -31.519 0.4000000060
38014  48.777  -41.098  -31.013 0.4000000060
143769  50.343  -38.261  -32.509 0.3000000119
41031  49.989  -38.833  -32.287 0.3000000119
40021  49.675  -39.550  -31.926 0.3000000119
39964  43.309  -39.719  -27.589 0.4000000060
42889  47.429  -36.633  -30.430 0.3000000119
41938  47.187  -37.499  -30.379 0.3000000119
40985  46.691  -38.263  -30.008 0.4000000060
39991  46.267  -39.026  -29.593 0.4000000060
39048  46.051  -39.989  -29.370 0.4000000060
43887  48.795  -36.060  -31.133 0.3000000119
41937  47.929  -37.180  -30.770 0.3000000119
131716  47.776  -37.884  -30.738 0.3000000119
40004  47.617  -39.166  -30.537 0.4000000060
39990  46.943  -39.080  -30.146 0.4000000060
128702  46.667  -39.676  -29.807 0.4000000060
41955  49.176  -37.397  -31.638 0.3000000119
41956  48.420  -37.800  -31.223 0.3000000119
40003  48.267  -39.292  -30.929 0.4000000060
135818  47.875  -39.763  -30.613 0.4000000060
39989  47.280  -39.879  -30.219 0.4000000060
41020  48.670  -38.660  -31.308 0.3000000119
137022  48.434  -40.184  -30.945 0.4000000060
39057  47.809  -40.297  -30.479 0.4000000060
42835  44.041  -36.630  -27.580 0.4000000060
41913  44.723  -37.511  -28.333 0.4000000060
40961  44.011  -38.093  -27.871 0.4000000060
127776  43.550  -38.927  -27.676 0.4000000060
42876  45.793  -36.861  -29.027 0.3000000119
41912  45.480  -37.629  -28.856 0.4000000060
40970  45.488  -38.561  -28.890 0.4000000060
127304  44.271  -38.822  -28.082 0.4000000060
41927  46.513  -37.391  -29.832 0.4000000060
40986  46.048  -38.133  -29.408 0.4000000060
141181  45.843  -38.753  -29.269 0.4000000060
39977  44.917  -39.239  -28.492 0.4000000060
48015  31.526  -31.186  -29.021 0.6000000238
133596  31.296  -31.348  -29.887 0.6000000238
51091  31.445  -29.024  -29.566 0.5000000000
48985  31.658  -30.480  -28.978 0.5000000000
52187  31.270  -27.362  -30.365 0.5000000000
54192  31.665  -26.060  -30.843 0.5000000000
54199  31.519  -25.485  -31.302 0.5000000000
55135  32.405  -24.383  -32.052 0.4000000060
60955  35.548  -18.698  -31.554 0.3000000119
59933  35.297  -19.153  -32.801 0.3000000119
59938  35.023  -19.011  -33.379 0.3000000119
123861  37.062  -18.074  -29.565 0.3000000119
141210  36.671  -18.310  -30.265 0.3000000119
60942  36.171  -18.847  -30.607 0.3000000119
145979  35.194  -18.528  -33.099 0.3000000119
60985  34.911  -18.389  -33.346 0.3000000119
60986  34.375  -18.293  -33.551 0.3000000119
62672  38.019  -16.681  -28.775 0.3000000119
142075  37.453  -17.365  -29.808 0.3000000119
61814  36.984  -17.669  -30.343 0.3000000119
61825  36.615  -17.269  -31.039 0.3000000119
61833  35.794  -17.659  -31.643 0.3000000119
62708  36.091  -16.825  -31.821 0.3000000119
61846  35.616  -17.263  -32.511 0.3000000119
62736  35.324  -16.839  -33.210 0.3000000119
134425  34.199  -16.574  -33.509 0.3000000119
63659  37.672  -16.147  -27.907 0.3000000119
63671  38.253  -16.132  -29.430 0.3000000119
62693  37.990  -16.315  -30.020 0.3000000119
63681  38.224  -15.651  -30.085 0.3000000119
63682  37.558  -16.018  -30.659 0.3000000119
63693  37.663  -15.172  -30.846 0.3000000119
63694  37.033  -15.617  -31.551 0.3000000119
62720  36.424  -16.062  -32.159 0.3000000119
130989  36.167  -15.822  -32.936 0.3000000119
64622  37.680  -14.503  -27.799 0.3000000119
141597  38.015  -14.596  -28.650 0.3000000119
64633  38.300  -15.236  -29.282 0.3000000119
64647  38.325  -14.753  -30.187 0.3000000119
64656  37.863  -14.378  -31.033 0.3000000119
64660  37.168  -14.767  -31.886 0.3000000119
65629  37.497  -13.650  -32.188 0.3000000119
65584  37.785  -13.860  -28.363 0.3000000119
66506  37.846  -13.153  -28.828 0.3000000119
145958  38.200  -14.082  -29.387 0.3000000119
66522  38.240  -13.019  -29.878 0.3000000119
66544  38.389  -12.675  -31.430 0.3000000119
124552  37.502  -12.450  -28.194 0.3000000119
125250  37.799  -12.307  -29.105 0.3000000119
142088  38.020  -11.429  -30.021 0.3000000119
132074  38.392  -11.714  -30.575 0.3000000119
67412  37.477  -11.607  -28.451 0.3000000119
68362  37.793  -10.833  -29.706 0.3000000119
134743  37.337  -10.165  -28.383 0.3000000119
36979  49.196  -42.753  -30.873 0.4000000060
33937  47.610  -45.804  -29.435 0.4000000060
34923  48.678  -44.684  -30.152 0.4000000060
35948  49.246  -43.600  -30.709 0.4000000060
34922  49.246  -44.441  -30.534 0.4000000060
37005  51.237  -42.412  -32.308 0.4000000060
36994  50.559  -42.285  -31.882 0.4000000060
132578  50.320  -42.841  -31.579 0.4000000060
42925  52.084  -36.738  -33.457 0.3000000119
41036  51.474  -38.706  -33.287 0.3000000119
39097  52.199  -40.110  -33.624 0.3000000119
39089  51.225  -40.519  -32.934 0.3000000119
146363  51.202  -41.192  -32.695 0.3000000119
42918  51.514  -36.274  -32.843 0.3000000119
42903  50.050  -36.171  -31.977 0.3000000119
42888  48.127  -36.374  -30.732 0.3000000119
43886  49.540  -35.742  -31.440 0.3000000119
43811  44.288  -35.787  -27.307 0.4000000060
42834  45.016  -36.208  -28.060 0.4000000060
42858  45.749  -36.240  -28.807 0.4000000060
43855  46.824  -35.648  -29.589 0.3000000119
42875  47.018  -36.145  -30.062 0.3000000119
46979  31.517  -31.932  -30.409 0.6000000238
65567  37.645  -13.657  -27.435 0.3000000119
66488  37.614  -12.662  -27.203 0.3000000119
67397  37.427  -11.737  -27.501 0.3000000119
67398  37.283  -10.793  -27.737 0.3000000119
43899  50.892  -35.818  -32.330 0.3000000119
131415  46.311  -45.230  -28.785 0.4000000060
36955  44.339  -42.769  -28.057 0.5000000000
37985  46.908  -41.285  -29.637 0.4000000060
42920  49.846  -37.022  -32.093 0.3000000119
40971  44.811  -38.313  -28.442 0.4000000060
149700  38.190  -15.942  -28.769 0.3000000119
63708  36.541  -15.262  -32.624 0.3000000119
65609  38.359  -13.860  -30.425 0.3000000119
124013  38.605  -12.017  -31.228 0.3000000119
69416  37.327  -9.809  -27.606 0.3000000119
32974  47.895  -46.680  -29.545 0.3000000119
33936  48.368  -45.317  -29.824 0.3000000119
42954  46.709  -36.666  -37.858 0.6000000238
144127  45.156  -36.898  -37.374 0.6999999881
41991  44.260  -37.841  -36.735 0.6999999881
33955  49.119  -45.216  -30.316 0.3000000119
25301  50.506  -54.781  -32.376 0.3000000119
27379  50.078  -52.824  -31.530 0.3000000119
41050  41.104  -38.840  -34.854 0.6999999881
32106  49.050  -47.498  -30.029 0.3000000119
147829  42.124  -38.138  -36.230 0.6999999881
41992  43.563  -37.468  -36.595 0.6999999881
32989  49.509  -46.736  -30.365 0.3000000119
138381  48.931  -45.995  -30.101 0.3000000119
42943  44.366  -36.977  -36.924 0.6999999881
34931  51.328  -44.756  -31.754 0.3000000119
33953  50.432  -45.669  -31.085 0.3000000119
34921  49.806  -45.031  -30.829 0.3000000119
34943  51.907  -44.571  -32.211 0.3000000119
145767  50.722  -44.201  -31.513 0.3000000119
34932  50.555  -44.888  -31.333 0.3000000119
28344  50.521  -52.020  -31.219 0.3000000119
30242  49.487  -49.642  -30.415 0.4000000060
139216  41.181  -37.888  -35.285 0.6999999881
31190  49.423  -48.228  -30.193 0.3000000119
30243  48.990  -48.942  -30.134 0.3000000119
41994  42.117  -37.358  -36.224 0.6999999881
125731  42.903  -37.177  -36.460 0.6999999881
32105  49.814  -47.553  -30.396 0.3000000119
132439  50.271  -47.091  -30.672 0.3000000119
33006  51.087  -46.270  -31.298 0.3000000119
34942  52.725  -44.960  -32.618 0.3000000119
28334  49.912  -51.092  -30.824 0.4000000060
41985  40.942  -38.010  -34.352 0.6999999881
30241  50.527  -49.579  -30.554 0.3000000119
137526  49.888  -48.899  -30.364 0.3000000119
146215  50.565  -47.610  -30.670 0.3000000119
31189  50.274  -48.196  -30.465 0.3000000119
42945  42.625  -36.530  -36.371 0.6999999881
32987  51.321  -47.162  -31.182 0.3000000119
42944  43.491  -36.649  -36.593 0.6999999881
36993  50.902  -42.981  -31.888 0.3000000119
34933  49.973  -44.120  -31.104 0.3000000119
35970  52.169  -43.817  -32.558 0.3000000119
35959  51.293  -43.821  -31.909 0.3000000119
41989  41.443  -37.221  -35.754 0.6999999881
31188  50.750  -48.767  -30.555 0.3000000119
42946  41.807  -36.523  -36.063 0.6999999881
31187  52.963  -48.510  -31.383 0.3000000119
32104  51.397  -48.158  -30.869 0.3000000119
37004  52.103  -42.670  -32.809 0.3000000119
133806  52.575  -49.909  -30.763 0.3000000119
43939  44.116  -34.959  -36.819 0.6999999881
145195  51.502  -43.126  -32.297 0.3000000119
44854  45.711  -34.978  -27.938 0.3000000119
42009  47.935  -37.751  -39.109 0.5000000000
42004  47.077  -37.403  -37.653 0.6000000238
41066  44.875  -38.275  -36.757 0.6000000238
42953  47.285  -37.033  -38.495 0.6000000238
40048  40.810  -39.750  -34.396 0.6999999881
41045  40.935  -38.941  -34.118 0.6999999881
27378  51.236  -52.989  -31.558 0.3000000119
145344  39.864  -39.802  -32.328 0.6999999881
41039  40.743  -38.589  -33.473 0.6999999881
28333  51.109  -51.294  -30.906 0.4000000060
140354  49.926  -50.267  -30.602 0.4000000060
41033  40.412  -38.300  -32.671 0.6999999881
29298  51.825  -50.615  -30.685 0.3000000119
29297  53.278  -50.745  -30.793 0.3000000119
28331  54.050  -51.715  -30.902 0.3000000119
32990  48.668  -46.743  -29.863 0.3000000119
42940  40.880  -37.314  -34.882 0.6999999881
42006  45.021  -37.571  -37.114 0.6000000238
133345  54.198  -49.966  -31.142 0.3000000119
28332  52.441  -51.494  -30.851 0.3000000119
39122  50.881  -40.482  -38.046 0.5000000000
40077  51.415  -39.873  -39.203 0.5000000000
39138  50.194  -40.693  -39.139 0.5000000000
39121  51.602  -40.071  -38.556 0.4000000060
35963  39.172  -43.938  -32.857 0.4000000060
34899  38.136  -44.482  -28.558 0.5000000000
40076  52.537  -39.760  -39.155 0.4000000060
40070  52.902  -39.987  -38.558 0.5000000000
124061  50.922  -38.715  -39.340 0.5000000000
33906  35.486  -45.606  -26.700 0.4000000060
144902  34.686  -46.165  -25.899 0.4000000060
35936  39.069  -43.746  -30.724 0.5000000000
33897  34.058  -45.752  -25.456 0.4000000060
144970  32.865  -46.915  -25.335 0.4000000060
34890  36.031  -44.589  -27.158 0.4000000060
35922  38.483  -43.655  -29.210 0.5000000000
33915  37.422  -44.218  -28.043 0.4000000060
35983  38.600  -44.181  -34.066 0.5000000000
38048  41.167  -41.583  -35.701 0.4000000060
42003  47.956  -37.530  -37.790 0.5000000000
148123  44.788  -38.972  -36.573 0.4000000060
39119  42.153  -40.649  -36.259 0.4000000060
41065  45.612  -38.129  -37.146 0.4000000060
137617  31.678  -47.043  -25.731 0.4000000060
32099  30.803  -47.302  -29.890 0.4000000060
139396  35.723  -44.023  -26.855 0.4000000060
33918  30.840  -45.406  -28.061 0.4000000060
35938  37.859  -42.971  -29.655 0.5000000000
125839  36.337  -44.037  -27.335 0.4000000060
34879  31.074  -44.678  -26.660 0.4000000060
35952  38.281  -43.451  -31.580 0.5000000000
36918  32.032  -42.780  -26.001 0.4000000060
137074  31.169  -43.869  -26.519 0.4000000060
35975  37.847  -44.087  -33.340 0.5000000000
37018  38.415  -43.678  -34.537 0.5000000000
133222  33.057  -41.853  -26.443 0.4000000060
37955  31.664  -41.565  -26.648 0.4000000060
37028  40.057  -42.748  -35.223 0.5000000000
38049  40.484  -41.721  -35.324 0.6000000238
39108  41.574  -40.662  -35.921 0.6000000238
40060  43.231  -39.178  -36.511 0.5000000000
126797  30.883  -46.578  -29.140 0.4000000060
33898  33.116  -45.610  -25.225 0.4000000060
33909  30.817  -45.471  -27.179 0.4000000060
36957  37.318  -42.730  -28.990 0.5000000000
35913  35.923  -43.389  -27.212 0.4000000060
137955  31.523  -44.975  -26.010 0.4000000060
36970  37.484  -42.826  -30.810 0.5000000000
36917  32.671  -43.051  -25.841 0.4000000060
35888  32.086  -43.551  -25.694 0.4000000060
35964  37.494  -43.937  -32.809 0.5000000000
38044  39.000  -42.677  -34.862 0.5000000000
39014  32.876  -41.214  -26.872 0.4000000060
39109  41.015  -40.702  -35.437 0.6000000238
137451  42.381  -39.265  -36.348 0.6000000238
147311  30.687  -47.030  -28.056 0.4000000060
35885  34.228  -44.380  -25.755 0.4000000060
33908  31.272  -45.550  -26.398 0.4000000060
137564  31.920  -44.873  -25.487 0.4000000060
36928  34.763  -43.089  -26.476 0.4000000060
36983  37.202  -43.292  -32.089 0.5000000000
36947  34.545  -42.270  -26.758 0.4000000060
37953  33.757  -42.048  -26.531 0.4000000060
143521  37.136  -44.100  -33.427 0.5000000000
37968  34.161  -41.496  -27.113 0.4000000060
41057  42.589  -38.578  -36.398 0.6000000238
40052  41.496  -39.767  -35.712 0.6000000238
39104  40.358  -40.847  -34.905 0.6000000238
32064  31.143  -47.109  -26.403 0.4000000060
33900  31.692  -45.594  -25.688 0.4000000060
35886  33.492  -44.113  -25.560 0.4000000060
35887  32.735  -43.830  -25.554 0.4000000060
36971  37.053  -42.465  -30.298 0.5000000000
36958  36.695  -42.699  -28.319 0.5000000000
36946  35.392  -42.666  -27.090 0.5000000000
36972  36.515  -42.070  -29.584 0.5000000000
37966  35.655  -42.177  -27.794 0.5000000000
37009  36.938  -43.791  -33.528 0.5000000000
138741  36.360  -42.883  -31.781 0.5000000000
37967  34.998  -41.704  -27.589 0.4000000060
38036  38.562  -42.393  -34.301 0.6000000238
37979  34.917  -41.073  -28.713 0.5000000000
39025  34.400  -40.912  -27.899 0.4000000060
41058  41.853  -38.908  -36.114 0.6000000238
40053  41.074  -39.778  -35.150 0.6000000238
38028  36.898  -42.957  -33.659 0.6000000238
36999  36.060  -43.252  -32.832 0.5000000000
37978  35.530  -41.581  -28.582 0.5000000000
38035  39.536  -41.588  -34.463 0.6000000238
37010  36.353  -43.319  -33.206 0.6000000238
36984  35.507  -42.680  -32.452 0.5000000000
39100  40.230  -40.501  -33.865 0.6000000238
41049  41.415  -38.829  -35.527 0.6000000238
39063  36.267  -40.812  -32.309 0.5000000000
39062  37.477  -40.610  -31.826 0.6000000238
39082  35.076  -41.539  -32.802 0.5000000000
39079  38.626  -40.923  -32.247 0.6000000238
39081  36.182  -41.688  -32.798 0.6000000238
38020  34.837  -41.823  -32.340 0.5000000000
39050  34.583  -41.225  -31.023 0.5000000000
38027  38.336  -41.800  -33.291 0.6000000238
38018  35.606  -42.662  -32.859 0.5000000000
37991  35.135  -41.335  -30.043 0.5000000000
39039  34.410  -40.625  -28.804 0.5000000000
40009  37.149  -39.989  -31.280 0.5000000000
40024  39.982  -39.017  -32.042 0.6000000238
39060  39.349  -39.930  -31.677 0.6000000238
38019  35.189  -42.302  -32.570 0.6000000238
38002  34.820  -41.745  -31.563 0.5000000000
39092  40.092  -40.178  -32.962 0.6000000238
40079  49.637  -39.615  -39.259 0.4000000060
42010  47.884  -38.399  -39.068 0.4000000060
42015  50.402  -37.477  -39.570 0.5000000000
41076  50.020  -38.622  -39.301 0.4000000060
146792  51.153  -40.893  -38.995 0.5000000000
40071  48.664  -40.256  -38.745 0.5000000000
39137  50.927  -40.765  -39.117 0.5000000000
40078  50.580  -39.859  -39.260 0.5000000000
137823  38.847  -43.698  -32.002 0.5000000000
33907  34.882  -45.472  -26.126 0.4000000060
34862  34.357  -45.050  -25.706 0.4000000060
34891  30.770  -44.743  -27.666 0.4000000060
36932  31.409  -42.420  -26.454 0.4000000060
34864  32.744  -44.733  -25.339 0.4000000060
143004  35.392  -43.408  -26.744 0.4000000060
32946  30.933  -46.279  -26.770 0.4000000060
38017  36.422  -42.483  -33.251 0.6000000238
32980  30.851  -46.606  -30.298 0.3000000119
35902  30.970  -43.182  -26.788 0.3000000119
33932  30.653  -44.939  -28.574 0.3000000119
36933  30.848  -42.436  -27.153 0.3000000119
34900  30.480  -44.038  -28.289 0.3000000119
35914  30.609  -43.192  -27.646 0.3000000119
141698  30.385  -44.502  -29.073 0.3000000119
25325  47.102  -55.175  -33.918 0.5000000000
27390  46.029  -53.067  -32.452 0.5000000000
28348  46.093  -51.908  -31.211 0.6000000238
28356  44.621  -51.258  -32.122 0.6999999881
29290  45.449  -50.112  -29.897 0.4000000060
29299  50.718  -50.467  -30.698 0.4000000060
29304  45.078  -50.725  -30.517 0.6000000238
29306  43.941  -50.050  -30.759 0.6000000238
29312  44.393  -50.877  -31.631 0.6999999881
30240  51.829  -49.107  -30.753 0.3000000119
31172  48.613  -48.200  -29.866 0.4000000060
31173  47.201  -48.331  -29.548 0.4000000060
31176  44.554  -48.653  -29.418 0.5000000000
31200  43.422  -48.806  -31.186 0.6000000238
31201  43.195  -48.801  -30.405 0.6000000238
31222  45.672  -48.436  -33.300 0.6000000238
32091  46.566  -47.197  -29.183 0.4000000060
32093  44.281  -47.925  -29.158 0.4000000060
32094  43.441  -47.601  -29.255 0.4000000060
32095  42.899  -47.588  -29.671 0.6000000238
32136  46.128  -47.716  -33.608 0.5000000000
32935  33.391  -46.420  -25.335 0.4000000060
32936  32.576  -46.295  -25.239 0.4000000060
32937  31.916  -46.298  -25.418 0.4000000060
32945  31.470  -46.312  -26.056 0.4000000060
32963  44.461  -46.636  -28.670 0.4000000060
32964  42.960  -46.149  -28.732 0.6000000238
32968  30.831  -45.701  -28.855 0.3000000119
32977  42.705  -46.248  -29.035 0.6000000238
32988  50.362  -46.444  -30.847 0.3000000119
33899  32.256  -45.569  -25.274 0.4000000060
33924  45.935  -46.082  -28.686 0.4000000060
33927  43.292  -45.746  -28.471 0.5000000000
33954  49.673  -45.843  -30.585 0.3000000119
33956  42.752  -45.344  -30.008 0.6000000238
33971  51.296  -45.608  -31.559 0.3000000119
33973  43.286  -45.610  -30.713 0.6999999881
33996  48.922  -45.893  -35.745 0.5000000000
34863  33.682  -44.938  -25.409 0.4000000060
34865  32.166  -44.232  -25.497 0.4000000060
34876  35.442  -44.814  -26.616 0.4000000060
34877  34.770  -44.737  -26.117 0.4000000060
34878  31.604  -44.208  -25.918 0.4000000060
34886  43.963  -44.425  -28.075 0.6000000238
34897  43.150  -44.934  -28.161 0.6000000238
34905  48.115  -44.471  -29.816 0.4000000060
34910  30.111  -44.545  -29.656 0.3000000119
34934  44.272  -44.780  -32.178 0.8000000119
34945  44.074  -44.123  -32.093 0.8000000119
34965  48.603  -44.400  -35.897 0.5000000000
35898  34.948  -43.983  -26.324 0.4000000060
35899  34.138  -43.578  -25.968 0.4000000060
35900  33.379  -43.300  -25.832 0.4000000060
35901  31.534  -43.325  -26.159 0.4000000060
35910  42.959  -43.317  -27.730 0.6999999881
35912  36.542  -43.394  -27.666 0.5000000000
35923  37.807  -43.548  -28.652 0.4000000060
35924  37.156  -43.430  -28.144 0.4000000060
35934  42.080  -43.583  -28.954 0.6000000238
35935  41.918  -42.923  -28.891 0.6000000238
35937  38.352  -43.262  -30.459 0.5000000000
35960  50.506  -43.510  -31.520 0.3000000119
35961  49.830  -43.183  -31.216 0.4000000060
35978  45.380  -43.212  -33.614 0.8000000119
35995  48.814  -43.642  -36.178 0.5000000000
36929  33.964  -42.803  -26.267 0.4000000060
36930  33.236  -42.557  -26.141 0.4000000060
36931  32.559  -42.333  -26.156 0.4000000060
36942  42.734  -42.583  -27.712 0.6999999881
36943  42.204  -42.512  -27.991 0.6999999881
36945  36.085  -42.754  -27.685 0.5000000000
36997  42.658  -42.351  -30.921 0.6000000238
36998  36.756  -43.812  -33.188 0.5000000000
37008  37.559  -44.042  -33.820 0.5000000000
37017  39.162  -43.976  -34.793 0.5000000000
37019  37.543  -43.349  -34.067 0.6000000238
37024  46.070  -42.621  -34.648 0.8000000119
37025  45.505  -42.631  -33.931 0.8000000119
37029  39.253  -43.273  -35.025 0.5000000000
37030  48.424  -42.859  -35.987 0.5000000000
37037  48.714  -42.208  -36.237 0.6000000238
37945  31.982  -42.099  -26.223 0.4000000060
37954  32.366  -41.651  -26.472 0.4000000060
37962  43.177  -41.895  -27.637 0.6999999881
37964  42.024  -41.134  -27.817 0.6999999881
37965  36.129  -42.116  -28.471 0.5000000000
37976  44.938  -41.525  -28.401 0.5000000000
37977  41.659  -41.012  -28.263 0.6999999881
37989  35.924  -42.347  -31.298 0.5000000000
37990  35.543  -41.855  -30.763 0.5000000000
38000  42.324  -41.583  -30.746 0.6999999881
38001  35.053  -42.328  -32.034 0.5000000000
38016  37.649  -41.871  -32.951 0.6000000238
38034  44.183  -41.339  -33.146 0.6999999881
38041  45.626  -41.127  -34.697 0.8000000119
38043  39.731  -42.154  -35.050 0.5000000000
38051  50.954  -41.705  -36.944 0.5000000000
38064  55.236  -40.926  -39.325 0.6000000238
39022  43.074  -40.464  -27.547 0.6000000238
39023  42.294  -40.484  -27.609 0.6000000238
39038  34.569  -40.831  -29.883 0.5000000000
39040  33.894  -40.371  -28.433 0.5000000000
39046  47.412  -40.728  -30.099 0.4000000060
39047  46.756  -40.411  -29.735 0.4000000060
39049  41.346  -39.725  -28.819 0.6999999881
39058  41.995  -40.824  -30.576 0.6999999881
39059  41.471  -40.160  -29.575 0.6999999881
39061  38.522  -40.293  -31.537 0.6000000238
39080  37.616  -41.300  -32.398 0.6000000238
39093  39.435  -41.136  -33.440 0.6000000238
39099  43.911  -40.702  -32.916 0.8000000119
39106  46.457  -40.133  -35.317 0.8000000119
39120  53.809  -41.254  -38.547 0.6000000238
39127  55.673  -40.546  -39.379 0.6000000238
39128  54.150  -41.737  -38.947 0.6000000238
39129  53.531  -40.665  -38.928 0.6000000238
39134  55.030  -40.102  -39.373 0.6000000238
39135  54.713  -41.017  -39.304 0.6000000238
39136  54.086  -41.092  -39.280 0.6000000238
39139  49.120  -40.312  -39.113 0.5000000000
39963  44.107  -39.532  -27.921 0.4000000060
39976  45.649  -39.269  -29.058 0.4000000060
39992  38.344  -38.895  -30.035 0.6999999881
40035  50.342  -39.552  -32.478 0.3000000119
40037  40.366  -39.237  -32.792 0.6999999881
40038  39.379  -40.612  -32.513 0.6000000238
40041  52.030  -39.277  -33.577 0.3000000119
40043  40.622  -39.542  -33.552 0.6999999881
40046  45.270  -39.593  -34.627 0.8000000119
40055  50.156  -40.193  -36.947 0.6000000238
40061  42.587  -39.940  -36.384 0.4000000060
40062  41.933  -39.844  -36.185 0.6000000238
40068  55.650  -40.085  -39.357 0.6000000238
40069  55.943  -40.453  -39.328 0.6000000238
40073  55.181  -39.566  -39.279 0.6000000238
40074  54.763  -39.272  -39.241 0.6000000238
40080  48.769  -39.344  -39.201 0.4000000060
40972  41.421  -38.889  -28.196 0.5000000000
40973  37.781  -38.091  -29.008 0.6999999881
40988  38.925  -37.451  -30.135 0.6999999881
41000  48.025  -38.531  -30.847 0.3000000119
41001  47.358  -38.410  -30.454 0.4000000060
41004  39.301  -38.064  -30.624 0.6000000238
41021  42.555  -38.508  -31.787 0.6999999881
41023  40.015  -38.073  -31.904 0.8000000119
41037  44.217  -39.113  -33.689 0.8000000119
41038  43.817  -38.585  -33.448 0.8000000119
41048  46.302  -38.665  -35.248 0.8000000119
41051  50.269  -39.398  -37.092 0.6999999881
41055  44.135  -38.644  -36.602 0.5000000000
41056  43.426  -38.248  -36.549 0.6000000238
41059  55.614  -38.864  -38.442 0.6000000238
41060  55.233  -38.993  -37.791 0.6000000238
41064  46.565  -38.068  -37.388 0.4000000060
41067  55.829  -39.737  -39.341 0.6000000238
41068  56.184  -39.672  -39.091 0.6000000238
41069  47.607  -38.480  -39.035 0.4000000060
41071  55.515  -39.089  -39.321 0.6000000238
41073  53.411  -38.741  -39.318 0.5000000000
41075  51.848  -38.805  -39.395 0.5000000000
41078  48.079  -38.342  -39.120 0.4000000060
41899  44.192  -37.325  -27.860 0.4000000060
41903  35.955  -37.263  -27.894 0.6999999881
41914  41.553  -37.348  -27.896 0.5000000000
41916  36.374  -37.793  -28.393 0.6999999881
41928  46.058  -37.281  -29.323 0.4000000060
41977  43.272  -37.086  -33.684 0.6999999881
41978  40.638  -37.634  -33.455 0.8000000119
41993  42.765  -37.830  -36.425 0.6999999881
41997  53.627  -37.788  -37.592 0.8999999762
42000  50.870  -37.627  -37.234 0.8000000119
42002  48.279  -37.666  -38.008 0.4000000060
42005  45.968  -37.327  -37.583 0.6000000238
42007  55.449  -38.256  -39.113 0.8999999762
42008  55.073  -37.356  -38.727 0.8999999762
42014  51.363  -37.686  -39.633 0.5000000000
42017  48.490  -37.822  -39.170 0.5000000000
42837  42.216  -36.581  -27.323 0.5000000000
42839  37.232  -36.028  -27.568 0.8999999762
42842  34.733  -36.420  -27.443 0.8000000119
42857  46.373  -36.470  -29.508 0.3000000119
42859  45.236  -36.854  -28.590 0.4000000060
42861  38.146  -36.137  -28.443 0.8999999762
42877  41.386  -36.291  -29.175 0.6000000238
42878  38.802  -36.702  -29.830 1.0000000000
42879  38.517  -36.453  -29.164 0.8999999762
42890  46.840  -36.792  -30.128 0.3000000119
42905  48.581  -36.874  -31.258 0.3000000119
42906  42.148  -35.983  -31.690 0.6000000238
42934  48.025  -36.045  -35.626 0.8000000119
42937  45.669  -37.061  -35.268 0.8000000119
42938  45.050  -36.307  -35.196 0.6999999881
42941  49.329  -36.471  -36.209 0.8000000119
42949  52.937  -36.145  -37.526 0.8999999762
42952  47.894  -37.485  -38.402 0.5000000000
42955  45.741  -36.381  -37.643 0.8000000119
42957  44.147  -35.977  -36.819 0.6999999881
42958  54.930  -37.217  -39.181 0.8999999762
42959  54.957  -36.614  -38.885 0.8999999762
42964  48.321  -36.135  -39.428 0.6999999881
43791  41.987  -35.064  -26.953 0.5000000000
43793  35.946  -35.484  -26.855 0.8000000119
43818  36.070  -36.096  -27.221 0.8000000119
43819  34.238  -35.515  -27.358 0.6999999881
43856  41.494  -35.695  -30.015 0.6000000238
43888  42.320  -35.236  -32.311 0.6000000238
43901  39.531  -35.463  -32.305 1.0000000000
43906  43.080  -35.257  -33.782 0.6000000238
43914  44.543  -35.599  -35.001 0.6999999881
43919  46.704  -36.048  -35.454 0.8000000119
43922  41.019  -35.475  -35.576 0.8999999762
43926  43.287  -35.656  -36.557 0.6999999881
43928  41.583  -35.825  -35.896 0.8999999762
43930  53.775  -35.742  -38.163 0.8999999762
43932  51.456  -35.603  -37.472 0.8000000119
43934  49.831  -35.079  -37.092 0.8000000119
43937  45.458  -35.479  -37.551 0.8000000119
43940  54.377  -36.022  -39.164 0.8999999762
43941  54.375  -35.257  -38.966 0.8999999762
43943  54.316  -35.950  -39.253 0.8999999762
43949  45.699  -34.934  -39.005 0.8000000119
44811  43.084  -34.488  -26.552 0.5000000000
44812  42.379  -34.407  -26.706 0.5000000000
44837  37.269  -34.447  -26.925 0.8999999762
44840  32.304  -33.916  -28.661 0.6999999881
44855  41.503  -34.243  -28.398 0.6000000238
44857  32.441  -34.615  -29.129 0.6999999881
44866  41.537  -34.238  -29.359 0.6999999881
44868  38.489  -34.588  -29.094 0.8999999762
44894  42.121  -34.469  -31.773 0.6999999881
44896  38.915  -34.349  -31.118 1.0000000000
44915  39.427  -34.181  -33.202 1.0000000000
44921  48.191  -34.074  -35.839 0.6999999881
44927  40.208  -34.168  -35.210 0.8999999762
44928  48.845  -34.677  -36.038 0.6999999881
44935  48.698  -33.806  -36.889 0.6999999881
44937  45.414  -33.890  -37.832 0.8999999762
44939  44.193  -34.007  -36.863 1.0000000000
44942  53.962  -33.862  -38.976 0.8999999762
44943  50.213  -34.190  -39.696 1.0000000000
44947  52.558  -34.679  -39.314 1.0000000000
44951  48.514  -34.991  -40.147 0.8000000119
44953  46.264  -34.457  -39.336 0.8000000119
45884  43.674  -33.762  -26.429 0.4000000060
45887  41.852  -33.666  -27.144 0.6000000238
45888  37.032  -33.724  -26.644 0.8999999762
45890  35.502  -33.372  -26.438 0.8999999762
45905  34.019  -32.888  -27.190 0.8000000119
45907  32.863  -33.684  -27.969 0.6999999881
45930  38.432  -33.887  -29.166 0.8999999762
45941  41.785  -33.544  -29.890 0.6999999881
45943  38.569  -33.207  -30.329 1.0000000000
45970  42.699  -33.502  -32.447 0.6999999881
45978  44.316  -33.838  -34.566 0.6999999881
45981  39.791  -33.655  -34.636 1.0000000000
45982  48.029  -33.208  -35.765 0.8000000119
45983  47.102  -33.149  -35.554 0.8000000119
45985  45.456  -33.390  -35.213 0.8000000119
45992  43.261  -33.249  -36.609 0.8999999762
45999  44.776  -33.535  -38.480 1.0000000000
46002  53.619  -33.250  -38.943 1.0000000000
46008  52.198  -33.220  -39.370 1.0000000000
46935  35.326  -32.593  -26.497 0.8999999762
46954  32.902  -32.896  -27.876 0.6999999881
46978  38.708  -32.712  -29.820 1.0000000000
46986  42.200  -32.867  -30.348 0.6999999881
47005  43.968  -32.224  -32.893 0.6999999881
47009  43.850  -32.803  -33.409 0.6999999881
47011  45.311  -32.599  -34.852 0.8000000119
47013  48.703  -31.899  -35.651 0.8000000119
47020  49.176  -31.415  -35.788 0.8000000119
47023  42.932  -32.463  -36.556 1.0000000000
47026  52.122  -31.876  -39.169 1.0000000000
47028  49.582  -32.306  -37.243 0.8999999762
47030  43.859  -32.411  -37.852 1.0000000000
47031  53.034  -32.852  -39.256 1.0000000000
47032  52.749  -32.105  -39.106 1.0000000000
47035  52.313  -32.355  -39.312 1.0000000000
47036  51.417  -31.918  -39.382 1.0000000000
47041  45.626  -32.728  -39.607 1.0000000000
47042  44.343  -32.653  -39.213 1.0000000000
47998  39.293  -31.407  -28.319 0.8999999762
48001  33.015  -32.038  -27.872 0.6999999881
48022  43.456  -30.828  -29.680 0.6999999881
48052  39.889  -31.125  -34.947 1.0000000000
48053  48.469  -31.054  -35.582 0.8000000119
48055  46.740  -31.245  -35.349 0.8000000119
48060  41.929  -32.125  -36.226 1.0000000000
48061  51.622  -31.570  -38.569 1.0000000000
48065  49.172  -31.008  -36.029 0.8999999762
48066  43.409  -31.800  -37.695 1.0000000000
48068  52.083  -31.801  -39.195 1.0000000000
48070  51.319  -31.077  -38.824 1.0000000000
48073  50.697  -31.419  -39.358 1.0000000000
48075  48.374  -30.935  -39.326 1.0000000000
48078  44.575  -31.905  -39.535 1.0000000000
48947  44.077  -30.925  -26.015 0.3000000119
48948  43.622  -30.524  -26.509 0.5000000000
48950  34.920  -30.947  -27.040 0.8000000119
48965  34.742  -30.212  -27.470 0.8000000119
48980  43.364  -30.028  -28.326 0.6999999881
48994  39.988  -30.280  -29.409 0.6999999881
49016  45.148  -29.976  -32.368 0.6999999881
49017  45.131  -30.526  -32.911 0.6999999881
49020  47.951  -31.072  -35.524 0.8000000119
49022  46.035  -30.823  -35.132 0.6999999881
49026  47.503  -29.876  -35.680 0.8000000119
49031  48.163  -29.974  -37.038 1.0000000000
49033  42.927  -31.286  -38.131 1.0000000000
49034  42.520  -30.701  -37.816 1.0000000000
49035  50.322  -30.507  -38.961 1.0000000000
49038  49.846  -30.287  -39.098 1.0000000000
49041  46.710  -30.316  -39.266 1.0000000000
49915  44.970  -29.835  -25.769 0.3000000119
49928  37.192  -30.036  -26.435 0.6999999881
49942  39.598  -29.637  -27.083 0.6999999881
49960  34.447  -28.967  -28.437 0.6999999881
49962  32.209  -30.009  -28.741 0.6000000238
49963  31.562  -29.828  -29.281 0.5000000000
49974  44.392  -29.907  -30.342 0.6000000238
49990  44.916  -29.513  -31.973 0.6000000238
49992  40.199  -29.915  -32.850 0.8999999762
49994  43.986  -28.617  -33.874 0.6000000238
49998  45.697  -29.341  -35.432 0.6999999881
49999  44.928  -29.125  -35.120 0.6999999881
50001  49.443  -29.936  -38.740 1.0000000000
50006  48.605  -29.228  -38.883 1.0000000000
50008  41.031  -28.646  -38.109 1.0000000000
50010  48.372  -29.069  -39.156 1.0000000000
50011  47.899  -28.840  -39.334 1.0000000000
50012  47.117  -29.119  -39.366 1.0000000000
51038  44.828  -28.092  -26.507 0.5000000000
51059  44.026  -28.638  -27.297 0.5000000000
51061  36.239  -27.818  -26.937 0.6000000238
51075  40.906  -28.431  -28.944 0.5000000000
51076  33.675  -28.919  -28.734 0.6000000238
51077  32.952  -28.858  -28.990 0.6000000238
51085  44.445  -28.652  -29.283 0.5000000000
51106  41.550  -28.087  -31.380 0.5000000000
51115  43.258  -27.349  -33.554 0.5000000000
51119  41.404  -27.692  -35.268 0.8000000119
51121  45.957  -28.663  -35.814 0.6999999881
51126  48.201  -28.827  -38.538 1.0000000000
51129  46.088  -27.604  -37.430 0.8999999762
51135  45.137  -28.387  -39.106 1.0000000000
52134  40.135  -27.873  -26.712 0.3000000119
52135  39.525  -27.645  -26.315 0.4000000060
52136  38.746  -27.899  -26.134 0.5000000000
52164  44.423  -27.104  -28.112 0.4000000060
52178  33.325  -26.920  -30.111 0.6999999881
52186  32.047  -26.622  -30.351 0.6000000238
52196  43.142  -26.023  -32.570 0.5000000000
52203  41.598  -24.975  -33.988 0.5000000000
52208  41.521  -26.488  -34.528 0.6000000238
52211  47.118  -27.654  -38.598 1.0000000000
52213  45.696  -26.822  -37.832 0.8000000119
52215  47.126  -27.537  -39.050 1.0000000000
52220  45.662  -27.479  -39.109 1.0000000000
53168  38.631  -26.439  -25.736 0.4000000060
53183  44.859  -26.780  -26.897 0.5000000000
53194  41.271  -26.534  -27.214 0.4000000060
53195  40.747  -27.232  -26.961 0.3000000119
53218  46.202  -26.591  -30.485 0.4000000060
53228  31.103  -26.655  -30.790 0.5000000000
53234  46.330  -26.363  -31.325 0.4000000060
53235  45.399  -26.366  -31.591 0.5000000000
53248  46.096  -26.647  -38.888 0.8999999762
53253  45.506  -26.438  -39.059 0.8999999762
53254  44.945  -26.031  -38.968 1.0000000000
53257  41.606  -26.171  -37.367 0.8999999762
53259  45.234  -26.799  -39.146 1.0000000000
54130  38.439  -25.812  -25.646 0.4000000060
54139  45.943  -25.634  -26.596 0.3000000119
54143  37.165  -25.365  -26.143 0.4000000060
54144  36.572  -25.575  -26.679 0.4000000060
54155  35.978  -25.854  -27.551 0.5000000000
54156  35.712  -25.955  -28.472 0.4000000060
54168  41.573  -25.716  -28.556 0.3000000119
54195  46.682  -25.650  -31.580 0.4000000060
54207  41.682  -24.361  -33.828 0.5000000000
54209  41.234  -25.609  -37.072 0.8999999762
55063  45.694  -24.974  -26.906 0.3000000119
55077  41.759  -24.662  -27.269 0.4000000060
55105  41.808  -24.412  -29.629 0.4000000060
55115  47.211  -25.183  -31.929 0.4000000060
55125  41.427  -24.164  -32.420 0.4000000060
55131  45.266  -24.194  -32.315 0.5000000000
55133  41.744  -24.034  -33.702 0.5000000000
55134  41.631  -23.921  -33.399 0.4000000060
56148  38.516  -23.717  -25.506 0.3000000119
56165  41.903  -22.843  -27.113 0.3000000119
56167  40.847  -23.530  -26.079 0.4000000060
56178  45.584  -24.116  -28.028 0.4000000060
56179  42.169  -23.248  -27.795 0.3000000119
56182  35.945  -24.370  -28.517 0.4000000060
56218  47.510  -23.496  -32.002 0.4000000060
56226  47.306  -23.759  -32.283 0.4000000060
56238  41.610  -23.399  -33.715 0.4000000060
56239  34.328  -23.546  -32.956 0.4000000060
56240  31.750  -23.069  -32.415 0.5000000000
57015  40.458  -22.827  -25.792 0.3000000119
57017  38.875  -22.961  -25.463 0.3000000119
57054  46.984  -21.822  -28.328 0.3000000119
57057  36.253  -23.057  -29.223 0.3000000119
57066  46.451  -22.139  -30.435 0.3000000119
57100  45.788  -22.213  -32.462 0.4000000060
57103  41.820  -22.197  -33.961 0.4000000060
57105  34.770  -22.751  -33.054 0.3000000119
57865  40.337  -21.318  -25.632 0.3000000119
57898  36.912  -21.670  -27.027 0.3000000119
57920  36.612  -21.503  -28.656 0.3000000119
57943  42.271  -21.455  -31.967 0.3000000119
57944  35.773  -22.129  -30.506 0.3000000119
57954  42.866  -20.233  -32.772 0.3000000119
57955  42.295  -20.962  -33.100 0.3000000119
58814  37.439  -20.421  -26.763 0.3000000119
58874  35.362  -20.971  -31.968 0.3000000119
59839  38.716  -19.457  -25.628 0.3000000119
59884  36.856  -19.691  -28.492 0.3000000119
59895  36.158  -19.620  -30.192 0.3000000119
59939  34.559  -19.322  -33.549 0.3000000119
60879  37.995  -18.142  -26.344 0.3000000119
60919  37.376  -18.872  -27.314 0.3000000119
60954  36.302  -18.066  -30.862 0.3000000119
60979  35.370  -18.154  -32.496 0.3000000119
61754  40.247  -17.917  -25.431 0.3000000119
61769  37.595  -17.583  -26.802 0.3000000119
61798  37.658  -17.404  -29.117 0.3000000119
61799  37.238  -18.080  -28.606 0.3000000119
61860  35.250  -17.799  -33.062 0.3000000119
61861  34.742  -17.590  -33.391 0.3000000119
62631  38.859  -16.120  -25.619 0.3000000119
62684  37.899  -16.812  -29.600 0.3000000119
62694  37.402  -16.858  -30.391 0.3000000119
62707  36.855  -16.442  -31.246 0.3000000119
62721  35.952  -16.473  -32.725 0.3000000119
63621  38.395  -15.354  -25.896 0.3000000119
64596  38.191  -14.725  -26.163 0.3000000119
65620  38.003  -13.724  -31.287 0.3000000119
66534  38.402  -12.444  -30.640 0.3000000119
67426  38.084  -12.079  -29.943 0.3000000119
122718  54.423  -41.880  -38.606 0.6000000238
122737  38.272  -30.403  -26.568 0.6999999881
122738  39.099  -31.804  -30.838 1.0000000000
122741  39.527  -31.127  -31.682 1.0000000000
122748  40.331  -30.414  -35.104 1.0000000000
122754  41.717  -29.005  -35.659 1.0000000000
122758  35.452  -27.388  -28.774 0.6999999881
122766  40.611  -26.631  -37.674 0.8999999762
122770  32.285  -25.026  -31.555 0.6000000238
122771  34.057  -24.960  -31.877 0.5000000000
122774  34.013  -24.153  -32.735 0.5000000000
123043  39.381  -31.245  -32.942 1.0000000000
123086  52.457  -39.694  -38.044 0.6999999881
123100  52.530  -38.852  -37.647 0.8000000119
123105  35.786  -29.146  -27.182 0.8000000119
123167  55.632  -41.496  -39.359 0.6000000238
123178  55.614  -41.155  -39.335 0.6000000238
123215  35.990  -32.021  -26.358 0.8999999762
123238  35.815  -31.119  -26.539 0.8999999762
123259  35.325  -26.068  -30.517 0.6000000238
123280  34.104  -18.825  -33.723 0.3000000119
123299  40.896  -25.990  -37.343 0.8999999762
123398  55.326  -40.891  -39.340 0.6000000238
123405  31.516  -21.537  -32.791 0.4000000060
123425  47.241  -28.377  -37.728 0.8000000119
123606  38.445  -33.417  -28.707 0.8999999762
123760  41.479  -24.995  -32.853 0.4000000060
123849  37.760  -11.515  -29.345 0.3000000119
123905  48.038  -36.904  -39.181 0.6999999881
124201  49.736  -36.883  -39.596 0.8000000119
124208  53.970  -38.802  -39.363 0.6000000238
124430  54.092  -36.882  -39.291 0.8999999762
124514  49.545  -30.482  -38.066 0.8999999762
124532  40.861  -27.638  -38.100 1.0000000000
124762  43.512  -36.056  -27.189 0.4000000060
124997  52.300  -37.077  -37.513 0.8000000119
125057  54.179  -40.084  -39.344 0.6000000238
125188  47.253  -35.211  -39.461 0.8000000119
125272  45.386  -24.960  -29.263 0.4000000060
125313  47.855  -32.062  -39.387 1.0000000000
125377  48.529  -30.754  -36.847 0.8999999762
125470  35.580  -15.924  -33.288 0.3000000119
125517  50.138  -31.610  -37.566 0.8999999762
126537  54.607  -39.894  -39.281 0.6000000238
126593  34.600  -26.744  -30.265 0.6999999881
126778  44.355  -30.365  -39.355 1.0000000000
127127  30.675  -47.074  -27.134 0.4000000060
127316  48.300  -34.368  -40.117 0.8000000119
127378  51.226  -34.809  -37.474 0.8000000119
127446  41.645  -38.039  -35.885 0.6999999881
127657  43.757  -32.242  -26.228 0.3000000119
127694  30.781  -43.948  -27.235 0.3000000119
127803  35.853  -41.681  -29.442 0.5000000000
127987  38.816  -33.620  -31.455 1.0000000000
128034  35.293  -26.651  -30.061 0.6000000238
128105  43.040  -32.209  -26.491 0.4000000060
128142  37.511  -10.831  -28.805 0.3000000119
128419  48.077  -40.933  -30.504 0.4000000060
128465  38.353  -18.806  -25.904 0.3000000119
128690  41.440  -25.136  -26.830 0.4000000060
128752  40.253  -36.637  -33.459 0.8999999762
129023  39.519  -31.075  -30.932 1.0000000000
129143  33.805  -34.686  -27.479 0.6999999881
129260  38.351  -13.153  -30.842 0.3000000119
129335  52.388  -32.588  -38.451 0.8999999762
129533  37.424  -33.021  -26.673 0.8999999762
129727  41.704  -34.899  -27.280 0.5000000000
129943  39.110  -20.712  -25.495 0.3000000119
130634  41.562  -25.659  -29.688 0.4000000060
130844  39.680  -30.542  -32.944 1.0000000000
131066  38.949  -25.348  -25.609 0.3000000119
131286  30.858  -46.196  -27.895 0.4000000060
131708  37.916  -38.698  -29.568 0.6000000238
131786  39.062  -43.939  -29.729 0.5000000000
131877  38.460  -22.278  -25.600 0.3000000119
132344  41.765  -24.690  -33.846 0.5000000000
132747  39.904  -32.789  -34.932 1.0000000000
132922  43.269  -32.962  -26.384 0.4000000060
133014  45.988  -33.829  -35.441 0.6999999881
133434  35.714  -34.017  -26.469 0.8000000119
133679  47.249  -32.981  -39.700 1.0000000000
133779  44.811  -30.688  -32.272 0.6999999881
133932  37.555  -13.165  -28.017 0.3000000119
133987  37.451  -14.114  -31.795 0.3000000119
134101  41.756  -40.132  -30.328 0.6999999881
134109  34.630  -18.817  -33.502 0.3000000119
134396  44.875  -28.741  -30.076 0.6000000238
134430  40.389  -29.707  -29.530 0.6999999881
134441  50.393  -40.715  -37.368 0.5000000000
134458  45.859  -30.936  -39.392 1.0000000000
134535  51.423  -49.922  -30.624 0.3000000119
134598  45.682  -35.110  -35.428 0.6999999881
134736  47.483  -40.010  -35.693 0.8000000119
134740  44.816  -42.203  -28.322 0.5000000000
134883  35.133  -22.077  -33.123 0.3000000119
135673  44.066  -31.223  -39.491 1.0000000000
135946  32.235  -46.966  -25.386 0.4000000060
136046  37.888  -15.281  -28.290 0.3000000119
136151  46.943  -48.059  -34.255 0.5000000000
136409  37.451  -21.216  -26.495 0.3000000119
137612  46.831  -21.106  -31.558 0.3000000119
137693  44.845  -38.238  -34.540 0.8000000119
137726  41.503  -34.955  -29.747 0.6999999881
137770  38.875  -32.421  -31.297 1.0000000000
137915  49.820  -38.432  -36.647 0.6999999881
138117  38.077  -13.246  -31.612 0.3000000119
138464  48.306  -46.103  -29.713 0.3000000119
139180  43.068  -48.123  -30.746 0.6000000238
139235  47.722  -44.998  -29.544 0.4000000060
139648  42.414  -22.530  -28.950 0.3000000119
139869  51.749  -33.652  -39.304 1.0000000000
140419  41.609  -25.536  -36.169 0.6000000238
140440  41.347  -25.627  -36.422 0.6000000238
140455  42.147  -25.021  -35.627 0.6999999881
140475  53.336  -39.778  -37.701 0.6999999881
140569  54.719  -41.953  -39.177 0.6000000238
140574  55.037  -41.420  -39.267 0.6000000238
140602  35.156  -25.541  -31.078 0.4000000060
140906  51.585  -40.315  -38.916 0.5000000000
140939  36.893  -43.989  -27.678 0.4000000060
140960  44.183  -33.170  -34.072 0.6999999881
141193  54.180  -38.045  -39.279 0.6999999881
141292  47.081  -34.450  -39.642 0.8000000119
141298  34.328  -25.531  -31.272 0.5000000000
141770  39.336  -33.330  -33.062 1.0000000000
141876  42.519  -37.011  -32.383 0.6000000238
142037  47.887  -38.394  -35.654 0.8000000119
142210  33.817  -24.541  -32.311 0.5000000000
142430  42.723  -32.255  -30.659 0.6999999881
142974  45.047  -33.466  -37.714 0.8999999762
143573  36.642  -23.288  -26.722 0.4000000060
143577  46.705  -25.675  -31.337 0.4000000060
143936  47.661  -29.584  -36.903 1.0000000000
144024  43.518  -26.303  -36.317 0.8000000119
144385  50.866  -30.890  -39.068 1.0000000000
144514  44.996  -26.155  -27.109 0.4000000060
144569  41.936  -36.194  -27.339 0.5000000000
144864  46.870  -22.387  -32.355 0.4000000060
144872  44.655  -36.891  -28.121 0.4000000060
145091  46.953  -21.394  -32.005 0.3000000119
145460  35.680  -20.905  -31.210 0.3000000119
145615  41.535  -27.295  -30.413 0.5000000000
145868  45.294  -25.114  -27.420 0.4000000060
145917  41.626  -25.013  -34.298 0.6000000238
145953  33.491  -41.466  -26.835 0.4000000060
146046  44.280  -37.043  -34.501 0.6999999881
146065  39.258  -34.972  -31.597 1.0000000000
146277  55.026  -40.258  -37.611 0.6000000238
146388  49.091  -38.120  -31.586 0.3000000119
146481  39.671  -17.558  -25.441 0.3000000119
146503  40.616  -36.593  -34.962 0.8999999762
146987  38.980  -39.575  -31.016 0.6000000238
146991  36.003  -26.460  -27.414 0.5000000000
147117  53.802  -36.502  -39.307 0.8999999762
147172  32.958  -25.280  -31.421 0.5000000000
147262  38.608  -32.764  -28.248 0.8999999762
147508  45.154  -52.078  -32.660 0.6000000238
147607  37.677  -16.798  -28.114 0.4000000060
147730  36.439  -30.956  -26.449 1.0000000000
147784  52.911  -39.362  -39.362 0.6000000238
147799  37.568  -31.022  -26.484 0.6999999881
147927  41.940  -34.018  -31.449 0.6999999881
148062  41.177  -27.790  -29.057 0.5000000000
148283  36.165  -34.930  -26.674 0.8000000119
148535  39.180  -32.001  -32.817 1.0000000000
148672  53.406  -33.055  -39.105 1.0000000000
149039  40.975  -29.280  -34.056 0.8999999762
149046  34.201  -30.142  -27.870 0.8000000119
149089  38.485  -20.901  -25.697 0.3000000119
149104  42.951  -31.740  -30.228 0.6999999881
149185  48.218  -52.974  -31.529 0.5000000000
149417  42.295  -25.948  -37.248 0.8999999762
149552  42.331  -36.635  -31.867 0.6000000238
149766  41.282  -33.333  -35.962 1.0000000000
149778  45.653  -47.302  -33.281 0.6000000238
149809  44.740  -44.823  -32.728 0.8000000119
