#!ascii label  , from subject sub-v1s21x0050424_ses-1 vox2ras=TkReg
796
26350  27.915  -53.969  -29.698 0.6000000238
26395  15.107  -53.496  -31.206 0.6999999881
24242  17.424  -55.014  -31.778 0.6999999881
127865  21.895  -56.681  -30.953 0.8999999762
23198  24.152  -56.123  -31.364 0.8000000119
24233  26.482  -55.393  -31.322 0.8000000119
26349  28.218  -53.192  -30.209 0.6000000238
28319  28.504  -52.092  -28.860 0.6999999881
28304  29.692  -51.531  -27.346 0.6999999881
26358  15.932  -53.176  -30.691 0.6999999881
26359  14.364  -53.370  -30.284 0.6999999881
25316  16.997  -54.203  -31.620 0.6999999881
24241  18.802  -55.179  -32.397 0.6000000238
24240  19.094  -55.571  -33.078 0.6999999881
23202  19.274  -56.063  -32.346 0.6999999881
24238  21.497  -56.098  -32.780 0.8000000119
24236  23.600  -55.488  -32.057 0.8000000119
23199  23.151  -56.145  -31.520 0.8000000119
24234  25.572  -55.515  -31.616 0.8000000119
25310  27.484  -54.119  -31.187 0.6000000238
27366  28.328  -52.631  -29.611 0.6000000238
28305  28.926  -51.525  -28.181 0.6999999881
29260  30.814  -50.585  -26.510 0.6999999881
25276  15.974  -53.578  -30.063 0.5000000000
25277  14.914  -53.762  -29.831 0.6000000238
26372  16.770  -52.999  -30.896 0.4000000060
26394  16.724  -53.288  -31.234 0.6000000238
25315  18.903  -54.650  -31.988 0.5000000000
24259  19.862  -55.412  -33.920 0.6000000238
24239  20.441  -56.175  -33.104 0.8000000119
24256  23.184  -55.021  -33.073 0.6999999881
24255  24.074  -54.912  -32.609 0.6999999881
25332  26.234  -54.185  -32.155 0.6999999881
27373  28.373  -52.492  -30.520 0.5000000000
29285  28.605  -51.409  -29.185 0.6000000238
29272  29.331  -50.681  -27.914 0.6000000238
29271  30.158  -50.820  -27.036 0.6000000238
29259  31.627  -50.853  -26.134 0.5000000000
25257  17.524  -54.330  -29.125 0.5000000000
25258  15.578  -54.535  -29.171 0.6000000238
24185  15.116  -55.118  -28.225 0.6000000238
140160  17.033  -53.803  -29.895 0.5000000000
25336  19.579  -54.855  -33.658 0.5000000000
24270  20.568  -54.897  -34.037 0.6000000238
25335  22.863  -54.407  -33.940 0.6000000238
25333  25.405  -54.127  -32.806 0.6000000238
27387  27.260  -53.031  -31.936 0.5000000000
27385  28.310  -52.311  -31.126 0.5000000000
29294  28.643  -50.948  -30.098 0.6000000238
29284  28.854  -50.702  -28.927 0.6000000238
30212  30.358  -49.895  -26.907 0.5000000000
31134  32.507  -48.306  -25.575 0.5000000000
31132  33.957  -47.991  -25.796 0.5000000000
30194  33.093  -48.938  -25.696 0.5000000000
24184  16.084  -54.939  -28.196 0.5000000000
24175  15.653  -55.676  -27.587 0.5000000000
26357  17.312  -53.049  -30.692 0.5000000000
26370  18.390  -53.049  -30.873 0.4000000060
26368  19.810  -53.647  -31.614 0.3000000119
26390  20.148  -53.918  -32.572 0.4000000060
26412  21.110  -53.625  -33.808 0.3000000119
130893  20.655  -53.650  -33.051 0.3000000119
26426  20.693  -53.966  -34.123 0.5000000000
25349  22.675  -53.887  -34.235 0.5000000000
25348  23.551  -53.849  -34.084 0.5000000000
27395  26.420  -52.977  -32.661 0.5000000000
145282  27.911  -52.112  -31.644 0.5000000000
28341  28.525  -51.715  -30.751 0.6000000238
29293  29.012  -49.993  -29.766 0.6000000238
30213  29.748  -49.884  -27.715 0.5000000000
31147  31.351  -48.887  -26.051 0.5000000000
31133  33.273  -48.149  -25.637 0.5000000000
24173  17.466  -55.349  -27.523 0.5000000000
25245  17.841  -54.518  -27.972 0.5000000000
25256  18.443  -54.004  -28.835 0.5000000000
26355  19.285  -53.372  -29.794 0.4000000060
125487  18.731  -53.132  -30.511 0.5000000000
124772  20.309  -53.348  -30.572 0.4000000060
124943  20.759  -53.538  -31.758 0.3000000119
26411  22.009  -53.220  -33.483 0.3000000119
26423  23.826  -53.059  -34.325 0.4000000060
27396  25.529  -52.512  -33.558 0.5000000000
27394  27.244  -52.329  -32.248 0.4000000060
30221  29.297  -49.897  -28.701 0.5000000000
142687  30.368  -48.486  -27.264 0.5000000000
31157  30.127  -49.127  -27.510 0.5000000000
32052  34.432  -47.420  -25.911 0.5000000000
32053  33.538  -47.309  -25.545 0.4000000060
32054  32.714  -47.566  -25.469 0.5000000000
23131  17.939  -55.975  -27.065 0.5000000000
126300  18.616  -54.360  -27.742 0.5000000000
25255  19.077  -53.854  -28.079 0.5000000000
26334  19.233  -53.594  -28.869 0.4000000060
26354  19.874  -53.389  -29.839 0.4000000060
128279  21.473  -53.522  -30.396 0.3000000119
26410  22.581  -52.796  -33.246 0.3000000119
27406  23.369  -52.657  -34.125 0.4000000060
27404  24.688  -51.936  -34.098 0.4000000060
28374  25.979  -51.385  -33.402 0.4000000060
26422  24.633  -52.759  -34.080 0.4000000060
27403  26.332  -52.137  -33.100 0.4000000060
28354  27.626  -51.581  -32.080 0.5000000000
130973  28.645  -50.064  -31.318 0.5000000000
30234  28.857  -50.073  -30.753 0.6000000238
137878  30.749  -48.046  -26.661 0.4000000060
32063  31.460  -47.872  -26.016 0.5000000000
24171  18.937  -54.874  -27.100 0.4000000060
26333  19.891  -53.334  -28.898 0.4000000060
25244  19.314  -54.139  -27.368 0.4000000060
26353  20.738  -53.440  -29.295 0.4000000060
26388  22.377  -53.135  -32.280 0.4000000060
26387  22.959  -52.665  -32.517 0.4000000060
27398  23.055  -52.348  -33.449 0.4000000060
28376  24.013  -51.430  -34.006 0.4000000060
29336  25.551  -50.759  -33.504 0.4000000060
127157  27.305  -50.898  -32.555 0.5000000000
29319  28.307  -50.532  -31.576 0.5000000000
131596  29.148  -49.382  -31.374 0.6000000238
31166  30.264  -48.377  -28.152 0.5000000000
32084  30.570  -47.541  -28.701 0.4000000060
32071  30.497  -47.771  -27.608 0.4000000060
140923  19.240  -55.277  -26.573 0.4000000060
26320  19.779  -53.539  -27.851 0.4000000060
25243  19.936  -53.878  -26.842 0.4000000060
26332  21.465  -53.338  -28.315 0.4000000060
26367  22.459  -53.351  -30.921 0.4000000060
28365  23.741  -51.132  -33.397 0.4000000060
29337  24.828  -50.500  -33.528 0.4000000060
29330  26.448  -50.819  -33.166 0.4000000060
29329  27.750  -50.152  -32.228 0.5000000000
30253  29.796  -48.658  -31.311 0.4000000060
31182  30.324  -48.223  -29.375 0.6000000238
25234  20.168  -54.437  -26.155 0.4000000060
123598  20.540  -53.409  -27.118 0.4000000060
26319  21.251  -53.207  -27.318 0.4000000060
130513  21.749  -53.477  -29.255 0.4000000060
26351  23.224  -53.281  -30.354 0.4000000060
144484  23.954  -52.477  -31.337 0.4000000060
27388  23.935  -51.901  -31.943 0.5000000000
27397  23.364  -51.628  -33.072 0.4000000060
30273  24.405  -50.064  -33.090 0.3000000119
143305  25.096  -49.557  -32.920 0.3000000119
29331  25.599  -50.101  -33.271 0.4000000060
31216  28.513  -48.754  -32.171 0.4000000060
31205  29.872  -48.017  -31.755 0.4000000060
31197  30.586  -47.856  -30.411 0.5000000000
24161  19.775  -55.225  -26.132 0.4000000060
26331  22.541  -53.298  -28.640 0.4000000060
26330  23.342  -53.200  -29.454 0.4000000060
27368  24.010  -52.824  -30.349 0.3000000119
127606  24.216  -51.463  -31.531 0.3000000119
29332  23.890  -50.439  -32.929 0.3000000119
31220  24.374  -49.452  -32.518 0.3000000119
30272  26.065  -49.458  -32.854 0.3000000119
31206  29.118  -48.091  -32.085 0.4000000060
32111  30.317  -47.331  -31.509 0.4000000060
26309  21.146  -53.225  -26.528 0.3000000119
27341  21.770  -52.913  -26.658 0.3000000119
26317  23.127  -52.973  -27.777 0.3000000119
144077  23.446  -53.059  -28.587 0.3000000119
27367  24.477  -52.248  -29.740 0.3000000119
28342  24.600  -51.343  -30.536 0.3000000119
29320  23.784  -50.042  -32.269 0.4000000060
30264  23.816  -49.324  -31.929 0.4000000060
131774  23.963  -49.906  -32.543 0.3000000119
31209  25.704  -48.434  -32.071 0.3000000119
31208  26.868  -48.161  -32.161 0.3000000119
32125  28.590  -47.472  -31.825 0.4000000060
143439  29.890  -46.831  -31.519 0.4000000060
32981  30.613  -46.084  -30.409 0.4000000060
126202  23.986  -50.499  -31.637 0.4000000060
31211  23.699  -48.537  -31.332 0.4000000060
31210  24.448  -48.693  -31.972 0.4000000060
32127  26.067  -47.826  -31.575 0.3000000119
32126  27.312  -47.474  -31.577 0.4000000060
33010  28.087  -46.993  -31.203 0.4000000060
33960  28.825  -45.685  -30.331 0.4000000060
32124  29.028  -46.803  -31.476 0.4000000060
33959  29.946  -45.845  -30.513 0.4000000060
32114  25.119  -47.545  -31.114 0.4000000060
32113  26.214  -47.160  -30.892 0.5000000000
32112  27.230  -46.788  -30.677 0.4000000060
32996  28.195  -46.366  -30.501 0.4000000060
33942  30.539  -45.173  -29.371 0.3000000119
33944  29.378  -45.185  -30.188 0.3000000119
25293  27.601  -54.543  -30.445 0.6999999881
23200  22.162  -56.252  -31.717 0.8000000119
148866  27.833  -53.538  -31.029 0.6000000238
25313  25.029  -54.904  -32.370 0.6999999881
25311  26.747  -54.574  -31.587 0.6999999881
30204  31.096  -49.875  -26.310 0.6000000238
26392  18.173  -53.545  -31.382 0.4000000060
25314  19.453  -54.369  -32.702 0.4000000060
24257  22.293  -55.046  -33.685 0.6999999881
143084  23.631  -54.504  -33.467 0.6999999881
26385  27.635  -53.366  -31.411 0.6999999881
25275  18.021  -53.616  -29.876 0.5000000000
26408  25.457  -53.297  -33.330 0.5000000000
26425  22.068  -53.583  -34.152 0.4000000060
28353  28.243  -51.475  -31.410 0.6000000238
31167  29.835  -49.065  -28.605 0.5000000000
30233  29.455  -49.323  -30.600 0.6000000238
27389  23.433  -52.305  -32.258 0.3000000119
30271  27.131  -49.419  -32.641 0.4000000060
25229  20.933  -54.390  -25.707 0.4000000060
31219  25.316  -49.035  -32.513 0.3000000119
33943  30.236  -45.353  -30.020 0.3000000119
21201  23.144  -58.987  -27.918 0.6000000238
21216  23.961  -59.091  -28.167 0.6000000238
19396  26.909  -60.439  -27.972 0.6000000238
20318  28.489  -59.827  -28.315 0.6000000238
125156  20.911  -59.392  -27.527 0.5000000000
21203  21.392  -58.829  -27.661 0.6000000238
22160  22.101  -57.886  -28.612 0.6999999881
21217  22.642  -58.410  -28.250 0.6999999881
131605  22.851  -59.533  -27.577 0.6000000238
21232  24.323  -58.500  -28.675 0.6000000238
20322  24.781  -59.162  -28.246 0.6000000238
130713  27.511  -58.197  -28.002 0.6000000238
21212  28.046  -59.017  -28.005 0.6000000238
21211  28.813  -58.880  -28.142 0.6000000238
21210  29.545  -58.674  -28.285 0.6000000238
21230  31.144  -58.237  -28.828 0.6999999881
21205  19.725  -58.543  -27.727 0.6000000238
23142  20.202  -57.278  -28.623 0.6999999881
130186  20.220  -59.177  -27.582 0.5000000000
22145  20.341  -57.970  -27.963 0.6999999881
21219  21.091  -58.249  -27.951 0.6999999881
22178  23.805  -57.719  -29.352 0.6999999881
22159  24.831  -57.942  -29.076 0.6999999881
125606  26.530  -57.996  -28.356 0.5000000000
129306  29.121  -58.105  -27.946 0.6000000238
23128  30.987  -57.007  -27.879 0.6000000238
22153  30.664  -57.759  -28.182 0.6999999881
23138  31.760  -56.623  -28.311 0.6999999881
143584  31.950  -57.819  -29.304 0.6999999881
24201  32.760  -55.560  -29.231 0.6999999881
26431  33.492  -52.003  -34.825 0.4000000060
26406  34.223  -52.904  -32.755 0.5000000000
25308  34.088  -53.778  -31.303 0.6000000238
25309  33.651  -54.572  -31.226 0.6000000238
24200  33.064  -55.087  -29.912 0.6999999881
22184  14.679  -57.682  -29.614 0.5000000000
21235  16.284  -57.939  -28.900 0.5000000000
22166  16.923  -57.215  -29.104 0.6000000238
144014  17.221  -57.957  -28.571 0.5000000000
23144  18.788  -56.576  -29.237 0.6999999881
22164  18.649  -57.271  -28.532 0.5000000000
22146  18.865  -58.152  -27.943 0.6000000238
22181  20.783  -57.232  -29.234 0.6999999881
22161  21.472  -57.534  -28.961 0.6999999881
149064  22.919  -57.432  -29.624 0.6999999881
22176  26.047  -57.147  -28.887 0.6999999881
22155  28.641  -57.354  -27.779 0.6000000238
22143  30.089  -57.153  -27.732 0.6000000238
23127  31.248  -56.217  -27.679 0.6999999881
149449  32.450  -55.567  -28.500 0.6999999881
143830  33.107  -54.905  -29.216 0.6999999881
143121  33.997  -53.990  -30.394 0.6000000238
26348  33.985  -53.812  -29.364 0.6000000238
23187  12.891  -55.980  -31.152 0.5000000000
22197  13.063  -56.884  -30.102 0.4000000060
138276  15.094  -57.093  -30.301 0.5000000000
22196  14.047  -56.974  -30.477 0.5000000000
22183  16.252  -57.215  -29.471 0.5000000000
23184  16.385  -56.399  -31.015 0.6000000238
22182  16.672  -56.626  -29.950 0.6000000238
23180  19.866  -56.481  -30.885 0.6999999881
23160  18.298  -56.120  -30.036 0.6000000238
141642  20.644  -56.807  -30.040 0.6999999881
22193  22.473  -57.057  -30.201 0.6999999881
22177  25.363  -57.289  -29.347 0.6999999881
23141  27.196  -56.623  -28.412 0.6999999881
22156  27.800  -57.476  -27.939 0.6999999881
22144  29.261  -56.792  -27.641 0.6999999881
24168  30.578  -55.692  -27.412 0.6999999881
24167  31.417  -55.441  -27.472 0.8000000119
25252  32.776  -54.906  -28.450 0.6999999881
27384  34.416  -52.348  -31.358 0.5000000000
26347  34.321  -53.119  -29.967 0.6000000238
25251  33.451  -54.356  -28.816 0.6000000238
23188  11.480  -54.898  -31.058 0.4000000060
23208  13.632  -55.306  -31.567 0.6000000238
23186  14.073  -56.167  -31.178 0.6000000238
23207  14.861  -55.852  -31.579 0.6000000238
23205  16.912  -55.658  -31.486 0.6000000238
23182  18.176  -55.864  -31.223 0.6000000238
133794  21.001  -56.649  -30.874 0.6999999881
22194  21.787  -56.989  -30.250 0.6999999881
22192  23.301  -57.056  -30.117 0.6999999881
23158  25.131  -56.773  -30.071 0.6999999881
23176  25.819  -56.408  -30.398 0.8000000119
23157  25.876  -56.659  -29.712 0.8000000119
143426  27.943  -55.682  -28.067 0.6000000238
24169  29.710  -55.456  -27.382 0.6000000238
26313  32.467  -53.648  -27.222 0.8000000119
25238  32.303  -54.468  -27.561 0.6999999881
28351  34.980  -51.032  -32.004 0.5000000000
27372  34.391  -52.354  -30.531 0.6000000238
27351  34.354  -52.146  -28.734 0.6999999881
28340  34.707  -50.999  -31.045 0.6000000238
25296  11.921  -53.512  -30.593 0.5000000000
24207  11.258  -54.003  -29.597 0.4000000060
23148  10.469  -55.333  -28.579 0.4000000060
126901  13.171  -54.189  -31.506 0.5000000000
24225  12.450  -54.674  -31.480 0.5000000000
24245  14.367  -54.575  -31.629 0.6000000238
23204  17.824  -55.482  -31.578 0.6000000238
137791  20.134  -56.395  -32.233 0.6999999881
23178  23.707  -56.624  -30.787 0.8000000119
23177  24.627  -56.534  -30.740 0.8000000119
24203  26.819  -55.753  -30.007 0.6000000238
24182  28.108  -55.067  -28.037 0.6000000238
25240  30.304  -54.408  -27.114 0.6999999881
26314  31.576  -53.963  -27.032 0.6999999881
27333  33.536  -52.492  -27.208 0.6999999881
126556  34.484  -51.572  -30.300 0.6000000238
28318  34.519  -51.344  -28.450 0.6000000238
29282  35.044  -49.949  -28.811 0.6000000238
29308  35.190  -50.384  -30.541 0.6000000238
29291  35.105  -50.156  -29.685 0.6000000238
25279  12.923  -53.451  -29.879 0.5000000000
25280  11.929  -53.384  -30.036 0.5000000000
24188  11.762  -54.918  -28.729 0.5000000000
23147  11.511  -55.507  -28.379 0.5000000000
26374  13.858  -53.263  -30.618 0.5000000000
25295  12.859  -53.123  -30.493 0.5000000000
24243  16.462  -54.967  -31.749 0.6000000238
24222  26.806  -55.741  -30.762 0.6999999881
25254  27.562  -54.870  -29.654 0.6000000238
25242  28.500  -54.303  -27.835 0.6000000238
26307  30.374  -53.109  -26.858 0.6000000238
26305  31.949  -53.104  -26.711 0.6999999881
27325  31.570  -52.567  -26.507 0.6000000238
27323  33.074  -52.098  -26.536 0.6000000238
29283  34.785  -50.573  -28.170 0.6999999881
30262  36.643  -49.878  -30.983 0.5000000000
30232  35.508  -49.456  -29.312 0.4000000060
24205  13.434  -54.505  -29.119 0.5000000000
24187  12.891  -55.361  -28.257 0.5000000000
23136  13.118  -56.345  -27.734 0.5000000000
22148  13.471  -57.045  -27.640 0.5000000000
21224  13.058  -57.897  -28.109 0.5000000000
20312  13.461  -59.005  -28.100 0.5000000000
27337  28.822  -52.387  -27.944 0.6000000238
27326  30.887  -52.322  -26.597 0.6000000238
28291  31.628  -51.856  -26.339 0.4000000060
28288  34.176  -50.918  -26.591 0.5000000000
29270  34.731  -50.292  -27.229 0.4000000060
31181  35.897  -48.723  -29.019 0.4000000060
29269  35.073  -49.914  -27.991 0.5000000000
24204  14.523  -54.576  -29.098 0.6000000238
24186  14.090  -55.364  -28.337 0.5000000000
139467  14.199  -57.035  -27.255 0.5000000000
22147  14.350  -57.476  -27.058 0.5000000000
21208  14.073  -58.131  -27.551 0.5000000000
20311  14.309  -59.296  -27.645 0.5000000000
136221  14.628  -60.487  -27.462 0.4000000060
18422  14.616  -61.671  -27.282 0.5000000000
147187  14.587  -63.195  -25.881 0.4000000060
16494  14.327  -64.079  -25.151 0.4000000060
16511  14.404  -64.726  -25.771 0.4000000060
29258  32.622  -50.667  -25.921 0.4000000060
144462  34.722  -49.616  -26.826 0.4000000060
30220  35.432  -49.205  -28.371 0.4000000060
24176  14.731  -55.909  -27.632 0.5000000000
23124  14.850  -57.099  -26.441 0.4000000060
21207  14.545  -58.073  -26.448 0.4000000060
20295  15.003  -58.883  -26.427 0.5000000000
19366  16.120  -60.387  -26.144 0.4000000060
148435  15.708  -61.692  -26.785 0.5000000000
18381  15.858  -61.746  -25.585 0.4000000060
18382  14.963  -62.157  -24.953 0.5000000000
17432  15.241  -62.480  -25.813 0.5000000000
17420  14.374  -62.660  -24.228 0.3000000119
130622  14.176  -63.389  -24.489 0.3000000119
16469  13.341  -63.866  -23.833 0.3000000119
30203  32.863  -49.779  -25.737 0.4000000060
23134  15.215  -56.415  -27.038 0.5000000000
22137  14.962  -57.749  -25.836 0.5000000000
21192  14.887  -58.362  -25.877 0.4000000060
23132  17.083  -56.174  -27.137 0.4000000060
23122  16.491  -56.696  -26.260 0.4000000060
22129  15.726  -57.715  -25.472 0.4000000060
132304  16.203  -59.114  -25.108 0.4000000060
23121  17.532  -56.495  -26.450 0.4000000060
23113  17.163  -56.844  -25.760 0.4000000060
21184  16.268  -58.152  -25.058 0.4000000060
23112  17.941  -56.792  -25.757 0.4000000060
21183  16.975  -57.802  -24.735 0.4000000060
21169  16.726  -58.749  -24.436 0.4000000060
19323  16.236  -60.023  -23.948 0.4000000060
22127  17.416  -57.216  -25.189 0.4000000060
24164  18.669  -55.636  -26.794 0.3000000119
21168  17.370  -58.181  -24.086 0.4000000060
20262  17.025  -58.851  -23.652 0.4000000060
20249  15.951  -59.855  -22.931 0.4000000060
23119  19.252  -55.977  -26.133 0.4000000060
19302  15.242  -60.212  -22.408 0.4000000060
19292  15.351  -59.750  -21.789 0.4000000060
23110  19.614  -56.404  -25.343 0.3000000119
22125  19.109  -56.985  -24.907 0.4000000060
22111  18.509  -57.364  -24.350 0.4000000060
21155  17.624  -58.353  -23.149 0.4000000060
20247  16.979  -58.924  -22.722 0.4000000060
20210  16.889  -58.993  -21.938 0.4000000060
21118  17.244  -58.442  -21.748 0.3000000119
26329  28.165  -53.698  -28.593 0.6000000238
132177  14.511  -53.773  -31.407 0.5000000000
140948  30.372  -51.701  -26.826 0.6000000238
30201  34.365  -49.210  -26.320 0.4000000060
20319  27.581  -59.795  -28.027 0.6000000238
23154  32.266  -57.011  -28.997 0.6999999881
24180  32.112  -55.189  -27.877 0.6999999881
139895  34.381  -51.941  -33.195 0.5000000000
125715  34.706  -51.417  -32.599 0.5000000000
25330  33.985  -53.926  -32.241 0.5000000000
26384  34.271  -53.079  -31.791 0.4000000060
26364  34.288  -53.132  -30.884 0.6000000238
23156  26.454  -56.335  -29.244 0.6999999881
26326  34.228  -52.976  -29.028 0.6000000238
23183  17.340  -56.111  -30.786 0.6000000238
23139  28.415  -56.371  -27.759 0.6999999881
25239  30.943  -54.743  -27.175 0.8000000119
26328  33.036  -54.095  -27.957 0.6999999881
24227  11.135  -53.917  -30.489 0.4000000060
24183  27.501  -55.289  -28.739 0.6000000238
24170  28.908  -55.087  -27.519 0.6000000238
27334  32.743  -52.846  -26.860 0.6999999881
26312  33.256  -53.273  -27.569 0.6999999881
29317  36.103  -50.281  -31.624 0.5000000000
29327  35.610  -50.716  -32.401 0.5000000000
27352  33.928  -52.764  -28.100 0.6999999881
28327  34.509  -51.449  -29.405 0.6000000238
25253  27.847  -54.492  -28.694 0.6999999881
26315  29.933  -53.835  -27.079 0.6999999881
26306  31.158  -53.174  -26.641 0.6999999881
28302  34.468  -51.203  -27.446 0.6000000238
29309  34.720  -50.823  -30.048 0.6000000238
30252  35.622  -49.747  -30.103 0.6000000238
24206  12.289  -54.252  -29.295 0.5000000000
23146  12.291  -55.723  -28.076 0.5000000000
22149  12.423  -56.304  -27.944 0.4000000060
134597  29.414  -53.017  -27.349 0.6000000238
28289  33.369  -51.298  -26.272 0.6000000238
143017  14.298  -64.015  -26.095 0.3000000119
29257  33.555  -50.411  -26.070 0.5000000000
31156  35.385  -48.660  -27.616 0.4000000060
19384  15.416  -60.320  -27.180 0.5000000000
17433  14.562  -62.936  -25.133 0.4000000060
15600  13.992  -64.918  -24.672 0.4000000060
23111  18.788  -56.640  -25.625 0.4000000060
21167  17.740  -57.560  -24.535 0.4000000060
123349  32.405  -66.917  -40.291 0.3000000119
13972  32.648  -66.848  -39.231 0.3000000119
140043  27.947  -56.780  -35.612 0.4000000060
24322  27.717  -55.709  -37.161 0.4000000060
23263  26.364  -56.046  -37.164 0.4000000060
21297  27.115  -58.112  -37.576 0.4000000060
22218  29.930  -56.728  -35.611 0.4000000060
22213  29.510  -57.727  -35.246 0.4000000060
135635  30.001  -58.367  -34.774 0.4000000060
21271  31.232  -58.354  -34.017 0.5000000000
20381  29.414  -59.531  -33.987 0.5000000000
21258  31.019  -59.167  -32.879 0.5000000000
24288  29.501  -54.918  -36.446 0.4000000060
23237  28.637  -55.666  -36.209 0.5000000000
22214  28.528  -57.753  -35.269 0.5000000000
20364  29.853  -60.103  -32.655 0.5000000000
25389  29.102  -54.879  -36.887 0.5000000000
24289  27.934  -55.680  -36.611 0.5000000000
24321  28.795  -55.236  -37.218 0.5000000000
23262  27.186  -56.134  -37.320 0.4000000060
22232  27.667  -57.027  -37.568 0.4000000060
20403  27.611  -59.376  -37.856 0.4000000060
19526  28.038  -60.679  -38.481 0.3000000119
17620  29.513  -62.525  -37.534 0.4000000060
24277  32.172  -54.469  -35.444 0.4000000060
23229  32.609  -55.972  -34.793 0.4000000060
124036  32.203  -57.156  -34.290 0.4000000060
23233  31.626  -55.133  -35.626 0.4000000060
144256  31.112  -55.766  -35.733 0.4000000060
23234  31.690  -56.512  -35.134 0.4000000060
22211  31.327  -57.651  -34.651 0.4000000060
22209  31.768  -57.944  -33.764 0.5000000000
21266  31.404  -58.557  -33.303 0.5000000000
24286  30.646  -54.255  -36.222 0.4000000060
23236  29.443  -55.536  -36.017 0.4000000060
130251  28.824  -56.576  -35.667 0.4000000060
22208  32.328  -57.452  -33.295 0.5000000000
21265  31.919  -58.099  -32.850 0.5000000000
20356  31.241  -59.298  -31.989 0.5000000000
21253  31.694  -58.736  -31.591 0.6000000238
138152  31.487  -58.742  -30.383 0.6000000238
19429  30.407  -60.300  -31.103 0.6000000238
24220  32.812  -55.774  -30.127 0.6000000238
22175  32.436  -57.232  -29.882 0.6000000238
21245  31.024  -59.159  -30.088 0.5000000000
21296  28.317  -58.185  -37.654 0.4000000060
21209  30.311  -58.480  -28.506 0.5000000000
20409  28.241  -60.060  -38.460 0.4000000060
19525  28.923  -60.728  -38.775 0.4000000060
17636  28.866  -62.009  -38.304 0.4000000060
23224  33.317  -55.764  -33.962 0.4000000060
24254  33.408  -55.288  -33.054 0.5000000000
23218  32.690  -56.931  -32.670 0.5000000000
146160  32.952  -55.994  -31.532 0.5000000000
21256  32.102  -58.249  -32.003 0.5000000000
23173  32.879  -55.907  -30.905 0.5000000000
21252  32.173  -58.209  -31.216 0.6000000238
24219  33.147  -55.241  -30.660 0.6000000238
23174  32.676  -56.541  -30.430 0.6000000238
123297  31.799  -66.957  -41.321 0.3000000119
130896  33.244  -66.513  -38.873 0.3000000119
16691  32.986  -63.385  -38.473 0.3000000119
25362  32.329  -52.814  -35.659 0.4000000060
26432  32.873  -52.472  -35.315 0.4000000060
26421  33.611  -53.005  -34.384 0.4000000060
24268  33.413  -54.638  -34.148 0.4000000060
25346  33.955  -53.498  -33.367 0.4000000060
25331  33.543  -54.899  -32.190 0.5000000000
24232  33.220  -55.378  -31.446 0.5000000000
128552  31.434  -58.558  -29.656 0.6000000238
21231  30.684  -58.876  -29.273 0.5000000000
25347  33.618  -53.857  -33.958 0.4000000060
22212  30.423  -57.694  -35.069 0.4000000060
19445  30.203  -60.276  -31.834 0.5000000000
16692  32.066  -62.974  -38.266 0.3000000119
23228  32.994  -55.077  -34.726 0.4000000060
23225  32.852  -56.674  -33.711 0.5000000000
22203  32.376  -57.634  -32.365 0.5000000000
130079  32.774  -56.568  -31.236 0.6000000238
31217  27.528  -48.730  -32.432 0.3000000119
13953  33.910  -66.370  -39.196 0.3000000119
13973  32.017  -66.890  -39.535 0.3000000119
16480  13.888  -64.038  -24.302 0.3000000119
17445  14.336  -63.214  -26.558 0.4000000060
17464  15.276  -62.010  -26.920 0.5000000000
17465  14.566  -62.530  -27.023 0.5000000000
17618  31.238  -62.847  -38.015 0.3000000119
18398  16.112  -61.329  -26.449 0.4000000060
18421  15.476  -61.191  -27.121 0.5000000000
18599  28.396  -61.304  -38.540 0.3000000119
20211  16.098  -59.286  -21.713 0.4000000060
20227  16.422  -59.466  -22.328 0.4000000060
20228  15.879  -59.830  -22.095 0.4000000060
20248  16.552  -59.404  -23.285 0.4000000060
20263  16.678  -59.398  -24.006 0.4000000060
20305  22.219  -59.850  -27.377 0.6000000238
20307  20.363  -59.872  -27.544 0.5000000000
20310  15.037  -59.530  -27.224 0.5000000000
20316  29.948  -59.174  -28.910 0.5000000000
20317  29.236  -59.437  -28.556 0.6000000238
20336  30.344  -59.568  -29.748 0.5000000000
20346  31.266  -59.180  -31.004 0.6000000238
20347  30.683  -59.742  -30.623 0.6000000238
20357  30.800  -59.797  -31.498 0.5000000000
20363  30.589  -59.732  -32.392 0.5000000000
20371  30.195  -59.513  -33.346 0.5000000000
21117  17.853  -58.087  -21.863 0.3000000119
21140  17.498  -58.545  -22.200 0.3000000119
21154  18.018  -57.812  -23.822 0.4000000060
21193  14.591  -57.939  -25.997 0.4000000060
21202  22.264  -59.020  -27.679 0.6000000238
21204  20.606  -58.681  -27.680 0.5000000000
21213  27.100  -58.890  -28.014 0.6000000238
21214  26.109  -58.669  -28.286 0.6000000238
21215  25.203  -58.571  -28.556 0.6000000238
21218  21.846  -58.339  -27.983 0.6999999881
21233  23.467  -58.452  -28.581 0.6999999881
21234  22.866  -57.887  -28.983 0.6999999881
21257  31.576  -58.700  -32.434 0.5000000000
21267  30.770  -58.835  -33.696 0.5000000000
21272  30.662  -58.372  -34.427 0.5000000000
22126  18.255  -57.098  -25.057 0.4000000060
22128  16.497  -57.304  -25.417 0.4000000060
22136  15.597  -57.184  -25.869 0.4000000060
22138  14.603  -57.602  -26.403 0.4000000060
22152  31.567  -57.457  -28.527 0.6999999881
22154  29.863  -57.966  -28.002 0.6000000238
22157  26.880  -57.261  -28.405 0.6999999881
22158  25.658  -57.922  -28.748 0.6999999881
22162  20.886  -57.727  -28.487 0.6999999881
22163  19.531  -57.626  -28.155 0.6000000238
22165  17.742  -57.258  -28.780 0.5000000000
22179  22.157  -57.411  -29.478 0.6999999881
22180  21.334  -57.123  -29.809 0.6999999881
22191  24.179  -56.938  -30.055 0.6999999881
22195  14.743  -56.623  -31.010 0.6000000238
22200  32.410  -57.764  -31.642 0.5000000000
22217  30.901  -56.796  -35.478 0.4000000060
22233  26.462  -56.794  -37.392 0.4000000060
23120  18.380  -56.306  -26.357 0.4000000060
23123  15.601  -56.744  -26.468 0.5000000000
23129  29.878  -56.286  -27.517 0.6999999881
23130  29.096  -55.963  -27.540 0.6000000238
23133  16.137  -56.281  -27.087 0.4000000060
23135  14.524  -56.632  -27.195 0.5000000000
23137  32.365  -56.182  -28.800 0.6999999881
23140  27.585  -56.068  -28.282 0.6000000238
23143  19.448  -56.825  -28.883 0.6999999881
23145  18.200  -56.689  -29.173 0.6000000238
23153  32.583  -56.394  -29.578 0.6000000238
23155  26.947  -55.810  -28.972 0.6000000238
23159  19.234  -56.394  -29.873 0.6999999881
23161  17.508  -56.537  -29.564 0.6000000238
23162  15.906  -56.901  -30.222 0.5000000000
23175  26.351  -56.122  -30.293 0.8000000119
23179  22.782  -56.672  -30.870 0.8000000119
23181  18.861  -56.154  -31.168 0.6000000238
23185  15.522  -56.557  -31.095 0.6000000238
23196  32.888  -56.425  -32.007 0.5000000000
23197  32.659  -57.130  -31.763 0.5000000000
23201  21.172  -56.517  -32.010 0.8000000119
23203  18.723  -55.529  -32.034 0.6000000238
23206  15.967  -55.846  -31.559 0.6000000238
23217  33.046  -56.147  -32.911 0.5000000000
23235  30.381  -55.610  -35.882 0.4000000060
23261  28.309  -56.069  -37.523 0.4000000060
24166  31.666  -54.769  -27.345 0.8000000119
24172  18.248  -55.159  -27.367 0.4000000060
24174  16.590  -55.520  -27.584 0.5000000000
24177  13.879  -56.230  -27.723 0.5000000000
24181  31.886  -55.860  -28.120 0.6999999881
24189  10.772  -54.621  -29.005 0.4000000060
24202  27.201  -55.388  -29.623 0.6000000238
24208  10.685  -54.217  -29.781 0.4000000060
24221  27.238  -55.295  -30.337 0.6999999881
24223  26.077  -56.113  -31.011 0.8000000119
24224  25.129  -56.135  -31.269 0.8000000119
24226  11.738  -54.048  -31.138 0.5000000000
24235  24.602  -55.516  -31.843 0.8000000119
24237  22.534  -55.682  -32.586 0.8000000119
24244  15.489  -54.947  -31.736 0.6000000238
24246  12.333  -53.877  -31.266 0.5000000000
24258  20.899  -55.572  -33.590 0.6999999881
24260  19.115  -55.135  -33.174 0.5000000000
24269  21.383  -54.942  -33.960 0.6000000238
24276  32.704  -53.917  -35.155 0.4000000060
24285  31.214  -53.635  -36.296 0.4000000060
24287  30.137  -54.545  -36.384 0.4000000060
24306  28.293  -55.403  -36.883 0.4000000060
24307  27.177  -55.757  -36.949 0.4000000060
24308  26.838  -55.856  -37.084 0.4000000060
25233  30.718  -53.882  -26.904 0.6999999881
25235  19.543  -54.611  -26.675 0.4000000060
25241  29.617  -54.605  -27.303 0.6999999881
25246  17.002  -54.756  -28.124 0.5000000000
25274  33.559  -54.498  -29.678 0.6000000238
25278  13.922  -53.703  -29.766 0.5000000000
25281  11.192  -53.528  -30.102 0.4000000060
25294  27.171  -55.063  -30.997 0.6999999881
25312  25.918  -54.783  -31.931 0.6999999881
25317  15.979  -53.926  -31.556 0.6999999881
25318  15.103  -54.109  -31.581 0.5000000000
25319  13.737  -53.659  -31.325 0.5000000000
25320  12.854  -53.443  -31.071 0.5000000000
25334  24.407  -54.331  -33.259 0.6999999881
25350  21.903  -54.258  -34.217 0.5000000000
25351  20.952  -54.299  -34.169 0.6000000238
25352  20.183  -54.484  -34.092 0.5000000000
25374  29.630  -54.700  -36.618 0.5000000000
25399  29.476  -54.661  -37.078 0.5000000000
26302  20.611  -53.706  -26.304 0.3000000119
26316  28.696  -53.449  -27.810 0.6000000238
26318  22.090  -53.071  -27.526 0.3000000119
26327  33.711  -53.584  -28.439 0.6000000238
26335  18.684  -53.435  -29.827 0.4000000060
26352  22.500  -53.500  -29.799 0.4000000060
26356  18.117  -53.056  -30.645 0.5000000000
26360  13.527  -53.262  -30.232 0.5000000000
26365  28.149  -53.058  -30.942 0.5000000000
26366  23.326  -52.938  -31.419 0.4000000060
26369  19.273  -53.165  -30.688 0.5000000000
26371  17.532  -52.958  -30.930 0.4000000060
26373  14.936  -53.227  -30.724 0.5000000000
26386  26.888  -53.719  -31.930 0.6999999881
26389  21.373  -53.373  -32.761 0.3000000119
26391  18.961  -53.642  -31.516 0.4000000060
26393  17.383  -53.432  -31.329 0.6000000238
26396  14.236  -53.352  -31.066 0.5000000000
26397  13.448  -53.219  -30.963 0.5000000000
26407  26.092  -53.673  -32.570 0.6000000238
26409  24.541  -53.562  -33.782 0.5000000000
26413  20.198  -54.066  -33.649 0.3000000119
26424  23.031  -53.369  -34.221 0.4000000060
27324  32.242  -52.360  -26.444 0.6000000238
27332  34.163  -51.984  -27.776 0.6999999881
27335  30.054  -52.325  -27.016 0.6000000238
27336  29.367  -52.142  -27.499 0.6000000238
27353  28.437  -52.891  -28.502 0.6000000238
27365  34.393  -52.265  -29.665 0.6000000238
27374  24.361  -52.148  -30.899 0.3000000119
27386  27.826  -52.717  -31.522 0.5000000000
27393  34.457  -52.217  -32.234 0.4000000060
27399  22.655  -52.967  -33.955 0.3000000119
27405  23.942  -52.239  -34.276 0.4000000060
27409  33.714  -51.305  -35.201 0.4000000060
28290  32.443  -51.562  -26.180 0.4000000060
28292  30.929  -51.384  -26.496 0.6000000238
28303  33.887  -51.741  -26.859 0.6000000238
28328  28.445  -51.884  -29.887 0.6000000238
28352  34.627  -51.584  -31.714 0.5000000000
28355  23.771  -50.922  -32.566 0.5000000000
28364  26.901  -51.561  -32.799 0.4000000060
28366  23.539  -51.860  -33.839 0.4000000060
28375  24.870  -51.136  -33.830 0.4000000060
29256  34.295  -50.056  -26.411 0.4000000060
29292  34.716  -50.673  -29.128 0.6000000238
29307  35.819  -50.039  -30.844 0.5000000000
29310  28.621  -50.849  -31.039 0.6000000238
29318  35.349  -50.577  -31.421 0.6000000238
29326  36.619  -50.580  -32.351 0.5000000000
29328  28.560  -49.555  -31.832 0.4000000060
29338  24.163  -50.757  -33.509 0.4000000060
30195  32.223  -49.048  -25.644 0.5000000000
30202  33.721  -49.551  -25.952 0.4000000060
30211  35.066  -49.447  -27.480 0.4000000060
30231  36.066  -49.119  -29.696 0.4000000060
30254  23.722  -49.655  -31.504 0.4000000060
30263  29.261  -48.694  -31.818 0.4000000060
30270  27.951  -49.340  -32.275 0.4000000060
31135  31.845  -48.377  -25.683 0.5000000000
31146  33.876  -48.715  -25.889 0.4000000060
31148  30.591  -49.053  -26.716 0.5000000000
31183  30.113  -48.610  -30.350 0.6000000238
31198  30.390  -47.932  -31.185 0.4000000060
31207  28.045  -48.075  -32.186 0.4000000060
31218  26.443  -48.811  -32.536 0.3000000119
32055  31.995  -47.701  -25.536 0.5000000000
32110  30.781  -47.253  -30.857 0.4000000060
32128  25.092  -48.128  -31.613 0.3000000119
32129  24.203  -48.031  -31.342 0.4000000060
32934  34.204  -46.640  -25.638 0.4000000060
32944  34.876  -46.777  -26.133 0.5000000000
32995  30.518  -46.574  -31.018 0.4000000060
125339  33.720  -54.405  -33.148 0.4000000060
125693  30.232  -54.998  -27.253 0.6000000238
126976  31.901  -49.890  -25.764 0.5000000000
127539  18.050  -57.990  -28.233 0.5000000000
128660  20.580  -53.329  -28.091 0.4000000060
128734  21.276  -53.870  -34.266 0.5000000000
128955  20.060  -56.736  -29.507 0.6999999881
129859  30.807  -45.908  -29.801 0.4000000060
129908  33.185  -55.696  -32.169 0.5000000000
130355  18.046  -54.549  -31.710 0.5000000000
130430  28.373  -58.214  -27.909 0.6000000238
130872  32.548  -57.388  -30.888 0.6000000238
132079  15.570  -57.497  -29.495 0.5000000000
132328  23.988  -52.747  -29.104 0.3000000119
132450  12.627  -57.454  -29.725 0.4000000060
132497  21.744  -55.547  -33.384 0.6999999881
132726  25.506  -51.820  -33.666 0.4000000060
133603  29.595  -49.277  -29.578 0.5000000000
133605  29.456  -46.294  -30.923 0.4000000060
134028  27.900  -53.720  -30.608 0.6000000238
135026  14.657  -58.721  -27.205 0.5000000000
135156  33.138  -53.470  -34.806 0.4000000060
135970  25.398  -56.406  -30.734 0.8000000119
137146  15.931  -53.154  -31.025 0.6999999881
137208  16.593  -54.486  -29.232 0.5000000000
137292  29.215  -53.956  -27.428 0.6000000238
137441  26.785  -50.133  -32.866 0.4000000060
137801  28.940  -55.141  -36.551 0.5000000000
137958  15.683  -62.056  -26.357 0.5000000000
139532  24.652  -57.333  -29.587 0.6999999881
139864  19.469  -55.983  -33.317 0.6999999881
140990  28.491  -55.661  -27.730 0.6000000238
140993  17.074  -53.021  -31.078 0.4000000060
141577  31.740  -58.631  -30.894 0.6000000238
141946  27.856  -50.947  -31.903 0.5000000000
142019  28.676  -57.156  -37.623 0.4000000060
142053  30.540  -56.494  -27.612 0.6999999881
142183  21.684  -53.403  -31.583 0.4000000060
142412  18.285  -55.149  -31.868 0.6999999881
142512  27.940  -56.824  -27.905 0.6999999881
142781  32.059  -58.103  -30.275 0.6000000238
142824  29.582  -47.415  -31.838 0.4000000060
142889  28.145  -53.250  -29.338 0.6000000238
143052  19.944  -55.802  -25.656 0.3000000119
143437  18.274  -57.943  -23.129 0.4000000060
144044  29.408  -57.494  -27.786 0.6000000238
144055  21.619  -59.480  -27.479 0.5000000000
144316  15.913  -60.615  -26.866 0.4000000060
144502  19.256  -55.420  -33.627 0.6000000238
144795  15.195  -53.331  -30.395 0.6999999881
145058  15.006  -62.556  -26.460 0.4000000060
145272  28.788  -52.911  -27.811 0.6000000238
145376  21.482  -57.943  -28.354 0.6999999881
147205  33.490  -54.675  -30.383 0.6000000238
147826  29.967  -48.802  -29.470 0.6000000238
147976  28.944  -57.797  -37.653 0.4000000060
148200  29.064  -54.487  -27.478 0.6999999881
148440  16.618  -53.125  -30.615 0.5000000000
149289  34.472  -51.731  -31.006 0.5000000000
149640  28.260  -56.240  -35.911 0.4000000060
