#!ascii label  , from subject sub-v1s21x0050403_ses-1 vox2ras=TkReg
1011
129744  -38.016  -13.894  67.902 0.0000000000
53973  -22.733  -16.741  61.620 0.0000000000
52939  -32.141  -18.331  66.318 0.0000000000
75427  -45.125  5.432  41.041 0.0000000000
76428  -52.218  6.349  38.488 0.0000000000
51916  -14.828  -18.427  66.819 0.0000000000
73472  -40.994  3.076  42.884 0.0000000000
59601  -36.572  -10.588  64.013 0.0000000000
53910  -35.052  -16.962  68.702 0.0000000000
52967  -18.432  -17.775  62.988 0.0000000000
48676  -18.294  -21.234  68.345 0.0000000000
130779  -35.238  -12.827  68.311 0.0000000000
58605  -33.046  -11.179  63.975 0.0000000000
54903  -28.074  -16.130  62.278 0.0000000000
54811  -32.609  -14.918  68.881 0.0000000000
65062  -39.134  -5.717  45.016 0.0000000000
67879  -43.025  -2.809  43.401 0.0000000000
70824  -46.430  0.830  42.653 0.0000000000
46606  -10.173  -23.346  70.193 0.0000000000
46570  -6.231  -23.431  73.202 0.0000000000
58664  -33.481  -11.404  58.739 0.0000000000
59779  -35.134  -10.602  52.319 0.0000000000
63169  -36.694  -7.868  48.078 0.0000000000
47655  -14.344  -22.823  68.670 0.0000000000
51944  -22.432  -18.548  64.182 0.0000000000
52956  -24.432  -16.855  64.447 0.0000000000
54816  -37.029  -15.022  68.983 0.0000000000
55819  -21.623  -14.505  62.398 0.0000000000
147996  -20.188  -16.954  62.227 0.0000000000
51942  -20.031  -18.901  64.252 0.0000000000
58553  -34.482  -11.477  68.925 0.0000000000
55731  -34.158  -14.173  69.282 0.0000000000
66941  -38.909  -3.377  43.559 0.0000000000
65992  -41.238  -4.221  43.690 0.0000000000
68828  -40.061  -1.537  42.800 0.0000000000
71722  -43.827  1.873  41.818 0.0000000000
73487  -45.457  3.301  41.269 0.0000000000
72596  -47.576  1.883  42.283 0.0000000000
73501  -46.552  3.691  40.658 0.0000000000
73521  -48.780  3.781  39.610 0.0000000000
60858  -31.685  -9.259  61.423 0.0000000000
58628  -32.984  -11.039  61.339 0.0000000000
60889  -31.885  -9.624  58.416 0.0000000000
60976  -33.146  -9.408  51.951 0.0000000000
147258  -33.521  -8.294  49.802 0.0000000000
61004  -36.072  -9.560  49.574 0.0000000000
64087  -34.208  -6.746  47.585 0.0000000000
65058  -35.700  -5.234  45.574 0.0000000000
52959  -30.361  -17.828  64.119 0.0000000000
49780  -12.778  -20.520  67.287 0.0000000000
49790  -14.536  -20.617  66.751 0.0000000000
127316  -5.902  -25.435  75.048 0.0000000000
45500  -3.873  -25.092  76.669 0.0000000000
71703  -39.870  1.566  43.132 0.0000000000
145743  -37.190  -10.231  62.003 0.0000000000
136594  -33.109  -17.114  67.880 0.0000000000
52945  -16.055  -17.393  64.854 0.0000000000
49799  -16.563  -20.409  65.653 0.0000000000
50867  -18.061  -19.672  65.244 0.0000000000
76430  -54.526  6.543  38.377 0.0000000000
56655  -36.194  -13.474  66.788 0.0000000000
56684  -35.647  -13.107  64.890 0.0000000000
57586  -33.964  -12.206  65.735 0.0000000000
56719  -23.409  -13.208  60.590 0.0000000000
54916  -25.578  -14.957  61.896 0.0000000000
56734  -26.688  -13.143  59.703 0.0000000000
55820  -29.562  -14.333  61.991 0.0000000000
142161  -31.095  -15.639  65.065 0.0000000000
54840  -30.938  -15.135  66.822 0.0000000000
53921  -31.956  -16.192  67.001 0.0000000000
54812  -33.442  -15.408  68.722 0.0000000000
55749  -35.843  -14.253  68.670 0.0000000000
139015  -40.224  -6.694  48.268 0.0000000000
142126  -41.487  0.273  42.435 0.0000000000
68841  -44.786  -1.114  42.799 0.0000000000
131960  -50.307  3.813  39.097 0.0000000000
143066  -7.637  -23.084  71.606 0.0000000000
44492  -7.527  -25.292  74.010 0.0000000000
126812  -35.347  -11.457  63.686 0.0000000000
59651  -35.661  -10.861  61.319 0.0000000000
58656  -36.226  -11.272  58.972 0.0000000000
59745  -31.670  -9.976  54.982 0.0000000000
59727  -34.509  -10.634  55.404 0.0000000000
151953  -37.325  -10.039  56.384 0.0000000000
59752  -37.931  -9.869  53.963 0.0000000000
60978  -39.453  -9.712  51.217 0.0000000000
132932  -39.359  -8.037  49.583 0.0000000000
128179  -37.816  -6.288  46.782 0.0000000000
65978  -36.957  -4.163  44.429 0.0000000000
138382  -25.926  -16.017  64.121 0.0000000000
49767  -10.593  -20.579  68.755 0.0000000000
46619  -12.261  -23.402  69.175 0.0000000000
47657  -16.489  -22.312  68.294 0.0000000000
127171  -2.101  -25.599  76.615 0.0000000000
52969  -22.920  -18.125  62.670 0.0000000000
52955  -23.786  -17.573  64.291 0.0000000000
53962  -24.034  -16.814  62.786 0.0000000000
55751  -37.544  -14.388  68.490 0.0000000000
54912  -22.197  -15.377  61.186 0.0000000000
54896  -21.112  -15.993  62.068 0.0000000000
53972  -21.724  -16.852  61.672 0.0000000000
147488  -21.751  -18.533  63.004 0.0000000000
68826  -38.667  -1.325  43.658 0.0000000000
68827  -39.361  -1.847  43.203 0.0000000000
142065  -39.400  -0.823  43.088 0.0000000000
75426  -43.786  5.208  41.858 0.0000000000
135434  -44.348  4.078  41.401 0.0000000000
151052  -45.025  4.779  40.975 0.0000000000
73500  -45.822  3.838  40.932 0.0000000000
74478  -45.617  4.668  40.762 0.0000000000
74479  -46.453  4.721  40.337 0.0000000000
60878  -31.492  -9.590  59.863 0.0000000000
63140  -32.832  -6.884  49.690 0.0000000000
63166  -33.474  -7.102  48.291 0.0000000000
65037  -32.375  -5.032  47.231 0.0000000000
146116  -33.360  -4.484  46.126 0.0000000000
52949  -31.376  -17.849  64.879 0.0000000000
51934  -30.500  -18.762  65.105 0.0000000000
51923  -31.667  -18.986  65.863 0.0000000000
50840  -14.230  -19.562  66.990 0.0000000000
50850  -14.802  -19.868  66.456 0.0000000000
74505  -52.282  4.725  38.437 0.0000000000
44438  -4.795  -25.346  76.186 0.0000000000
59579  -37.772  -10.736  65.960 0.0000000000
59620  -37.158  -10.020  63.693 0.0000000000
142876  -34.114  -17.048  68.526 0.0000000000
52919  -34.528  -17.781  68.806 0.0000000000
54881  -18.564  -16.155  63.645 0.0000000000
54880  -17.634  -16.213  63.957 0.0000000000
54866  -17.250  -15.620  64.660 0.0000000000
52965  -17.241  -16.932  63.721 0.0000000000
51939  -17.275  -18.820  63.983 0.0000000000
51940  -18.139  -19.047  63.968 0.0000000000
51929  -20.581  -18.838  65.924 0.0000000000
50869  -19.631  -19.059  65.815 0.0000000000
57577  -35.478  -12.967  67.451 0.0000000000
57588  -35.511  -13.096  66.457 0.0000000000
57576  -34.966  -12.370  67.098 0.0000000000
58637  -23.662  -11.719  60.759 0.0000000000
57638  -24.956  -12.540  60.094 0.0000000000
58639  -25.171  -11.475  60.295 0.0000000000
57623  -28.899  -12.469  61.999 0.0000000000
56694  -29.622  -13.664  63.146 0.0000000000
55813  -30.338  -14.949  63.101 0.0000000000
56683  -30.111  -14.200  64.504 0.0000000000
55747  -31.342  -14.631  68.795 0.0000000000
55762  -31.399  -14.954  68.108 0.0000000000
54827  -31.440  -15.393  67.330 0.0000000000
54828  -32.171  -15.566  67.670 0.0000000000
53908  -32.849  -16.138  67.860 0.0000000000
56622  -34.962  -12.828  69.084 0.0000000000
55732  -34.992  -13.783  68.844 0.0000000000
147038  -35.474  -13.513  68.431 0.0000000000
56623  -36.254  -13.878  68.261 0.0000000000
64106  -40.017  -6.386  46.448 0.0000000000
64093  -40.949  -6.537  47.432 0.0000000000
64124  -40.433  -6.211  45.823 0.0000000000
66945  -42.407  -3.488  43.614 0.0000000000
65984  -42.576  -4.409  44.291 0.0000000000
72592  -40.415  2.350  42.931 0.0000000000
70811  -40.197  0.887  42.773 0.0000000000
71709  -41.428  1.658  42.391 0.0000000000
71713  -45.128  1.296  41.974 0.0000000000
70821  -43.678  0.414  42.113 0.0000000000
136448  -45.123  -0.173  42.529 0.0000000000
68832  -46.459  -1.387  43.451 0.0000000000
73522  -49.780  3.415  39.509 0.0000000000
75443  -49.055  5.273  39.271 0.0000000000
74503  -50.485  4.556  38.798 0.0000000000
47627  -9.447  -22.225  69.919 0.0000000000
48652  -8.566  -21.786  70.873 0.0000000000
46593  -8.567  -23.126  71.053 0.0000000000
137205  -8.649  -24.574  73.170 0.0000000000
44456  -7.386  -25.420  75.405 0.0000000000
57608  -34.559  -12.595  64.638 0.0000000000
57609  -35.255  -12.724  64.551 0.0000000000
58607  -34.102  -11.503  63.643 0.0000000000
58644  -33.276  -11.394  60.129 0.0000000000
58629  -33.910  -11.086  61.469 0.0000000000
58645  -34.206  -11.416  60.176 0.0000000000
59666  -36.013  -10.973  60.756 0.0000000000
58655  -35.347  -11.390  59.141 0.0000000000
62067  -32.848  -8.643  52.735 0.0000000000
59792  -34.510  -10.307  51.603 0.0000000000
59777  -33.445  -10.376  52.805 0.0000000000
59749  -35.349  -10.543  53.855 0.0000000000
127732  -36.040  -10.539  56.416 0.0000000000
133562  -36.600  -10.329  54.724 0.0000000000
60908  -37.833  -9.771  55.543 0.0000000000
132865  -36.539  -10.411  53.044 0.0000000000
62117  -36.190  -8.524  48.476 0.0000000000
60991  -37.530  -10.065  50.157 0.0000000000
62104  -37.517  -8.920  49.115 0.0000000000
62106  -38.958  -8.475  49.560 0.0000000000
63171  -38.274  -7.393  48.682 0.0000000000
64074  -38.670  -6.929  48.346 0.0000000000
64090  -37.461  -6.643  47.334 0.0000000000
147422  -34.815  -3.089  44.969 0.0000000000
65958  -36.094  -4.576  44.888 0.0000000000
67863  -36.370  -2.678  44.635 0.0000000000
54917  -26.346  -15.051  62.045 0.0000000000
54900  -25.885  -15.223  62.796 0.0000000000
54902  -27.212  -16.059  62.832 0.0000000000
47667  -12.934  -22.075  67.261 0.0000000000
47653  -12.398  -22.675  67.893 0.0000000000
46633  -12.754  -23.207  68.692 0.0000000000
49782  -17.536  -21.025  66.836 0.0000000000
48698  -16.419  -21.514  66.879 0.0000000000
48675  -17.703  -21.806  68.031 0.0000000000
51919  -22.037  -18.380  66.201 0.0000000000
51920  -22.827  -18.128  66.028 0.0000000000
142587  -24.118  -17.243  65.740 0.0000000000
53940  -25.384  -16.142  65.690 0.0000000000
53911  -36.208  -16.090  69.086 0.0000000000
53898  -35.850  -16.817  69.194 0.0000000000
55810  -21.052  -15.085  63.743 0.0000000000
54883  -20.582  -15.589  63.023 0.0000000000
52968  -19.310  -17.614  62.736 0.0000000000
51955  -19.370  -18.552  63.275 0.0000000000
51956  -20.328  -18.536  63.417 0.0000000000
130554  -20.972  -18.668  64.054 0.0000000000
58564  -34.914  -12.052  68.125 0.0000000000
58563  -34.398  -11.651  67.576 0.0000000000
55729  -32.229  -14.346  69.504 0.0000000000
54799  -33.253  -14.675  69.205 0.0000000000
65980  -38.610  -4.697  44.105 0.0000000000
65981  -39.992  -4.972  44.067 0.0000000000
66942  -39.837  -3.529  43.437 0.0000000000
67876  -40.273  -2.849  43.147 0.0000000000
67888  -41.532  -2.092  42.878 0.0000000000
72594  -41.896  2.407  42.249 0.0000000000
151512  -43.260  3.156  41.823 0.0000000000
72606  -44.052  2.713  41.657 0.0000000000
71724  -45.541  2.047  41.767 0.0000000000
71715  -47.070  1.415  42.564 0.0000000000
72608  -46.551  2.461  41.555 0.0000000000
73489  -46.868  2.779  41.110 0.0000000000
72618  -48.055  2.390  40.706 0.0000000000
73520  -47.941  3.674  39.867 0.0000000000
75434  -47.367  5.183  39.783 0.0000000000
46595  -10.501  -23.563  71.047 0.0000000000
46583  -9.562  -23.872  72.079 0.0000000000
46584  -10.405  -23.768  72.657 0.0000000000
59634  -32.166  -10.219  62.628 0.0000000000
59617  -33.408  -11.008  63.152 0.0000000000
59633  -32.084  -10.377  61.848 0.0000000000
59665  -31.988  -10.994  60.151 0.0000000000
58663  -32.569  -11.148  58.874 0.0000000000
62078  -33.033  -8.767  52.002 0.0000000000
63141  -33.188  -7.618  50.260 0.0000000000
62090  -33.350  -8.401  50.544 0.0000000000
132583  -34.684  -9.699  50.364 0.0000000000
59807  -36.058  -10.323  50.784 0.0000000000
62101  -34.498  -8.702  49.206 0.0000000000
62116  -35.255  -8.428  48.517 0.0000000000
152748  -35.587  -7.457  47.723 0.0000000000
64103  -35.736  -6.345  46.793 0.0000000000
65039  -34.375  -5.476  46.429 0.0000000000
149204  -29.477  -16.732  62.640 0.0000000000
53953  -27.901  -17.305  64.117 0.0000000000
52958  -29.453  -18.161  64.307 0.0000000000
150082  -14.009  -20.857  67.046 0.0000000000
47669  -14.873  -22.139  67.437 0.0000000000
44490  -6.332  -25.057  73.852 0.0000000000
139011  -5.263  -22.946  73.996 0.0000000000
45537  -5.163  -24.566  74.720 0.0000000000
45536  -4.356  -24.314  75.368 0.0000000000
45517  -3.406  -24.521  76.177 0.0000000000
59653  -38.541  -10.176  61.440 0.0000000000
52929  -32.641  -18.302  67.014 0.0000000000
51924  -32.246  -19.297  66.657 0.0000000000
54850  -16.283  -15.774  65.766 0.0000000000
52944  -15.570  -17.527  65.650 0.0000000000
50864  -15.780  -19.669  65.532 0.0000000000
137494  -16.106  -19.052  64.996 0.0000000000
50866  -17.151  -20.007  65.031 0.0000000000
49793  -17.721  -20.357  66.319 0.0000000000
50879  -19.378  -19.198  64.905 0.0000000000
50854  -19.075  -19.291  66.547 0.0000000000
50842  -18.697  -19.804  67.657 0.0000000000
76429  -53.548  6.584  38.412 0.0000000000
56639  -36.980  -13.637  67.064 0.0000000000
56656  -36.826  -13.439  66.134 0.0000000000
127623  -36.156  -13.348  65.923 0.0000000000
57598  -34.553  -12.767  65.248 0.0000000000
57607  -33.839  -12.316  64.941 0.0000000000
58573  -33.551  -11.540  66.254 0.0000000000
59589  -32.824  -10.976  65.364 0.0000000000
59600  -32.536  -10.620  64.101 0.0000000000
60831  -31.852  -9.381  62.956 0.0000000000
128748  -22.951  -15.423  60.949 0.0000000000
141353  -23.864  -15.353  61.068 0.0000000000
55829  -24.298  -14.709  60.822 0.0000000000
55841  -25.704  -14.150  60.580 0.0000000000
55843  -27.548  -14.439  60.489 0.0000000000
58641  -27.647  -11.468  60.836 0.0000000000
152687  -28.283  -13.001  60.341 0.0000000000
134807  -28.720  -15.114  61.293 0.0000000000
54905  -30.249  -15.669  62.777 0.0000000000
52975  -30.918  -16.506  64.002 0.0000000000
132276  -31.646  -17.314  65.484 0.0000000000
56670  -30.018  -14.151  65.472 0.0000000000
54854  -31.051  -15.382  65.850 0.0000000000
54841  -31.439  -15.863  66.510 0.0000000000
53933  -32.253  -17.288  66.874 0.0000000000
53922  -32.534  -16.587  67.422 0.0000000000
53909  -33.475  -16.321  68.312 0.0000000000
54813  -34.390  -16.069  68.783 0.0000000000
54800  -34.050  -15.091  68.984 0.0000000000
55748  -35.062  -14.985  68.825 0.0000000000
54814  -35.504  -16.094  68.925 0.0000000000
54815  -36.189  -15.230  68.959 0.0000000000
55750  -36.723  -14.407  68.551 0.0000000000
56710  -22.266  -13.870  61.211 0.0000000000
65085  -41.371  -5.395  44.573 0.0000000000
69812  -39.793  0.095  42.838 0.0000000000
69822  -41.433  -0.536  42.496 0.0000000000
69823  -42.304  -0.729  42.446 0.0000000000
146870  -42.548  1.009  42.205 0.0000000000
69824  -43.097  -0.406  42.327 0.0000000000
68829  -44.206  -1.882  43.019 0.0000000000
67881  -45.381  -2.278  43.597 0.0000000000
74493  -51.077  3.818  38.880 0.0000000000
74504  -51.403  4.649  38.546 0.0000000000
76427  -51.239  6.477  38.721 0.0000000000
47614  -7.249  -22.319  71.748 0.0000000000
46582  -7.137  -23.596  72.185 0.0000000000
45562  -8.847  -24.189  72.366 0.0000000000
45561  -8.083  -24.396  72.500 0.0000000000
44506  -6.822  -24.857  73.185 0.0000000000
44475  -7.095  -25.486  74.556 0.0000000000
56673  -36.457  -13.173  65.220 0.0000000000
56685  -36.310  -12.341  64.603 0.0000000000
58609  -35.908  -10.739  63.503 0.0000000000
58616  -34.096  -11.123  62.766 0.0000000000
58617  -34.921  -10.883  62.520 0.0000000000
59618  -35.770  -10.517  62.841 0.0000000000
59652  -36.532  -10.590  61.435 0.0000000000
147084  -37.343  -10.589  60.914 0.0000000000
59680  -37.604  -10.750  59.293 0.0000000000
60907  -32.070  -10.030  56.641 0.0000000000
148243  -32.694  -10.468  56.612 0.0000000000
60964  -32.555  -9.658  53.112 0.0000000000
59747  -32.920  -10.592  54.427 0.0000000000
59703  -34.210  -10.969  57.094 0.0000000000
59690  -35.746  -11.045  57.690 0.0000000000
59704  -37.155  -10.635  57.915 0.0000000000
59795  -37.592  -10.266  51.521 0.0000000000
60951  -38.850  -9.783  52.593 0.0000000000
63172  -39.418  -6.887  48.718 0.0000000000
134651  -39.335  -6.720  47.822 0.0000000000
65061  -38.237  -5.655  45.426 0.0000000000
65042  -36.973  -5.749  45.971 0.0000000000
65060  -37.361  -5.451  45.432 0.0000000000
65979  -37.824  -4.611  44.361 0.0000000000
144570  -37.627  -3.850  44.091 0.0000000000
67865  -37.754  -2.409  44.081 0.0000000000
54885  -24.931  -16.086  63.251 0.0000000000
54886  -25.663  -15.762  63.947 0.0000000000
53941  -27.009  -16.889  64.731 0.0000000000
47639  -9.820  -22.044  69.283 0.0000000000
49768  -11.160  -20.642  68.039 0.0000000000
47651  -10.865  -22.167  68.231 0.0000000000
46617  -10.678  -23.324  69.474 0.0000000000
46597  -12.012  -23.570  70.976 0.0000000000
144652  -15.292  -20.721  66.402 0.0000000000
48687  -15.724  -21.823  67.234 0.0000000000
47656  -15.753  -22.534  68.641 0.0000000000
44415  -3.506  -25.667  77.820 0.0000000000
45499  -2.999  -24.923  76.735 0.0000000000
45516  -2.676  -24.427  76.224 0.0000000000
56657  -37.632  -13.351  66.518 0.0000000000
52985  -22.461  -17.675  61.923 0.0000000000
52986  -23.336  -17.419  62.227 0.0000000000
53974  -23.633  -16.718  61.988 0.0000000000
54913  -22.598  -15.979  61.207 0.0000000000
54898  -21.932  -16.080  61.475 0.0000000000
69810  -38.453  -0.665  44.254 0.0000000000
69811  -38.817  -0.542  43.703 0.0000000000
144631  -44.423  5.693  41.609 0.0000000000
74469  -44.466  4.831  41.311 0.0000000000
75432  -45.950  5.492  40.667 0.0000000000
65024  -32.193  -5.496  47.853 0.0000000000
52938  -31.710  -18.195  65.583 0.0000000000
51935  -31.252  -18.591  65.218 0.0000000000
127275  -14.508  -18.985  66.888 0.0000000000
75449  -52.673  5.535  38.338 0.0000000000
135986  -52.964  6.272  38.366 0.0000000000
59602  -37.251  -10.397  64.479 0.0000000000
53959  -18.849  -16.769  62.947 0.0000000000
53958  -17.988  -16.812  63.281 0.0000000000
52966  -17.684  -17.538  63.381 0.0000000000
51953  -17.825  -18.369  63.473 0.0000000000
58638  -24.368  -11.191  60.805 0.0000000000
57617  -29.285  -12.869  63.571 0.0000000000
141261  -29.664  -13.543  64.048 0.0000000000
56695  -30.070  -14.266  63.560 0.0000000000
150899  -31.866  -14.664  69.008 0.0000000000
145314  -32.046  -15.006  68.393 0.0000000000
131723  -32.785  -15.479  68.299 0.0000000000
64123  -39.474  -6.163  45.861 0.0000000000
65063  -40.046  -5.825  45.163 0.0000000000
67878  -42.033  -2.799  43.244 0.0000000000
66931  -43.106  -3.676  43.987 0.0000000000
66946  -43.917  -3.112  43.790 0.0000000000
72593  -41.039  2.453  42.582 0.0000000000
70822  -44.641  0.494  42.191 0.0000000000
70823  -45.560  0.665  42.374 0.0000000000
69827  -45.996  0.011  42.700 0.0000000000
76424  -49.354  6.145  39.340 0.0000000000
46605  -9.392  -22.953  70.330 0.0000000000
47626  -8.838  -22.311  70.624 0.0000000000
58595  -34.029  -12.001  64.316 0.0000000000
58606  -33.613  -11.484  63.992 0.0000000000
58653  -33.474  -11.465  59.524 0.0000000000
58654  -34.401  -11.477  59.309 0.0000000000
130058  -35.061  -11.400  59.833 0.0000000000
58665  -34.618  -11.398  58.518 0.0000000000
59778  -34.233  -10.496  52.506 0.0000000000
129922  -34.823  -10.624  53.130 0.0000000000
59765  -35.714  -10.560  53.089 0.0000000000
59750  -36.366  -10.400  53.886 0.0000000000
59780  -36.117  -10.458  52.318 0.0000000000
62118  -37.088  -8.389  48.602 0.0000000000
62119  -37.925  -8.073  48.899 0.0000000000
63170  -37.523  -7.623  48.342 0.0000000000
63186  -37.873  -6.965  48.078 0.0000000000
63185  -37.085  -7.158  47.782 0.0000000000
131315  -27.322  -15.482  61.946 0.0000000000
54901  -26.405  -15.489  62.858 0.0000000000
47654  -13.474  -22.780  68.050 0.0000000000
46620  -13.639  -23.204  69.236 0.0000000000
47641  -14.454  -22.977  69.485 0.0000000000
48689  -17.206  -21.615  67.245 0.0000000000
49769  -17.905  -21.128  67.571 0.0000000000
47592  -6.317  -22.439  73.153 0.0000000000
138531  -5.820  -22.888  73.608 0.0000000000
58585  -37.382  -11.666  65.355 0.0000000000
51931  -22.428  -18.469  65.219 0.0000000000
52946  -23.670  -17.761  65.170 0.0000000000
52947  -24.274  -17.143  65.027 0.0000000000
147554  -24.657  -16.665  65.537 0.0000000000
53939  -24.882  -16.370  64.959 0.0000000000
56701  -21.709  -13.697  62.760 0.0000000000
55811  -21.457  -14.467  63.322 0.0000000000
53971  -20.807  -16.844  61.921 0.0000000000
53961  -20.274  -16.309  62.459 0.0000000000
53960  -19.641  -16.780  62.612 0.0000000000
52982  -19.980  -17.589  62.481 0.0000000000
51964  -19.891  -18.165  62.888 0.0000000000
51965  -20.521  -18.192  62.745 0.0000000000
130447  -21.755  -18.664  63.712 0.0000000000
51943  -21.687  -18.703  64.602 0.0000000000
51930  -21.502  -18.661  65.526 0.0000000000
58552  -34.417  -11.381  68.365 0.0000000000
55730  -33.100  -14.017  69.776 0.0000000000
58543  -34.295  -11.418  69.585 0.0000000000
57568  -34.763  -12.067  68.912 0.0000000000
65990  -39.300  -4.329  43.759 0.0000000000
138648  -39.921  -2.236  42.965 0.0000000000
67887  -40.618  -2.164  42.861 0.0000000000
67877  -41.128  -2.846  43.111 0.0000000000
68837  -40.982  -1.392  42.651 0.0000000000
73474  -42.050  3.897  42.416 0.0000000000
73475  -42.992  3.937  42.054 0.0000000000
73486  -44.653  3.417  41.418 0.0000000000
73485  -43.850  3.616  41.633 0.0000000000
146744  -45.060  2.689  41.523 0.0000000000
71725  -46.220  2.136  41.820 0.0000000000
72607  -45.874  2.647  41.533 0.0000000000
73488  -46.189  3.125  41.195 0.0000000000
130460  -47.460  3.135  40.491 0.0000000000
74480  -47.232  4.112  40.014 0.0000000000
75433  -46.675  5.725  40.299 0.0000000000
59649  -31.688  -10.111  61.320 0.0000000000
59687  -31.751  -10.141  59.138 0.0000000000
59677  -31.683  -10.525  59.783 0.0000000000
59678  -32.044  -10.838  59.348 0.0000000000
59688  -32.181  -10.487  58.424 0.0000000000
63155  -33.136  -7.543  49.554 0.0000000000
150926  -33.171  -7.963  50.071 0.0000000000
60988  -33.833  -9.297  50.736 0.0000000000
61002  -34.116  -9.001  50.035 0.0000000000
62115  -33.788  -8.094  49.189 0.0000000000
63182  -34.272  -7.480  48.163 0.0000000000
131407  -35.042  -7.840  48.069 0.0000000000
63183  -34.955  -7.251  47.619 0.0000000000
141819  -35.074  -6.698  47.190 0.0000000000
64102  -34.754  -6.175  46.839 0.0000000000
65941  -33.763  -4.113  45.631 0.0000000000
52988  -29.986  -17.003  62.991 0.0000000000
52987  -29.244  -17.236  63.018 0.0000000000
50871  -30.273  -19.196  65.712 0.0000000000
50870  -29.568  -18.933  65.473 0.0000000000
49781  -13.654  -20.190  67.125 0.0000000000
48686  -14.324  -21.460  67.077 0.0000000000
44473  -5.761  -25.117  74.537 0.0000000000
145337  -4.315  -25.008  75.945 0.0000000000
60845  -37.878  -9.707  63.310 0.0000000000
59639  -38.047  -9.970  62.277 0.0000000000
148643  -37.786  -10.340  61.460 0.0000000000
145036  -32.743  -17.449  67.416 0.0000000000
52917  -33.118  -18.239  67.738 0.0000000000
139058  -16.364  -16.653  64.704 0.0000000000
54865  -16.570  -15.942  65.020 0.0000000000
53938  -15.980  -16.595  65.493 0.0000000000
51928  -15.843  -18.181  65.084 0.0000000000
50877  -17.632  -19.430  64.506 0.0000000000
50852  -17.677  -20.034  65.633 0.0000000000
51941  -19.025  -19.056  64.071 0.0000000000
138251  -19.432  -19.130  67.272 0.0000000000
132830  -18.995  -19.422  67.292 0.0000000000
57587  -34.755  -12.642  66.116 0.0000000000
145793  -33.660  -10.781  67.300 0.0000000000
58562  -33.837  -11.268  67.078 0.0000000000
59578  -33.368  -10.701  66.714 0.0000000000
60795  -32.490  -9.383  65.244 0.0000000000
129414  -32.527  -10.407  64.952 0.0000000000
58582  -32.851  -11.186  64.701 0.0000000000
60813  -32.236  -9.739  64.355 0.0000000000
132960  -32.126  -10.033  63.511 0.0000000000
56711  -22.927  -13.963  60.715 0.0000000000
55828  -23.371  -14.726  60.767 0.0000000000
55839  -23.838  -14.044  60.549 0.0000000000
56733  -25.922  -12.945  59.742 0.0000000000
56721  -25.332  -13.487  60.202 0.0000000000
56722  -26.261  -13.600  60.080 0.0000000000
55842  -26.635  -14.247  60.521 0.0000000000
56723  -27.236  -13.703  59.984 0.0000000000
148154  -29.165  -13.497  61.649 0.0000000000
57630  -28.630  -12.789  61.065 0.0000000000
55833  -29.032  -14.379  61.268 0.0000000000
55834  -29.429  -15.016  61.768 0.0000000000
54904  -29.730  -15.659  62.200 0.0000000000
55821  -29.952  -14.980  62.381 0.0000000000
54873  -30.911  -15.606  64.355 0.0000000000
54889  -30.636  -15.664  63.528 0.0000000000
54874  -31.173  -16.194  64.697 0.0000000000
53943  -31.359  -16.947  64.746 0.0000000000
54855  -31.408  -16.300  65.503 0.0000000000
55761  -30.914  -14.819  67.730 0.0000000000
56637  -30.426  -14.023  67.968 0.0000000000
136979  -30.435  -14.457  67.064 0.0000000000
56654  -29.935  -14.051  66.396 0.0000000000
55776  -30.538  -14.654  66.101 0.0000000000
53932  -31.797  -16.770  66.282 0.0000000000
56638  -36.049  -13.544  67.775 0.0000000000
56624  -37.092  -13.847  67.924 0.0000000000
57636  -23.030  -12.355  60.834 0.0000000000
57629  -22.275  -12.321  61.559 0.0000000000
56718  -22.572  -13.118  61.003 0.0000000000
55827  -22.535  -14.685  60.929 0.0000000000
64075  -40.700  -6.742  49.087 0.0000000000
64108  -41.628  -6.464  46.695 0.0000000000
64094  -41.804  -6.506  47.589 0.0000000000
65982  -40.875  -4.910  44.018 0.0000000000
65983  -41.752  -4.784  44.070 0.0000000000
70801  -39.348  0.932  43.893 0.0000000000
136142  -39.150  0.130  43.497 0.0000000000
70810  -39.587  0.749  43.113 0.0000000000
70818  -41.036  0.928  42.497 0.0000000000
142367  -40.699  0.171  42.575 0.0000000000
72595  -42.991  2.306  41.952 0.0000000000
71710  -42.312  1.563  42.184 0.0000000000
71711  -43.187  1.239  42.035 0.0000000000
69825  -44.181  -0.341  42.418 0.0000000000
68840  -43.750  -1.169  42.668 0.0000000000
68830  -44.923  -1.886  43.178 0.0000000000
67882  -46.153  -2.047  43.724 0.0000000000
71726  -46.821  1.936  42.022 0.0000000000
73523  -50.750  3.099  39.474 0.0000000000
75445  -50.266  6.259  38.955 0.0000000000
75447  -50.816  5.500  38.630 0.0000000000
75448  -51.751  5.556  38.402 0.0000000000
47616  -8.037  -22.253  71.241 0.0000000000
46592  -6.994  -22.899  71.964 0.0000000000
45563  -9.530  -24.181  72.980 0.0000000000
45550  -8.321  -24.967  74.003 0.0000000000
145286  -7.625  -24.886  73.281 0.0000000000
45560  -7.300  -24.364  72.569 0.0000000000
44491  -6.935  -25.377  73.774 0.0000000000
132547  -6.923  -25.472  75.980 0.0000000000
56674  -37.226  -13.229  65.800 0.0000000000
58596  -34.771  -12.067  64.030 0.0000000000
130988  -35.612  -12.177  64.237 0.0000000000
58597  -36.096  -11.404  64.119 0.0000000000
127364  -33.514  -10.948  62.119 0.0000000000
58630  -34.869  -10.974  61.585 0.0000000000
133890  -34.253  -10.967  62.074 0.0000000000
59636  -35.681  -10.618  62.068 0.0000000000
59637  -36.458  -10.318  62.460 0.0000000000
58647  -35.946  -11.247  59.899 0.0000000000
59667  -36.705  -10.893  60.421 0.0000000000
59679  -36.851  -11.064  59.550 0.0000000000
59668  -37.472  -10.748  60.086 0.0000000000
60938  -31.701  -9.455  54.673 0.0000000000
62011  -31.818  -9.152  55.745 0.0000000000
59709  -31.794  -9.903  55.709 0.0000000000
59710  -32.278  -10.320  55.869 0.0000000000
62066  -32.737  -9.205  52.542 0.0000000000
60965  -32.944  -9.865  52.519 0.0000000000
59748  -33.887  -10.643  54.227 0.0000000000
59763  -33.248  -10.509  53.585 0.0000000000
59726  -33.537  -10.672  55.109 0.0000000000
147892  -33.822  -10.645  55.842 0.0000000000
59712  -34.472  -10.758  56.287 0.0000000000
58673  -34.910  -11.225  57.739 0.0000000000
127717  -35.322  -10.897  56.906 0.0000000000
59713  -36.809  -10.271  56.411 0.0000000000
146857  -36.422  -10.635  57.229 0.0000000000
144921  -37.842  -10.315  57.809 0.0000000000
60919  -37.836  -9.803  54.777 0.0000000000
60989  -35.593  -9.927  50.207 0.0000000000
59794  -36.620  -10.402  51.550 0.0000000000
60990  -36.556  -10.058  50.134 0.0000000000
60992  -38.384  -9.835  50.268 0.0000000000
59796  -38.289  -10.131  51.428 0.0000000000
59782  -38.868  -9.941  51.747 0.0000000000
62091  -39.543  -8.742  49.949 0.0000000000
63142  -39.967  -7.884  49.834 0.0000000000
144556  -40.297  -7.359  49.762 0.0000000000
63157  -39.622  -7.348  49.385 0.0000000000
64091  -38.410  -6.597  47.394 0.0000000000
64105  -38.521  -6.153  46.308 0.0000000000
65040  -35.289  -5.712  46.246 0.0000000000
65041  -36.247  -5.874  46.177 0.0000000000
65059  -36.547  -5.315  45.439 0.0000000000
65959  -37.056  -4.917  44.840 0.0000000000
65081  -37.763  -5.218  44.870 0.0000000000
54915  -24.753  -15.103  61.505 0.0000000000
152835  -24.346  -15.630  61.721 0.0000000000
54899  -25.142  -15.411  62.449 0.0000000000
54887  -25.966  -15.637  63.588 0.0000000000
136536  -25.683  -15.521  63.263 0.0000000000
128263  -25.817  -16.006  64.403 0.0000000000
54870  -25.823  -16.105  65.336 0.0000000000
54852  -26.085  -16.205  65.954 0.0000000000
53942  -27.540  -17.520  65.090 0.0000000000
49754  -9.608  -21.308  69.735 0.0000000000
48663  -10.115  -21.358  68.997 0.0000000000
149681  -12.313  -20.135  67.668 0.0000000000
50828  -11.718  -20.136  67.930 0.0000000000
49779  -11.928  -20.814  67.499 0.0000000000
46632  -11.861  -23.137  68.568 0.0000000000
47652  -11.496  -22.465  67.990 0.0000000000
46631  -10.867  -22.943  68.694 0.0000000000
46618  -11.503  -23.413  69.302 0.0000000000
46607  -11.176  -23.540  70.262 0.0000000000
46608  -12.299  -23.504  70.013 0.0000000000
135438  -15.589  -20.244  66.021 0.0000000000
49791  -16.166  -21.004  66.283 0.0000000000
48688  -16.474  -21.988  67.543 0.0000000000
47670  -15.725  -22.251  67.854 0.0000000000
149805  -2.202  -25.777  77.037 0.0000000000
44436  -2.479  -25.449  76.943 0.0000000000
45498  -2.296  -25.032  76.427 0.0000000000
51958  -22.368  -18.499  63.244 0.0000000000
51945  -23.140  -18.238  64.657 0.0000000000
51959  -23.068  -18.185  63.700 0.0000000000
52970  -23.587  -17.532  63.232 0.0000000000
52971  -24.277  -16.858  63.724 0.0000000000
54897  -21.664  -15.309  61.887 0.0000000000
54884  -21.261  -15.188  62.809 0.0000000000
52983  -20.656  -17.619  62.195 0.0000000000
52984  -21.491  -17.675  61.962 0.0000000000
51967  -22.103  -18.298  62.435 0.0000000000
59559  -34.100  -11.088  69.540 0.0000000000
67874  -38.605  -2.374  43.630 0.0000000000
67875  -39.475  -2.704  43.308 0.0000000000
74468  -43.761  4.412  41.733 0.0000000000
74470  -45.035  4.126  41.085 0.0000000000
150635  -46.104  4.213  40.665 0.0000000000
60869  -31.553  -9.448  60.769 0.0000000000
61984  -31.716  -8.857  60.392 0.0000000000
60879  -31.721  -9.299  59.088 0.0000000000
145883  -33.044  -7.218  48.876 0.0000000000
138387  -33.623  -7.649  48.779 0.0000000000
63165  -32.795  -6.700  48.541 0.0000000000
64086  -33.201  -6.477  47.823 0.0000000000
65025  -32.863  -5.755  47.456 0.0000000000
65038  -33.346  -5.165  46.659 0.0000000000
65940  -32.645  -4.440  46.534 0.0000000000
51949  -30.923  -18.198  64.591 0.0000000000
51948  -30.234  -18.329  64.579 0.0000000000
50872  -31.056  -19.263  65.611 0.0000000000
74506  -53.149  4.846  38.480 0.0000000000
44454  -5.644  -25.479  75.749 0.0000000000
44439  -5.296  -25.475  76.595 0.0000000000
133662  -4.362  -25.352  77.024 0.0000000000
60832  -37.774  -9.871  64.204 0.0000000000
59638  -37.166  -9.966  62.852 0.0000000000
52918  -33.723  -17.822  68.285 0.0000000000
54869  -20.245  -15.399  63.968 0.0000000000
54868  -19.224  -15.558  64.174 0.0000000000
54867  -18.215  -15.606  64.422 0.0000000000
55786  -17.866  -15.030  65.118 0.0000000000
53949  -16.834  -16.339  64.259 0.0000000000
52953  -16.591  -17.197  64.181 0.0000000000
51938  -16.474  -18.304  64.396 0.0000000000
52954  -17.132  -17.859  63.790 0.0000000000
133506  -20.105  -18.969  65.167 0.0000000000
50855  -19.879  -18.936  66.734 0.0000000000
58574  -34.176  -11.998  66.675 0.0000000000
56720  -24.371  -13.325  60.363 0.0000000000
149754  -24.377  -11.838  60.370 0.0000000000
140025  -25.749  -12.203  59.858 0.0000000000
58615  -28.414  -11.683  62.405 0.0000000000
57616  -28.872  -12.252  63.013 0.0000000000
57624  -29.296  -13.074  62.612 0.0000000000
56702  -29.524  -13.809  62.391 0.0000000000
55812  -29.869  -14.355  62.730 0.0000000000
55802  -30.564  -14.887  63.975 0.0000000000
55790  -30.699  -14.875  65.030 0.0000000000
55746  -30.966  -14.484  68.530 0.0000000000
64092  -40.096  -6.567  47.221 0.0000000000
64107  -40.752  -6.426  46.566 0.0000000000
64125  -41.339  -6.257  45.870 0.0000000000
66944  -41.606  -3.514  43.459 0.0000000000
146851  -42.535  -3.925  43.902 0.0000000000
72584  -40.089  2.205  43.494 0.0000000000
71708  -40.578  1.682  42.664 0.0000000000
70819  -41.964  0.830  42.293 0.0000000000
71712  -44.196  1.188  41.899 0.0000000000
68831  -45.701  -1.504  43.157 0.0000000000
69826  -45.609  -0.724  42.795 0.0000000000
69813  -46.332  -0.717  43.052 0.0000000000
74491  -48.731  4.621  39.408 0.0000000000
74492  -49.536  4.398  39.186 0.0000000000
75444  -49.874  5.371  38.950 0.0000000000
44457  -7.892  -25.219  74.741 0.0000000000
56671  -35.092  -13.010  64.889 0.0000000000
58643  -32.654  -11.205  60.523 0.0000000000
131903  -33.555  -11.244  60.764 0.0000000000
134359  -34.366  -11.192  60.934 0.0000000000
58646  -35.187  -11.225  60.661 0.0000000000
62055  -31.880  -9.232  54.244 0.0000000000
60977  -33.736  -9.700  51.388 0.0000000000
59791  -33.584  -10.133  52.048 0.0000000000
59764  -34.023  -10.593  53.321 0.0000000000
127575  -34.804  -10.561  54.571 0.0000000000
127731  -35.343  -10.634  55.963 0.0000000000
59728  -35.366  -10.539  55.227 0.0000000000
59729  -36.308  -10.368  55.554 0.0000000000
126861  -37.211  -10.031  55.884 0.0000000000
59730  -37.183  -10.093  55.146 0.0000000000
59751  -37.213  -10.137  54.340 0.0000000000
59766  -37.249  -10.179  53.446 0.0000000000
62103  -36.590  -9.066  49.008 0.0000000000
61005  -37.032  -9.581  49.573 0.0000000000
61006  -37.946  -9.425  49.680 0.0000000000
60993  -39.174  -9.520  50.442 0.0000000000
62105  -38.341  -8.651  49.348 0.0000000000
63156  -38.758  -7.814  49.228 0.0000000000
147890  -38.909  -7.203  48.965 0.0000000000
133635  -35.274  -4.626  45.251 0.0000000000
66912  -35.202  -3.864  44.853 0.0000000000
65977  -36.195  -3.601  44.565 0.0000000000
66929  -37.129  -3.190  44.273 0.0000000000
55831  -26.079  -14.626  61.229 0.0000000000
54888  -26.377  -15.969  63.551 0.0000000000
47666  -12.027  -21.839  67.391 0.0000000000
132870  -12.859  -23.388  69.443 0.0000000000
49792  -17.035  -21.091  66.283 0.0000000000
130769  -17.116  -22.099  67.908 0.0000000000
58598  -36.838  -11.310  64.699 0.0000000000
51907  -21.577  -18.395  67.191 0.0000000000
51908  -22.536  -17.987  66.959 0.0000000000
51909  -23.216  -17.756  66.544 0.0000000000
52935  -23.487  -17.754  65.905 0.0000000000
54882  -19.559  -15.993  63.152 0.0000000000
51957  -21.109  -18.482  63.259 0.0000000000
128826  -20.841  -18.833  64.927 0.0000000000
51918  -21.304  -18.616  66.355 0.0000000000
59568  -33.950  -10.888  67.905 0.0000000000
56610  -34.563  -13.242  69.504 0.0000000000
65083  -39.197  -5.137  44.268 0.0000000000
143074  -39.776  -5.435  44.593 0.0000000000
65991  -40.330  -4.274  43.685 0.0000000000
66943  -40.736  -3.554  43.390 0.0000000000
67889  -42.451  -2.030  42.968 0.0000000000
130454  -41.548  3.189  42.482 0.0000000000
72605  -42.416  3.176  42.111 0.0000000000
71723  -44.643  1.964  41.735 0.0000000000
71714  -46.130  1.486  42.171 0.0000000000
72609  -47.230  2.143  41.680 0.0000000000
73502  -48.381  3.054  40.176 0.0000000000
74490  -48.023  4.416  39.606 0.0000000000
134531  -48.287  5.219  39.488 0.0000000000
46594  -9.569  -23.528  71.130 0.0000000000
127139  -10.176  -23.697  71.755 0.0000000000
59616  -32.685  -10.658  63.242 0.0000000000
59635  -32.705  -10.686  62.141 0.0000000000
59650  -32.146  -10.816  61.100 0.0000000000
59664  -31.603  -10.383  60.507 0.0000000000
58652  -32.621  -11.283  59.659 0.0000000000
59689  -32.811  -11.051  58.078 0.0000000000
63128  -33.344  -8.255  51.216 0.0000000000
60987  -33.253  -8.916  51.316 0.0000000000
59805  -34.393  -9.895  50.967 0.0000000000
59806  -35.102  -10.249  50.826 0.0000000000
59793  -35.552  -10.441  51.521 0.0000000000
61003  -35.072  -9.421  49.663 0.0000000000
62102  -35.612  -9.006  49.034 0.0000000000
63167  -34.412  -8.071  48.638 0.0000000000
63168  -35.840  -7.970  48.030 0.0000000000
63184  -36.271  -7.326  47.680 0.0000000000
64089  -36.552  -6.695  47.191 0.0000000000
64088  -35.720  -6.922  47.374 0.0000000000
65057  -34.868  -5.061  45.779 0.0000000000
65942  -34.066  -4.772  46.008 0.0000000000
65957  -34.567  -4.362  45.413 0.0000000000
66911  -34.317  -3.592  45.227 0.0000000000
67850  -35.031  -2.359  45.212 0.0000000000
53986  -28.752  -16.149  62.017 0.0000000000
53976  -27.942  -16.574  62.856 0.0000000000
53963  -28.354  -17.092  63.239 0.0000000000
52972  -28.863  -17.680  63.709 0.0000000000
52957  -28.444  -18.009  64.544 0.0000000000
51947  -29.721  -18.599  64.882 0.0000000000
51946  -28.921  -18.592  65.042 0.0000000000
144098  -13.003  -19.808  67.697 0.0000000000
127000  -13.832  -19.396  67.709 0.0000000000
48685  -13.428  -21.217  67.041 0.0000000000
47668  -13.885  -22.113  67.363 0.0000000000
151045  -14.306  -22.498  67.891 0.0000000000
49756  -18.836  -20.612  68.745 0.0000000000
45549  -6.264  -24.326  73.446 0.0000000000
46569  -5.712  -23.612  73.800 0.0000000000
45548  -5.700  -24.430  74.106 0.0000000000
46560  -4.954  -23.670  74.456 0.0000000000
45518  -5.132  -25.155  75.329 0.0000000000
46546  -3.482  -23.554  75.755 0.0000000000
71697  -39.729  1.714  44.167 0.0000000000
73463  -40.602  2.847  43.590 0.0000000000
73464  -41.190  3.624  43.529 0.0000000000
59669  -38.247  -10.435  60.624 0.0000000000
51912  -32.844  -19.105  67.290 0.0000000000
52920  -35.266  -17.455  69.119 0.0000000000
53927  -15.846  -16.170  66.493 0.0000000000
52934  -15.569  -16.931  66.230 0.0000000000
138386  -15.218  -17.596  66.666 0.0000000000
50851  -15.041  -19.312  66.198 0.0000000000
152541  -15.331  -18.567  65.777 0.0000000000
50865  -16.507  -19.787  65.065 0.0000000000
50876  -16.809  -19.347  64.538 0.0000000000
147810  -17.210  -20.462  65.691 0.0000000000
49783  -18.082  -20.333  67.250 0.0000000000
51954  -18.554  -18.680  63.457 0.0000000000
50878  -18.528  -19.363  64.690 0.0000000000
50868  -18.859  -19.399  65.548 0.0000000000
133893  -18.344  -19.739  66.023 0.0000000000
50853  -18.462  -19.760  66.881 0.0000000000
49770  -18.440  -20.416  68.004 0.0000000000
56640  -37.667  -13.638  67.323 0.0000000000
56672  -35.468  -13.147  65.460 0.0000000000
58594  -33.385  -11.700  64.546 0.0000000000
129994  -33.115  -11.054  65.924 0.0000000000
58583  -33.256  -11.672  65.330 0.0000000000
136865  -32.003  -9.107  63.748 0.0000000000
54914  -23.493  -16.075  61.435 0.0000000000
55830  -25.192  -14.629  61.061 0.0000000000
55840  -24.788  -14.102  60.550 0.0000000000
55832  -26.979  -14.784  61.213 0.0000000000
54918  -27.901  -15.167  61.013 0.0000000000
59662  -25.834  -10.737  60.809 0.0000000000
59663  -26.823  -10.974  60.757 0.0000000000
57640  -27.486  -12.237  60.053 0.0000000000
58627  -28.329  -11.916  61.420 0.0000000000
58642  -28.116  -12.319  60.538 0.0000000000
56735  -27.345  -12.985  59.698 0.0000000000
137486  -27.986  -14.059  60.135 0.0000000000
55844  -28.306  -14.558  60.680 0.0000000000
54919  -28.358  -15.661  61.641 0.0000000000
54920  -29.113  -15.686  61.766 0.0000000000
53979  -29.901  -16.352  62.602 0.0000000000
53964  -30.433  -16.430  63.184 0.0000000000
52974  -30.474  -17.162  63.626 0.0000000000
52960  -31.006  -17.455  64.241 0.0000000000
56682  -29.536  -13.551  64.971 0.0000000000
135916  -31.940  -17.592  66.130 0.0000000000
152871  -33.603  -17.082  68.209 0.0000000000
57621  -21.863  -12.939  62.186 0.0000000000
56709  -21.895  -13.764  61.938 0.0000000000
55826  -21.987  -14.590  61.535 0.0000000000
141015  -41.170  -6.570  48.348 0.0000000000
65084  -40.502  -5.432  44.566 0.0000000000
65064  -40.930  -5.885  45.170 0.0000000000
130143  -41.832  -5.861  45.214 0.0000000000
65086  -42.217  -5.231  44.686 0.0000000000
69821  -40.352  -0.669  42.684 0.0000000000
68838  -41.932  -1.349  42.622 0.0000000000
70820  -42.772  0.483  42.186 0.0000000000
140512  -42.184  -0.030  42.316 0.0000000000
68839  -42.816  -1.278  42.622 0.0000000000
67890  -43.344  -1.941  42.981 0.0000000000
67880  -44.542  -2.523  43.518 0.0000000000
74494  -51.917  3.983  38.827 0.0000000000
76425  -51.247  7.304  39.102 0.0000000000
48638  -7.017  -21.869  72.054 0.0000000000
46581  -6.638  -23.156  72.526 0.0000000000
45559  -6.704  -24.043  72.782 0.0000000000
45572  -8.849  -23.801  71.654 0.0000000000
141867  -8.213  -23.613  71.613 0.0000000000
45570  -7.763  -23.894  72.008 0.0000000000
44474  -6.439  -25.413  74.480 0.0000000000
44455  -6.517  -25.532  75.318 0.0000000000
152187  -35.873  -12.843  64.659 0.0000000000
58608  -34.684  -11.307  63.318 0.0000000000
148176  -35.303  -10.940  63.152 0.0000000000
59619  -36.489  -10.259  63.256 0.0000000000
150750  -37.225  -10.436  61.456 0.0000000000
62003  -32.127  -9.181  57.807 0.0000000000
62012  -32.207  -8.771  56.135 0.0000000000
144177  -31.908  -9.404  56.258 0.0000000000
60899  -32.042  -9.856  57.608 0.0000000000
59701  -32.487  -10.440  57.460 0.0000000000
59702  -33.194  -10.836  57.279 0.0000000000
135411  -32.422  -8.984  53.194 0.0000000000
59762  -32.454  -10.184  53.811 0.0000000000
59776  -32.884  -10.186  53.120 0.0000000000
59725  -32.544  -10.542  55.213 0.0000000000
130484  -33.008  -10.580  55.864 0.0000000000
59711  -33.545  -10.698  56.511 0.0000000000
58672  -33.822  -11.239  57.882 0.0000000000
58666  -35.573  -11.268  58.369 0.0000000000
59691  -36.384  -11.036  58.153 0.0000000000
126767  -37.021  -10.989  58.732 0.0000000000
59692  -37.749  -10.552  58.515 0.0000000000
59681  -38.442  -10.371  59.116 0.0000000000
59715  -38.207  -9.752  56.710 0.0000000000
138494  -37.218  -10.253  52.441 0.0000000000
59767  -38.029  -9.864  53.030 0.0000000000
59809  -37.986  -10.265  50.786 0.0000000000
59781  -38.155  -10.029  52.140 0.0000000000
64061  -40.025  -6.854  49.095 0.0000000000
127030  -39.301  -6.479  46.836 0.0000000000
152489  -38.838  -5.943  45.634 0.0000000000
64104  -37.026  -6.234  46.603 0.0000000000
65043  -37.661  -5.872  46.128 0.0000000000
65082  -38.451  -5.235  44.612 0.0000000000
142179  -38.348  -4.041  43.838 0.0000000000
66930  -38.034  -3.215  43.852 0.0000000000
141313  -38.121  -1.768  43.956 0.0000000000
68818  -38.141  -1.113  44.437 0.0000000000
53975  -24.307  -16.124  62.268 0.0000000000
53950  -24.895  -16.351  64.016 0.0000000000
53951  -25.584  -15.947  64.762 0.0000000000
53952  -27.270  -16.628  63.637 0.0000000000
54872  -26.342  -16.413  64.351 0.0000000000
53931  -27.419  -17.428  66.191 0.0000000000
53930  -26.866  -16.954  65.849 0.0000000000
54853  -26.326  -16.570  65.421 0.0000000000
50858  -31.359  -19.608  66.363 0.0000000000
46616  -9.979  -22.870  69.380 0.0000000000
48674  -11.278  -21.542  67.794 0.0000000000
48673  -10.665  -21.421  68.349 0.0000000000
47640  -10.324  -22.208  68.748 0.0000000000
46596  -11.247  -23.568  71.216 0.0000000000
48697  -15.643  -21.323  66.717 0.0000000000
150254  -15.057  -21.482  66.945 0.0000000000
142357  -15.011  -22.521  68.226 0.0000000000
133206  -18.046  -21.803  68.731 0.0000000000
138694  -17.341  -22.198  68.755 0.0000000000
152641  -15.756  -22.619  69.215 0.0000000000
47642  -15.135  -22.708  69.167 0.0000000000
75450  -53.663  5.727  38.357 0.0000000000
44427  -4.089  -25.441  77.890 0.0000000000
44437  -3.288  -25.419  77.303 0.0000000000
44453  -1.965  -25.234  75.892 0.0000000000
45515  -2.221  -24.460  75.958 0.0000000000
45571  -8.357  -24.011  71.998 0.0000000000
47604  -6.768  -22.363  72.271 0.0000000000
48684  -12.568  -21.266  67.126 0.0000000000
51932  -23.144  -18.155  65.392 0.0000000000
51966  -21.271  -18.235  62.532 0.0000000000
52973  -29.765  -17.563  63.578 0.0000000000
53977  -28.765  -16.670  62.538 0.0000000000
53978  -29.342  -16.245  62.211 0.0000000000
54871  -26.092  -16.298  65.090 0.0000000000
56712  -28.550  -13.712  60.613 0.0000000000
56724  -27.927  -13.412  59.978 0.0000000000
56736  -27.876  -12.802  59.958 0.0000000000
57628  -22.093  -13.158  61.543 0.0000000000
57637  -23.932  -12.475  60.444 0.0000000000
57639  -26.620  -12.436  59.768 0.0000000000
58640  -26.198  -11.533  60.226 0.0000000000
59714  -37.762  -9.822  56.258 0.0000000000
59746  -32.149  -10.317  54.684 0.0000000000
59761  -31.894  -9.821  54.359 0.0000000000
59808  -37.090  -10.328  50.792 0.0000000000
59810  -38.729  -9.992  50.967 0.0000000000
60844  -31.849  -9.576  62.086 0.0000000000
60950  -32.166  -9.446  53.736 0.0000000000
61007  -38.759  -9.167  49.820 0.0000000000
61953  -32.013  -8.568  63.116 0.0000000000
62021  -31.674  -9.313  55.184 0.0000000000
62040  -31.907  -8.843  54.623 0.0000000000
64062  -40.407  -7.008  49.601 0.0000000000
64085  -32.468  -6.109  48.170 0.0000000000
65026  -33.811  -5.952  47.129 0.0000000000
65993  -42.044  -4.103  43.766 0.0000000000
127774  -34.563  -10.584  53.811 0.0000000000
127826  -35.810  -10.469  54.642 0.0000000000
129595  -24.674  -16.604  66.223 0.0000000000
134124  -37.484  -10.137  57.009 0.0000000000
136288  -26.988  -11.663  60.265 0.0000000000
144253  -31.978  -10.280  55.292 0.0000000000
151125  -34.181  -10.627  54.824 0.0000000000
151614  -36.406  -6.303  46.689 0.0000000000
152942  -15.105  -21.047  66.633 0.0000000000
153261  -32.986  -11.383  59.180 0.0000000000
