#!ascii label  , from subject sub-v1s21x0050403_ses-1 vox2ras=TkReg
407
74068  -26.533  3.759  -16.364 0.0000000000
69372  -24.640  -0.582  -12.240 0.0000000000
72216  -30.278  0.861  -12.506 0.0000000000
66453  -27.957  -4.069  -11.200 0.0000000000
85508  -27.501  15.375  -14.857 0.0000000000
125020  -27.641  12.574  -15.726 0.0000000000
78934  -23.729  9.793  -16.207 0.0000000000
62756  -28.101  -8.081  -8.266 0.0000000000
133868  -25.972  -2.309  -12.132 0.0000000000
65555  -25.718  -4.916  -10.337 0.0000000000
125038  -27.674  13.692  -16.128 0.0000000000
125031  -26.040  12.011  -16.519 0.0000000000
74033  -22.420  3.857  -15.328 0.0000000000
77896  -21.259  7.019  -13.258 0.0000000000
76935  -25.069  6.531  -16.632 0.0000000000
143657  -27.082  9.300  -15.073 0.0000000000
126529  -27.759  7.146  -13.380 0.0000000000
75941  -28.989  5.228  -12.515 0.0000000000
72213  -22.426  1.551  -12.301 0.0000000000
72261  -24.318  1.321  -15.225 0.0000000000
73125  -27.714  2.467  -14.404 0.0000000000
70435  -27.308  -0.750  -14.443 0.0000000000
125686  -29.998  -1.802  -12.754 0.0000000000
124836  -31.527  -2.098  -9.887 0.0000000000
125023  -23.919  10.815  -16.339 0.0000000000
143588  -26.722  10.579  -15.468 0.0000000000
143528  -28.607  11.912  -13.461 0.0000000000
63704  -25.382  -7.118  -8.343 0.0000000000
65547  -28.827  -6.142  -9.768 0.0000000000
66430  -24.778  -4.341  -10.198 0.0000000000
65535  -24.942  -5.395  -8.997 0.0000000000
125034  -24.587  12.006  -17.365 0.0000000000
126346  -25.477  11.959  -15.556 0.0000000000
74999  -24.414  4.391  -15.761 0.0000000000
75982  -23.809  5.093  -15.598 0.0000000000
75997  -25.487  5.121  -16.413 0.0000000000
148588  -26.732  6.176  -16.057 0.0000000000
147378  -27.167  5.758  -15.525 0.0000000000
137899  -28.211  5.952  -13.379 0.0000000000
75953  -27.694  4.878  -14.497 0.0000000000
140780  -23.226  0.781  -12.648 0.0000000000
71383  -22.682  0.648  -14.411 0.0000000000
71385  -24.457  0.269  -14.651 0.0000000000
71400  -25.460  0.466  -14.711 0.0000000000
70433  -25.832  -0.515  -14.035 0.0000000000
67402  -27.407  -3.449  -11.529 0.0000000000
143354  -28.078  -2.452  -13.476 0.0000000000
143394  -29.587  -2.882  -12.359 0.0000000000
143806  -30.843  -1.979  -11.550 0.0000000000
67393  -30.312  -3.346  -10.985 0.0000000000
85507  -24.773  15.194  -14.278 0.0000000000
85501  -25.479  15.860  -14.052 0.0000000000
85502  -26.401  16.278  -14.233 0.0000000000
87346  -27.528  17.316  -14.859 0.0000000000
125040  -27.780  15.745  -16.178 0.0000000000
143785  -28.019  13.302  -15.972 0.0000000000
77920  -22.432  7.913  -14.433 0.0000000000
78921  -21.983  9.404  -14.789 0.0000000000
126200  -23.271  10.189  -15.861 0.0000000000
124980  -25.581  11.218  -17.502 0.0000000000
126213  -24.941  10.976  -17.570 0.0000000000
126013  -28.366  9.685  -12.697 0.0000000000
143863  -27.656  10.101  -13.487 0.0000000000
126015  -28.916  11.248  -12.778 0.0000000000
147794  -28.817  1.576  -13.851 0.0000000000
73079  -29.543  3.091  -12.341 0.0000000000
62755  -27.210  -8.297  -8.316 0.0000000000
63705  -26.930  -7.752  -8.757 0.0000000000
63714  -26.747  -7.054  -9.179 0.0000000000
63707  -28.454  -7.537  -8.930 0.0000000000
151700  -24.527  -1.582  -11.032 0.0000000000
69374  -25.643  -1.499  -12.508 0.0000000000
67398  -24.809  -3.003  -11.026 0.0000000000
66451  -25.547  -3.657  -11.013 0.0000000000
66452  -27.021  -4.200  -11.016 0.0000000000
125036  -25.728  14.191  -14.954 0.0000000000
126648  -27.215  14.301  -15.135 0.0000000000
125027  -26.048  13.405  -16.419 0.0000000000
126049  -26.609  12.746  -16.408 0.0000000000
126676  -26.974  12.121  -16.058 0.0000000000
74971  -21.511  4.028  -13.400 0.0000000000
75951  -21.679  5.466  -13.589 0.0000000000
137044  -22.888  6.077  -14.720 0.0000000000
77935  -24.431  7.559  -16.519 0.0000000000
126570  -26.197  9.682  -16.984 0.0000000000
125019  -26.204  8.343  -16.552 0.0000000000
130204  -27.451  7.999  -13.642 0.0000000000
143859  -28.715  8.851  -12.254 0.0000000000
126539  -28.924  8.077  -12.031 0.0000000000
62744  -29.518  -7.923  -7.298 0.0000000000
64601  -29.830  -7.184  -8.082 0.0000000000
74031  -21.848  2.588  -14.440 0.0000000000
73133  -23.279  2.831  -15.547 0.0000000000
74053  -25.426  3.277  -15.702 0.0000000000
74054  -27.075  3.257  -15.828 0.0000000000
72264  -26.739  1.890  -14.907 0.0000000000
129340  -27.989  1.034  -14.512 0.0000000000
71373  -29.379  0.286  -13.891 0.0000000000
135796  -26.879  -1.601  -13.861 0.0000000000
143739  -28.240  -1.765  -14.108 0.0000000000
70420  -30.085  -0.676  -13.207 0.0000000000
71350  -30.730  -0.854  -12.026 0.0000000000
143885  -31.648  -1.494  -9.946 0.0000000000
146641  -28.179  15.363  -16.375 0.0000000000
125790  -26.126  11.217  -15.532 0.0000000000
143425  -26.476  11.210  -15.797 0.0000000000
151753  -27.070  11.699  -15.227 0.0000000000
125733  -26.800  10.128  -15.517 0.0000000000
126626  -27.667  11.394  -13.991 0.0000000000
124995  -28.030  12.063  -14.852 0.0000000000
74004  -28.465  3.688  -13.391 0.0000000000
74957  -29.410  4.501  -12.295 0.0000000000
64611  -24.248  -6.099  -8.375 0.0000000000
64622  -25.683  -5.707  -9.519 0.0000000000
64633  -27.166  -6.021  -10.272 0.0000000000
65557  -28.342  -5.580  -10.518 0.0000000000
64614  -29.718  -6.883  -8.839 0.0000000000
65548  -29.528  -5.420  -9.614 0.0000000000
66432  -29.822  -4.434  -9.712 0.0000000000
125041  -25.249  11.159  -14.385 0.0000000000
74066  -25.355  4.086  -15.979 0.0000000000
75010  -25.254  4.636  -16.101 0.0000000000
75011  -25.953  4.340  -16.465 0.0000000000
75984  -26.651  5.197  -16.300 0.0000000000
75013  -26.967  4.537  -16.321 0.0000000000
75970  -27.356  5.074  -15.338 0.0000000000
131215  -27.265  4.454  -15.978 0.0000000000
70403  -24.132  -0.085  -11.826 0.0000000000
70415  -23.693  0.505  -12.248 0.0000000000
70416  -24.192  0.078  -12.690 0.0000000000
71372  -23.481  0.537  -13.320 0.0000000000
70431  -24.385  0.312  -13.716 0.0000000000
70432  -25.159  -0.073  -14.052 0.0000000000
70418  -25.500  -0.531  -13.554 0.0000000000
133295  -28.222  -3.576  -11.707 0.0000000000
126225  -27.966  -3.219  -12.321 0.0000000000
126212  -29.736  -3.346  -11.662 0.0000000000
66454  -28.852  -3.813  -11.373 0.0000000000
130419  -26.064  15.360  -14.432 0.0000000000
86447  -27.399  16.323  -14.874 0.0000000000
126317  -27.470  16.630  -16.141 0.0000000000
125030  -28.438  13.845  -16.127 0.0000000000
128092  -28.839  13.711  -15.162 0.0000000000
137707  -22.685  8.467  -15.291 0.0000000000
131120  -21.937  8.285  -13.808 0.0000000000
77933  -22.734  9.610  -15.516 0.0000000000
143937  -22.108  10.617  -15.044 0.0000000000
145118  -24.535  10.210  -16.844 0.0000000000
143468  -29.032  10.361  -12.307 0.0000000000
72215  -29.796  1.479  -12.949 0.0000000000
73094  -29.639  2.347  -12.558 0.0000000000
73095  -30.108  1.793  -12.126 0.0000000000
62742  -27.705  -8.634  -7.693 0.0000000000
62754  -26.372  -8.168  -8.235 0.0000000000
63706  -27.641  -7.849  -8.731 0.0000000000
63715  -27.560  -7.370  -9.221 0.0000000000
151011  -24.610  -3.022  -10.643 0.0000000000
68397  -24.880  -2.444  -11.147 0.0000000000
67392  -24.651  -3.289  -10.618 0.0000000000
66431  -25.115  -4.461  -10.380 0.0000000000
66443  -25.293  -4.072  -10.730 0.0000000000
66444  -26.053  -4.218  -10.825 0.0000000000
125035  -24.519  13.989  -16.819 0.0000000000
125002  -24.730  12.839  -17.488 0.0000000000
146437  -25.763  12.152  -17.133 0.0000000000
74017  -21.975  3.661  -14.552 0.0000000000
74984  -22.299  4.515  -14.870 0.0000000000
76925  -24.384  6.130  -16.046 0.0000000000
75969  -23.177  5.347  -15.191 0.0000000000
76914  -23.586  6.117  -15.360 0.0000000000
134597  -23.651  7.176  -15.878 0.0000000000
131390  -25.286  7.421  -16.759 0.0000000000
76915  -27.110  6.651  -15.158 0.0000000000
125008  -26.640  7.420  -16.057 0.0000000000
124992  -27.289  7.388  -14.307 0.0000000000
124996  -27.682  8.545  -13.115 0.0000000000
126547  -28.014  7.762  -12.928 0.0000000000
126268  -28.355  8.303  -12.576 0.0000000000
151770  -28.585  7.653  -12.424 0.0000000000
76892  -28.681  6.031  -12.754 0.0000000000
76893  -29.121  6.429  -12.216 0.0000000000
76879  -29.885  6.057  -12.009 0.0000000000
129065  -28.984  -8.504  -6.939 0.0000000000
62732  -30.118  -7.782  -6.478 0.0000000000
73092  -21.878  2.301  -11.945 0.0000000000
134763  -21.674  2.863  -12.558 0.0000000000
72232  -22.006  2.168  -13.178 0.0000000000
72260  -23.371  1.313  -15.342 0.0000000000
72259  -22.460  1.364  -15.167 0.0000000000
136963  -23.870  2.142  -15.423 0.0000000000
73134  -24.288  3.022  -15.598 0.0000000000
130872  -24.887  2.280  -15.387 0.0000000000
73135  -25.877  2.481  -15.460 0.0000000000
72262  -25.254  1.333  -15.175 0.0000000000
150138  -26.720  -0.251  -14.429 0.0000000000
71401  -26.493  0.661  -14.548 0.0000000000
71388  -27.551  0.216  -14.513 0.0000000000
71389  -28.381  0.343  -14.425 0.0000000000
124822  -28.327  -0.449  -14.449 0.0000000000
68410  -26.176  -1.909  -12.640 0.0000000000
68418  -26.427  -1.564  -13.376 0.0000000000
67410  -26.746  -1.949  -13.263 0.0000000000
143889  -28.815  -2.253  -13.386 0.0000000000
125724  -28.121  -2.146  -13.827 0.0000000000
143478  -28.998  -1.716  -13.767 0.0000000000
70419  -29.503  -0.868  -13.806 0.0000000000
143477  -30.311  -1.141  -12.701 0.0000000000
143353  -30.565  -1.584  -12.124 0.0000000000
126454  -31.012  -2.370  -10.819 0.0000000000
143731  -31.225  -1.713  -10.829 0.0000000000
126873  -28.039  14.725  -16.392 0.0000000000
133153  -21.055  5.969  -12.945 0.0000000000
143540  -25.121  10.394  -16.641 0.0000000000
149876  -25.549  11.238  -14.894 0.0000000000
143881  -26.616  10.933  -16.051 0.0000000000
126044  -26.661  11.169  -15.543 0.0000000000
125011  -26.696  9.127  -15.908 0.0000000000
143604  -26.649  10.011  -16.062 0.0000000000
125033  -28.169  10.612  -13.170 0.0000000000
143880  -27.358  10.661  -14.304 0.0000000000
143904  -28.898  12.625  -13.537 0.0000000000
73124  -27.143  2.725  -15.115 0.0000000000
74034  -27.424  3.195  -14.882 0.0000000000
74019  -28.084  3.048  -14.025 0.0000000000
74005  -29.077  3.651  -12.589 0.0000000000
64612  -25.172  -6.250  -8.611 0.0000000000
64613  -25.990  -6.613  -8.927 0.0000000000
64624  -27.363  -6.671  -9.733 0.0000000000
64623  -26.533  -6.299  -9.670 0.0000000000
64634  -27.982  -6.322  -10.349 0.0000000000
141102  -27.671  -5.712  -10.636 0.0000000000
130696  -24.677  -3.837  -10.358 0.0000000000
66421  -24.669  -4.399  -9.732 0.0000000000
65545  -24.779  -4.783  -9.550 0.0000000000
65546  -25.237  -5.090  -9.932 0.0000000000
125025  -23.709  12.657  -17.597 0.0000000000
125032  -23.797  12.209  -17.239 0.0000000000
74998  -23.227  4.142  -15.527 0.0000000000
74985  -22.869  4.601  -15.306 0.0000000000
75983  -24.819  5.160  -15.990 0.0000000000
137468  -25.075  5.712  -16.416 0.0000000000
76936  -25.779  6.797  -16.664 0.0000000000
129062  -26.225  6.041  -16.403 0.0000000000
76902  -27.581  6.381  -13.913 0.0000000000
139117  -27.434  5.704  -14.663 0.0000000000
142237  -27.947  5.483  -13.861 0.0000000000
75954  -28.490  5.318  -13.154 0.0000000000
71359  -23.226  0.816  -11.908 0.0000000000
72233  -22.869  1.058  -12.544 0.0000000000
72245  -22.322  1.283  -13.406 0.0000000000
131671  -22.720  0.862  -13.432 0.0000000000
71384  -23.582  0.450  -14.457 0.0000000000
71398  -23.839  0.603  -15.129 0.0000000000
71399  -24.709  0.440  -15.066 0.0000000000
71386  -25.203  0.060  -14.468 0.0000000000
71387  -25.899  -0.188  -14.347 0.0000000000
70434  -26.457  -0.827  -14.188 0.0000000000
67407  -27.031  -2.807  -12.014 0.0000000000
68405  -26.707  -2.298  -12.679 0.0000000000
124812  -27.605  -2.621  -12.960 0.0000000000
144042  -28.662  -2.792  -12.907 0.0000000000
144032  -29.483  -2.339  -12.833 0.0000000000
143940  -30.235  -2.321  -12.209 0.0000000000
145645  -30.142  -2.841  -11.923 0.0000000000
151167  -30.350  -3.006  -11.539 0.0000000000
124813  -30.669  -2.845  -11.153 0.0000000000
146403  -24.802  15.512  -14.189 0.0000000000
86439  -26.561  17.146  -14.138 0.0000000000
125045  -28.307  14.216  -16.264 0.0000000000
78907  -22.111  8.877  -14.315 0.0000000000
136995  -21.965  10.341  -14.764 0.0000000000
125043  -24.391  10.224  -16.578 0.0000000000
143496  -26.625  10.773  -16.927 0.0000000000
126022  -27.569  9.396  -13.448 0.0000000000
125832  -27.273  9.529  -14.470 0.0000000000
72234  -28.455  2.249  -13.854 0.0000000000
73093  -28.644  2.829  -13.333 0.0000000000
73109  -29.133  2.053  -13.277 0.0000000000
73080  -30.042  2.886  -11.856 0.0000000000
137860  -26.170  -7.463  -8.604 0.0000000000
63716  -28.237  -6.874  -9.567 0.0000000000
69364  -24.468  -0.959  -11.452 0.0000000000
69381  -25.302  -0.840  -12.772 0.0000000000
68404  -25.257  -1.786  -11.707 0.0000000000
68398  -25.506  -2.157  -11.763 0.0000000000
67405  -25.596  -2.597  -11.612 0.0000000000
66442  -24.997  -3.730  -10.779 0.0000000000
66450  -25.169  -3.484  -10.985 0.0000000000
67400  -25.534  -3.125  -11.334 0.0000000000
67401  -26.323  -3.380  -11.291 0.0000000000
126326  -23.861  14.575  -13.968 0.0000000000
85500  -24.449  14.946  -14.261 0.0000000000
75968  -22.673  5.141  -14.927 0.0000000000
75952  -22.211  5.488  -14.310 0.0000000000
147817  -22.290  6.384  -14.208 0.0000000000
145739  -22.603  6.943  -14.407 0.0000000000
144660  -23.181  7.814  -15.591 0.0000000000
77934  -23.410  8.466  -16.052 0.0000000000
125037  -25.204  10.218  -17.509 0.0000000000
77947  -25.234  8.570  -16.862 0.0000000000
125029  -25.761  9.344  -17.005 0.0000000000
129848  -26.526  8.444  -16.240 0.0000000000
76937  -26.256  7.113  -16.407 0.0000000000
125000  -26.978  7.875  -15.432 0.0000000000
126314  -27.218  8.397  -14.703 0.0000000000
143538  -28.099  8.961  -12.756 0.0000000000
143569  -29.239  9.461  -11.839 0.0000000000
124978  -29.234  8.629  -11.737 0.0000000000
142252  -28.475  6.954  -12.661 0.0000000000
143302  -30.630  1.137  -11.467 0.0000000000
62743  -28.623  -8.333  -7.601 0.0000000000
63695  -28.965  -7.717  -8.145 0.0000000000
74016  -21.710  3.141  -13.516 0.0000000000
74032  -22.120  3.010  -15.195 0.0000000000
73122  -21.876  1.680  -14.263 0.0000000000
73123  -21.865  1.957  -15.024 0.0000000000
74050  -22.717  3.381  -15.486 0.0000000000
74051  -23.686  3.632  -15.640 0.0000000000
74052  -24.640  3.754  -15.728 0.0000000000
74067  -26.082  3.737  -16.295 0.0000000000
74069  -27.009  3.804  -16.335 0.0000000000
73146  -26.767  3.391  -16.051 0.0000000000
73137  -26.887  2.823  -15.434 0.0000000000
72247  -27.316  1.987  -14.619 0.0000000000
72263  -26.058  1.615  -14.965 0.0000000000
141005  -27.217  1.159  -14.563 0.0000000000
72248  -28.204  1.650  -14.251 0.0000000000
72235  -29.369  1.153  -13.638 0.0000000000
71360  -29.882  0.625  -13.296 0.0000000000
69382  -25.880  -1.050  -13.412 0.0000000000
69389  -26.434  -1.192  -13.887 0.0000000000
124821  -27.006  -1.382  -14.157 0.0000000000
143479  -27.378  -2.179  -13.534 0.0000000000
125886  -27.461  -1.840  -13.996 0.0000000000
126531  -27.849  -1.333  -14.380 0.0000000000
126621  -29.113  -0.399  -14.132 0.0000000000
71374  -29.801  -0.142  -13.530 0.0000000000
71361  -30.282  0.046  -12.918 0.0000000000
131261  -30.687  0.054  -12.011 0.0000000000
143807  -31.107  -0.560  -11.257 0.0000000000
125953  -30.999  -1.312  -11.445 0.0000000000
126054  -31.324  -1.115  -10.738 0.0000000000
125049  -28.579  14.870  -16.199 0.0000000000
143589  -26.064  10.622  -16.522 0.0000000000
128895  -25.707  10.730  -17.796 0.0000000000
126400  -26.320  10.687  -17.260 0.0000000000
143495  -27.243  10.039  -14.462 0.0000000000
126646  -28.532  12.957  -14.754 0.0000000000
75000  -27.349  3.774  -15.631 0.0000000000
74018  -27.797  3.935  -14.464 0.0000000000
74956  -28.727  4.507  -12.856 0.0000000000
151854  -28.765  3.234  -12.946 0.0000000000
75942  -29.698  5.264  -12.126 0.0000000000
64632  -26.350  -5.670  -10.160 0.0000000000
65556  -26.820  -5.132  -10.612 0.0000000000
66445  -27.754  -4.989  -10.888 0.0000000000
66446  -28.546  -4.535  -10.769 0.0000000000
63708  -29.259  -7.275  -8.703 0.0000000000
64625  -29.101  -6.885  -9.227 0.0000000000
64626  -29.805  -6.258  -9.235 0.0000000000
144422  -28.874  -5.496  -9.976 0.0000000000
65558  -29.024  -4.875  -10.159 0.0000000000
66447  -29.467  -3.931  -10.621 0.0000000000
67380  -30.260  -3.556  -9.916 0.0000000000
67399  -25.206  -2.825  -11.304 0.0000000000
67406  -26.145  -2.672  -11.815 0.0000000000
68380  -30.801  -2.962  -10.396 0.0000000000
68390  -24.477  -2.555  -10.628 0.0000000000
68391  -24.731  -2.952  -10.854 0.0000000000
68396  -24.662  -2.289  -10.907 0.0000000000
69355  -24.231  -1.077  -11.076 0.0000000000
69365  -24.910  -1.849  -11.326 0.0000000000
69373  -25.069  -1.175  -12.099 0.0000000000
70417  -24.920  -0.234  -13.133 0.0000000000
71390  -28.862  0.138  -14.266 0.0000000000
72246  -22.031  1.121  -14.420 0.0000000000
72249  -28.787  0.871  -14.190 0.0000000000
73132  -22.459  2.468  -15.379 0.0000000000
73136  -26.528  2.743  -15.514 0.0000000000
73145  -26.397  3.347  -16.019 0.0000000000
74955  -20.632  4.275  -12.509 0.0000000000
74973  -28.240  4.646  -13.712 0.0000000000
74986  -27.484  4.415  -15.195 0.0000000000
75012  -26.576  4.369  -16.445 0.0000000000
75985  -27.074  5.177  -16.040 0.0000000000
75998  -26.099  5.114  -16.518 0.0000000000
76901  -21.786  6.265  -13.684 0.0000000000
76903  -28.161  6.493  -13.210 0.0000000000
77921  -23.147  7.174  -14.957 0.0000000000
77946  -24.455  9.104  -16.657 0.0000000000
77948  -25.844  7.904  -16.766 0.0000000000
124823  -28.756  -1.167  -14.221 0.0000000000
124834  -30.566  -2.546  -11.569 0.0000000000
125042  -24.203  10.756  -16.739 0.0000000000
125650  -29.425  -1.916  -13.220 0.0000000000
126302  -26.996  -1.839  -13.683 0.0000000000
129815  -29.096  2.845  -12.780 0.0000000000
133692  -25.623  5.874  -16.545 0.0000000000
140060  -29.249  5.801  -12.306 0.0000000000
143689  -29.764  -1.391  -13.297 0.0000000000
143700  -27.364  8.851  -13.980 0.0000000000
144041  -28.917  -3.334  -12.153 0.0000000000
145052  -23.010  0.655  -15.150 0.0000000000
145943  -23.047  2.022  -15.465 0.0000000000
146632  -30.452  -0.512  -12.590 0.0000000000
152399  -29.474  -0.283  -13.856 0.0000000000
152787  -30.110  -5.682  -9.289 0.0000000000
