#!ascii label  , from subject sub-v1s21x0050382_ses-1 vox2ras=TkReg
1514
33084  34.375  -37.129  -29.031 0.6000000238
32159  34.722  -38.140  -27.663 0.5000000000
35393  35.404  -34.121  -29.989 0.6999999881
35399  34.905  -33.615  -30.852 0.6000000238
35394  34.680  -34.501  -30.577 0.6000000238
36151  34.339  -32.573  -31.248 0.6000000238
33864  34.846  -36.472  -28.429 0.6999999881
33876  34.895  -35.622  -28.948 0.6000000238
34647  34.566  -35.454  -30.102 0.5000000000
34651  34.043  -35.260  -30.854 0.5000000000
128909  33.806  -34.248  -30.931 0.6000000238
36152  33.184  -32.421  -31.099 0.6000000238
33875  35.492  -35.875  -28.060 0.5000000000
33066  34.786  -37.348  -27.965 0.5000000000
33884  34.479  -36.306  -29.591 0.6000000238
36950  32.628  -31.747  -30.785 0.6000000238
118416  35.008  -38.739  -27.207 0.5000000000
31168  35.547  -39.457  -27.040 0.5000000000
36948  35.313  -30.480  -31.210 0.6000000238
37918  34.200  -30.865  -31.031 0.6999999881
35385  36.050  -33.901  -29.279 0.6000000238
36145  35.564  -33.050  -30.619 0.6999999881
36940  34.839  -31.560  -31.335 0.6000000238
36949  33.609  -31.576  -31.104 0.6000000238
34638  35.551  -35.102  -28.569 0.6000000238
127069  35.634  -34.485  -29.032 0.6999999881
36941  33.204  -31.403  -30.596 0.6000000238
33863  35.536  -36.782  -27.658 0.5000000000
34637  36.187  -34.588  -28.475 0.5000000000
32158  35.550  -37.816  -27.361 0.5000000000
36928  32.603  -31.656  -30.045 0.6000000238
119193  35.971  -38.692  -27.162 0.5000000000
36136  31.916  -32.067  -29.928 0.6000000238
122510  32.138  -32.723  -29.176 0.6999999881
36124  33.126  -33.355  -28.200 0.6999999881
35386  32.153  -33.568  -28.654 0.6000000238
35367  32.508  -34.717  -26.452 0.6000000238
35375  32.142  -34.458  -27.906 0.6000000238
35349  30.112  -34.228  -24.497 0.5000000000
36885  29.188  -32.778  -24.564 0.6999999881
36104  29.673  -33.486  -24.499 0.6000000238
122919  28.734  -31.913  -24.654 0.8000000119
36105  28.912  -33.483  -24.760 0.6999999881
37906  34.958  -30.264  -30.778 0.6000000238
36144  35.958  -32.234  -30.826 0.6999999881
37891  34.866  -30.356  -29.909 0.6999999881
36134  36.490  -33.057  -29.699 0.6000000238
36926  34.531  -31.235  -29.211 0.8000000119
35384  36.869  -34.787  -28.039 0.5000000000
127929  36.830  -33.916  -28.630 0.5000000000
36927  33.546  -31.601  -29.539 0.6000000238
34626  37.002  -35.618  -27.703 0.5000000000
34627  36.218  -35.324  -27.928 0.5000000000
36122  34.469  -32.158  -28.500 0.8000000119
36123  33.915  -32.721  -28.387 0.8000000119
36115  34.190  -33.368  -27.206 0.8000000119
36135  32.763  -32.272  -29.276 0.6999999881
36116  33.539  -33.850  -26.699 0.6999999881
36110  32.830  -33.818  -25.138 0.6999999881
36109  33.426  -33.622  -25.534 0.6999999881
35374  32.827  -34.157  -27.365 0.6999999881
35347  31.658  -34.378  -24.647 0.6999999881
35356  32.346  -34.489  -25.213 0.6999999881
36883  30.872  -32.790  -24.339 0.6999999881
131672  31.222  -34.912  -24.681 0.6000000238
36884  30.006  -32.807  -24.375 0.8000000119
35348  30.921  -34.305  -24.468 0.6000000238
37829  29.665  -31.360  -24.463 0.8999999762
36894  27.747  -32.094  -25.278 0.6999999881
37830  28.850  -31.024  -24.659 0.8000000119
36893  28.379  -32.796  -24.907 0.6999999881
38867  35.415  -29.627  -30.476 0.6000000238
37890  35.675  -30.241  -29.294 0.6999999881
38855  36.555  -30.415  -28.390 0.6999999881
38878  35.614  -29.587  -31.166 0.6000000238
140013  36.063  -30.866  -28.399 0.6000000238
37904  36.791  -30.094  -31.113 0.4000000060
36925  36.768  -32.001  -30.269 0.6000000238
37917  35.978  -29.897  -31.375 0.6000000238
36938  37.359  -31.202  -30.253 0.6000000238
37875  35.520  -31.179  -28.534 0.8000000119
36132  37.675  -33.750  -28.595 0.4000000060
36133  37.295  -33.055  -29.126 0.5000000000
36912  35.254  -32.120  -28.016 0.8000000119
34636  37.554  -35.102  -28.084 0.5000000000
33861  37.063  -36.527  -27.632 0.4000000060
36902  34.944  -33.113  -26.393 0.8000000119
33064  37.076  -37.426  -27.630 0.5000000000
36108  34.149  -33.421  -26.011 0.8000000119
36880  33.370  -32.544  -24.703 0.8000000119
36881  32.609  -32.736  -24.569 0.8000000119
36100  33.079  -33.240  -24.847 0.6999999881
37827  31.948  -31.408  -24.532 0.8999999762
36882  31.783  -32.802  -24.414 0.8999999762
123178  31.290  -31.892  -24.393 0.8999999762
36101  32.264  -33.602  -24.658 0.6999999881
36102  31.352  -33.597  -24.420 0.6000000238
124371  30.323  -32.061  -24.371 0.8999999762
38841  27.550  -30.408  -25.272 0.8000000119
37844  27.292  -31.251  -25.529 0.8000000119
37843  28.062  -31.147  -24.923 0.8000000119
38833  28.502  -30.236  -24.853 0.8000000119
38866  36.027  -29.391  -29.801 0.6999999881
38854  37.441  -30.122  -27.772 0.6000000238
38877  35.991  -28.952  -30.787 0.6000000238
39839  36.427  -28.787  -30.149 0.5000000000
37873  37.162  -31.024  -27.070 0.6999999881
38886  37.218  -28.831  -30.934 0.4000000060
38887  36.405  -29.234  -31.232 0.5000000000
138861  36.349  -28.671  -30.651 0.6000000238
37874  36.385  -31.411  -27.540 0.6999999881
133952  37.740  -30.543  -30.268 0.5000000000
36911  35.890  -31.970  -27.495 0.6999999881
36937  38.381  -31.482  -29.623 0.5000000000
36924  37.771  -32.290  -29.423 0.6000000238
36143  38.447  -33.645  -28.983 0.4000000060
116975  38.538  -32.610  -29.175 0.4000000060
37842  35.458  -31.954  -24.882 0.8000000119
36901  35.692  -32.595  -26.798 0.8000000119
34635  38.194  -35.402  -28.570 0.4000000060
131539  34.661  -32.937  -25.474 0.8000000119
36114  34.859  -32.835  -27.524 0.8000000119
122206  37.623  -35.956  -28.021 0.3000000119
37825  33.573  -31.695  -24.637 0.8000000119
36892  33.833  -33.056  -25.161 0.8000000119
125218  32.669  -31.486  -24.577 0.8000000119
38829  32.266  -30.781  -24.694 0.8999999762
37826  32.206  -32.081  -24.465 0.8999999762
38830  31.317  -30.825  -24.577 0.8999999762
39798  30.909  -29.857  -24.909 0.8999999762
37828  30.581  -31.333  -24.425 0.8999999762
38831  30.313  -30.590  -24.566 0.8999999762
39815  27.013  -29.736  -25.695 0.8000000119
38842  26.837  -30.599  -25.878 0.8000000119
38832  29.412  -30.471  -24.646 0.8999999762
39814  27.865  -29.537  -25.247 0.8000000119
39800  29.244  -29.825  -24.826 0.8000000119
39827  37.691  -29.180  -28.472 0.6000000238
38865  36.892  -29.447  -29.042 0.6000000238
39821  38.105  -29.581  -27.244 0.6000000238
39838  37.159  -28.685  -29.611 0.6000000238
39858  37.866  -28.626  -30.552 0.4000000060
133069  37.381  -28.484  -30.478 0.4000000060
39859  36.582  -28.725  -30.843 0.4000000060
38876  37.418  -29.574  -30.809 0.4000000060
36889  36.781  -31.717  -26.436 0.6999999881
38874  39.017  -29.892  -30.247 0.5000000000
37903  38.406  -30.330  -30.114 0.4000000060
36890  36.265  -32.253  -25.992 0.6999999881
37902  39.160  -31.026  -29.747 0.5000000000
138264  36.073  -32.042  -25.257 0.8000000119
38827  34.138  -30.750  -24.675 0.8000000119
140280  34.931  -32.432  -25.006 0.8000000119
38828  33.116  -30.808  -24.709 0.8000000119
38840  31.884  -30.085  -24.966 0.8999999762
39810  31.651  -29.365  -25.367 0.8999999762
39799  29.965  -29.876  -24.800 1.0000000000
40750  27.351  -28.848  -25.648 0.8000000119
39812  29.611  -29.289  -25.085 1.0000000000
39813  28.776  -29.357  -25.081 0.8000000119
40749  28.275  -28.701  -25.410 0.8000000119
39807  38.181  -29.736  -26.043 0.6000000238
39826  38.373  -28.764  -27.931 0.6000000238
40813  38.764  -27.825  -30.106 0.4000000060
40814  38.017  -27.997  -30.049 0.4000000060
40815  37.411  -28.323  -30.040 0.4000000060
38875  38.102  -29.210  -30.566 0.4000000060
37840  37.321  -31.181  -25.949 0.6999999881
38885  39.705  -29.426  -30.738 0.5000000000
40823  39.167  -28.124  -30.373 0.4000000060
37841  36.688  -31.664  -25.499 0.8000000119
123212  35.197  -31.101  -24.602 0.8000000119
38826  36.517  -30.378  -24.529 0.8000000119
39796  34.129  -29.719  -24.695 0.8000000119
37824  34.589  -31.746  -24.703 0.8000000119
39808  33.351  -29.283  -25.065 0.8000000119
134624  32.679  -30.131  -24.874 0.8999999762
117615  32.175  -28.944  -25.628 0.8999999762
128872  30.894  -29.077  -25.474 1.0000000000
39811  30.303  -29.364  -25.124 1.0000000000
40747  30.120  -28.773  -25.485 1.0000000000
40768  29.832  -27.987  -25.952 1.0000000000
41643  28.757  -27.944  -25.758 0.8000000119
40748  29.239  -28.648  -25.419 0.8000000119
40785  38.847  -28.530  -27.384 0.6000000238
39820  38.573  -28.954  -26.722 0.6000000238
38838  37.689  -30.441  -25.484 0.6999999881
131509  37.616  -29.272  -24.417 0.6999999881
121664  39.347  -27.814  -29.677 0.4000000060
40801  38.672  -27.897  -29.436 0.5000000000
39837  38.007  -28.360  -29.192 0.5000000000
38839  37.045  -30.949  -25.045 0.8000000119
38825  37.340  -30.107  -24.720 0.8000000119
40822  39.932  -28.159  -30.611 0.4000000060
40812  40.164  -27.967  -30.042 0.4000000060
125590  34.989  -30.168  -24.524 0.8000000119
136985  35.752  -30.534  -24.485 0.8000000119
39797  33.388  -30.040  -24.789 0.8000000119
40745  32.818  -28.769  -25.534 0.8999999762
40746  31.568  -28.675  -25.825 1.0000000000
40766  31.614  -27.923  -26.441 1.0000000000
40767  30.783  -28.374  -25.975 1.0000000000
41666  29.660  -26.829  -26.925 1.0000000000
41656  28.232  -27.297  -26.214 0.8999999762
40769  26.988  -28.233  -26.069 0.8000000119
41657  27.237  -27.475  -26.357 0.8999999762
125575  29.211  -27.317  -26.304 1.0000000000
42463  28.742  -26.684  -26.759 1.0000000000
42478  30.241  -26.530  -27.648 1.0000000000
42491  30.813  -26.132  -28.293 1.0000000000
42492  29.988  -25.962  -28.315 1.0000000000
43333  29.185  -25.523  -28.328 1.0000000000
43352  30.902  -24.990  -29.292 1.0000000000
43345  30.516  -25.521  -28.820 1.0000000000
39806  38.507  -28.990  -25.625 0.6999999881
40726  38.803  -28.382  -24.468 0.6999999881
40763  39.785  -28.340  -26.528 0.6000000238
40764  39.088  -28.561  -26.244 0.6000000238
39792  38.029  -29.658  -25.084 0.6999999881
40802  38.740  -28.223  -28.376 0.6000000238
124650  39.328  -28.022  -28.692 0.5000000000
40727  37.160  -28.776  -23.882 0.8000000119
40799  41.016  -28.296  -29.281 0.4000000060
39793  36.805  -29.534  -24.185 0.8000000119
39794  35.805  -29.633  -24.204 0.8000000119
40729  35.405  -28.627  -24.007 0.8000000119
40730  34.092  -28.861  -24.837 0.8000000119
39795  34.837  -29.248  -24.415 0.8000000119
40744  33.498  -28.477  -25.311 0.6999999881
41642  33.034  -28.063  -25.802 0.8999999762
41641  33.393  -27.275  -25.928 0.8000000119
40765  32.301  -28.352  -25.976 0.8999999762
42461  32.920  -26.842  -26.611 1.0000000000
42462  32.044  -27.089  -27.052 1.0000000000
43319  32.588  -26.293  -27.209 1.0000000000
41664  31.247  -27.343  -26.979 1.0000000000
43332  32.238  -25.765  -27.795 1.0000000000
42476  31.938  -26.411  -27.584 1.0000000000
42490  31.555  -26.021  -28.117 1.0000000000
42480  28.349  -26.209  -27.206 1.0000000000
42464  27.699  -26.650  -26.814 1.0000000000
43344  31.198  -25.494  -28.710 1.0000000000
42479  29.214  -26.180  -27.532 1.0000000000
43353  30.199  -24.999  -29.311 1.0000000000
131430  29.842  -25.420  -28.814 1.0000000000
40742  39.290  -28.427  -25.217 0.6999999881
39791  38.300  -28.891  -24.765 0.6999999881
117771  41.160  -28.590  -25.910 0.5000000000
118958  40.050  -28.352  -25.149 0.6999999881
122470  38.012  -28.534  -24.063 0.6999999881
40784  39.360  -28.272  -27.491 0.6000000238
40783  40.050  -28.203  -27.978 0.5000000000
126360  40.067  -28.269  -27.162 0.5000000000
40728  36.289  -28.784  -23.850 0.8000000119
40713  35.886  -27.920  -23.646 0.6999999881
41632  34.539  -27.583  -24.587 0.8000000119
41631  35.102  -27.749  -23.958 0.8000000119
136471  33.612  -27.844  -25.484 0.6999999881
40743  34.093  -28.091  -25.032 0.6999999881
43304  33.874  -26.002  -26.029 0.8999999762
43303  34.428  -25.864  -25.294 0.8000000119
44168  34.678  -24.955  -25.526 0.8000000119
45085  35.294  -23.317  -26.221 0.8000000119
42452  33.509  -26.548  -26.176 0.8999999762
43317  34.166  -25.370  -26.062 0.8000000119
44182  34.380  -24.605  -26.326 0.8000000119
43318  33.340  -25.991  -26.648 1.0000000000
140414  33.773  -25.620  -26.370 0.8999999762
44193  34.002  -24.229  -27.095 0.8999999762
45086  34.654  -23.764  -26.651 0.8000000119
44183  33.705  -25.129  -26.759 0.8999999762
43331  32.938  -25.451  -27.309 1.0000000000
42477  31.218  -26.724  -27.597 1.0000000000
44201  32.151  -24.487  -28.707 1.0000000000
44202  31.499  -24.777  -29.049 1.0000000000
43347  28.455  -25.014  -28.481 1.0000000000
45104  32.484  -23.716  -29.064 1.0000000000
44210  31.208  -24.339  -29.650 1.0000000000
43346  29.285  -24.910  -29.097 1.0000000000
44209  31.808  -24.061  -29.419 1.0000000000
45111  31.494  -23.690  -30.059 1.0000000000
45122  30.383  -23.816  -30.112 1.0000000000
40741  40.922  -28.478  -25.153 0.6999999881
40724  40.635  -28.350  -24.374 0.6999999881
40725  39.677  -28.249  -24.436 0.6999999881
40710  39.184  -27.927  -23.781 0.6999999881
137968  38.543  -28.198  -23.941 0.6999999881
40740  41.667  -28.588  -25.301 0.6000000238
131052  38.216  -27.842  -23.607 0.6999999881
40762  40.581  -28.445  -26.571 0.5000000000
40711  37.488  -28.182  -23.676 0.6999999881
40761  41.412  -28.629  -26.668 0.5000000000
41624  37.345  -27.535  -23.393 0.8000000119
41625  36.470  -27.276  -23.395 0.6999999881
42433  35.557  -26.916  -23.620 0.6999999881
42444  34.866  -27.033  -24.121 0.6999999881
42451  33.985  -26.637  -25.620 0.6999999881
42445  34.472  -26.768  -24.860 0.6999999881
44167  35.281  -24.505  -24.923 0.8000000119
45057  35.815  -23.878  -24.603 0.8000000119
45072  36.065  -23.132  -24.949 0.8000000119
45073  35.557  -23.641  -25.396 0.8000000119
45974  35.871  -22.849  -25.789 0.8000000119
45986  35.640  -22.545  -26.619 0.8000000119
45093  34.305  -23.399  -27.461 0.8999999762
45092  34.957  -22.930  -27.031 0.8000000119
45996  34.628  -22.627  -27.895 0.8000000119
44195  32.518  -24.937  -27.972 1.0000000000
45094  33.581  -23.776  -27.847 1.0000000000
43343  31.864  -25.286  -28.431 1.0000000000
45109  32.907  -23.029  -29.553 1.0000000000
44212  29.028  -24.070  -29.471 1.0000000000
44203  28.531  -24.454  -28.997 1.0000000000
46012  32.622  -22.656  -30.414 1.0000000000
45120  31.832  -22.939  -30.524 1.0000000000
45121  30.970  -23.245  -30.468 1.0000000000
45112  29.566  -23.542  -29.942 1.0000000000
46022  31.298  -22.260  -30.765 1.0000000000
40708  41.208  -28.154  -23.724 0.6999999881
40709  40.236  -28.010  -23.750 0.6999999881
41623  38.928  -27.310  -23.207 0.6000000238
128851  38.041  -27.049  -23.151 0.6000000238
42431  37.127  -26.597  -23.190 0.6999999881
42432  36.297  -26.509  -23.359 0.6999999881
43276  35.844  -25.804  -23.591 0.6999999881
43293  34.967  -26.097  -24.232 0.6999999881
44157  35.696  -24.481  -24.229 0.8000000119
43302  34.915  -25.301  -24.795 0.8000000119
45973  36.501  -22.254  -25.310 0.8000000119
45985  36.168  -22.200  -26.195 0.8000000119
45995  35.404  -22.141  -27.568 0.8000000119
46887  35.485  -21.588  -28.318 0.8000000119
45103  33.212  -23.372  -28.667 1.0000000000
46004  34.306  -22.392  -28.745 1.0000000000
46003  34.942  -21.993  -28.466 0.6999999881
46010  34.047  -22.108  -29.591 1.0000000000
46906  34.603  -21.876  -29.170 0.8999999762
46011  33.367  -22.387  -30.063 1.0000000000
46020  33.153  -22.024  -30.992 1.0000000000
46931  33.699  -21.336  -31.280 1.0000000000
44213  28.204  -23.706  -29.181 1.0000000000
46021  32.284  -22.085  -31.124 1.0000000000
45123  30.074  -22.981  -30.357 1.0000000000
45113  28.730  -23.148  -29.647 1.0000000000
46023  30.524  -22.368  -30.541 1.0000000000
41622  39.859  -27.449  -23.241 0.6999999881
43255  38.111  -25.397  -22.812 0.6000000238
43274  37.272  -25.584  -23.108 0.6999999881
44139  36.021  -24.856  -23.765 0.6999999881
43275  36.564  -25.267  -23.408 0.6999999881
43292  35.388  -25.152  -24.167 0.6999999881
44156  36.140  -24.071  -23.948 0.8000000119
125940  36.617  -21.207  -27.282 0.6999999881
46886  36.003  -21.438  -27.799 0.6999999881
47842  35.720  -20.586  -29.641 0.8000000119
46904  35.887  -21.021  -28.663 0.6999999881
46919  34.507  -21.518  -29.914 0.8999999762
46019  33.864  -21.775  -30.495 1.0000000000
47870  34.229  -20.615  -31.363 1.0000000000
120220  27.894  -22.719  -29.370 1.0000000000
46932  32.956  -21.434  -31.493 1.0000000000
46013  29.227  -22.569  -30.070 1.0000000000
46934  30.430  -21.228  -30.560 1.0000000000
42428  40.422  -26.859  -22.856 0.6000000238
42429  39.527  -26.797  -22.808 0.6000000238
42430  38.702  -26.597  -22.849 0.6000000238
43254  38.886  -25.350  -22.626 0.6000000238
129656  37.957  -26.208  -22.915 0.6000000238
44124  37.586  -24.652  -23.090 0.6000000238
44138  36.744  -24.425  -23.493 0.6000000238
45036  36.695  -23.518  -23.790 0.6999999881
45952  37.173  -22.095  -24.441 0.6999999881
45972  37.274  -21.470  -25.255 0.6999999881
46850  36.764  -21.525  -26.280 0.6999999881
46866  37.252  -20.827  -26.918 0.6999999881
139785  37.030  -20.648  -27.650 0.6999999881
46885  36.505  -20.805  -28.117 0.6999999881
50660  44.371  -17.965  -30.346 0.3000000119
47841  36.434  -20.314  -29.055 0.6999999881
51537  43.990  -16.443  -31.524 0.3000000119
130125  25.051  -25.042  -26.989 0.8999999762
137983  34.811  -20.549  -31.001 1.0000000000
45106  26.172  -23.494  -27.982 1.0000000000
45114  27.383  -23.315  -28.878 1.0000000000
121709  26.860  -23.905  -28.276 1.0000000000
48809  32.933  -20.000  -31.529 1.0000000000
47871  30.969  -20.304  -30.649 1.0000000000
46933  31.554  -21.329  -31.020 1.0000000000
46024  29.718  -21.903  -30.349 1.0000000000
46014  28.434  -22.149  -29.759 1.0000000000
42410  40.951  -26.006  -22.766 0.6000000238
42411  40.021  -26.126  -22.640 0.6000000238
44121  40.125  -24.780  -22.698 0.6000000238
44122  39.326  -24.660  -22.652 0.6000000238
44136  39.817  -23.996  -22.871 0.6000000238
45033  39.442  -23.238  -23.200 0.6999999881
45034  38.602  -23.184  -23.186 0.6999999881
44137  38.149  -23.860  -23.042 0.6000000238
45932  38.174  -22.566  -23.516 0.6999999881
45983  43.200  -22.009  -25.897 0.3000000119
45984  42.698  -21.870  -26.135 0.3000000119
45933  37.338  -22.799  -23.713 0.6999999881
46849  37.565  -20.871  -26.023 0.6999999881
49724  43.826  -19.205  -30.316 0.3000000119
49706  44.086  -18.409  -29.875 0.4000000060
51523  44.226  -17.511  -29.804 0.4000000060
51529  44.178  -16.545  -29.954 0.4000000060
133263  24.457  -24.757  -26.744 0.6999999881
44198  24.157  -23.835  -26.800 0.6999999881
54163  42.471  -13.507  -31.024 0.3000000119
123202  44.060  -16.275  -30.747 0.3000000119
47855  36.271  -19.828  -30.071 0.6999999881
44197  25.058  -24.094  -27.121 0.8999999762
53276  42.752  -14.270  -31.360 0.3000000119
47869  35.526  -20.110  -30.751 0.8000000119
45095  25.433  -23.207  -27.662 0.8999999762
53275  43.331  -14.929  -30.874 0.3000000119
52386  43.842  -15.655  -30.344 0.3000000119
122279  34.850  -19.850  -31.399 0.8000000119
48807  34.415  -19.399  -31.475 1.0000000000
45115  27.114  -22.326  -29.081 1.0000000000
48796  32.486  -19.534  -30.864 1.0000000000
46025  28.895  -21.532  -30.058 1.0000000000
46015  27.730  -21.870  -29.414 1.0000000000
48797  31.674  -19.892  -30.655 1.0000000000
46935  29.302  -20.810  -30.168 1.0000000000
47872  29.727  -19.823  -30.135 1.0000000000
47857  30.063  -19.853  -30.208 1.0000000000
45930  39.886  -22.593  -23.642 0.6999999881
45931  38.999  -22.487  -23.466 0.6999999881
45970  42.607  -22.218  -25.348 0.4000000060
45951  38.504  -21.892  -23.889 0.6999999881
46830  37.894  -21.524  -24.464 0.6999999881
46845  42.145  -21.621  -25.844 0.4000000060
46883  42.686  -21.497  -27.674 0.3000000119
46865  41.851  -20.989  -26.408 0.5000000000
47778  38.438  -20.399  -25.981 0.6999999881
47796  37.870  -20.444  -26.682 0.6999999881
46884  41.837  -20.671  -27.591 0.5000000000
47823  37.718  -20.176  -27.625 0.6999999881
47839  41.967  -20.448  -30.045 0.4000000060
48763  41.192  -20.208  -30.103 0.6000000238
48778  41.326  -19.997  -30.511 0.5000000000
132480  37.123  -20.183  -28.452 0.6999999881
48776  43.079  -19.731  -30.333 0.3000000119
51475  42.338  -16.034  -26.616 0.4000000060
49709  41.698  -19.533  -30.337 0.4000000060
47840  37.165  -19.539  -29.673 0.6999999881
44184  23.325  -23.656  -26.534 0.6999999881
123163  43.176  -14.204  -27.904 0.4000000060
50647  43.750  -17.990  -29.236 0.4000000060
49694  43.101  -18.337  -29.099 0.4000000060
43320  23.620  -24.624  -26.399 0.6000000238
126988  42.687  -13.416  -30.174 0.3000000119
53256  43.593  -14.811  -29.059 0.3000000119
53245  43.278  -14.056  -28.706 0.4000000060
51524  43.941  -16.967  -29.116 0.4000000060
122645  43.331  -17.506  -28.535 0.4000000060
134433  36.134  -19.459  -30.887 0.6999999881
48782  36.770  -19.171  -30.676 0.6999999881
52357  43.384  -15.556  -27.920 0.4000000060
50635  42.620  -17.757  -28.416 0.4000000060
47868  35.664  -19.260  -31.329 0.8000000119
53266  43.516  -14.892  -29.948 0.3000000119
52380  43.933  -15.775  -29.291 0.3000000119
51513  43.570  -16.385  -28.332 0.4000000060
48805  35.962  -18.497  -31.488 0.8000000119
45105  26.662  -22.900  -28.531 1.0000000000
49741  34.688  -18.521  -31.367 0.8999999762
49743  33.196  -19.456  -31.276 1.0000000000
46936  28.706  -20.823  -29.892 1.0000000000
136869  30.888  -19.694  -30.071 1.0000000000
48785  30.711  -19.766  -30.257 1.0000000000
120446  31.701  -19.533  -30.203 1.0000000000
121486  29.395  -19.982  -30.028 1.0000000000
47859  28.597  -20.855  -29.695 1.0000000000
47846  29.876  -20.518  -29.483 1.0000000000
47847  29.057  -20.822  -29.347 1.0000000000
45032  40.324  -23.391  -23.343 0.6000000238
45055  40.859  -22.765  -23.947 0.6000000238
45949  40.250  -22.002  -24.185 0.6000000238
45950  39.386  -21.863  -23.969 0.6999999881
136742  41.515  -22.536  -24.465 0.5000000000
45948  41.001  -22.017  -24.508 0.6000000238
46829  38.833  -21.174  -24.538 0.6999999881
45971  41.721  -21.916  -25.017 0.5000000000
46826  41.054  -21.401  -24.916 0.4000000060
46848  38.069  -20.889  -25.175 0.6999999881
46846  41.361  -21.003  -25.563 0.6000000238
129562  39.164  -20.335  -25.619 0.6999999881
47792  41.189  -20.464  -26.501 0.6000000238
47821  40.842  -19.974  -27.466 0.6000000238
47795  38.466  -19.989  -27.004 0.6999999881
47822  38.543  -19.599  -28.136 0.6999999881
48750  41.128  -20.057  -28.759 0.5000000000
48764  40.447  -19.827  -29.972 0.6000000238
48767  37.873  -19.556  -28.840 0.6000000238
51477  40.862  -16.551  -26.342 0.4000000060
49708  42.767  -19.272  -29.861 0.4000000060
135026  40.795  -19.730  -30.528 0.5000000000
48765  39.731  -19.302  -30.338 0.6000000238
52352  41.943  -15.671  -26.005 0.4000000060
49710  40.735  -19.377  -30.695 0.5000000000
116564  38.134  -18.976  -30.147 0.6999999881
52358  42.927  -15.558  -27.224 0.4000000060
51476  41.662  -16.369  -26.354 0.5000000000
49695  42.349  -18.581  -29.347 0.4000000060
50648  41.349  -18.629  -29.848 0.4000000060
45096  24.517  -22.955  -27.363 0.8999999762
137830  43.640  -15.445  -28.569 0.4000000060
50625  42.106  -17.227  -27.581 0.4000000060
49727  36.684  -18.129  -31.455 0.6999999881
48794  37.013  -18.510  -31.172 0.6999999881
51493  43.165  -16.237  -27.622 0.4000000060
126743  25.955  -22.476  -28.172 0.8999999762
46006  26.539  -22.129  -28.638 0.8999999762
47860  28.496  -21.060  -29.711 1.0000000000
46016  27.039  -21.831  -29.006 1.0000000000
49717  33.201  -18.849  -30.368 1.0000000000
46921  27.880  -21.541  -29.270 1.0000000000
47856  31.604  -19.579  -29.856 1.0000000000
133853  28.215  -21.211  -29.357 1.0000000000
46922  27.026  -21.775  -28.806 1.0000000000
47844  31.956  -20.514  -28.981 1.0000000000
46868  31.078  -21.355  -26.819 0.8999999762
46889  31.350  -21.383  -27.561 1.0000000000
46907  30.671  -21.219  -28.445 1.0000000000
46892  29.000  -21.721  -27.804 1.0000000000
47848  28.369  -21.304  -28.818 1.0000000000
46890  30.516  -21.503  -27.457 1.0000000000
46891  29.807  -21.586  -27.353 1.0000000000
46870  29.412  -21.502  -26.870 0.8999999762
46869  30.221  -21.401  -26.821 1.0000000000
47802  29.827  -21.103  -26.494 0.8999999762
46827  40.523  -21.503  -24.624 0.6000000238
46828  39.822  -21.321  -24.540 0.6999999881
47767  39.485  -20.699  -25.050 0.6999999881
47776  40.672  -20.498  -25.813 0.6999999881
47794  39.321  -19.946  -26.457 0.6999999881
47793  40.333  -20.065  -26.496 0.6000000238
48726  39.962  -19.653  -27.444 0.6999999881
48727  39.149  -19.625  -27.491 0.6000000238
117444  39.580  -19.466  -28.779 0.6000000238
52340  40.737  -15.639  -25.145 0.3000000119
48751  40.409  -19.698  -28.428 0.6000000238
48766  38.798  -19.179  -29.486 0.6000000238
116621  40.271  -16.317  -25.622 0.4000000060
51469  39.390  -16.681  -25.891 0.4000000060
128630  40.294  -19.369  -30.781 0.6000000238
49711  39.920  -18.873  -30.897 0.5000000000
50649  40.373  -18.361  -30.240 0.4000000060
50637  40.838  -17.776  -29.119 0.4000000060
50636  41.833  -17.935  -28.579 0.4000000060
48781  37.548  -18.775  -30.793 0.6000000238
51496  40.535  -16.906  -27.249 0.5000000000
50661  37.476  -17.183  -31.204 0.6000000238
51495  41.410  -16.842  -26.998 0.4000000060
50626  41.195  -17.354  -27.878 0.4000000060
50664  35.423  -17.606  -31.168 0.8999999762
50676  35.785  -17.661  -31.428 0.8000000119
45997  25.117  -22.353  -27.790 0.8999999762
140902  26.157  -22.035  -28.349 0.8999999762
46893  26.658  -21.772  -28.020 0.8999999762
46910  26.397  -21.934  -28.424 0.8999999762
48784  32.418  -19.153  -30.038 1.0000000000
133850  31.446  -21.081  -28.446 1.0000000000
46909  27.616  -21.676  -28.570 1.0000000000
47826  28.107  -21.756  -27.713 0.8999999762
48732  29.798  -20.347  -26.185 1.0000000000
133465  29.149  -19.915  -26.226 1.0000000000
129946  29.014  -20.907  -26.401 0.8999999762
128337  29.648  -19.289  -26.145 1.0000000000
126003  28.871  -19.075  -26.284 0.8999999762
117941  39.904  -20.342  -25.689 0.6999999881
53210  41.554  -14.345  -25.420 0.3000000119
51468  39.974  -15.875  -24.906 0.3000000119
140728  39.588  -16.362  -25.202 0.3000000119
48780  39.091  -18.713  -30.573 0.6000000238
50598  38.510  -17.136  -26.025 0.4000000060
50650  39.546  -17.896  -30.467 0.5000000000
49713  38.378  -18.280  -31.055 0.5000000000
136465  39.931  -16.672  -26.588 0.5000000000
50638  39.929  -17.475  -29.544 0.5000000000
51525  39.276  -17.162  -29.903 0.5000000000
51498  38.819  -16.760  -28.082 0.5000000000
49726  37.547  -17.888  -31.377 0.6000000238
51497  39.605  -16.838  -27.676 0.5000000000
51515  40.214  -17.180  -28.372 0.5000000000
50662  36.615  -17.069  -31.158 0.6999999881
51518  38.208  -16.761  -28.755 0.5000000000
51517  38.759  -16.749  -28.831 0.5000000000
50654  36.099  -17.116  -30.623 0.6000000238
49715  34.765  -17.962  -30.239 0.8999999762
48783  33.330  -18.946  -29.715 0.8999999762
49729  33.913  -18.602  -30.884 0.8999999762
48769  33.488  -19.881  -28.786 0.8999999762
46867  32.024  -21.178  -26.846 0.8999999762
46888  32.148  -21.164  -27.860 0.8999999762
47843  32.852  -20.606  -28.369 0.8999999762
48770  32.580  -19.666  -29.430 1.0000000000
47827  27.401  -21.595  -27.076 0.8999999762
137182  28.492  -21.548  -26.924 0.8999999762
47801  30.615  -20.879  -26.262 0.8000000119
48731  30.528  -19.683  -25.932 0.6999999881
48733  28.421  -19.967  -26.254 0.8999999762
132881  27.959  -20.928  -26.414 0.8999999762
53211  40.963  -14.798  -24.968 0.3000000119
52322  40.239  -15.146  -24.683 0.3000000119
52323  39.540  -15.439  -24.389 0.4000000060
52324  38.922  -15.783  -23.981 0.3000000119
51453  39.298  -16.135  -24.612 0.3000000119
129732  38.674  -16.511  -24.277 0.4000000060
49712  39.085  -18.292  -30.742 0.6000000238
50608  38.133  -17.052  -27.380 0.5000000000
128494  37.763  -17.492  -26.430 0.4000000060
50651  38.775  -17.244  -30.604 0.5000000000
49725  38.225  -17.543  -31.082 0.5000000000
50627  37.582  -17.102  -28.163 0.5000000000
51516  39.326  -16.904  -28.882 0.5000000000
132771  38.060  -16.907  -30.937 0.5000000000
50652  38.098  -16.772  -30.020 0.5000000000
50639  37.445  -16.836  -29.150 0.5000000000
50653  37.140  -16.824  -30.398 0.5000000000
50628  36.985  -17.347  -28.325 0.5000000000
49696  36.396  -17.658  -28.615 0.6000000238
49714  35.490  -17.552  -29.949 0.6000000238
49687  35.354  -18.695  -28.247 0.6999999881
49698  35.064  -18.307  -29.279 0.6999999881
49716  33.982  -18.412  -30.342 0.6999999881
120185  34.676  -19.063  -28.626 0.6999999881
48754  34.214  -19.828  -28.115 0.8000000119
136889  34.031  -19.313  -29.024 0.8000000119
47825  32.859  -20.925  -27.255 0.8999999762
47800  31.540  -20.928  -26.310 0.6999999881
47803  26.949  -20.861  -26.308 0.8999999762
48734  27.494  -19.905  -26.181 0.8999999762
49671  29.392  -18.333  -26.362 1.0000000000
52313  38.494  -15.344  -23.406 0.3000000119
50572  38.030  -17.026  -23.889 0.4000000060
52314  37.775  -15.672  -23.076 0.3000000119
50590  38.329  -17.181  -24.848 0.4000000060
51436  37.500  -16.524  -23.353 0.3000000119
49666  37.213  -18.006  -26.006 0.4000000060
50591  37.651  -17.695  -24.387 0.4000000060
135637  37.085  -18.122  -24.121 0.4000000060
50609  37.270  -17.629  -27.235 0.4000000060
49654  36.546  -18.566  -25.460 0.4000000060
49667  36.641  -18.321  -26.600 0.4000000060
49686  36.005  -18.326  -27.969 0.5000000000
49685  36.595  -17.991  -27.653 0.5000000000
47824  33.583  -20.461  -27.705 0.8000000119
47799  32.796  -20.719  -26.408 0.6999999881
48730  31.400  -19.569  -25.704 0.6999999881
126702  28.031  -18.955  -26.298 0.8999999762
50612  29.125  -17.519  -26.687 0.8999999762
49672  28.583  -18.183  -26.477 0.8000000119
51481  29.656  -16.872  -26.876 0.6999999881
51500  29.367  -16.169  -27.279 0.8000000119
52307  37.299  -15.076  -22.744 0.3000000119
51431  37.012  -15.928  -22.907 0.3000000119
49626  36.648  -18.070  -23.803 0.3000000119
51437  36.709  -16.737  -23.246 0.4000000060
49644  36.417  -18.497  -24.399 0.4000000060
49627  35.965  -18.187  -23.751 0.4000000060
49645  35.434  -18.729  -24.283 0.5000000000
49668  35.913  -18.972  -26.144 0.5000000000
48715  35.152  -19.557  -25.456 0.5000000000
48709  34.591  -19.237  -24.624 0.5000000000
48728  35.306  -19.485  -26.459 0.5000000000
48716  34.164  -20.014  -25.419 0.5000000000
48729  34.667  -19.982  -26.262 0.5000000000
47779  34.004  -20.340  -26.175 0.6000000238
47798  33.489  -20.567  -26.693 0.6999999881
47781  32.701  -20.285  -25.697 0.6999999881
48719  32.135  -19.536  -25.485 0.6999999881
49658  31.690  -18.706  -25.582 0.6999999881
49669  30.974  -18.661  -25.884 0.6999999881
50602  31.412  -17.852  -25.828 0.6999999881
50611  29.919  -17.623  -26.494 0.8000000119
127763  30.450  -16.903  -26.601 0.6999999881
52306  38.064  -14.807  -22.916 0.3000000119
53191  36.663  -14.438  -22.644 0.3000000119
52308  35.837  -15.430  -23.052 0.4000000060
128253  36.485  -15.264  -22.810 0.3000000119
52316  35.520  -16.045  -23.266 0.4000000060
50575  35.562  -17.510  -23.542 0.4000000060
49628  35.253  -18.109  -23.768 0.4000000060
50576  34.816  -17.521  -23.755 0.3000000119
49646  34.620  -18.319  -24.050 0.5000000000
50592  34.083  -17.555  -24.165 0.3000000119
49647  33.825  -18.487  -24.437 0.5000000000
50593  33.276  -17.541  -24.762 0.4000000060
47780  33.447  -20.371  -25.919 0.6999999881
125238  33.388  -20.002  -25.372 0.6999999881
49656  33.030  -18.612  -24.836 0.6000000238
48718  32.844  -19.486  -25.156 0.6999999881
129239  32.221  -20.749  -26.203 0.6999999881
49657  32.345  -18.700  -25.254 0.6999999881
50601  31.984  -18.028  -25.494 0.6000000238
53197  35.305  -15.235  -23.463 0.3000000119
51439  35.149  -16.757  -23.534 0.3000000119
51454  34.469  -16.730  -23.960 0.3000000119
52317  34.875  -15.968  -23.723 0.3000000119
52325  34.310  -15.905  -24.363 0.3000000119
53202  34.267  -15.101  -24.828 0.3000000119
51455  33.808  -16.665  -24.546 0.3000000119
52326  33.720  -15.774  -25.025 0.4000000060
50600  32.546  -17.844  -25.208 0.5000000000
51470  33.187  -16.506  -25.174 0.5000000000
52341  33.118  -15.676  -25.645 0.5000000000
136669  32.699  -17.066  -25.291 0.6000000238
51472  32.011  -17.170  -25.665 0.6000000238
54944  36.486  -12.589  -22.654 0.4000000060
54071  35.935  -13.218  -22.851 0.3000000119
54081  35.648  -13.806  -23.159 0.3000000119
54088  35.388  -13.104  -23.581 0.3000000119
54082  35.160  -14.218  -23.866 0.3000000119
54089  35.026  -13.402  -24.344 0.3000000119
140611  34.663  -14.549  -24.567 0.3000000119
126214  34.752  -13.896  -24.775 0.3000000119
135367  34.491  -13.722  -25.412 0.3000000119
53213  33.735  -14.862  -25.570 0.4000000060
54096  34.112  -13.984  -25.822 0.4000000060
51471  32.544  -16.365  -25.672 0.6000000238
53214  33.009  -14.953  -26.120 0.4000000060
53227  33.483  -14.229  -26.211 0.4000000060
51479  31.805  -16.252  -26.108 0.6000000238
52360  30.018  -15.478  -27.412 0.6999999881
51501  28.380  -16.124  -27.466 0.8000000119
55861  36.179  -11.771  -22.805 0.4000000060
54945  35.711  -12.392  -23.041 0.3000000119
54964  35.226  -12.088  -23.631 0.3000000119
54971  35.009  -12.622  -24.325 0.3000000119
54095  34.736  -13.100  -25.126 0.3000000119
54108  34.350  -13.225  -25.864 0.4000000060
54109  33.801  -13.431  -26.348 0.4000000060
54110  33.092  -13.741  -26.760 0.4000000060
136401  32.845  -14.405  -26.529 0.4000000060
53228  32.302  -14.919  -26.502 0.5000000000
126783  31.013  -16.034  -26.687 0.6000000238
53235  32.224  -14.217  -27.032 0.4000000060
52359  30.899  -15.259  -27.152 0.6999999881
53236  31.287  -14.444  -27.385 0.4000000060
54124  31.716  -13.674  -27.667 0.4000000060
53237  30.422  -14.648  -27.637 0.6000000238
54125  30.861  -13.925  -27.976 0.5000000000
53238  29.545  -14.777  -27.910 0.6000000238
52361  29.040  -15.464  -27.706 0.6999999881
115392  36.240  -10.331  -22.961 0.3000000119
139445  35.422  -11.051  -23.257 0.3000000119
55901  34.864  -11.659  -24.333 0.3000000119
54977  34.814  -12.296  -25.005 0.3000000119
54978  34.547  -12.346  -25.814 0.3000000119
54987  34.096  -12.632  -26.434 0.3000000119
55005  33.968  -12.128  -27.094 0.3000000119
54122  33.447  -12.852  -27.011 0.3000000119
55006  33.535  -12.220  -27.536 0.3000000119
54123  32.593  -13.330  -27.365 0.4000000060
55007  32.900  -12.577  -27.699 0.3000000119
55019  33.278  -11.945  -28.166 0.3000000119
54131  32.105  -12.928  -27.998 0.3000000119
55020  32.514  -12.276  -28.393 0.3000000119
54132  31.270  -13.198  -28.294 0.3000000119
121920  31.685  -12.535  -28.642 0.4000000060
53246  29.991  -14.082  -28.223 0.5000000000
53247  29.116  -14.190  -28.472 0.5000000000
115389  35.341  -10.393  -23.349 0.3000000119
55886  34.784  -10.703  -24.044 0.3000000119
55909  34.750  -11.629  -25.298 0.3000000119
55919  34.602  -11.459  -26.128 0.3000000119
137745  34.256  -11.553  -27.255 0.3000000119
133080  33.889  -11.559  -27.887 0.3000000119
55950  33.679  -11.299  -28.856 0.3000000119
55951  32.990  -11.656  -28.927 0.3000000119
55035  31.300  -12.145  -29.275 0.4000000060
55021  30.810  -12.694  -28.848 0.5000000000
55036  30.391  -12.263  -29.454 0.5000000000
54147  29.917  -12.828  -29.054 0.5000000000
115916  35.619  -8.586  -23.605 0.3000000119
116122  34.893  -9.818  -23.938 0.3000000119
116255  34.817  -10.182  -24.861 0.3000000119
115386  34.786  -10.872  -25.565 0.3000000119
116087  34.805  -10.672  -26.387 0.3000000119
116151  34.567  -11.180  -26.925 0.3000000119
115380  34.397  -10.876  -27.858 0.3000000119
55949  34.146  -10.908  -28.890 0.3000000119
55960  32.853  -11.484  -29.745 0.4000000060
55961  31.908  -11.603  -29.800 0.4000000060
55962  30.917  -11.710  -29.875 0.4000000060
55973  31.548  -11.257  -30.473 0.4000000060
55050  29.956  -11.779  -29.999 0.4000000060
115864  36.699  -7.779  -23.352 0.3000000119
115913  36.152  -8.339  -23.382 0.3000000119
117336  35.012  -9.357  -25.509 0.3000000119
135007  34.923  -10.186  -25.786 0.3000000119
115383  34.848  -10.416  -27.213 0.3000000119
115356  34.508  -10.446  -28.964 0.3000000119
115376  34.425  -11.103  -29.903 0.3000000119
115377  35.538  -11.147  -30.915 0.3000000119
115368  33.654  -11.381  -30.467 0.3000000119
55972  32.799  -11.248  -30.692 0.3000000119
59685  35.804  -7.705  -23.614 0.3000000119
116119  35.282  -8.149  -24.083 0.3000000119
59697  35.390  -7.438  -24.104 0.3000000119
132466  34.922  -9.380  -24.537 0.3000000119
58782  35.152  -8.375  -25.690 0.3000000119
58796  35.178  -8.961  -26.447 0.3000000119
126077  35.236  -8.126  -26.619 0.3000000119
115919  35.062  -9.631  -27.409 0.3000000119
115958  34.797  -10.099  -28.083 0.3000000119
58804  35.170  -8.780  -27.342 0.3000000119
116017  34.848  -10.772  -30.082 0.3000000119
60548  35.680  -6.837  -23.831 0.3000000119
59714  35.187  -7.678  -24.879 0.3000000119
123571  35.363  -6.859  -24.463 0.3000000119
120066  35.305  -6.826  -25.328 0.3000000119
59732  35.280  -7.504  -25.938 0.3000000119
133466  34.731  -9.926  -28.957 0.3000000119
122327  34.951  -10.374  -30.125 0.3000000119
115359  36.059  -10.971  -31.119 0.3000000119
60555  35.507  -6.243  -24.071 0.3000000119
118119  35.585  -4.705  -24.357 0.3000000119
117391  35.382  -6.060  -25.686 0.3000000119
61411  35.403  -5.264  -25.116 0.4000000060
60585  35.381  -6.708  -26.241 0.3000000119
59742  35.190  -7.831  -27.436 0.3000000119
58815  35.038  -8.280  -28.167 0.3000000119
61425  35.436  -5.386  -26.164 0.4000000060
62274  35.447  -4.620  -25.790 0.4000000060
60598  35.374  -6.487  -27.127 0.4000000060
140462  35.465  -4.480  -25.032 0.3000000119
121862  35.470  -3.973  -26.281 0.4000000060
41655  29.980  -27.388  -26.543 1.0000000000
41665  30.509  -27.110  -27.055 1.0000000000
49670  30.186  -18.520  -26.146 0.6999999881
51499  30.193  -16.228  -27.035 0.8000000119
33862  36.312  -36.196  -27.585 0.5000000000
33065  36.392  -37.126  -27.446 0.5000000000
36939  35.734  -31.317  -31.227 0.6000000238
35383  38.018  -34.498  -28.501 0.4000000060
136068  37.960  -33.069  -28.892 0.5000000000
125073  32.894  -32.112  -24.545 0.8999999762
38849  37.756  -30.463  -26.548 0.6999999881
36936  39.186  -32.067  -29.541 0.5000000000
37823  36.161  -31.300  -24.798 0.8000000119
39809  32.509  -29.483  -25.240 0.8000000119
41644  27.767  -28.024  -25.778 0.8000000119
39857  39.861  -28.599  -30.781 0.4000000060
41654  30.668  -27.704  -26.506 1.0000000000
40800  40.093  -28.078  -29.011 0.5000000000
118163  40.339  -28.437  -25.858 0.6999999881
123185  29.864  -24.352  -29.672 1.0000000000
44218  30.961  -23.967  -30.086 1.0000000000
45994  36.113  -21.859  -26.959 0.8000000119
45102  33.929  -23.021  -28.266 1.0000000000
44200  32.830  -24.116  -28.250 1.0000000000
45934  36.615  -22.835  -24.374 0.6999999881
46918  35.035  -20.907  -30.252 0.8000000119
47880  34.149  -20.087  -31.545 1.0000000000
46946  32.662  -20.722  -31.557 1.0000000000
45019  38.976  -23.886  -22.832 0.6000000238
45035  37.386  -23.725  -23.371 0.6999999881
47854  42.615  -21.067  -30.166 0.4000000060
44196  25.769  -24.031  -27.500 1.0000000000
48777  42.262  -20.303  -30.280 0.4000000060
47845  30.855  -20.241  -29.503 1.0000000000
47819  42.367  -21.048  -28.443 0.4000000060
47820  41.858  -20.506  -29.085 0.5000000000
136277  42.031  -16.654  -26.888 0.4000000060
51494  42.606  -16.529  -27.210 0.4000000060
46908  29.826  -21.444  -28.281 1.0000000000
51478  39.028  -16.771  -26.947 0.5000000000
50641  36.245  -17.252  -29.629 0.5000000000
49697  35.771  -17.981  -28.953 0.6000000238
48752  35.639  -18.960  -27.217 0.5000000000
48753  34.907  -19.515  -27.417 0.5000000000
49655  35.839  -19.055  -25.022 0.5000000000
50610  30.689  -17.733  -26.204 0.6999999881
51480  31.229  -16.979  -26.204 0.6999999881
53229  31.613  -14.943  -26.870 0.6000000238
55920  34.362  -11.902  -26.616 0.3000000119
34619  32.039  -35.252  -26.937 0.5000000000
34611  32.053  -35.263  -25.747 0.5000000000
125611  31.476  -35.839  -28.487 0.5000000000
136856  31.792  -35.811  -26.195 0.5000000000
34639  31.187  -35.168  -29.415 0.5000000000
34628  31.568  -34.957  -28.399 0.5000000000
35388  31.167  -34.355  -29.496 0.5000000000
131692  31.237  -34.244  -30.152 0.4000000060
36137  31.556  -32.920  -29.563 0.5000000000
35402  31.878  -33.541  -30.436 0.4000000060
35401  32.962  -33.407  -30.932 0.5000000000
36147  31.616  -32.558  -30.168 0.5000000000
127366  24.848  -28.107  -27.390 0.6999999881
40787  24.359  -28.822  -27.409 0.6999999881
40786  25.496  -28.241  -27.204 0.8000000119
40770  26.318  -27.987  -26.697 0.8000000119
118468  25.887  -28.806  -26.975 0.8000000119
41669  24.733  -27.267  -27.128 0.6999999881
41667  25.897  -27.352  -27.078 0.8999999762
140630  25.667  -26.986  -27.122 0.8999999762
41658  26.674  -27.007  -26.915 0.8999999762
137078  27.745  -26.046  -27.324 0.8999999762
42484  24.696  -26.401  -26.930 0.6000000238
42482  26.138  -26.518  -27.172 0.8999999762
42481  27.015  -26.238  -27.243 0.8999999762
43335  27.399  -25.555  -27.566 0.8999999762
43334  28.310  -25.627  -27.747 0.8999999762
127988  42.744  -26.294  -23.357 0.5000000000
42426  42.167  -26.973  -23.272 0.5000000000
42427  41.328  -26.896  -23.054 0.5000000000
41619  42.348  -27.590  -23.521 0.6000000238
41620  41.664  -27.611  -23.397 0.5000000000
41621  40.794  -27.559  -23.294 0.5000000000
40707  42.083  -28.135  -23.763 0.6000000238
43338  24.615  -25.585  -26.809 0.6000000238
43337  25.261  -25.752  -27.037 0.8999999762
118539  25.896  -25.785  -27.232 0.8999999762
42483  25.395  -26.616  -27.102 0.8999999762
118398  26.603  -25.667  -27.387 0.8999999762
43348  27.778  -25.062  -28.003 0.8999999762
133212  42.095  -24.809  -23.334 0.5000000000
44134  41.441  -24.516  -23.236 0.5000000000
44133  42.810  -24.722  -23.509 0.5000000000
43273  41.621  -25.342  -23.065 0.5000000000
43252  40.875  -25.048  -22.828 0.5000000000
44132  43.671  -24.689  -23.648 0.5000000000
43272  42.411  -25.477  -23.295 0.5000000000
127224  25.688  -24.915  -27.280 0.8999999762
43336  26.300  -25.125  -27.448 0.8999999762
43349  27.004  -24.838  -27.802 0.8999999762
120319  27.730  -24.345  -28.538 0.8999999762
45031  42.169  -24.021  -23.646 0.5000000000
44135  40.639  -24.224  -23.060 0.5000000000
45030  43.168  -23.985  -23.781 0.5000000000
44204  26.314  -24.396  -27.699 0.8999999762
127049  41.213  -23.670  -23.523 0.5000000000
45054  41.764  -23.193  -24.099 0.5000000000
45053  42.651  -23.344  -24.194 0.5000000000
45947  42.212  -22.677  -24.659 0.4000000060
45097  23.754  -23.076  -26.987 0.6000000238
45098  23.015  -22.823  -26.828 0.6000000238
137969  24.459  -22.209  -27.528 0.8000000119
45998  23.743  -22.341  -27.226 0.6999999881
46896  23.515  -21.863  -27.063 0.6999999881
46872  23.053  -21.468  -26.587 0.6999999881
47808  22.391  -20.733  -26.063 0.6999999881
46895  24.140  -21.869  -27.324 0.6999999881
46871  23.804  -21.476  -26.731 0.6999999881
47807  23.336  -20.802  -26.046 0.6999999881
47806  24.201  -20.882  -26.043 0.6999999881
48738  23.698  -19.917  -25.694 0.6999999881
47829  25.487  -21.401  -26.879 0.8000000119
47805  25.083  -20.841  -26.101 0.8000000119
46894  25.865  -21.714  -27.748 0.8000000119
48737  24.607  -19.907  -25.742 0.6999999881
47804  25.990  -20.803  -26.178 0.8000000119
47828  26.337  -21.434  -26.923 0.8000000119
48736  25.547  -19.850  -25.874 0.6999999881
48735  26.516  -19.846  -26.043 0.8000000119
50614  26.201  -17.713  -26.538 0.6000000238
140826  26.564  -18.215  -26.356 0.6000000238
50630  26.576  -17.078  -27.001 0.6000000238
130345  26.130  -16.395  -27.440 0.6000000238
49674  27.054  -18.752  -26.237 0.8000000119
50629  27.484  -17.157  -27.013 0.6000000238
126947  26.975  -16.471  -27.380 0.6000000238
131460  26.589  -15.917  -27.727 0.6000000238
49673  27.742  -18.007  -26.524 0.6999999881
51502  27.677  -16.479  -27.362 0.6000000238
52362  28.161  -15.374  -27.980 0.6999999881
52363  27.406  -15.815  -27.742 0.6000000238
53239  28.694  -14.827  -28.204 0.6000000238
50613  28.324  -17.408  -26.836 0.6999999881
51482  28.841  -16.824  -27.079 0.6999999881
129965  32.997  -34.482  -30.918 0.5000000000
36153  32.236  -32.397  -30.640 0.5000000000
35387  31.509  -33.893  -29.089 0.5000000000
45946  43.068  -22.736  -24.692 0.3000000119
137178  24.857  -21.915  -27.603 0.8000000119
35395  31.169  -33.597  -29.891 0.5000000000
41668  25.328  -27.440  -27.191 0.8000000119
47830  24.645  -21.513  -26.974 0.8000000119
49675  24.991  -18.763  -25.890 0.6999999881
126516  26.039  -18.676  -26.118 0.6999999881
40781  41.799  -28.702  -28.466 0.4000000060
40780  42.756  -29.000  -28.563 0.4000000060
121955  41.611  -28.682  -27.516 0.4000000060
117112  42.506  -28.893  -27.650 0.4000000060
117516  42.848  -28.729  -25.968 0.5000000000
132383  43.298  -28.989  -27.785 0.4000000060
40797  44.817  -28.835  -27.885 0.4000000060
40739  42.463  -28.581  -25.133 0.5000000000
40723  41.681  -28.462  -24.447 0.5000000000
117649  43.768  -28.516  -25.886 0.5000000000
133501  44.129  -28.611  -26.658 0.4000000060
40760  42.286  -28.783  -26.762 0.4000000060
40778  45.530  -28.438  -27.415 0.4000000060
125887  44.803  -28.529  -26.998 0.4000000060
40759  43.284  -28.810  -26.866 0.4000000060
40706  42.839  -27.896  -23.815 0.5000000000
137067  43.191  -28.549  -25.335 0.5000000000
40757  45.495  -28.000  -26.580 0.4000000060
42474  48.427  -26.447  -27.906 0.4000000060
42475  47.609  -26.796  -27.638 0.4000000060
40756  46.156  -27.990  -27.217 0.4000000060
42473  49.208  -26.234  -27.899 0.4000000060
128037  47.357  -27.554  -27.950 0.4000000060
40721  43.339  -28.082  -24.341 0.5000000000
136890  43.669  -28.270  -25.011 0.5000000000
40737  44.384  -28.019  -25.347 0.4000000060
136231  53.486  -21.734  -27.774 0.3000000119
40736  45.108  -27.645  -25.740 0.4000000060
45091  53.058  -23.169  -27.245 0.3000000119
41651  46.137  -27.490  -26.734 0.4000000060
45101  53.993  -23.154  -27.863 0.3000000119
44189  52.626  -23.922  -27.111 0.3000000119
44176  51.761  -24.001  -26.867 0.3000000119
44191  50.566  -24.868  -26.992 0.3000000119
43329  48.720  -25.747  -27.482 0.4000000060
43330  47.919  -26.026  -27.327 0.4000000060
41663  46.790  -27.300  -27.259 0.4000000060
128200  52.209  -24.643  -26.951 0.3000000119
44190  51.360  -24.723  -26.907 0.3000000119
43328  49.474  -25.573  -27.451 0.4000000060
41630  43.575  -27.428  -23.942 0.4000000060
40720  44.040  -27.719  -24.598 0.4000000060
41639  44.747  -27.298  -24.974 0.4000000060
46878  52.840  -21.691  -27.417 0.3000000119
124260  51.160  -21.662  -26.783 0.3000000119
45992  52.494  -22.466  -27.127 0.3000000119
45081  51.412  -23.431  -26.765 0.3000000119
44177  50.871  -24.065  -26.783 0.3000000119
44178  49.418  -24.246  -26.751 0.4000000060
43313  49.026  -25.042  -27.105 0.4000000060
42459  47.141  -26.411  -26.989 0.4000000060
45080  52.144  -23.259  -26.958 0.3000000119
130540  50.157  -24.384  -26.861 0.3000000119
42425  42.930  -27.140  -23.529 0.4000000060
116862  48.855  -22.768  -26.191 0.3000000119
45069  48.065  -23.115  -25.908 0.3000000119
44165  47.136  -24.423  -25.715 0.4000000060
44166  46.582  -24.983  -25.506 0.4000000060
43301  45.697  -26.040  -25.168 0.4000000060
45980  50.512  -22.326  -26.575 0.3000000119
45981  49.653  -22.517  -26.390 0.3000000119
124609  48.724  -23.680  -26.381 0.3000000119
44180  47.708  -24.848  -26.402 0.4000000060
43299  46.992  -25.254  -26.067 0.4000000060
42450  45.429  -26.870  -25.404 0.4000000060
120217  50.125  -23.045  -26.537 0.3000000119
45083  49.497  -23.351  -26.494 0.3000000119
44179  48.517  -24.523  -26.645 0.4000000060
42449  46.072  -26.435  -25.866 0.4000000060
45082  50.771  -23.212  -26.632 0.3000000119
125202  50.144  -23.735  -26.674 0.3000000119
43314  48.224  -25.281  -26.996 0.4000000060
42460  46.446  -26.817  -26.543 0.4000000060
137052  44.680  -23.966  -24.060 0.4000000060
119397  45.088  -24.423  -24.174 0.4000000060
43270  44.136  -25.405  -23.708 0.4000000060
42424  43.712  -26.415  -23.662 0.4000000060
45071  46.650  -23.075  -25.120 0.3000000119
44153  45.748  -24.353  -24.609 0.4000000060
135500  45.404  -24.942  -24.418 0.4000000060
43291  44.608  -26.014  -24.040 0.4000000060
45070  47.343  -23.526  -25.578 0.4000000060
44152  46.411  -24.408  -25.142 0.4000000060
43289  45.955  -25.153  -24.969 0.4000000060
43290  45.279  -25.634  -24.518 0.4000000060
127965  24.050  -18.858  -25.767 0.6000000238
49676  23.126  -18.864  -25.686 0.6000000238
51484  25.702  -16.984  -26.942 0.5000000000
50615  25.339  -17.730  -26.362 0.5000000000
51485  24.736  -16.917  -26.926 0.5000000000
52373  26.676  -15.381  -28.210 0.5000000000
52371  27.977  -14.798  -28.401 0.5000000000
53248  28.248  -14.242  -28.652 0.4000000060
57863  34.967  -9.604  -30.807 0.3000000119
58831  34.425  -8.634  -30.227 0.3000000119
58842  34.427  -9.102  -30.914 0.3000000119
132647  35.252  -7.115  -27.511 0.3000000119
59750  35.073  -7.401  -28.116 0.3000000119
116655  34.635  -9.187  -29.880 0.3000000119
58823  34.661  -8.184  -29.541 0.3000000119
58832  34.008  -8.062  -30.399 0.3000000119
58843  33.532  -8.568  -30.999 0.3000000119
59769  33.365  -7.508  -30.473 0.3000000119
61438  35.426  -5.599  -27.130 0.3000000119
117419  35.174  -6.546  -27.972 0.3000000119
59760  34.878  -7.767  -28.830 0.3000000119
60603  34.875  -6.190  -28.575 0.3000000119
59761  34.559  -7.289  -29.425 0.3000000119
60609  34.431  -6.326  -29.323 0.3000000119
59768  34.043  -6.985  -30.055 0.3000000119
138410  33.907  -6.072  -29.923 0.3000000119
125375  33.527  -5.383  -30.046 0.3000000119
119125  35.479  -4.727  -26.714 0.3000000119
62299  35.405  -4.792  -27.632 0.3000000119
61447  35.217  -5.652  -28.056 0.3000000119
120124  35.110  -4.788  -28.494 0.3000000119
61448  34.733  -5.528  -28.883 0.3000000119
62311  34.992  -3.995  -28.966 0.3000000119
62312  34.559  -4.731  -29.279 0.3000000119
61455  34.180  -5.431  -29.632 0.3000000119
132557  35.519  -3.364  -26.658 0.3000000119
63219  35.495  -3.074  -27.477 0.3000000119
126599  35.383  -3.974  -28.091 0.3000000119
63230  35.293  -3.158  -28.584 0.3000000119
64074  35.184  -2.302  -29.198 0.3000000119
63243  34.776  -3.263  -29.495 0.3000000119
137839  34.627  -1.575  -30.403 0.3000000119
64045  35.532  -2.209  -27.225 0.3000000119
65743  35.563  -0.726  -27.823 0.3000000119
64059  35.471  -2.285  -28.077 0.3000000119
65754  35.495  -0.666  -28.676 0.3000000119
64939  35.053  -1.055  -30.143 0.3000000119
64891  35.538  -1.505  -27.489 0.3000000119
66583  35.639  0.575  -28.692 0.3000000119
127530  35.681  1.197  -29.182 0.3000000119
66596  35.523  0.362  -29.523 0.3000000119
126372  35.605  -0.028  -28.232 0.3000000119
67387  35.713  1.917  -28.798 0.3000000119
40777  46.721  -28.042  -27.767 0.4000000060
39825  43.857  -29.101  -28.483 0.4000000060
40796  45.638  -28.731  -28.243 0.4000000060
41676  48.968  -27.017  -28.541 0.4000000060
41662  48.083  -27.127  -28.305 0.4000000060
40776  47.163  -28.105  -28.294 0.4000000060
46001  54.480  -22.845  -28.868 0.3000000119
45100  54.575  -23.778  -28.656 0.3000000119
45090  53.522  -23.903  -27.463 0.3000000119
118860  53.134  -24.665  -27.201 0.3000000119
127153  51.811  -25.245  -26.979 0.3000000119
42472  49.924  -26.053  -27.727 0.3000000119
46002  53.999  -22.207  -28.147 0.3000000119
45993  51.991  -21.719  -27.065 0.3000000119
123674  49.834  -21.676  -26.405 0.3000000119
46879  51.581  -21.042  -27.034 0.3000000119
45051  44.426  -23.312  -24.246 0.4000000060
45050  45.293  -23.553  -24.372 0.4000000060
45943  45.806  -22.773  -24.744 0.4000000060
45965  47.268  -22.576  -25.475 0.3000000119
45052  43.556  -23.319  -24.216 0.4000000060
48739  22.773  -19.834  -25.702 0.6000000238
135400  35.548  -2.548  -26.426 0.3000000119
64878  35.537  -1.644  -26.611 0.3000000119
126384  35.528  0.002  -27.372 0.3000000119
66573  35.557  0.663  -27.860 0.3000000119
67376  35.483  1.418  -27.466 0.3000000119
46899  53.839  -21.383  -28.296 0.3000000119
40782  40.884  -28.416  -28.256 0.4000000060
117364  41.994  -28.710  -25.947 0.5000000000
41652  45.781  -27.214  -26.135 0.4000000060
128790  44.849  -25.167  -24.055 0.4000000060
63206  35.498  -3.985  -27.169 0.3000000119
62323  34.340  -3.999  -29.660 0.3000000119
64919  35.263  -1.300  -29.309 0.3000000119
65785  35.288  -0.259  -30.046 0.3000000119
68208  35.572  2.641  -28.200 0.3000000119
40811  41.109  -28.270  -30.252 0.3000000119
40798  42.027  -28.659  -29.582 0.3000000119
36903  27.209  -32.684  -26.071 0.6000000238
36895  27.078  -31.901  -25.912 0.6999999881
36904  26.655  -32.083  -26.612 0.6999999881
39836  43.100  -29.125  -29.481 0.3000000119
35392  38.632  -34.718  -29.186 0.3000000119
36142  39.151  -33.052  -29.506 0.3000000119
37876  25.759  -31.330  -27.471 0.6999999881
40828  40.617  -28.530  -31.316 0.3000000119
37860  26.271  -31.395  -26.981 0.6999999881
40821  41.214  -28.437  -31.093 0.3000000119
37845  26.721  -31.345  -26.236 0.6999999881
39845  43.511  -29.207  -30.395 0.3000000119
39843  45.211  -29.261  -29.984 0.3000000119
39844  44.389  -29.347  -30.262 0.3000000119
39835  44.049  -29.272  -29.493 0.3000000119
40807  47.571  -28.438  -29.901 0.3000000119
40808  46.733  -28.668  -29.520 0.3000000119
40809  45.854  -28.902  -29.196 0.3000000119
125004  39.694  -30.607  -30.279 0.4000000060
39828  25.848  -29.694  -27.104 0.6999999881
38856  26.042  -30.636  -27.103 0.6999999881
38850  26.433  -30.810  -26.557 0.6999999881
39856  42.111  -28.585  -31.447 0.3000000119
39855  43.028  -28.916  -31.353 0.3000000119
132682  44.886  -29.340  -30.873 0.3000000119
39834  44.881  -29.108  -28.941 0.3000000119
40820  47.021  -28.757  -30.575 0.3000000119
37916  39.739  -31.572  -30.020 0.4000000060
39829  25.207  -29.728  -27.521 0.6999999881
39882  40.935  -29.449  -32.249 0.3000000119
39871  40.472  -29.201  -31.556 0.3000000119
137778  42.666  -28.763  -31.922 0.3000000119
39870  41.024  -28.835  -32.144 0.3000000119
39854  44.093  -29.232  -31.397 0.3000000119
39822  26.404  -30.072  -26.425 0.6999999881
136526  47.754  -27.817  -28.593 0.3000000119
40795  46.522  -28.489  -28.488 0.3000000119
41678  48.993  -27.741  -29.564 0.3000000119
40793  48.098  -28.035  -29.335 0.3000000119
127583  41.683  -28.874  -32.427 0.3000000119
121957  43.104  -29.200  -32.907 0.3000000119
39868  43.368  -29.022  -32.328 0.3000000119
40751  26.490  -29.034  -26.324 0.6999999881
39880  42.401  -29.418  -32.914 0.3000000119
41677  48.412  -27.557  -28.860 0.3000000119
45944  44.903  -22.601  -24.538 0.3000000119
36111  28.240  -33.543  -25.276 0.5000000000
130224  27.061  -33.729  -26.670 0.6999999881
36112  27.570  -33.538  -25.981 0.6000000238
128644  27.802  -32.933  -25.471 0.6000000238
134677  25.505  -31.925  -27.746 0.6999999881
38857  25.468  -30.531  -27.474 0.6999999881
36947  39.676  -32.531  -30.161 0.3000000119
37915  40.146  -31.166  -30.618 0.4000000060
124528  25.004  -28.935  -27.510 0.6999999881
37926  40.581  -31.301  -31.541 0.4000000060
38884  40.258  -30.297  -31.027 0.4000000060
38903  41.280  -30.239  -32.538 0.3000000119
137307  41.032  -31.021  -32.271 0.3000000119
37933  41.672  -31.401  -32.944 0.3000000119
126399  25.453  -29.091  -27.301 0.6999999881
138431  27.122  -33.234  -26.411 0.6000000238
38902  42.020  -30.273  -33.062 0.3000000119
35358  30.569  -34.962  -24.641 0.5000000000
34613  30.283  -35.672  -24.992 0.5000000000
35357  31.676  -35.128  -24.969 0.4000000060
32182  26.142  -38.590  -28.382 0.4000000060
32183  25.136  -38.566  -28.605 0.5000000000
126701  31.062  -35.508  -24.933 0.4000000060
35359  29.603  -34.864  -24.811 0.5000000000
30222  24.475  -40.388  -28.776 0.4000000060
131029  23.664  -40.514  -28.747 0.4000000060
33086  25.717  -37.766  -28.514 0.5000000000
35360  28.799  -34.213  -25.035 0.4000000060
29289  23.608  -41.762  -29.054 0.4000000060
126388  24.193  -38.934  -28.595 0.4000000060
129621  26.095  -36.947  -28.388 0.5000000000
33867  26.752  -35.965  -27.712 0.4000000060
35361  28.127  -34.289  -25.664 0.5000000000
129845  27.384  -34.998  -26.632 0.4000000060
34630  26.975  -35.330  -27.274 0.4000000060
35368  27.510  -34.356  -26.328 0.4000000060
29272  22.955  -41.182  -28.802 0.4000000060
139364  20.328  -39.280  -27.344 0.4000000060
33071  20.197  -37.804  -27.292 0.4000000060
124529  25.003  -37.734  -28.652 0.5000000000
33087  24.263  -38.034  -28.576 0.4000000060
117049  21.477  -37.468  -27.661 0.4000000060
129124  25.233  -36.996  -28.639 0.5000000000
33869  21.958  -36.498  -27.609 0.4000000060
120558  20.648  -36.914  -27.191 0.4000000060
34640  25.889  -35.471  -28.435 0.5000000000
118659  22.224  -34.969  -27.359 0.4000000060
35381  21.238  -34.931  -26.749 0.4000000060
33878  26.297  -36.122  -28.206 0.5000000000
34631  26.430  -35.362  -27.999 0.6000000238
35377  26.513  -34.609  -27.695 0.6000000238
35376  26.986  -34.470  -27.001 0.5000000000
118536  20.821  -40.182  -27.935 0.4000000060
30223  22.773  -40.136  -28.570 0.4000000060
138304  20.972  -38.474  -27.695 0.4000000060
137496  24.594  -37.336  -28.618 0.5000000000
121484  23.882  -37.242  -28.482 0.4000000060
137808  24.999  -36.283  -28.667 0.5000000000
33879  25.624  -36.229  -28.532 0.5000000000
35389  26.048  -34.740  -28.252 0.5000000000
35380  22.048  -34.139  -27.062 0.4000000060
35378  26.088  -33.995  -27.962 0.6000000238
36125  26.566  -33.817  -27.360 0.6000000238
31175  21.203  -39.386  -28.005 0.4000000060
32184  23.598  -38.536  -28.487 0.4000000060
32166  21.892  -38.768  -28.131 0.4000000060
33070  22.232  -38.044  -28.080 0.4000000060
33881  22.846  -37.085  -28.046 0.4000000060
34641  25.160  -35.564  -28.619 0.5000000000
33868  22.997  -36.035  -28.014 0.4000000060
137943  22.344  -35.686  -27.617 0.4000000060
128764  25.470  -34.898  -28.518 0.5000000000
36117  26.649  -32.990  -26.886 0.6000000238
36126  26.092  -33.181  -27.644 0.6000000238
31190  22.258  -39.354  -28.338 0.4000000060
33088  23.295  -37.918  -28.366 0.4000000060
132246  24.450  -35.929  -28.583 0.5000000000
33880  23.754  -36.403  -28.391 0.5000000000
34643  23.782  -35.502  -28.385 0.5000000000
137489  25.034  -35.008  -28.616 0.5000000000
34642  24.542  -35.153  -28.563 0.5000000000
132259  23.940  -34.513  -28.334 0.5000000000
34632  23.064  -35.108  -27.991 0.4000000060
35390  25.581  -34.216  -28.326 0.6000000238
35379  23.040  -34.103  -27.746 0.5000000000
36130  22.602  -33.316  -27.236 0.4000000060
36913  26.083  -32.202  -27.398 0.6000000238
36138  25.153  -33.799  -28.318 0.6000000238
36139  24.549  -33.762  -28.268 0.5000000000
36127  25.596  -33.492  -28.067 0.6000000238
132309  23.868  -33.693  -28.066 0.5000000000
36914  25.540  -32.676  -27.863 0.6000000238
39831  23.885  -29.507  -27.343 0.5000000000
125159  24.075  -30.400  -27.514 0.6000000238
139632  23.886  -31.025  -27.473 0.5000000000
38858  24.856  -30.466  -27.698 0.6000000238
128100  24.397  -31.301  -27.683 0.6000000238
37878  23.586  -31.551  -27.393 0.5000000000
36917  23.000  -32.384  -27.222 0.5000000000
36929  25.027  -33.144  -28.123 0.6000000238
36128  24.332  -33.030  -27.967 0.5000000000
36129  23.495  -33.128  -27.667 0.5000000000
40788  23.602  -28.779  -27.081 0.5000000000
39830  24.592  -29.643  -27.580 0.6000000238
36916  23.979  -32.251  -27.711 0.6000000238
37877  25.180  -31.284  -27.747 0.6000000238
133146  29.398  -35.662  -25.254 0.4000000060
35350  29.406  -34.062  -24.668 0.4000000060
36915  24.878  -32.206  -27.931 0.6000000238
34612  31.478  -35.771  -25.467 0.5000000000
33845  29.968  -36.403  -25.405 0.5000000000
31189  23.900  -39.781  -28.643 0.4000000060
121926  23.289  -39.218  -28.486 0.4000000060
34633  21.220  -35.867  -27.095 0.4000000060
32185  22.793  -38.627  -28.332 0.4000000060
31191  21.579  -40.098  -28.299 0.4000000060
32167  20.009  -38.396  -27.273 0.3000000119
34623  19.942  -36.524  -26.668 0.3000000119
33072  19.674  -37.960  -27.035 0.3000000119
33870  19.574  -37.289  -26.751 0.3000000119
136448  20.105  -35.671  -26.407 0.3000000119
33856  19.219  -36.415  -26.076 0.3000000119
29271  24.044  -41.128  -28.947 0.4000000060
31159  35.303  -40.100  -26.937 0.5000000000
32157  36.493  -37.999  -27.392 0.5000000000
33844  30.825  -36.307  -25.431 0.5000000000
34646  35.141  -34.884  -29.527 0.6000000238
35366  32.985  -34.179  -25.972 0.6000000238
35396  30.964  -34.539  -29.944 0.5000000000
35400  34.008  -33.488  -31.076 0.6000000238
36103  30.491  -33.546  -24.386 0.5000000000
36146  32.013  -31.954  -30.462 0.5000000000
36879  34.182  -32.433  -24.865 0.8000000119
36891  35.531  -32.631  -25.613 0.8000000119
36900  36.267  -32.078  -26.787 0.6999999881
36942  32.389  -31.741  -30.461 0.6000000238
37892  34.077  -30.790  -30.352 0.6999999881
37905  36.241  -30.727  -31.205 0.6000000238
38894  40.710  -30.185  -31.949 0.3000000119
39846  42.588  -28.836  -30.465 0.3000000119
39847  36.793  -28.508  -30.404 0.5000000000
39869  42.347  -28.812  -32.312 0.3000000119
39881  41.519  -29.392  -32.565 0.3000000119
40712  36.758  -28.100  -23.589 0.8000000119
40722  42.611  -28.343  -24.317 0.5000000000
40738  43.088  -28.430  -24.790 0.5000000000
40758  44.646  -28.256  -26.173 0.4000000060
40779  44.047  -28.827  -27.432 0.4000000060
40794  47.326  -28.316  -28.963 0.3000000119
40806  48.433  -28.258  -30.241 0.3000000119
40810  41.800  -28.506  -30.584 0.3000000119
40824  38.262  -28.212  -30.328 0.4000000060
40827  41.417  -28.586  -31.911 0.3000000119
41640  34.053  -27.369  -25.293 0.6999999881
41653  32.572  -27.633  -26.368 1.0000000000
42412  39.221  -26.058  -22.635 0.6000000238
42442  45.039  -26.476  -24.687 0.4000000060
42443  44.329  -26.922  -24.249 0.4000000060
43253  39.652  -25.410  -22.590 0.6000000238
43271  43.268  -25.503  -23.480 0.5000000000
43300  46.351  -25.653  -25.640 0.4000000060
43315  47.450  -25.630  -26.705 0.4000000060
43316  46.752  -26.037  -26.297 0.4000000060
43326  51.068  -25.513  -27.183 0.3000000119
43327  50.220  -25.480  -27.335 0.4000000060
44123  38.496  -24.625  -22.774 0.6000000238
44154  44.441  -24.607  -23.871 0.4000000060
44155  44.016  -23.967  -23.909 0.4000000060
44181  35.003  -24.149  -25.853 0.8000000119
44192  49.805  -24.938  -27.081 0.3000000119
44194  33.243  -24.590  -27.503 1.0000000000
44211  30.622  -24.442  -29.727 1.0000000000
45049  46.147  -23.656  -24.829 0.3000000119
45056  36.245  -23.474  -24.301 0.6999999881
45084  47.936  -24.030  -26.111 0.4000000060
45110  32.195  -23.383  -29.896 1.0000000000
45967  45.395  -21.916  -24.921 0.3000000119
45979  51.501  -22.589  -26.807 0.3000000119
45991  53.349  -22.392  -27.521 0.3000000119
46005  33.618  -22.698  -29.139 1.0000000000
46007  25.650  -21.959  -27.995 0.8999999762
46847  40.435  -20.882  -25.095 0.6999999881
46864  42.437  -21.468  -26.739 0.4000000060
46905  35.171  -21.356  -29.189 0.8000000119
46920  28.361  -21.391  -29.740 1.0000000000
46930  34.382  -21.157  -30.817 1.0000000000
46945  33.480  -20.613  -31.578 1.0000000000
46947  31.931  -20.599  -31.143 1.0000000000
47777  38.772  -20.618  -25.212 0.6999999881
47782  31.889  -20.334  -25.818 0.6999999881
47797  34.179  -20.206  -27.027 0.6000000238
47838  42.462  -21.085  -29.381 0.4000000060
47858  29.076  -20.511  -29.857 1.0000000000
47873  28.732  -20.708  -29.822 1.0000000000
48708  35.305  -19.247  -24.816 0.5000000000
48717  33.622  -19.412  -24.840 0.6999999881
48768  34.271  -18.589  -29.569 0.6999999881
48779  39.734  -18.996  -30.877 0.6000000238
48795  36.363  -18.807  -31.259 0.8000000119
48806  35.218  -18.948  -31.489 0.8000000119
48808  33.676  -19.797  -31.545 1.0000000000
48810  32.328  -20.104  -31.206 1.0000000000
49653  37.152  -18.171  -24.890 0.4000000060
49707  43.508  -18.818  -29.708 0.4000000060
49728  34.754  -17.983  -30.942 0.8999999762
49730  33.175  -19.065  -30.847 1.0000000000
49738  36.846  -17.535  -31.457 0.6999999881
49739  36.224  -17.890  -31.545 0.6999999881
49740  35.563  -18.205  -31.486 0.8000000119
49742  33.810  -19.061  -31.341 1.0000000000
50573  37.185  -17.472  -23.666 0.3000000119
50574  36.346  -17.514  -23.508 0.4000000060
50599  37.776  -17.631  -25.433 0.4000000060
50640  36.814  -17.078  -29.218 0.5000000000
50655  35.385  -17.500  -30.779 0.8999999762
50663  35.910  -17.279  -31.161 0.6000000238
50675  36.286  -17.427  -31.414 0.8000000119
50677  35.234  -17.909  -31.353 0.8999999762
51435  38.259  -16.169  -23.593 0.3000000119
51438  35.907  -16.787  -23.287 0.4000000060
51483  28.143  -16.807  -27.174 0.6000000238
51514  42.933  -17.078  -27.802 0.4000000060
51526  38.759  -16.828  -29.567 0.5000000000
51528  44.323  -17.157  -30.709 0.4000000060
52315  36.250  -16.056  -23.007 0.3000000119
52342  32.427  -15.605  -26.097 0.5000000000
52351  42.487  -15.125  -26.552 0.4000000060
52353  31.737  -15.516  -26.503 0.5000000000
52372  27.396  -15.110  -28.318 0.5000000000
53192  35.793  -14.607  -22.997 0.3000000119
53198  34.768  -15.170  -24.127 0.3000000119
53212  34.357  -14.351  -25.192 0.3000000119
53234  43.204  -14.918  -27.704 0.4000000060
53244  43.427  -14.812  -28.301 0.4000000060
53257  43.207  -14.074  -29.597 0.3000000119
53267  43.019  -14.174  -30.505 0.3000000119
54068  38.343  -13.881  -22.884 0.3000000119
54133  30.393  -13.355  -28.508 0.5000000000
54134  29.508  -13.489  -28.732 0.5000000000
54135  28.630  -13.613  -28.942 0.4000000060
55034  32.183  -11.968  -29.103 0.4000000060
55860  36.681  -11.115  -22.830 0.4000000060
55862  35.527  -11.589  -23.178 0.3000000119
55885  35.116  -11.233  -23.597 0.3000000119
58822  34.930  -8.688  -28.996 0.3000000119
58855  34.390  -9.518  -31.644 0.3000000119
59751  34.862  -6.909  -28.718 0.3000000119
61400  35.521  -5.529  -24.181 0.3000000119
62324  33.941  -4.661  -29.923 0.3000000119
64075  34.496  -2.627  -30.084 0.3000000119
64904  35.464  -1.460  -28.427 0.3000000119
64920  34.884  -1.852  -30.013 0.3000000119
65730  35.501  -0.729  -26.786 0.3000000119
65771  35.401  -0.483  -29.422 0.3000000119
115369  33.709  -11.302  -29.768 0.3000000119
115372  34.656  -11.420  -30.819 0.3000000119
115378  34.976  -9.272  -28.319 0.3000000119
115382  36.772  -8.649  -23.275 0.3000000119
115384  35.064  -9.807  -26.538 0.3000000119
115390  35.044  -8.638  -24.748 0.3000000119
115845  35.133  -8.988  -24.006 0.3000000119
116353  34.785  -11.017  -24.817 0.3000000119
116449  35.327  -7.299  -26.825 0.3000000119
117201  35.418  -6.053  -26.482 0.4000000060
119529  26.947  -17.791  -26.585 0.6000000238
121304  41.885  -26.177  -23.090 0.5000000000
121784  35.375  -6.126  -24.777 0.3000000119
121924  34.662  -28.375  -24.439 0.8000000119
123832  40.760  -28.447  -27.344 0.5000000000
124219  37.065  -11.917  -22.648 0.4000000060
126155  39.000  -16.721  -25.114 0.3000000119
126656  31.201  -20.348  -25.928 0.6999999881
126977  35.627  1.277  -28.370 0.3000000119
127310  24.488  -36.696  -28.603 0.5000000000
127984  42.879  -14.575  -27.221 0.4000000060
128018  29.568  -32.185  -24.453 0.8000000119
128717  36.594  -25.951  -23.276 0.6999999881
129281  32.317  -21.311  -31.416 1.0000000000
130004  24.909  -34.457  -28.511 0.5000000000
130529  38.800  -28.719  -30.548 0.4000000060
131736  37.908  -23.196  -23.304 0.6999999881
132069  35.442  -9.404  -23.508 0.3000000119
132083  36.074  -9.021  -23.289 0.3000000119
132225  37.407  -34.395  -28.259 0.5000000000
132915  34.340  -7.763  -29.974 0.3000000119
133422  46.134  -28.383  -27.777 0.4000000060
133648  35.590  -0.039  -28.910 0.3000000119
133664  36.185  -18.550  -27.115 0.5000000000
133996  30.541  -15.759  -27.088 0.8000000119
134073  38.565  -25.935  -22.714 0.6000000238
134466  40.334  -25.473  -22.662 0.6000000238
134614  35.595  1.901  -28.038 0.3000000119
134616  37.786  -22.111  -23.919 0.6999999881
135146  39.429  -27.883  -30.212 0.4000000060
137184  25.244  -21.712  -27.547 0.8000000119
137552  35.314  -6.071  -27.582 0.3000000119
138553  31.315  -15.439  -26.816 0.6000000238
138733  35.167  -9.303  -26.941 0.3000000119
138820  46.764  -23.827  -25.268 0.4000000060
138902  32.979  -29.715  -24.983 0.8000000119
139202  39.662  -28.395  -25.807 0.6999999881
139294  37.027  -24.978  -23.251 0.6000000238
139587  38.828  -28.641  -25.219 0.6999999881
139782  44.636  -29.287  -29.622 0.3000000119
140465  40.546  -28.274  -30.699 0.4000000060
140694  32.586  -19.205  -30.395 1.0000000000
