#!ascii label  , from subject sub-v1s21x0050382_ses-1 vox2ras=TkReg
235
21899  40.365  -49.897  -18.562 0.0000000000
19380  44.523  -52.659  -23.685 0.0000000000
16813  43.196  -55.917  -18.467 0.0000000000
19369  39.594  -52.065  -21.788 0.0000000000
15146  40.487  -57.204  -23.013 0.0000000000
15966  41.343  -57.596  -20.221 0.0000000000
13542  42.756  -59.831  -22.924 0.0000000000
19383  42.036  -52.031  -23.346 0.0000000000
22823  39.957  -48.003  -24.027 0.0000000000
20209  42.440  -50.975  -18.545 0.0000000000
17640  40.670  -54.175  -19.240 0.0000000000
17653  40.839  -54.829  -21.658 0.0000000000
139738  41.990  -54.359  -23.423 0.0000000000
132329  39.572  -56.163  -24.611 0.0000000000
20179  38.693  -51.566  -16.744 0.0000000000
20175  42.972  -50.952  -17.267 0.0000000000
19352  45.434  -52.747  -17.935 0.0000000000
23725  37.605  -47.238  -22.135 0.0000000000
14332  43.703  -59.414  -21.660 0.0000000000
20242  43.608  -51.961  -23.613 0.0000000000
21090  42.046  -50.274  -24.205 0.0000000000
18485  43.116  -53.233  -18.425 0.0000000000
16814  42.269  -55.044  -18.444 0.0000000000
15132  40.950  -57.617  -21.726 0.0000000000
15967  40.853  -56.858  -20.608 0.0000000000
16846  40.644  -55.934  -22.067 0.0000000000
17664  41.365  -54.451  -22.423 0.0000000000
15986  40.843  -55.443  -22.876 0.0000000000
16873  40.798  -55.416  -25.235 0.0000000000
19322  44.557  -51.782  -16.847 0.0000000000
20191  44.670  -51.405  -17.851 0.0000000000
125593  46.088  -52.316  -16.879 0.0000000000
20218  39.329  -51.509  -21.147 0.0000000000
21941  38.724  -49.915  -22.439 0.0000000000
24667  39.675  -46.317  -24.266 0.0000000000
25525  38.338  -45.498  -23.498 0.0000000000
15116  44.245  -57.182  -19.078 0.0000000000
119993  42.250  -56.925  -19.084 0.0000000000
14324  43.378  -58.415  -20.144 0.0000000000
14330  42.375  -58.807  -21.208 0.0000000000
15136  41.315  -58.326  -22.267 0.0000000000
118566  40.119  -51.992  -22.708 0.0000000000
21954  39.310  -49.873  -23.108 0.0000000000
21952  40.829  -49.918  -23.876 0.0000000000
22822  40.666  -48.399  -24.305 0.0000000000
18526  45.514  -52.821  -24.737 0.0000000000
122873  41.826  -50.255  -18.300 0.0000000000
19360  40.341  -52.340  -19.615 0.0000000000
19364  40.029  -52.663  -20.266 0.0000000000
16821  40.956  -55.786  -19.482 0.0000000000
17647  40.369  -54.293  -20.093 0.0000000000
18501  40.486  -53.557  -21.464 0.0000000000
134285  41.170  -53.420  -22.362 0.0000000000
18509  42.427  -53.544  -23.171 0.0000000000
18518  43.853  -53.241  -23.605 0.0000000000
16001  40.220  -56.131  -23.352 0.0000000000
16862  40.674  -55.307  -24.436 0.0000000000
17677  43.101  -54.265  -24.471 0.0000000000
133157  44.118  -54.004  -24.769 0.0000000000
124988  37.755  -50.059  -17.630 0.0000000000
21027  38.842  -50.222  -17.934 0.0000000000
20177  40.642  -51.411  -16.745 0.0000000000
21004  41.915  -50.189  -17.957 0.0000000000
21023  43.282  -50.535  -18.035 0.0000000000
19354  44.239  -51.629  -18.356 0.0000000000
124968  44.725  -54.951  -18.374 0.0000000000
16810  46.589  -55.654  -18.630 0.0000000000
16811  45.003  -56.038  -18.606 0.0000000000
22814  38.463  -48.194  -23.230 0.0000000000
21900  39.385  -49.493  -18.630 0.0000000000
21917  38.495  -48.928  -18.684 0.0000000000
21916  39.099  -48.895  -18.993 0.0000000000
19381  43.936  -52.703  -23.493 0.0000000000
20256  43.205  -51.274  -23.857 0.0000000000
121635  43.462  -54.984  -18.316 0.0000000000
17629  42.883  -54.228  -18.323 0.0000000000
15137  40.760  -57.464  -22.452 0.0000000000
15975  40.709  -56.791  -21.916 0.0000000000
15987  40.519  -56.465  -22.599 0.0000000000
16035  40.618  -56.443  -26.473 0.0000000000
20173  45.080  -51.829  -17.268 0.0000000000
21063  38.817  -50.463  -21.720 0.0000000000
20222  39.221  -51.210  -21.818 0.0000000000
25538  39.476  -45.483  -24.448 0.0000000000
15126  43.813  -57.732  -19.531 0.0000000000
14334  42.755  -59.366  -22.192 0.0000000000
122044  41.982  -58.818  -21.995 0.0000000000
14335  41.961  -59.107  -22.787 0.0000000000
20229  41.071  -52.506  -22.889 0.0000000000
20244  41.013  -51.398  -23.338 0.0000000000
21965  41.361  -49.751  -24.246 0.0000000000
22821  41.337  -48.962  -24.652 0.0000000000
23744  41.045  -48.021  -24.853 0.0000000000
20214  40.884  -50.388  -19.060 0.0000000000
20210  41.323  -50.927  -18.885 0.0000000000
18493  40.362  -53.358  -19.739 0.0000000000
15961  41.790  -57.344  -19.589 0.0000000000
123870  41.565  -56.404  -19.231 0.0000000000
15962  41.111  -56.672  -19.850 0.0000000000
122848  40.612  -55.186  -20.737 0.0000000000
16829  40.684  -55.972  -20.247 0.0000000000
17654  40.515  -54.300  -21.022 0.0000000000
18500  41.058  -54.143  -21.935 0.0000000000
129734  41.461  -54.671  -22.866 0.0000000000
17663  42.125  -54.071  -23.080 0.0000000000
17670  42.990  -53.578  -23.518 0.0000000000
129396  42.720  -54.065  -23.797 0.0000000000
14363  37.900  -58.759  -25.283 0.0000000000
16022  39.334  -56.424  -25.239 0.0000000000
15159  38.742  -57.569  -24.663 0.0000000000
16013  39.167  -56.781  -24.614 0.0000000000
16002  39.640  -56.459  -24.049 0.0000000000
16855  40.042  -55.764  -24.198 0.0000000000
16872  41.777  -55.256  -25.517 0.0000000000
17685  42.425  -54.730  -24.999 0.0000000000
17684  43.430  -54.607  -25.281 0.0000000000
21028  36.765  -49.998  -17.146 0.0000000000
21007  38.247  -50.898  -17.247 0.0000000000
21006  39.282  -50.883  -17.368 0.0000000000
20154  42.366  -51.505  -16.593 0.0000000000
20155  41.515  -51.417  -16.692 0.0000000000
20176  42.214  -50.754  -17.379 0.0000000000
128674  41.330  -50.657  -17.414 0.0000000000
21003  42.780  -50.454  -17.841 0.0000000000
21024  42.585  -50.288  -18.026 0.0000000000
19353  45.001  -51.795  -18.028 0.0000000000
20207  44.401  -51.148  -18.141 0.0000000000
134959  44.823  -52.393  -18.213 0.0000000000
18484  44.119  -52.792  -18.364 0.0000000000
131489  44.999  -53.592  -18.160 0.0000000000
15950  47.621  -56.866  -18.557 0.0000000000
15951  47.059  -56.701  -18.815 0.0000000000
137923  45.682  -55.548  -18.589 0.0000000000
124911  39.473  -49.232  -23.476 0.0000000000
21955  38.672  -49.156  -23.049 0.0000000000
22813  39.280  -48.522  -23.594 0.0000000000
24657  37.855  -45.915  -22.914 0.0000000000
135639  42.845  -51.723  -23.566 0.0000000000
20243  42.211  -51.081  -23.720 0.0000000000
18486  42.490  -52.307  -18.590 0.0000000000
19356  41.476  -51.959  -18.816 0.0000000000
17630  41.987  -53.764  -18.463 0.0000000000
17639  41.264  -54.578  -18.726 0.0000000000
15130  41.080  -57.668  -20.950 0.0000000000
129198  40.771  -57.036  -21.274 0.0000000000
16836  40.683  -56.201  -21.191 0.0000000000
135588  40.726  -55.491  -21.558 0.0000000000
16835  41.006  -55.143  -22.225 0.0000000000
16874  40.016  -55.752  -24.914 0.0000000000
16021  40.164  -55.974  -25.692 0.0000000000
16888  41.153  -55.789  -26.023 0.0000000000
20174  43.718  -51.312  -17.082 0.0000000000
21002  43.542  -50.758  -17.723 0.0000000000
121645  44.290  -51.195  -17.582 0.0000000000
19333  45.493  -52.204  -17.457 0.0000000000
18463  46.157  -52.994  -17.577 0.0000000000
21936  38.377  -49.717  -21.579 0.0000000000
22805  37.970  -48.619  -22.539 0.0000000000
23746  39.794  -47.165  -24.166 0.0000000000
24655  39.067  -46.786  -23.808 0.0000000000
24668  39.023  -45.910  -23.858 0.0000000000
25539  38.791  -45.085  -24.093 0.0000000000
15954  44.148  -56.495  -18.666 0.0000000000
15117  43.204  -56.956  -18.796 0.0000000000
15127  42.709  -57.668  -19.466 0.0000000000
14325  42.227  -58.308  -20.164 0.0000000000
15129  41.627  -58.264  -20.692 0.0000000000
15131  41.478  -58.341  -21.421 0.0000000000
132921  39.594  -51.458  -22.427 0.0000000000
21066  39.982  -51.121  -23.026 0.0000000000
21953  40.116  -49.706  -23.600 0.0000000000
133804  40.066  -48.840  -23.875 0.0000000000
21077  41.346  -50.464  -23.815 0.0000000000
21966  40.754  -49.240  -24.101 0.0000000000
23745  40.489  -47.563  -24.482 0.0000000000
24666  40.295  -46.734  -24.661 0.0000000000
19390  44.984  -52.622  -24.005 0.0000000000
21025  41.162  -49.966  -18.315 0.0000000000
120283  39.743  -49.400  -18.941 0.0000000000
21915  40.495  -49.881  -18.745 0.0000000000
19365  39.628  -52.047  -20.769 0.0000000000
19368  39.955  -52.810  -21.130 0.0000000000
129995  40.915  -55.037  -19.179 0.0000000000
130950  40.604  -55.089  -19.778 0.0000000000
18496  40.234  -53.512  -20.551 0.0000000000
19374  40.346  -52.786  -22.066 0.0000000000
18510  41.789  -53.849  -22.655 0.0000000000
19382  42.052  -53.005  -23.087 0.0000000000
128456  42.977  -52.434  -23.397 0.0000000000
14336  41.044  -58.318  -22.981 0.0000000000
15165  38.118  -57.786  -25.258 0.0000000000
15147  40.027  -57.137  -23.547 0.0000000000
125621  40.621  -55.421  -23.728 0.0000000000
16854  41.313  -54.841  -23.735 0.0000000000
16861  41.472  -54.922  -24.702 0.0000000000
17678  42.168  -54.485  -24.172 0.0000000000
17676  43.577  -53.721  -23.989 0.0000000000
18528  44.419  -53.408  -24.042 0.0000000000
18527  45.050  -53.106  -24.225 0.0000000000
22762  36.181  -48.242  -17.392 0.0000000000
21903  36.318  -49.131  -17.161 0.0000000000
21902  37.091  -49.436  -17.573 0.0000000000
21918  37.721  -49.187  -18.095 0.0000000000
21901  38.461  -49.566  -18.228 0.0000000000
21026  39.936  -50.152  -18.069 0.0000000000
135824  40.863  -51.958  -16.171 0.0000000000
20178  39.673  -51.542  -16.746 0.0000000000
21005  40.329  -50.764  -17.407 0.0000000000
127511  40.962  -50.037  -17.782 0.0000000000
21045  42.754  -50.427  -18.137 0.0000000000
21044  43.224  -50.739  -18.247 0.0000000000
20192  44.088  -50.812  -18.014 0.0000000000
20208  43.868  -50.873  -18.255 0.0000000000
19355  43.376  -51.328  -18.485 0.0000000000
129935  43.494  -52.219  -18.515 0.0000000000
17628  43.864  -53.973  -18.302 0.0000000000
17627  45.869  -54.691  -18.414 0.0000000000
21067  39.314  -50.665  -22.583 0.0000000000
23724  37.862  -47.743  -22.717 0.0000000000
23738  38.394  -47.285  -23.321 0.0000000000
24638  37.877  -46.840  -22.832 0.0000000000
16812  44.088  -55.698  -18.439 0.0000000000
18517  44.579  -52.991  -23.692 0.0000000000
20241  44.386  -52.227  -23.733 0.0000000000
20253  45.520  -52.183  -24.689 0.0000000000
21008  37.251  -50.798  -16.972 0.0000000000
21078  40.514  -50.494  -23.493 0.0000000000
21079  39.808  -50.398  -23.213 0.0000000000
22800  37.575  -48.080  -21.974 0.0000000000
23737  39.143  -47.660  -23.718 0.0000000000
24656  38.399  -46.376  -23.389 0.0000000000
121787  43.112  -53.121  -23.289 0.0000000000
125620  38.241  -49.312  -22.269 0.0000000000
134950  41.150  -50.004  -18.487 0.0000000000
138420  45.460  -52.371  -17.728 0.0000000000
