#!ascii label  , from subject sub-v1s21x0050397_ses-1 vox2ras=TkReg
1170
38887  -10.204  -32.875  53.153 0.0000000000
50101  -34.148  -21.209  40.766 0.0000000000
56026  -29.458  -16.497  39.417 0.0000000000
51032  -25.535  -20.485  45.696 0.0000000000
61138  -36.905  -11.039  25.869 0.0000000000
60091  -30.835  -11.765  30.539 0.0000000000
53042  -36.040  -19.131  47.004 0.0000000000
52079  -30.673  -20.167  43.540 0.0000000000
63032  -42.432  -9.349  27.055 0.0000000000
112603  -45.058  -4.773  25.555 0.0000000000
69273  -47.099  -2.483  25.105 0.0000000000
60977  -32.762  -10.874  39.259 0.0000000000
59076  -29.108  -13.251  34.903 0.0000000000
63880  -33.633  -8.448  35.003 0.0000000000
63906  -37.195  -7.694  32.092 0.0000000000
44001  -21.088  -27.697  42.878 0.0000000000
36735  -8.434  -34.581  56.676 0.0000000000
55041  -33.629  -18.409  40.710 0.0000000000
59940  -31.645  -11.715  42.946 0.0000000000
121160  -23.419  -25.990  40.701 0.0000000000
113184  -25.199  -21.321  38.725 0.0000000000
67539  -44.728  -4.720  18.718 0.0000000000
70952  -48.540  0.114  22.692 0.0000000000
60114  -34.003  -11.727  28.097 0.0000000000
61074  -40.267  -11.004  30.022 0.0000000000
124555  -10.916  -31.373  49.131 0.0000000000
32250  -5.267  -40.215  54.135 0.0000000000
64964  -43.638  -7.506  26.735 0.0000000000
62915  -32.458  -10.054  37.015 0.0000000000
42952  -18.966  -28.833  41.713 0.0000000000
126556  -9.719  -34.168  54.691 0.0000000000
52152  -35.031  -20.409  37.950 0.0000000000
53103  -34.940  -19.838  40.571 0.0000000000
49183  -23.435  -23.327  42.269 0.0000000000
129014  -23.630  -23.238  39.442 0.0000000000
51082  -25.130  -20.733  41.949 0.0000000000
51086  -32.373  -21.263  42.472 0.0000000000
51118  -29.671  -21.257  40.633 0.0000000000
115149  -31.794  -22.245  38.852 0.0000000000
50036  -24.519  -21.629  47.557 0.0000000000
114906  -23.294  -24.863  44.061 0.0000000000
65814  -39.652  -5.888  22.085 0.0000000000
67528  -42.571  -4.736  19.809 0.0000000000
70942  -46.551  -0.623  23.526 0.0000000000
123086  -29.481  -13.009  32.140 0.0000000000
61104  -32.733  -11.375  28.703 0.0000000000
62972  -39.153  -8.997  30.718 0.0000000000
43964  -15.580  -28.118  45.805 0.0000000000
43939  -14.449  -28.200  47.872 0.0000000000
42834  -13.354  -28.817  50.183 0.0000000000
41815  -12.124  -30.194  47.106 0.0000000000
32270  -6.796  -40.131  52.112 0.0000000000
51054  -35.036  -20.453  44.031 0.0000000000
55013  -35.081  -18.674  43.568 0.0000000000
55938  -35.760  -17.331  46.490 0.0000000000
52004  -27.776  -19.108  47.747 0.0000000000
52076  -27.793  -19.502  44.687 0.0000000000
53050  -30.338  -18.957  46.509 0.0000000000
51033  -32.832  -20.539  44.708 0.0000000000
62104  -39.419  -10.112  26.645 0.0000000000
63980  -39.632  -7.956  25.497 0.0000000000
65795  -41.127  -5.573  25.139 0.0000000000
67506  -42.127  -3.649  23.855 0.0000000000
68429  -42.766  -2.849  22.630 0.0000000000
68404  -45.821  -3.691  25.277 0.0000000000
58989  -30.371  -12.826  39.064 0.0000000000
57976  -28.805  -14.767  36.829 0.0000000000
60009  -31.321  -12.001  37.196 0.0000000000
61037  -31.199  -11.192  35.058 0.0000000000
62034  -32.216  -10.333  33.008 0.0000000000
62969  -33.660  -9.156  30.940 0.0000000000
63891  -35.282  -7.691  33.399 0.0000000000
43967  -20.141  -28.166  45.286 0.0000000000
43997  -17.214  -28.773  43.329 0.0000000000
67532  -49.362  -4.024  18.819 0.0000000000
36734  -7.257  -34.727  56.576 0.0000000000
54125  -33.933  -18.950  38.285 0.0000000000
56016  -30.949  -17.393  41.190 0.0000000000
55971  -33.229  -16.956  43.707 0.0000000000
56922  -31.112  -16.176  43.405 0.0000000000
57916  -29.738  -14.276  41.750 0.0000000000
59942  -32.350  -10.943  41.467 0.0000000000
52120  -27.712  -20.097  41.565 0.0000000000
45956  -23.066  -26.563  45.443 0.0000000000
44992  -22.922  -27.940  41.833 0.0000000000
69293  -44.094  -1.987  21.438 0.0000000000
70163  -46.271  -1.262  20.803 0.0000000000
69317  -48.180  -2.608  19.509 0.0000000000
70967  -50.250  -0.368  21.802 0.0000000000
37883  -9.338  -34.661  50.368 0.0000000000
35772  -8.602  -36.055  51.307 0.0000000000
110056  -35.643  -11.680  27.039 0.0000000000
63003  -35.591  -9.654  29.701 0.0000000000
62086  -36.444  -11.030  28.957 0.0000000000
113368  -38.059  -11.448  28.037 0.0000000000
61112  -41.232  -11.447  29.005 0.0000000000
39809  -10.343  -32.389  50.949 0.0000000000
116242  -8.025  -37.092  52.958 0.0000000000
119801  -7.045  -36.938  54.831 0.0000000000
34838  -5.952  -36.980  54.701 0.0000000000
114149  -9.796  -33.973  53.940 0.0000000000
51134  -34.216  -21.637  38.975 0.0000000000
51151  -35.141  -20.857  39.181 0.0000000000
51105  -34.842  -20.361  40.843 0.0000000000
51064  -24.489  -21.222  43.846 0.0000000000
50076  -24.011  -21.865  42.310 0.0000000000
51065  -25.191  -20.534  43.537 0.0000000000
120356  -32.897  -21.772  41.015 0.0000000000
50098  -31.892  -22.106  40.603 0.0000000000
50112  -33.440  -21.928  39.590 0.0000000000
50121  -32.289  -22.140  38.092 0.0000000000
52018  -26.418  -20.173  47.782 0.0000000000
50992  -25.817  -20.710  48.277 0.0000000000
51031  -25.022  -20.855  46.127 0.0000000000
115666  -24.009  -22.072  45.164 0.0000000000
67521  -42.088  -4.296  20.480 0.0000000000
55062  -29.715  -17.299  39.057 0.0000000000
56037  -29.197  -16.668  38.503 0.0000000000
60081  -30.293  -12.277  31.031 0.0000000000
59134  -30.154  -13.340  29.650 0.0000000000
60101  -31.845  -11.597  29.005 0.0000000000
42911  -14.327  -29.405  45.327 0.0000000000
114659  -15.207  -28.111  46.599 0.0000000000
42898  -13.991  -29.009  46.162 0.0000000000
113270  -13.017  -29.275  47.078 0.0000000000
41826  -13.061  -30.183  45.869 0.0000000000
51020  -35.222  -20.084  45.274 0.0000000000
114544  -35.962  -18.978  44.997 0.0000000000
54063  -36.185  -18.455  46.535 0.0000000000
53024  -29.483  -18.668  48.365 0.0000000000
53049  -29.150  -18.888  46.582 0.0000000000
53025  -30.565  -18.734  48.325 0.0000000000
52006  -35.090  -19.469  47.279 0.0000000000
52022  -33.196  -19.721  46.813 0.0000000000
52046  -34.472  -20.143  46.011 0.0000000000
108744  -34.371  -20.735  44.506 0.0000000000
62105  -40.327  -10.374  27.008 0.0000000000
63030  -39.473  -9.332  26.121 0.0000000000
63971  -40.845  -8.934  26.284 0.0000000000
65788  -43.680  -6.015  25.933 0.0000000000
65787  -42.407  -6.313  25.776 0.0000000000
109092  -42.915  -5.611  25.639 0.0000000000
66627  -41.549  -4.728  24.717 0.0000000000
130467  -43.643  -4.331  25.256 0.0000000000
68411  -43.648  -3.296  24.475 0.0000000000
126362  -44.840  -4.125  25.340 0.0000000000
108883  -31.963  -11.410  39.225 0.0000000000
59019  -30.804  -12.460  37.688 0.0000000000
60995  -32.207  -11.351  37.937 0.0000000000
63874  -33.484  -8.360  35.880 0.0000000000
62010  -32.012  -10.560  35.699 0.0000000000
62935  -32.404  -9.804  35.108 0.0000000000
61049  -31.687  -10.746  33.542 0.0000000000
62953  -33.188  -9.128  33.624 0.0000000000
63903  -33.637  -8.735  32.833 0.0000000000
63890  -34.468  -7.989  33.758 0.0000000000
43984  -22.044  -27.517  44.224 0.0000000000
43968  -21.074  -28.303  45.253 0.0000000000
110868  -21.089  -27.744  43.715 0.0000000000
44015  -17.774  -28.885  42.729 0.0000000000
69307  -50.321  -2.442  20.455 0.0000000000
69308  -51.194  -2.911  20.633 0.0000000000
35729  -8.235  -34.687  56.607 0.0000000000
54114  -34.519  -19.183  39.651 0.0000000000
54126  -34.542  -19.276  38.636 0.0000000000
55053  -33.685  -18.638  39.927 0.0000000000
54111  -32.307  -18.363  39.381 0.0000000000
55040  -32.728  -18.015  40.876 0.0000000000
55946  -34.895  -17.132  45.069 0.0000000000
55973  -34.271  -17.526  43.616 0.0000000000
56899  -33.803  -16.727  45.106 0.0000000000
59931  -31.363  -12.199  44.098 0.0000000000
56897  -31.142  -15.083  44.559 0.0000000000
57888  -30.611  -14.030  44.048 0.0000000000
57903  -30.099  -14.317  42.704 0.0000000000
58959  -30.904  -12.491  42.496 0.0000000000
58969  -31.354  -11.931  40.832 0.0000000000
59941  -32.102  -11.129  42.134 0.0000000000
50107  -24.146  -22.045  39.061 0.0000000000
130502  -29.535  -19.558  44.305 0.0000000000
122373  -28.481  -19.719  43.159 0.0000000000
52108  -29.034  -20.018  42.554 0.0000000000
51131  -28.588  -21.305  39.349 0.0000000000
47058  -23.748  -25.400  46.844 0.0000000000
47129  -23.333  -25.714  42.131 0.0000000000
119984  -23.236  -26.596  42.548 0.0000000000
45005  -23.133  -27.509  41.211 0.0000000000
45016  -22.424  -28.298  39.569 0.0000000000
69279  -44.343  -2.181  23.521 0.0000000000
69283  -43.425  -2.333  22.042 0.0000000000
70132  -44.685  -1.565  22.968 0.0000000000
70944  -48.114  0.080  23.495 0.0000000000
116232  -46.203  -0.744  21.819 0.0000000000
70964  -47.228  -0.448  21.811 0.0000000000
117762  -46.997  -1.452  20.397 0.0000000000
70151  -47.917  -0.778  21.057 0.0000000000
70165  -48.635  -1.467  20.550 0.0000000000
70966  -49.238  -0.141  21.892 0.0000000000
59037  -29.048  -13.979  36.225 0.0000000000
57003  -28.390  -15.696  36.456 0.0000000000
59167  -34.944  -12.892  25.939 0.0000000000
60121  -34.908  -11.871  27.304 0.0000000000
63923  -34.965  -8.397  31.195 0.0000000000
62986  -34.014  -9.443  30.000 0.0000000000
63939  -36.433  -8.737  30.638 0.0000000000
62992  -39.517  -9.809  30.471 0.0000000000
62051  -38.219  -10.214  30.023 0.0000000000
62072  -38.623  -10.768  29.695 0.0000000000
61108  -37.700  -11.386  28.634 0.0000000000
61091  -39.012  -11.265  29.314 0.0000000000
61110  -39.476  -11.510  28.608 0.0000000000
61093  -40.740  -11.399  29.636 0.0000000000
42832  -11.642  -29.847  49.519 0.0000000000
115988  -11.491  -30.080  51.038 0.0000000000
40779  -11.095  -30.538  52.257 0.0000000000
40787  -10.601  -31.698  50.424 0.0000000000
39816  -10.379  -32.542  49.999 0.0000000000
116074  -10.492  -32.670  49.074 0.0000000000
34873  -8.139  -37.537  51.067 0.0000000000
35765  -8.310  -36.525  52.440 0.0000000000
34867  -7.951  -37.439  52.059 0.0000000000
32260  -5.867  -40.646  53.434 0.0000000000
33178  -6.604  -39.099  53.530 0.0000000000
34058  -6.055  -38.238  54.346 0.0000000000
34049  -5.924  -37.173  54.623 0.0000000000
33155  -5.323  -38.832  54.208 0.0000000000
53026  -32.099  -18.750  48.718 0.0000000000
63963  -43.891  -8.845  27.495 0.0000000000
63973  -42.610  -8.671  26.780 0.0000000000
63964  -44.280  -8.069  27.236 0.0000000000
62902  -32.633  -10.199  37.968 0.0000000000
44034  -20.350  -28.317  41.479 0.0000000000
44016  -20.135  -27.855  42.345 0.0000000000
38846  -9.901  -33.166  56.713 0.0000000000
37807  -9.313  -34.622  55.955 0.0000000000
51150  -34.842  -21.087  38.511 0.0000000000
53112  -35.164  -19.972  39.611 0.0000000000
54103  -34.450  -19.037  40.819 0.0000000000
60907  -32.690  -10.586  43.322 0.0000000000
48249  -23.347  -24.766  41.725 0.0000000000
48266  -23.452  -24.620  39.819 0.0000000000
49188  -23.459  -23.299  41.411 0.0000000000
51098  -23.953  -22.046  40.618 0.0000000000
51115  -24.747  -21.165  40.145 0.0000000000
51084  -31.077  -20.928  42.375 0.0000000000
51083  -30.334  -20.733  42.202 0.0000000000
51119  -30.505  -21.569  40.940 0.0000000000
50109  -30.728  -22.048  39.475 0.0000000000
50134  -31.554  -22.232  37.482 0.0000000000
50035  -23.992  -22.503  48.050 0.0000000000
48222  -23.469  -24.472  45.461 0.0000000000
50050  -23.698  -22.877  45.564 0.0000000000
48240  -23.294  -24.192  42.628 0.0000000000
64993  -39.009  -6.763  23.475 0.0000000000
67529  -43.312  -4.440  19.509 0.0000000000
69274  -47.986  -2.274  25.241 0.0000000000
70134  -46.037  -1.043  23.982 0.0000000000
59102  -29.094  -13.245  32.964 0.0000000000
59155  -32.415  -13.494  27.543 0.0000000000
60113  -33.179  -11.860  28.132 0.0000000000
64934  -39.026  -7.712  31.924 0.0000000000
118523  -37.721  -8.040  31.246 0.0000000000
114845  -39.754  -8.428  31.253 0.0000000000
115300  -17.152  -27.661  45.907 0.0000000000
43940  -16.441  -28.245  47.702 0.0000000000
43905  -15.079  -28.773  49.673 0.0000000000
43904  -13.929  -28.617  49.512 0.0000000000
111336  -12.448  -29.269  48.224 0.0000000000
41814  -11.626  -30.621  47.659 0.0000000000
39823  -11.026  -32.082  47.785 0.0000000000
40815  -11.862  -31.852  46.659 0.0000000000
50081  -34.388  -20.598  42.189 0.0000000000
52110  -34.825  -19.941  42.330 0.0000000000
53075  -35.294  -19.614  43.694 0.0000000000
128697  -35.401  -17.476  45.103 0.0000000000
52038  -26.476  -19.991  46.886 0.0000000000
52075  -26.443  -19.901  44.788 0.0000000000
52020  -27.955  -18.983  46.782 0.0000000000
52041  -29.446  -19.136  45.706 0.0000000000
110668  -30.278  -19.685  44.348 0.0000000000
52021  -32.095  -19.323  46.890 0.0000000000
114046  -31.672  -19.780  45.273 0.0000000000
52080  -31.260  -20.174  44.156 0.0000000000
109994  -32.774  -20.950  43.622 0.0000000000
50067  -33.614  -21.073  42.991 0.0000000000
52003  -27.350  -19.340  48.715 0.0000000000
62102  -37.553  -10.762  26.293 0.0000000000
115257  -37.277  -10.417  25.416 0.0000000000
62113  -37.908  -9.955  25.976 0.0000000000
63979  -38.266  -8.476  24.897 0.0000000000
63987  -38.771  -7.783  24.795 0.0000000000
64973  -41.895  -7.598  26.157 0.0000000000
64971  -40.234  -7.309  25.446 0.0000000000
64981  -39.106  -6.956  24.391 0.0000000000
65806  -39.972  -5.362  23.836 0.0000000000
67505  -40.207  -4.902  23.053 0.0000000000
68427  -41.524  -3.712  22.224 0.0000000000
68436  -42.184  -3.299  21.862 0.0000000000
68422  -42.445  -3.303  23.382 0.0000000000
68424  -43.990  -2.719  24.057 0.0000000000
129993  -45.783  -2.903  24.973 0.0000000000
67493  -47.197  -4.574  25.714 0.0000000000
69265  -47.804  -3.126  25.426 0.0000000000
125872  -29.462  -14.341  39.524 0.0000000000
56977  -29.015  -15.656  38.212 0.0000000000
57957  -29.626  -13.937  38.363 0.0000000000
59018  -30.140  -13.064  37.341 0.0000000000
59057  -29.768  -12.718  35.447 0.0000000000
117750  -32.052  -11.335  37.111 0.0000000000
61011  -31.383  -11.377  35.960 0.0000000000
60049  -30.234  -12.068  35.082 0.0000000000
60070  -30.646  -11.518  33.667 0.0000000000
60075  -30.635  -11.564  32.651 0.0000000000
61062  -31.780  -10.723  31.584 0.0000000000
61073  -31.905  -10.737  30.489 0.0000000000
62038  -32.899  -9.722  31.509 0.0000000000
125723  -34.076  -8.501  32.225 0.0000000000
112557  -36.344  -7.723  32.261 0.0000000000
64897  -37.079  -7.514  33.678 0.0000000000
64917  -37.522  -7.549  32.861 0.0000000000
42913  -19.280  -28.141  45.959 0.0000000000
43999  -19.370  -27.764  42.926 0.0000000000
43981  -18.074  -27.657  44.237 0.0000000000
110364  -17.625  -27.653  45.016 0.0000000000
43979  -16.354  -28.469  44.458 0.0000000000
115974  -31.376  -18.044  39.914 0.0000000000
56015  -29.677  -16.472  40.307 0.0000000000
54097  -34.734  -19.372  41.994 0.0000000000
55021  -34.237  -17.985  42.565 0.0000000000
128423  -33.471  -17.556  42.279 0.0000000000
55970  -32.183  -16.745  43.540 0.0000000000
56005  -32.797  -17.429  42.161 0.0000000000
55986  -30.550  -16.272  42.538 0.0000000000
56935  -29.817  -15.588  41.795 0.0000000000
57941  -29.442  -14.558  40.227 0.0000000000
123077  -30.331  -12.872  40.333 0.0000000000
58981  -31.634  -11.616  40.326 0.0000000000
60942  -32.290  -11.153  39.957 0.0000000000
61946  -33.135  -10.226  42.060 0.0000000000
61960  -33.353  -10.015  41.488 0.0000000000
130640  -26.249  -20.010  43.149 0.0000000000
52119  -26.711  -20.210  41.406 0.0000000000
52143  -26.145  -20.890  39.683 0.0000000000
51101  -29.160  -20.767  41.206 0.0000000000
51130  -27.295  -21.114  39.259 0.0000000000
44963  -23.045  -26.816  46.114 0.0000000000
44003  -22.408  -27.302  43.575 0.0000000000
47091  -23.312  -25.304  44.899 0.0000000000
44980  -22.654  -27.288  43.193 0.0000000000
44018  -22.554  -27.812  42.237 0.0000000000
44052  -21.909  -28.457  40.281 0.0000000000
68442  -42.420  -3.502  20.941 0.0000000000
68443  -43.115  -3.139  20.544 0.0000000000
68455  -44.381  -3.111  19.527 0.0000000000
70137  -45.262  -1.063  22.397 0.0000000000
70150  -45.444  -1.285  21.384 0.0000000000
122487  -45.193  -3.111  19.143 0.0000000000
68456  -45.851  -3.593  18.720 0.0000000000
68463  -46.681  -3.873  18.533 0.0000000000
128461  -47.990  -4.312  18.354 0.0000000000
69318  -48.976  -2.685  19.720 0.0000000000
69306  -49.320  -2.238  20.190 0.0000000000
37858  -9.766  -33.811  51.884 0.0000000000
37857  -9.374  -34.505  52.326 0.0000000000
36805  -9.027  -35.367  50.830 0.0000000000
56990  -28.522  -16.244  37.015 0.0000000000
61129  -35.765  -11.854  26.121 0.0000000000
62066  -32.654  -10.331  29.908 0.0000000000
61086  -34.103  -10.741  29.021 0.0000000000
61087  -34.886  -10.710  28.996 0.0000000000
114720  -37.097  -9.325  30.307 0.0000000000
128309  -36.169  -10.693  29.175 0.0000000000
131362  -35.228  -11.292  28.380 0.0000000000
110493  -35.956  -11.275  28.426 0.0000000000
61119  -36.378  -11.432  27.658 0.0000000000
61131  -37.159  -11.157  26.635 0.0000000000
62092  -38.888  -10.927  27.110 0.0000000000
62094  -40.309  -11.100  27.599 0.0000000000
62107  -41.986  -10.490  27.831 0.0000000000
40758  -10.940  -30.984  53.965 0.0000000000
40770  -11.004  -30.599  53.175 0.0000000000
39802  -10.337  -32.284  51.907 0.0000000000
38906  -10.103  -33.238  50.456 0.0000000000
37896  -9.853  -34.176  48.884 0.0000000000
36772  -9.065  -35.237  52.704 0.0000000000
35762  -8.650  -35.919  53.991 0.0000000000
35756  -8.459  -35.861  54.912 0.0000000000
34077  -7.158  -38.740  52.804 0.0000000000
34850  -7.533  -36.967  54.640 0.0000000000
34829  -7.511  -35.847  55.454 0.0000000000
34828  -7.162  -36.317  55.182 0.0000000000
35738  -6.729  -35.685  55.508 0.0000000000
32249  -4.478  -40.696  54.042 0.0000000000
34047  -5.155  -38.587  54.217 0.0000000000
39786  -10.504  -32.114  53.819 0.0000000000
114208  -10.153  -33.139  53.883 0.0000000000
50113  -34.164  -21.534  39.901 0.0000000000
128319  -34.615  -21.092  40.151 0.0000000000
51120  -34.640  -20.731  40.735 0.0000000000
116981  -25.009  -20.856  45.294 0.0000000000
51048  -25.075  -20.723  44.452 0.0000000000
50091  -33.606  -21.439  41.130 0.0000000000
50099  -32.630  -22.068  40.241 0.0000000000
50100  -33.490  -21.732  40.453 0.0000000000
116136  -25.820  -20.405  46.407 0.0000000000
51004  -25.848  -20.562  47.395 0.0000000000
51047  -24.457  -21.355  44.781 0.0000000000
67520  -41.306  -4.682  20.806 0.0000000000
112486  -29.556  -17.538  38.277 0.0000000000
59121  -29.926  -13.020  30.497 0.0000000000
60090  -30.492  -12.484  30.041 0.0000000000
59135  -30.843  -12.916  29.175 0.0000000000
60100  -31.075  -11.992  29.496 0.0000000000
42910  -13.629  -29.612  45.726 0.0000000000
42897  -13.303  -29.440  46.381 0.0000000000
52048  -35.341  -19.982  46.038 0.0000000000
53058  -35.975  -19.227  45.877 0.0000000000
122240  -36.121  -19.061  46.654 0.0000000000
131717  -30.096  -18.618  49.423 0.0000000000
52007  -35.712  -19.338  47.121 0.0000000000
52024  -34.747  -19.883  46.599 0.0000000000
51005  -34.995  -20.034  45.979 0.0000000000
51019  -35.070  -20.152  45.481 0.0000000000
115507  -41.861  -9.872  27.215 0.0000000000
63031  -41.049  -9.749  26.799 0.0000000000
63972  -41.794  -9.060  26.585 0.0000000000
66622  -44.442  -5.356  25.783 0.0000000000
66621  -43.627  -5.045  25.563 0.0000000000
66628  -42.756  -4.679  25.196 0.0000000000
67490  -44.311  -4.514  25.449 0.0000000000
60976  -32.452  -11.123  39.250 0.0000000000
59990  -31.917  -11.592  38.354 0.0000000000
128747  -32.245  -11.304  38.642 0.0000000000
62936  -32.880  -9.082  35.494 0.0000000000
62945  -33.035  -9.135  34.582 0.0000000000
62944  -32.574  -9.823  34.193 0.0000000000
63889  -33.734  -8.481  34.160 0.0000000000
63881  -34.429  -7.953  34.574 0.0000000000
118234  -21.779  -27.571  43.375 0.0000000000
43983  -21.431  -27.819  44.407 0.0000000000
69295  -50.997  -2.226  20.910 0.0000000000
109109  -50.677  -3.226  20.170 0.0000000000
37793  -8.801  -33.994  57.122 0.0000000000
36723  -8.301  -34.189  57.232 0.0000000000
54102  -34.118  -18.806  40.276 0.0000000000
55052  -33.040  -18.404  40.090 0.0000000000
56900  -34.543  -17.081  44.793 0.0000000000
56887  -33.603  -16.285  45.999 0.0000000000
58929  -30.932  -13.178  44.377 0.0000000000
58946  -30.870  -12.738  43.550 0.0000000000
58945  -30.444  -13.527  43.093 0.0000000000
59950  -31.605  -11.741  41.719 0.0000000000
113841  -23.177  -27.054  39.587 0.0000000000
46034  -23.324  -26.340  40.008 0.0000000000
52078  -29.688  -19.739  43.770 0.0000000000
52096  -29.362  -19.866  43.170 0.0000000000
52109  -29.840  -20.262  42.677 0.0000000000
128853  -23.402  -25.586  41.366 0.0000000000
46002  -23.362  -26.564  41.544 0.0000000000
46018  -23.301  -26.890  40.550 0.0000000000
45017  -22.933  -27.614  40.138 0.0000000000
69271  -45.475  -2.531  24.619 0.0000000000
69280  -45.016  -1.988  23.919 0.0000000000
70122  -45.710  -1.867  24.319 0.0000000000
70951  -47.628  -0.143  22.673 0.0000000000
70965  -48.197  -0.262  21.827 0.0000000000
118795  -49.287  0.258  22.708 0.0000000000
57983  -28.636  -14.008  35.353 0.0000000000
57996  -28.175  -14.814  34.962 0.0000000000
57997  -28.442  -14.033  34.307 0.0000000000
60119  -33.516  -12.359  27.599 0.0000000000
59157  -33.817  -12.868  26.925 0.0000000000
60120  -34.226  -12.116  27.466 0.0000000000
60128  -34.514  -12.538  26.733 0.0000000000
63924  -35.744  -8.130  31.472 0.0000000000
63938  -35.494  -8.644  30.677 0.0000000000
63925  -36.798  -8.091  31.340 0.0000000000
121637  -39.868  -10.462  30.252 0.0000000000
62052  -39.059  -10.359  30.152 0.0000000000
62073  -39.453  -10.897  29.835 0.0000000000
61092  -39.876  -11.389  29.461 0.0000000000
41795  -11.166  -30.654  49.249 0.0000000000
42815  -11.890  -29.583  50.477 0.0000000000
41785  -11.257  -30.322  50.142 0.0000000000
40788  -10.915  -30.835  50.729 0.0000000000
40796  -10.866  -31.122  49.863 0.0000000000
40795  -10.668  -31.904  49.535 0.0000000000
40801  -10.819  -32.000  48.672 0.0000000000
34088  -7.845  -38.083  51.365 0.0000000000
33177  -6.058  -39.734  53.813 0.0000000000
33168  -5.507  -39.115  54.299 0.0000000000
63849  -33.279  -8.412  38.846 0.0000000000
115067  -9.860  -33.944  55.542 0.0000000000
129428  -10.073  -33.360  56.142 0.0000000000
37808  -9.644  -33.917  56.363 0.0000000000
118348  -9.397  -34.702  55.087 0.0000000000
51149  -34.091  -21.576  37.926 0.0000000000
52134  -35.043  -20.254  40.223 0.0000000000
52145  -35.232  -20.433  39.393 0.0000000000
54115  -34.816  -19.530  40.098 0.0000000000
54104  -34.682  -19.413  41.032 0.0000000000
117725  -23.342  -23.916  41.782 0.0000000000
118086  -23.373  -24.064  40.885 0.0000000000
117933  -24.434  -21.295  41.723 0.0000000000
50087  -23.982  -21.952  41.395 0.0000000000
51099  -24.321  -21.458  40.805 0.0000000000
51100  -24.909  -20.922  41.040 0.0000000000
51085  -31.679  -21.045  42.583 0.0000000000
51103  -30.845  -21.274  41.689 0.0000000000
51104  -31.725  -21.462  41.896 0.0000000000
50110  -31.669  -22.226  39.683 0.0000000000
50097  -31.040  -21.968  40.347 0.0000000000
117885  -31.186  -22.219  38.971 0.0000000000
50119  -30.483  -22.184  38.513 0.0000000000
50120  -31.351  -22.250  38.266 0.0000000000
50135  -32.130  -22.112  36.753 0.0000000000
51003  -25.185  -21.071  47.943 0.0000000000
50991  -25.301  -21.234  48.725 0.0000000000
50028  -24.659  -21.885  48.611 0.0000000000
50042  -23.938  -22.324  47.043 0.0000000000
49166  -23.679  -23.048  46.462 0.0000000000
113145  -23.972  -22.176  46.085 0.0000000000
50065  -23.669  -22.650  43.708 0.0000000000
50056  -23.686  -22.751  44.639 0.0000000000
49176  -23.440  -23.375  43.198 0.0000000000
65813  -39.340  -6.307  22.710 0.0000000000
59103  -29.717  -12.576  32.821 0.0000000000
58042  -28.832  -13.640  32.087 0.0000000000
60112  -32.338  -12.073  28.311 0.0000000000
60118  -32.779  -12.625  27.790 0.0000000000
62974  -40.632  -9.195  31.052 0.0000000000
115575  -16.353  -27.739  46.164 0.0000000000
43952  -16.839  -27.790  46.936 0.0000000000
43951  -15.935  -27.787  46.825 0.0000000000
113493  -15.414  -28.030  47.634 0.0000000000
43924  -15.236  -28.371  48.673 0.0000000000
43923  -14.316  -28.408  48.767 0.0000000000
42875  -12.500  -29.513  47.454 0.0000000000
41807  -11.968  -29.840  47.936 0.0000000000
40808  -11.440  -31.473  47.359 0.0000000000
40809  -11.924  -30.994  46.853 0.0000000000
50070  -34.448  -20.576  43.005 0.0000000000
51072  -35.134  -19.868  43.106 0.0000000000
51055  -35.161  -20.175  43.956 0.0000000000
54990  -36.014  -17.810  46.010 0.0000000000
55001  -35.760  -17.939  45.112 0.0000000000
55948  -35.626  -17.379  45.660 0.0000000000
52019  -27.077  -19.536  47.289 0.0000000000
52039  -27.318  -19.429  46.206 0.0000000000
118455  -30.020  -19.104  45.930 0.0000000000
113444  -30.188  -19.353  45.216 0.0000000000
52042  -30.924  -19.389  45.717 0.0000000000
53041  -32.747  -19.248  47.884 0.0000000000
110255  -31.604  -18.897  48.003 0.0000000000
52045  -33.749  -20.135  46.064 0.0000000000
52044  -32.854  -19.890  46.046 0.0000000000
52062  -32.470  -20.073  45.317 0.0000000000
52061  -31.920  -20.170  44.705 0.0000000000
51050  -32.200  -20.630  44.028 0.0000000000
51051  -33.175  -20.873  44.129 0.0000000000
51053  -34.717  -20.632  44.372 0.0000000000
50068  -33.992  -21.037  43.485 0.0000000000
50059  -34.569  -20.690  43.713 0.0000000000
50080  -34.017  -20.986  42.651 0.0000000000
53023  -28.279  -18.839  48.514 0.0000000000
120167  -26.893  -19.708  48.164 0.0000000000
62103  -38.168  -10.643  26.601 0.0000000000
128156  -38.599  -10.203  26.509 0.0000000000
63042  -39.958  -8.765  25.971 0.0000000000
63041  -38.976  -8.687  25.548 0.0000000000
64963  -42.718  -7.730  26.532 0.0000000000
125631  -42.070  -8.240  26.490 0.0000000000
65786  -41.611  -6.122  25.548 0.0000000000
110717  -41.723  -6.861  25.768 0.0000000000
65785  -40.821  -6.502  25.404 0.0000000000
64982  -39.834  -6.606  24.919 0.0000000000
65794  -40.235  -5.794  24.746 0.0000000000
65793  -39.474  -6.143  24.169 0.0000000000
67497  -42.293  -4.019  24.492 0.0000000000
66626  -40.696  -4.635  23.850 0.0000000000
67496  -41.453  -4.046  23.869 0.0000000000
67509  -40.838  -4.249  22.800 0.0000000000
68421  -41.741  -3.698  23.132 0.0000000000
67500  -45.059  -3.649  25.170 0.0000000000
68412  -44.528  -3.183  24.734 0.0000000000
68413  -45.370  -3.112  24.965 0.0000000000
68414  -46.109  -3.235  25.181 0.0000000000
123001  -29.751  -13.681  38.975 0.0000000000
59039  -30.638  -12.425  36.846 0.0000000000
59038  -29.810  -13.039  36.400 0.0000000000
61998  -32.362  -10.923  37.528 0.0000000000
61024  -31.651  -10.919  35.394 0.0000000000
112943  -31.830  -11.158  36.287 0.0000000000
60050  -30.834  -11.678  35.556 0.0000000000
60065  -30.692  -11.552  34.637 0.0000000000
60064  -30.156  -12.001  34.149 0.0000000000
114814  -31.184  -11.135  33.133 0.0000000000
61056  -31.725  -10.735  32.598 0.0000000000
61055  -31.219  -11.162  32.130 0.0000000000
62035  -32.767  -9.817  32.499 0.0000000000
63904  -34.443  -8.099  32.852 0.0000000000
63905  -35.408  -7.793  32.487 0.0000000000
64915  -36.054  -7.589  33.116 0.0000000000
113664  -37.335  -7.472  34.481 0.0000000000
64898  -37.869  -7.474  33.711 0.0000000000
111728  -38.568  -7.462  33.390 0.0000000000
124804  -20.067  -28.712  46.291 0.0000000000
44033  -19.616  -28.314  41.733 0.0000000000
118204  -19.256  -28.126  42.203 0.0000000000
43998  -17.835  -28.149  43.341 0.0000000000
43980  -17.185  -28.080  44.093 0.0000000000
125095  -16.894  -27.870  44.914 0.0000000000
36721  -6.805  -34.523  56.847 0.0000000000
126290  -34.921  -19.889  37.344 0.0000000000
118251  -33.329  -18.758  38.153 0.0000000000
55039  -31.625  -17.827  40.650 0.0000000000
55050  -30.430  -17.725  39.502 0.0000000000
56027  -30.513  -17.455  40.400 0.0000000000
109095  -35.091  -19.289  43.236 0.0000000000
53094  -34.781  -19.814  41.796 0.0000000000
54090  -34.877  -18.753  42.650 0.0000000000
55957  -34.063  -17.156  44.133 0.0000000000
112590  -34.432  -17.991  43.088 0.0000000000
55990  -34.159  -17.685  43.010 0.0000000000
55989  -33.920  -17.696  42.514 0.0000000000
55972  -33.928  -17.374  43.261 0.0000000000
56910  -30.780  -15.205  43.839 0.0000000000
56911  -31.515  -16.011  44.109 0.0000000000
55987  -31.853  -16.961  42.794 0.0000000000
56004  -31.528  -17.243  41.913 0.0000000000
56950  -29.461  -14.946  41.046 0.0000000000
57929  -29.709  -13.843  40.727 0.0000000000
58968  -30.197  -13.137  41.181 0.0000000000
58970  -31.799  -11.532  40.957 0.0000000000
59952  -32.113  -11.239  40.672 0.0000000000
119072  -31.886  -11.404  39.953 0.0000000000
60943  -32.574  -10.839  40.745 0.0000000000
61932  -33.102  -10.231  42.989 0.0000000000
61947  -33.454  -9.771  42.708 0.0000000000
130012  -33.182  -10.209  40.923 0.0000000000
47165  -23.364  -25.357  39.230 0.0000000000
116567  -23.374  -24.781  38.753 0.0000000000
125718  -27.215  -19.625  44.558 0.0000000000
52094  -26.858  -19.738  43.966 0.0000000000
52107  -28.098  -19.831  42.423 0.0000000000
52106  -27.030  -19.867  42.298 0.0000000000
52131  -26.392  -20.578  40.540 0.0000000000
52132  -27.328  -20.486  40.695 0.0000000000
51102  -30.022  -21.004  41.457 0.0000000000
121642  -22.783  -26.921  45.107 0.0000000000
43985  -22.492  -27.233  44.661 0.0000000000
44972  -22.645  -27.092  44.114 0.0000000000
47104  -23.227  -25.642  43.889 0.0000000000
125753  -23.157  -27.409  42.142 0.0000000000
45986  -23.155  -27.010  43.001 0.0000000000
44993  -22.823  -27.664  42.523 0.0000000000
44036  -22.330  -28.109  41.399 0.0000000000
68437  -42.845  -2.847  21.480 0.0000000000
69292  -43.538  -2.496  20.964 0.0000000000
68444  -43.744  -2.852  20.176 0.0000000000
114353  -44.346  -2.319  20.357 0.0000000000
70933  -47.036  -0.904  24.259 0.0000000000
127804  -45.605  -1.669  20.450 0.0000000000
129271  -45.076  -2.021  20.178 0.0000000000
109884  -45.739  -2.194  19.771 0.0000000000
69314  -45.828  -2.784  19.217 0.0000000000
69304  -47.509  -1.970  19.885 0.0000000000
69316  -47.208  -2.509  19.424 0.0000000000
68464  -47.507  -3.728  18.579 0.0000000000
68458  -47.872  -3.106  19.017 0.0000000000
67543  -48.437  -3.765  18.660 0.0000000000
70153  -49.821  -0.868  21.239 0.0000000000
70166  -49.570  -1.577  20.711 0.0000000000
70167  -50.419  -1.633  20.959 0.0000000000
122302  -50.582  -1.021  21.372 0.0000000000
37874  -9.731  -33.901  50.904 0.0000000000
37873  -9.348  -34.567  51.352 0.0000000000
112561  -29.194  -14.609  37.803 0.0000000000
56048  -28.800  -16.406  37.658 0.0000000000
56991  -28.705  -15.569  37.358 0.0000000000
60129  -35.155  -12.165  26.528 0.0000000000
62048  -32.398  -10.249  30.997 0.0000000000
62049  -33.116  -9.738  30.392 0.0000000000
63002  -34.820  -9.391  29.911 0.0000000000
62067  -33.581  -10.127  29.531 0.0000000000
62068  -34.643  -10.055  29.387 0.0000000000
62971  -38.251  -8.801  30.690 0.0000000000
63940  -37.367  -8.718  30.714 0.0000000000
62990  -37.837  -9.497  30.329 0.0000000000
122299  -36.900  -10.650  29.360 0.0000000000
62050  -37.269  -10.023  29.843 0.0000000000
61088  -35.539  -10.959  28.841 0.0000000000
61120  -37.337  -11.436  27.870 0.0000000000
109592  -37.045  -11.323  27.188 0.0000000000
61132  -37.882  -11.180  27.216 0.0000000000
61121  -38.754  -11.396  27.880 0.0000000000
61123  -40.120  -11.477  28.201 0.0000000000
61124  -40.829  -11.342  28.237 0.0000000000
62106  -41.163  -10.614  27.535 0.0000000000
62095  -41.658  -11.094  28.349 0.0000000000
40778  -10.652  -31.392  51.456 0.0000000000
40769  -10.619  -31.430  52.478 0.0000000000
38901  -10.108  -33.136  51.412 0.0000000000
38921  -10.263  -33.440  48.549 0.0000000000
38913  -10.141  -33.345  49.491 0.0000000000
36788  -9.029  -35.268  51.790 0.0000000000
37838  -9.408  -34.554  53.280 0.0000000000
35761  -8.267  -36.494  53.428 0.0000000000
35766  -8.700  -35.894  53.055 0.0000000000
35755  -8.143  -36.510  54.374 0.0000000000
33205  -7.193  -39.345  51.831 0.0000000000
130295  -7.062  -38.083  54.012 0.0000000000
34067  -7.037  -38.308  53.718 0.0000000000
34840  -6.966  -37.320  54.689 0.0000000000
34841  -7.151  -36.593  55.050 0.0000000000
35739  -7.397  -35.490  55.670 0.0000000000
128457  -5.978  -37.266  54.555 0.0000000000
34839  -6.248  -36.773  54.772 0.0000000000
34826  -6.234  -36.209  55.170 0.0000000000
35737  -6.261  -35.686  55.496 0.0000000000
33154  -5.120  -39.332  54.265 0.0000000000
51135  -34.766  -21.210  39.445 0.0000000000
51136  -34.968  -20.724  39.958 0.0000000000
50075  -23.654  -22.592  42.776 0.0000000000
50066  -24.016  -21.859  43.280 0.0000000000
51081  -24.574  -21.081  42.774 0.0000000000
125480  -25.365  -20.447  42.707 0.0000000000
50077  -32.644  -21.573  41.745 0.0000000000
50089  -32.172  -21.869  41.179 0.0000000000
129203  -32.386  -22.014  40.767 0.0000000000
50111  -32.557  -22.160  39.196 0.0000000000
50122  -33.361  -21.954  38.556 0.0000000000
52002  -26.292  -20.289  48.649 0.0000000000
51015  -25.111  -20.908  47.022 0.0000000000
50043  -24.457  -21.500  46.593 0.0000000000
51030  -24.441  -21.434  45.679 0.0000000000
50057  -24.037  -21.979  44.234 0.0000000000
55063  -30.270  -17.914  38.666 0.0000000000
60074  -30.020  -12.171  32.111 0.0000000000
59110  -29.200  -13.386  31.530 0.0000000000
59111  -29.734  -12.900  31.352 0.0000000000
59133  -29.563  -13.757  30.146 0.0000000000
60111  -31.523  -12.412  28.677 0.0000000000
42912  -15.122  -28.837  45.132 0.0000000000
43963  -14.731  -28.576  45.915 0.0000000000
43950  -14.571  -28.435  46.888 0.0000000000
43949  -13.740  -28.812  47.185 0.0000000000
43938  -13.747  -28.417  48.071 0.0000000000
42896  -12.674  -29.830  46.644 0.0000000000
41825  -12.444  -30.566  46.379 0.0000000000
40816  -12.374  -31.386  46.224 0.0000000000
40821  -12.792  -30.947  45.856 0.0000000000
51037  -35.199  -20.175  44.712 0.0000000000
52081  -35.453  -19.865  44.640 0.0000000000
114169  -35.694  -19.570  45.141 0.0000000000
128601  -28.375  -18.835  47.161 0.0000000000
53039  -28.784  -18.748  47.595 0.0000000000
116513  -29.786  -18.770  47.342 0.0000000000
53040  -30.851  -18.865  47.298 0.0000000000
124881  -33.572  -19.580  47.385 0.0000000000
52023  -34.027  -19.917  46.700 0.0000000000
51017  -34.281  -20.421  45.472 0.0000000000
109626  -33.705  -20.746  44.642 0.0000000000
51034  -33.986  -20.600  45.154 0.0000000000
51036  -34.931  -20.395  44.882 0.0000000000
53003  -28.755  -18.716  49.522 0.0000000000
121636  -40.201  -9.558  26.440 0.0000000000
65781  -44.005  -6.781  26.487 0.0000000000
64974  -43.114  -6.797  26.217 0.0000000000
131461  -43.027  -6.194  25.878 0.0000000000
66620  -42.039  -5.464  25.417 0.0000000000
125892  -40.679  -5.157  24.505 0.0000000000
68410  -42.805  -3.460  24.185 0.0000000000
67498  -43.218  -3.877  24.821 0.0000000000
67499  -44.194  -3.795  25.097 0.0000000000
58990  -30.992  -12.146  39.275 0.0000000000
59002  -30.896  -12.336  38.522 0.0000000000
59974  -31.468  -11.819  38.839 0.0000000000
59989  -31.451  -11.984  38.017 0.0000000000
60010  -31.845  -11.661  37.543 0.0000000000
62926  -32.808  -9.100  36.443 0.0000000000
62925  -32.347  -9.904  36.070 0.0000000000
62018  -32.035  -10.418  34.763 0.0000000000
61038  -31.628  -10.783  34.463 0.0000000000
62027  -32.158  -10.382  33.877 0.0000000000
62952  -32.667  -9.850  33.344 0.0000000000
119146  -33.117  -9.366  32.876 0.0000000000
125342  -33.851  -8.440  33.434 0.0000000000
42916  -22.089  -28.107  45.991 0.0000000000
43969  -21.746  -27.978  45.265 0.0000000000
43982  -20.664  -27.910  44.376 0.0000000000
42951  -18.278  -29.238  42.121 0.0000000000
43996  -16.708  -28.804  43.804 0.0000000000
68445  -49.881  -3.076  19.786 0.0000000000
111517  -49.913  -3.839  19.390 0.0000000000
68460  -50.572  -3.803  19.794 0.0000000000
68446  -51.255  -3.638  20.209 0.0000000000
35715  -7.604  -34.696  56.646 0.0000000000
54127  -34.986  -19.614  39.116 0.0000000000
53123  -35.023  -19.716  38.197 0.0000000000
54113  -34.024  -18.832  39.228 0.0000000000
54112  -33.304  -18.589  39.299 0.0000000000
55051  -32.244  -18.152  40.200 0.0000000000
55959  -35.001  -17.409  44.720 0.0000000000
55974  -34.639  -17.691  43.950 0.0000000000
55958  -34.592  -17.338  44.370 0.0000000000
57875  -31.003  -14.066  44.883 0.0000000000
57887  -30.407  -14.465  43.399 0.0000000000
56921  -30.382  -15.303  43.126 0.0000000000
58958  -30.247  -13.280  42.137 0.0000000000
120010  -30.866  -12.440  41.480 0.0000000000
59951  -32.034  -11.257  41.374 0.0000000000
62857  -33.612  -9.258  43.176 0.0000000000
128759  -23.771  -22.910  38.759 0.0000000000
52077  -28.764  -19.481  44.335 0.0000000000
52095  -27.937  -19.554  43.928 0.0000000000
129305  -28.871  -19.638  43.672 0.0000000000
52121  -28.663  -20.242  41.767 0.0000000000
50108  -29.900  -21.863  39.199 0.0000000000
51132  -29.390  -21.447  39.754 0.0000000000
45957  -23.418  -26.056  45.646 0.0000000000
115887  -23.254  -24.935  43.307 0.0000000000
47117  -23.226  -25.756  42.993 0.0000000000
45004  -22.661  -27.998  40.793 0.0000000000
69278  -43.596  -2.440  23.135 0.0000000000
69284  -44.087  -1.946  22.521 0.0000000000
70950  -46.757  -0.442  22.706 0.0000000000
69303  -46.520  -1.893  19.957 0.0000000000
110014  -47.014  -0.893  20.976 0.0000000000
70164  -47.735  -1.400  20.444 0.0000000000
69305  -48.405  -2.060  19.984 0.0000000000
70152  -48.877  -0.776  21.143 0.0000000000
70953  -49.874  0.140  22.345 0.0000000000
37895  -9.426  -34.803  49.387 0.0000000000
36823  -9.090  -35.495  49.833 0.0000000000
57982  -28.427  -14.792  35.911 0.0000000000
57011  -28.192  -15.651  35.471 0.0000000000
62970  -34.238  -8.626  31.467 0.0000000000
62987  -34.615  -8.877  30.567 0.0000000000
62988  -35.286  -9.118  30.196 0.0000000000
117584  -35.887  -9.128  30.233 0.0000000000
62991  -38.683  -9.658  30.396 0.0000000000
62071  -37.765  -10.663  29.547 0.0000000000
61089  -37.300  -11.081  29.113 0.0000000000
61090  -38.152  -11.152  29.237 0.0000000000
61109  -38.524  -11.447  28.662 0.0000000000
61111  -40.377  -11.556  28.882 0.0000000000
42833  -12.379  -29.210  49.829 0.0000000000
42802  -12.253  -29.482  51.410 0.0000000000
127811  -11.128  -30.533  51.485 0.0000000000
121865  -8.299  -36.776  51.569 0.0000000000
125371  -8.458  -36.292  51.875 0.0000000000
33190  -6.455  -40.011  53.021 0.0000000000
33191  -6.866  -39.465  52.663 0.0000000000
34066  -6.411  -38.365  54.160 0.0000000000
34059  -6.380  -37.747  54.499 0.0000000000
126618  -6.498  -37.264  54.631 0.0000000000
130917  -6.068  -37.648  54.451 0.0000000000
33156  -5.727  -38.105  54.302 0.0000000000
34048  -5.679  -37.776  54.368 0.0000000000
109370  -31.209  -18.640  49.012 0.0000000000
126073  -34.601  -19.035  48.307 0.0000000000
63033  -43.130  -9.145  27.247 0.0000000000
63974  -43.393  -8.337  26.995 0.0000000000
66623  -45.360  -5.674  26.024 0.0000000000
114230  -45.844  -4.929  25.621 0.0000000000
62895  -33.117  -9.495  39.461 0.0000000000
61989  -32.900  -10.340  38.887 0.0000000000
62903  -32.947  -9.307  38.400 0.0000000000
62916  -32.848  -9.197  37.411 0.0000000000
63865  -33.379  -8.366  36.821 0.0000000000
63875  -34.351  -7.892  35.425 0.0000000000
111845  -21.161  -27.909  41.986 0.0000000000
37800  -9.055  -34.367  56.601 0.0000000000
36741  -8.630  -34.957  56.151 0.0000000000
52153  -35.235  -20.589  38.743 0.0000000000
53124  -35.295  -20.111  38.779 0.0000000000
55042  -34.087  -18.528  41.231 0.0000000000
60915  -32.340  -11.061  43.010 0.0000000000
47146  -23.408  -25.588  39.964 0.0000000000
48257  -23.426  -25.073  40.748 0.0000000000
49194  -23.532  -23.606  39.980 0.0000000000
113874  -23.648  -22.606  41.857 0.0000000000
113092  -23.675  -22.619  40.986 0.0000000000
50095  -23.752  -22.640  39.941 0.0000000000
50096  -24.195  -21.716  39.965 0.0000000000
51127  -24.663  -21.440  39.280 0.0000000000
51066  -30.554  -20.462  42.833 0.0000000000
50088  -31.369  -21.803  41.146 0.0000000000
51133  -30.194  -21.705  40.073 0.0000000000
129231  -23.623  -23.883  46.710 0.0000000000
128037  -23.582  -23.734  45.936 0.0000000000
48227  -23.365  -24.291  44.539 0.0000000000
49171  -23.474  -23.452  44.125 0.0000000000
118263  -23.326  -24.167  43.646 0.0000000000
115886  -23.282  -25.058  42.560 0.0000000000
64992  -38.591  -7.647  23.169 0.0000000000
67530  -44.106  -4.125  19.200 0.0000000000
70123  -46.534  -1.784  24.596 0.0000000000
70124  -47.328  -1.720  24.819 0.0000000000
70125  -48.137  -1.172  24.799 0.0000000000
71817  -49.091  0.387  23.507 0.0000000000
59093  -29.102  -13.229  33.965 0.0000000000
58018  -28.609  -13.783  33.471 0.0000000000
63907  -38.066  -7.675  31.957 0.0000000000
63926  -38.663  -8.149  31.191 0.0000000000
62973  -39.904  -9.278  30.772 0.0000000000
62993  -40.370  -9.905  30.572 0.0000000000
62053  -40.559  -10.565  30.348 0.0000000000
43922  -13.547  -28.582  48.671 0.0000000000
42853  -12.923  -28.916  49.036 0.0000000000
42852  -12.086  -29.514  48.837 0.0000000000
41806  -11.538  -30.237  48.569 0.0000000000
40802  -11.175  -31.191  48.336 0.0000000000
116055  -11.387  -32.226  47.088 0.0000000000
32259  -5.227  -41.247  53.836 0.0000000000
122488  -34.254  -20.982  41.290 0.0000000000
51106  -34.728  -20.359  41.625 0.0000000000
51088  -34.954  -19.931  42.106 0.0000000000
113796  -34.995  -19.755  43.020 0.0000000000
54084  -35.465  -19.061  43.985 0.0000000000
53066  -35.612  -19.481  44.486 0.0000000000
55002  -35.506  -18.465  44.365 0.0000000000
55012  -35.185  -17.932  44.333 0.0000000000
55947  -35.296  -17.234  45.373 0.0000000000
55929  -35.895  -17.330  47.521 0.0000000000
52057  -26.149  -20.094  45.561 0.0000000000
111411  -26.515  -19.907  46.076 0.0000000000
112897  -27.047  -19.632  45.303 0.0000000000
52058  -28.080  -19.348  45.212 0.0000000000
52040  -28.535  -19.128  45.886 0.0000000000
52059  -29.291  -19.298  44.953 0.0000000000
53051  -31.245  -19.176  46.431 0.0000000000
52043  -31.913  -19.566  45.910 0.0000000000
52060  -31.049  -19.752  44.863 0.0000000000
51049  -31.473  -20.526  43.593 0.0000000000
51068  -32.076  -20.916  43.214 0.0000000000
51070  -33.486  -21.004  43.557 0.0000000000
50078  -33.201  -21.277  42.403 0.0000000000
50090  -33.419  -21.389  41.740 0.0000000000
120662  -34.029  -21.029  41.774 0.0000000000
128135  -26.708  -19.832  48.956 0.0000000000
61146  -36.872  -11.022  24.865 0.0000000000
63029  -38.732  -9.546  26.045 0.0000000000
63040  -38.134  -9.150  25.359 0.0000000000
63049  -37.768  -8.898  24.504 0.0000000000
127175  -41.364  -8.211  26.259 0.0000000000
63981  -40.523  -8.096  25.916 0.0000000000
64972  -41.098  -7.430  25.845 0.0000000000
64970  -39.473  -7.281  25.036 0.0000000000
64980  -38.507  -7.497  23.896 0.0000000000
65805  -39.408  -5.963  23.417 0.0000000000
66633  -39.638  -5.515  22.887 0.0000000000
131332  -40.301  -4.752  22.565 0.0000000000
67516  -40.346  -4.765  21.967 0.0000000000
67517  -40.968  -4.309  21.654 0.0000000000
67518  -41.697  -3.910  21.283 0.0000000000
68428  -42.114  -3.359  22.644 0.0000000000
68423  -43.185  -2.976  23.671 0.0000000000
69270  -44.778  -2.589  24.369 0.0000000000
69272  -46.214  -2.600  24.917 0.0000000000
67491  -45.489  -4.190  25.391 0.0000000000
67492  -46.251  -4.311  25.474 0.0000000000
68415  -46.873  -3.188  25.330 0.0000000000
69266  -48.781  -2.967  25.618 0.0000000000
56963  -29.332  -15.424  39.694 0.0000000000
115058  -29.239  -15.821  38.950 0.0000000000
57956  -29.302  -14.771  38.817 0.0000000000
59001  -30.194  -13.091  38.249 0.0000000000
57970  -29.726  -13.706  37.770 0.0000000000
57977  -29.483  -13.868  37.073 0.0000000000
59056  -29.260  -13.357  35.694 0.0000000000
113619  -32.561  -10.999  38.507 0.0000000000
61012  -31.651  -11.579  36.769 0.0000000000
62005  -32.153  -10.766  36.625 0.0000000000
60032  -31.074  -11.854  36.413 0.0000000000
60031  -30.388  -12.217  35.992 0.0000000000
59077  -29.707  -12.597  34.530 0.0000000000
59094  -29.683  -12.587  33.610 0.0000000000
60069  -30.100  -11.997  33.188 0.0000000000
61048  -31.170  -11.124  34.106 0.0000000000
60082  -30.688  -11.646  31.605 0.0000000000
61061  -31.261  -11.181  31.071 0.0000000000
61072  -31.446  -11.288  29.962 0.0000000000
62962  -33.464  -9.132  32.058 0.0000000000
111180  -34.782  -8.178  31.936 0.0000000000
64879  -35.232  -7.604  35.021 0.0000000000
63882  -35.244  -7.653  34.209 0.0000000000
64896  -35.957  -7.573  33.902 0.0000000000
64868  -37.049  -7.463  35.162 0.0000000000
64881  -36.625  -7.505  34.376 0.0000000000
128353  -36.500  -7.541  33.616 0.0000000000
64916  -36.776  -7.578  32.955 0.0000000000
64918  -38.346  -7.524  32.746 0.0000000000
64919  -39.189  -7.506  32.795 0.0000000000
44000  -20.333  -27.716  43.365 0.0000000000
109527  -19.728  -27.718  44.018 0.0000000000
109615  -18.516  -28.292  42.573 0.0000000000
109528  -18.679  -27.719  43.534 0.0000000000
110172  -19.077  -27.621  44.694 0.0000000000
43966  -18.455  -27.599  45.182 0.0000000000
43965  -16.315  -27.966  45.318 0.0000000000
43978  -15.774  -28.474  44.992 0.0000000000
54123  -31.970  -18.416  38.415 0.0000000000
54110  -31.193  -18.204  39.024 0.0000000000
129464  -29.859  -17.154  39.795 0.0000000000
52123  -34.860  -20.182  41.508 0.0000000000
52135  -34.901  -20.064  41.133 0.0000000000
54096  -34.650  -19.264  41.632 0.0000000000
55022  -34.703  -18.571  42.867 0.0000000000
54089  -34.677  -18.932  42.166 0.0000000000
55033  -34.542  -18.952  41.615 0.0000000000
126686  -34.352  -18.641  41.625 0.0000000000
55032  -34.166  -18.170  41.988 0.0000000000
55031  -33.547  -17.908  41.669 0.0000000000
55956  -33.016  -16.645  44.604 0.0000000000
56898  -31.937  -15.970  44.800 0.0000000000
55988  -33.196  -17.238  42.845 0.0000000000
55030  -32.570  -17.652  41.558 0.0000000000
56003  -30.361  -16.640  41.627 0.0000000000
124323  -30.182  -16.856  40.954 0.0000000000
56951  -29.707  -16.028  41.072 0.0000000000
119026  -29.443  -15.476  40.491 0.0000000000
57942  -29.860  -13.456  39.782 0.0000000000
58979  -30.544  -12.617  39.661 0.0000000000
124338  -30.801  -12.439  40.725 0.0000000000
58980  -31.078  -12.129  40.063 0.0000000000
59975  -31.507  -11.711  39.603 0.0000000000
60962  -32.666  -10.896  39.909 0.0000000000
60916  -32.638  -10.691  42.368 0.0000000000
60927  -32.705  -10.621  41.562 0.0000000000
62868  -33.511  -9.798  42.100 0.0000000000
61976  -32.906  -10.557  40.508 0.0000000000
61985  -32.977  -10.496  39.740 0.0000000000
52093  -25.870  -20.131  44.175 0.0000000000
117000  -27.457  -19.717  43.163 0.0000000000
52105  -25.999  -20.230  42.118 0.0000000000
52118  -25.746  -20.512  41.233 0.0000000000
52130  -25.515  -20.807  40.355 0.0000000000
51128  -25.346  -21.088  39.467 0.0000000000
52122  -29.524  -20.500  41.989 0.0000000000
52133  -28.261  -20.586  40.908 0.0000000000
51117  -28.826  -21.021  40.298 0.0000000000
51116  -27.870  -20.965  39.930 0.0000000000
52144  -26.957  -20.841  39.887 0.0000000000
51129  -26.019  -21.133  38.701 0.0000000000
43971  -22.741  -27.209  45.745 0.0000000000
128228  -22.126  -27.441  43.144 0.0000000000
48214  -23.637  -24.597  46.365 0.0000000000
47076  -23.600  -25.346  45.939 0.0000000000
115765  -23.094  -26.306  44.565 0.0000000000
117008  -23.099  -26.505  43.470 0.0000000000
45973  -22.892  -26.825  43.865 0.0000000000
44019  -22.526  -27.497  42.800 0.0000000000
44017  -21.931  -27.723  42.459 0.0000000000
120502  -22.037  -28.007  41.834 0.0000000000
44035  -21.327  -28.393  41.045 0.0000000000
67522  -42.837  -3.936  20.149 0.0000000000
68454  -43.555  -3.587  19.802 0.0000000000
70133  -45.307  -1.275  23.480 0.0000000000
70136  -44.658  -1.499  21.913 0.0000000000
70138  -45.929  -0.720  22.980 0.0000000000
69294  -44.817  -1.725  20.933 0.0000000000
67531  -44.936  -3.778  18.911 0.0000000000
67541  -46.171  -4.553  18.379 0.0000000000
69315  -46.408  -2.477  19.438 0.0000000000
68457  -46.759  -3.082  18.921 0.0000000000
68459  -48.986  -3.304  19.274 0.0000000000
70154  -51.181  -1.581  21.259 0.0000000000
38894  -10.133  -33.037  52.349 0.0000000000
37839  -9.855  -33.714  52.961 0.0000000000
35779  -8.720  -36.171  50.263 0.0000000000
116579  -28.042  -14.958  34.043 0.0000000000
61137  -36.353  -11.635  25.375 0.0000000000
61085  -32.256  -10.956  29.464 0.0000000000
112060  -33.165  -10.781  29.131 0.0000000000
61105  -33.644  -11.268  28.585 0.0000000000
61106  -34.595  -11.180  28.565 0.0000000000
62989  -36.472  -9.503  30.003 0.0000000000
62070  -36.352  -10.170  29.509 0.0000000000
62069  -35.548  -10.423  29.242 0.0000000000
61118  -34.715  -11.575  27.980 0.0000000000
113689  -35.442  -11.495  27.845 0.0000000000
61107  -36.851  -11.311  28.507 0.0000000000
61130  -36.457  -11.470  26.538 0.0000000000
61122  -39.568  -11.327  27.727 0.0000000000
62093  -39.720  -10.844  27.201 0.0000000000
62096  -42.674  -9.905  27.740 0.0000000000
61075  -41.151  -11.020  30.259 0.0000000000
40757  -10.637  -31.473  53.271 0.0000000000
39793  -10.367  -32.227  52.820 0.0000000000
37884  -9.734  -34.003  49.916 0.0000000000
39822  -10.594  -32.753  48.129 0.0000000000
37820  -9.414  -34.677  54.186 0.0000000000
36762  -9.062  -35.279  53.623 0.0000000000
36754  -9.018  -35.326  54.557 0.0000000000
36747  -8.881  -35.259  55.459 0.0000000000
35750  -8.160  -35.537  55.572 0.0000000000
34087  -7.639  -38.860  51.149 0.0000000000
34078  -7.483  -38.336  51.999 0.0000000000
34859  -7.567  -37.814  53.067 0.0000000000
34849  -7.292  -37.604  54.098 0.0000000000
34860  -7.848  -37.113  53.791 0.0000000000
35749  -7.819  -36.295  55.102 0.0000000000
35740  -7.930  -35.128  56.094 0.0000000000
113931  -7.578  -35.027  56.138 0.0000000000
35728  -7.318  -34.960  56.199 0.0000000000
34042  -6.613  -36.931  54.761 0.0000000000
34827  -6.722  -36.252  55.151 0.0000000000
35727  -6.959  -35.047  56.071 0.0000000000
35726  -6.603  -35.323  55.764 0.0000000000
31351  -4.398  -41.428  54.069 0.0000000000
119567  -4.804  -40.859  54.179 0.0000000000
33167  -5.001  -39.862  54.324 0.0000000000
34818  -7.122  -35.489  55.650 0.0000000000
42876  -13.040  -28.819  47.932 0.0000000000
42970  -19.654  -28.866  41.183 0.0000000000
44002  -21.997  -27.679  42.621 0.0000000000
49165  -23.496  -23.578  45.044 0.0000000000
50058  -34.448  -20.811  44.028 0.0000000000
50069  -34.040  -21.016  43.086 0.0000000000
50079  -33.900  -21.030  42.566 0.0000000000
51016  -33.467  -20.426  45.343 0.0000000000
51018  -34.826  -20.296  45.432 0.0000000000
51035  -34.720  -20.512  44.959 0.0000000000
51052  -33.958  -20.922  44.063 0.0000000000
51067  -31.243  -20.676  43.027 0.0000000000
51069  -32.940  -21.124  43.052 0.0000000000
51071  -34.791  -20.397  43.515 0.0000000000
51087  -34.673  -20.264  42.634 0.0000000000
51143  -24.669  -21.683  38.392 0.0000000000
52025  -35.340  -19.762  46.526 0.0000000000
52026  -35.680  -19.629  46.490 0.0000000000
52047  -35.334  -19.869  46.050 0.0000000000
52063  -35.651  -19.597  45.450 0.0000000000
52074  -25.664  -20.345  45.014 0.0000000000
52097  -35.126  -19.943  43.445 0.0000000000
53052  -35.836  -19.483  46.279 0.0000000000
53084  -34.856  -19.541  42.499 0.0000000000
54053  -36.199  -18.598  47.203 0.0000000000
54080  -35.793  -18.793  44.770 0.0000000000
54105  -34.767  -19.669  41.340 0.0000000000
54980  -36.055  -17.758  46.770 0.0000000000
55029  -31.894  -17.639  41.226 0.0000000000
55937  -35.449  -17.081  46.122 0.0000000000
62037  -32.295  -10.291  32.060 0.0000000000
64965  -44.341  -7.351  26.875 0.0000000000
69313  -45.068  -2.535  19.644 0.0000000000
108912  -34.448  -18.457  42.264 0.0000000000
110099  -33.359  -9.681  40.919 0.0000000000
111921  -35.375  -19.874  44.031 0.0000000000
112009  -29.957  -15.181  42.449 0.0000000000
114762  -34.783  -18.196  43.550 0.0000000000
119133  -8.698  -35.873  52.193 0.0000000000
119528  -36.038  -18.565  45.596 0.0000000000
120848  -7.161  -40.202  51.445 0.0000000000
123087  -39.963  -5.181  22.330 0.0000000000
124236  -32.972  -10.403  41.198 0.0000000000
126070  -44.480  -8.612  27.780 0.0000000000
126397  -34.981  -19.952  41.876 0.0000000000
126898  -34.933  -19.998  42.833 0.0000000000
127315  -33.547  -18.722  38.678 0.0000000000
127633  -22.847  -26.797  44.613 0.0000000000
127982  -32.363  -16.545  44.171 0.0000000000
128479  -30.167  -18.768  47.848 0.0000000000
129050  -30.068  -20.049  43.183 0.0000000000
129627  -42.383  -7.080  26.049 0.0000000000
130080  -23.524  -23.241  40.655 0.0000000000
130581  -34.818  -20.412  45.098 0.0000000000
131660  -6.058  -38.930  54.178 0.0000000000
