#!ascii label  , from subject sub-v1s21x0050399_ses-1 vox2ras=TkReg
958
41676  -41.567  -26.558  22.497 0.0000000000
122313  -22.274  -32.061  27.529 0.0000000000
40786  -31.298  -27.814  23.940 0.0000000000
64455  -43.318  -0.631  14.593 0.0000000000
64482  -49.654  -0.832  10.135 0.0000000000
35414  -14.638  -33.715  32.574 0.0000000000
61766  -39.245  -3.878  17.361 0.0000000000
45053  -44.575  -23.426  22.194 0.0000000000
40817  -36.430  -27.061  22.657 0.0000000000
36239  -18.227  -32.655  29.164 0.0000000000
33056  -17.905  -36.830  31.859 0.0000000000
44234  -37.911  -23.959  20.641 0.0000000000
45063  -40.516  -22.321  19.924 0.0000000000
38143  -26.402  -30.025  24.760 0.0000000000
44206  -33.906  -23.272  23.104 0.0000000000
53094  -39.746  -13.793  14.301 0.0000000000
56528  -40.585  -9.105  14.703 0.0000000000
59968  -42.073  -5.284  13.349 0.0000000000
29787  -9.473  -40.539  33.310 0.0000000000
28044  -6.191  -42.767  34.648 0.0000000000
47632  -38.418  -19.431  20.851 0.0000000000
49456  -36.482  -17.636  19.578 0.0000000000
51416  -37.293  -15.923  16.089 0.0000000000
31483  -13.499  -38.675  31.883 0.0000000000
35455  -21.914  -33.765  29.054 0.0000000000
36255  -24.370  -32.736  28.474 0.0000000000
40819  -38.718  -27.234  22.667 0.0000000000
39002  -20.959  -29.234  28.726 0.0000000000
37163  -20.044  -31.853  27.936 0.0000000000
34671  -20.156  -34.507  29.027 0.0000000000
118094  -38.617  -24.017  22.822 0.0000000000
43435  -36.596  -23.860  21.607 0.0000000000
54750  -38.755  -11.730  15.739 0.0000000000
54772  -40.523  -11.445  13.997 0.0000000000
56521  -38.940  -9.383  15.599 0.0000000000
60881  -40.066  -4.605  14.539 0.0000000000
61812  -41.530  -3.234  12.802 0.0000000000
109928  -43.503  -4.713  12.718 0.0000000000
62661  -43.890  -2.677  11.953 0.0000000000
62674  -45.936  -2.773  10.721 0.0000000000
46699  -39.364  -20.884  23.090 0.0000000000
46736  -40.197  -20.223  20.824 0.0000000000
46716  -37.223  -20.492  22.689 0.0000000000
49432  -33.477  -17.588  21.147 0.0000000000
51390  -33.328  -15.522  19.254 0.0000000000
50439  -36.185  -16.751  18.182 0.0000000000
53057  -34.749  -13.842  17.447 0.0000000000
53060  -36.983  -13.019  16.582 0.0000000000
39087  -28.965  -28.875  23.843 0.0000000000
33035  -11.279  -37.019  32.281 0.0000000000
33053  -13.282  -36.356  31.199 0.0000000000
25727  -6.402  -45.438  34.507 0.0000000000
24865  -3.925  -46.499  34.722 0.0000000000
59058  -39.084  -6.449  18.886 0.0000000000
118698  -44.702  -21.127  22.428 0.0000000000
40802  -33.553  -27.131  23.672 0.0000000000
108897  -16.138  -33.339  30.697 0.0000000000
33069  -15.565  -36.086  30.488 0.0000000000
33860  -17.500  -35.094  29.660 0.0000000000
64490  -50.118  -1.037  8.653 0.0000000000
42577  -39.488  -25.572  20.577 0.0000000000
43447  -41.636  -24.833  20.603 0.0000000000
44235  -39.301  -23.511  20.121 0.0000000000
39891  -22.536  -28.749  26.698 0.0000000000
37189  -24.126  -31.032  26.291 0.0000000000
39898  -24.190  -28.461  25.138 0.0000000000
40785  -26.956  -27.150  23.789 0.0000000000
41655  -29.560  -25.773  22.850 0.0000000000
44185  -31.642  -23.455  24.715 0.0000000000
42561  -32.373  -24.683  21.926 0.0000000000
42563  -34.721  -25.372  21.552 0.0000000000
42574  -37.042  -25.280  20.812 0.0000000000
50493  -42.088  -16.345  15.866 0.0000000000
115105  -38.816  -6.806  15.555 0.0000000000
109618  -41.168  -6.806  14.548 0.0000000000
61832  -47.341  -3.464  10.138 0.0000000000
28894  -8.287  -41.295  33.764 0.0000000000
27256  -8.393  -44.393  35.022 0.0000000000
128427  -42.942  -22.484  20.006 0.0000000000
46754  -42.456  -20.498  20.325 0.0000000000
47634  -40.770  -18.789  20.986 0.0000000000
47614  -34.970  -19.539  22.425 0.0000000000
47646  -37.240  -19.003  20.553 0.0000000000
48535  -39.289  -17.188  22.377 0.0000000000
50414  -38.847  -17.375  20.582 0.0000000000
50441  -39.142  -17.013  19.286 0.0000000000
118693  -40.128  -16.858  16.825 0.0000000000
52258  -38.401  -14.949  14.958 0.0000000000
53075  -38.340  -12.817  15.328 0.0000000000
37177  -26.131  -31.920  26.990 0.0000000000
31453  -9.960  -38.025  33.801 0.0000000000
29796  -11.714  -39.888  32.620 0.0000000000
32281  -15.635  -37.913  31.828 0.0000000000
121155  -2.016  -47.112  35.144 0.0000000000
36253  -21.962  -32.737  27.910 0.0000000000
35475  -23.482  -33.084  28.785 0.0000000000
36274  -23.038  -31.920  27.469 0.0000000000
40821  -40.243  -26.998  22.491 0.0000000000
38096  -21.268  -30.597  27.451 0.0000000000
38086  -20.277  -30.715  28.178 0.0000000000
36272  -20.866  -32.113  27.643 0.0000000000
35472  -20.601  -33.404  28.177 0.0000000000
55619  -39.118  -10.796  17.265 0.0000000000
55637  -38.892  -10.305  15.696 0.0000000000
128910  -38.524  -9.541  17.318 0.0000000000
64454  -42.562  -0.769  15.144 0.0000000000
62642  -40.932  -2.199  14.687 0.0000000000
63544  -42.367  -1.835  13.508 0.0000000000
62660  -43.075  -2.649  12.390 0.0000000000
63545  -43.767  -1.496  13.073 0.0000000000
63553  -44.320  -1.739  12.294 0.0000000000
118147  -38.255  -20.771  23.145 0.0000000000
52212  -33.160  -14.225  20.782 0.0000000000
52231  -33.873  -14.470  18.427 0.0000000000
53848  -34.359  -12.218  19.390 0.0000000000
120575  -35.390  -12.393  18.361 0.0000000000
39937  -30.388  -28.170  23.783 0.0000000000
39070  -29.481  -29.510  24.311 0.0000000000
39916  -30.784  -28.877  24.192 0.0000000000
33811  -12.960  -35.085  32.199 0.0000000000
34604  -13.711  -34.773  31.850 0.0000000000
63575  -49.277  -2.419  9.290 0.0000000000
25725  -4.863  -45.656  34.397 0.0000000000
126879  -45.211  -24.230  23.355 0.0000000000
45853  -44.486  -21.770  21.944 0.0000000000
41660  -34.987  -26.804  22.796 0.0000000000
40791  -35.874  -27.787  23.983 0.0000000000
37152  -18.226  -31.697  29.557 0.0000000000
36231  -17.729  -31.708  30.216 0.0000000000
36222  -17.222  -31.909  31.563 0.0000000000
35436  -17.080  -32.862  29.930 0.0000000000
34668  -17.045  -34.365  29.710 0.0000000000
34669  -17.878  -34.203  29.411 0.0000000000
34652  -21.122  -34.853  30.290 0.0000000000
33848  -19.561  -35.482  30.253 0.0000000000
42588  -38.892  -24.827  20.152 0.0000000000
42589  -39.774  -24.843  20.118 0.0000000000
109701  -22.901  -28.099  26.988 0.0000000000
39892  -23.092  -28.370  26.239 0.0000000000
40761  -24.250  -27.206  26.307 0.0000000000
41643  -26.620  -26.819  24.666 0.0000000000
41645  -27.725  -25.906  23.981 0.0000000000
41653  -28.066  -26.132  23.393 0.0000000000
42536  -28.674  -24.655  24.057 0.0000000000
44196  -34.369  -23.662  24.182 0.0000000000
44195  -33.424  -23.359  24.069 0.0000000000
44213  -31.542  -23.442  22.639 0.0000000000
44215  -33.364  -23.497  22.321 0.0000000000
116943  -33.124  -25.144  21.838 0.0000000000
43432  -34.084  -23.997  21.735 0.0000000000
43446  -37.200  -24.010  20.985 0.0000000000
43445  -36.391  -24.251  21.244 0.0000000000
42586  -37.475  -24.860  20.541 0.0000000000
42576  -38.630  -25.560  20.617 0.0000000000
51432  -40.905  -14.902  14.632 0.0000000000
52261  -42.492  -15.164  15.096 0.0000000000
52269  -41.370  -14.244  14.205 0.0000000000
54773  -41.113  -10.808  14.011 0.0000000000
54792  -42.119  -11.907  13.691 0.0000000000
59916  -38.585  -5.070  17.914 0.0000000000
59079  -38.082  -6.287  16.892 0.0000000000
60872  -38.713  -4.882  16.309 0.0000000000
60882  -40.756  -4.945  13.911 0.0000000000
108785  -40.868  -5.918  14.232 0.0000000000
117976  -41.811  -6.300  14.191 0.0000000000
58270  -43.014  -7.112  14.740 0.0000000000
61831  -46.518  -3.666  10.466 0.0000000000
62669  -46.491  -1.831  10.807 0.0000000000
63567  -47.353  -1.793  10.546 0.0000000000
30614  -9.075  -39.245  34.191 0.0000000000
125612  -8.213  -40.468  34.159 0.0000000000
111415  -9.042  -41.080  33.406 0.0000000000
107839  -8.836  -43.622  34.625 0.0000000000
25718  -8.206  -45.256  35.558 0.0000000000
44237  -40.763  -23.281  19.659 0.0000000000
43459  -42.173  -24.147  20.349 0.0000000000
45064  -41.153  -22.517  19.574 0.0000000000
46735  -39.184  -19.685  20.960 0.0000000000
45875  -41.351  -21.019  19.981 0.0000000000
46752  -40.797  -20.123  20.404 0.0000000000
47650  -42.040  -19.768  20.553 0.0000000000
47633  -40.289  -19.152  20.755 0.0000000000
49406  -34.109  -17.865  23.026 0.0000000000
49454  -34.419  -17.521  19.539 0.0000000000
48561  -34.544  -18.734  20.646 0.0000000000
48563  -36.845  -18.237  20.349 0.0000000000
48564  -37.757  -18.212  20.548 0.0000000000
49449  -37.855  -17.834  20.286 0.0000000000
49435  -38.938  -17.101  21.953 0.0000000000
50427  -37.393  -17.573  19.873 0.0000000000
50456  -36.844  -16.316  16.873 0.0000000000
50440  -37.440  -16.948  18.548 0.0000000000
50458  -38.327  -16.791  17.222 0.0000000000
125528  -39.727  -16.924  17.570 0.0000000000
50474  -38.473  -16.577  16.488 0.0000000000
50475  -39.784  -16.610  16.048 0.0000000000
51421  -37.792  -15.443  15.479 0.0000000000
53878  -37.405  -12.409  17.374 0.0000000000
53061  -37.697  -12.618  16.583 0.0000000000
127364  -38.571  -11.762  17.573 0.0000000000
127189  -24.816  -30.032  25.121 0.0000000000
115059  -24.915  -31.456  26.456 0.0000000000
130595  -26.010  -31.118  25.942 0.0000000000
31505  -12.217  -37.892  31.663 0.0000000000
31481  -11.788  -38.565  32.034 0.0000000000
30665  -12.196  -39.275  32.240 0.0000000000
33055  -16.624  -36.878  31.129 0.0000000000
32298  -15.803  -37.283  31.233 0.0000000000
33037  -16.452  -37.609  31.868 0.0000000000
121703  -21.902  -34.577  30.210 0.0000000000
35437  -23.084  -33.957  30.073 0.0000000000
35457  -23.685  -33.618  29.644 0.0000000000
36240  -25.001  -33.058  28.988 0.0000000000
40818  -37.848  -27.318  22.801 0.0000000000
39938  -37.580  -27.849  23.729 0.0000000000
38076  -19.905  -29.988  29.747 0.0000000000
38085  -19.597  -31.123  28.609 0.0000000000
37161  -18.788  -32.220  28.814 0.0000000000
35470  -19.134  -33.553  28.607 0.0000000000
35471  -19.830  -33.449  28.254 0.0000000000
35454  -20.932  -33.966  28.867 0.0000000000
44218  -37.911  -23.702  21.213 0.0000000000
44219  -38.684  -23.499  21.559 0.0000000000
108214  -35.941  -24.020  23.779 0.0000000000
44217  -35.111  -23.689  22.188 0.0000000000
43420  -37.443  -23.927  22.736 0.0000000000
110589  -39.289  -12.864  14.467 0.0000000000
53914  -40.687  -12.803  13.742 0.0000000000
54771  -39.761  -11.361  14.496 0.0000000000
55642  -39.512  -10.574  14.877 0.0000000000
56522  -39.620  -9.265  15.054 0.0000000000
61787  -39.449  -3.681  15.838 0.0000000000
115381  -40.454  -2.504  15.204 0.0000000000
61804  -40.833  -3.425  13.459 0.0000000000
60892  -41.617  -4.378  12.901 0.0000000000
112861  -43.413  -5.252  13.242 0.0000000000
60904  -42.955  -4.122  12.416 0.0000000000
61813  -43.345  -3.392  12.199 0.0000000000
60915  -44.802  -4.073  11.679 0.0000000000
62668  -44.573  -2.355  11.672 0.0000000000
63561  -45.066  -1.769  11.749 0.0000000000
28902  -10.646  -41.185  33.315 0.0000000000
110518  -9.716  -41.261  33.360 0.0000000000
28048  -10.594  -42.500  34.203 0.0000000000
46719  -40.305  -21.048  22.070 0.0000000000
113314  -41.020  -21.703  19.829 0.0000000000
125009  -40.064  -20.619  21.387 0.0000000000
46717  -38.903  -20.564  22.146 0.0000000000
46733  -37.464  -20.172  21.596 0.0000000000
50375  -33.592  -17.006  22.270 0.0000000000
51357  -33.273  -15.708  21.544 0.0000000000
50423  -33.473  -16.676  19.716 0.0000000000
50424  -33.899  -16.789  19.113 0.0000000000
50426  -35.819  -17.259  18.828 0.0000000000
50437  -34.387  -16.298  18.409 0.0000000000
51407  -34.650  -15.129  17.483 0.0000000000
51414  -35.857  -15.264  16.549 0.0000000000
52250  -36.950  -15.035  15.768 0.0000000000
53876  -35.785  -13.043  17.194 0.0000000000
39068  -27.649  -29.405  24.194 0.0000000000
38129  -27.815  -30.499  25.255 0.0000000000
38146  -29.074  -30.058  24.745 0.0000000000
33052  -12.410  -36.538  31.547 0.0000000000
32295  -13.556  -37.360  31.175 0.0000000000
129002  -6.121  -43.960  34.299 0.0000000000
27255  -5.146  -43.268  35.265 0.0000000000
26571  -4.837  -44.787  34.480 0.0000000000
25715  -4.256  -45.349  34.753 0.0000000000
25705  -2.934  -45.827  35.874 0.0000000000
47617  -43.350  -19.416  22.527 0.0000000000
40801  -32.689  -27.053  23.666 0.0000000000
39918  -32.455  -28.557  24.421 0.0000000000
35416  -16.049  -32.748  32.342 0.0000000000
35425  -15.571  -33.652  30.954 0.0000000000
34648  -14.881  -34.887  30.752 0.0000000000
34649  -15.489  -34.528  30.435 0.0000000000
33846  -16.987  -35.722  30.004 0.0000000000
33072  -18.016  -36.399  31.022 0.0000000000
33861  -18.361  -35.038  29.469 0.0000000000
33057  -18.884  -35.990  30.782 0.0000000000
111029  -18.662  -36.548  31.693 0.0000000000
64489  -49.792  -1.485  9.283 0.0000000000
113318  -40.692  -26.506  22.022 0.0000000000
41687  -41.416  -26.005  21.761 0.0000000000
126764  -40.337  -25.525  20.671 0.0000000000
43457  -40.098  -23.963  19.822 0.0000000000
44236  -40.149  -23.083  19.811 0.0000000000
44229  -40.101  -22.685  21.562 0.0000000000
45052  -40.480  -22.110  21.916 0.0000000000
45852  -40.472  -21.577  21.878 0.0000000000
46700  -40.237  -21.117  23.180 0.0000000000
38111  -22.425  -30.433  26.687 0.0000000000
37188  -23.185  -30.805  26.502 0.0000000000
38112  -22.983  -30.041  26.216 0.0000000000
39046  -24.266  -29.392  25.137 0.0000000000
39914  -25.439  -28.667  24.329 0.0000000000
40762  -25.014  -27.115  25.767 0.0000000000
40783  -25.476  -27.817  24.405 0.0000000000
39084  -26.305  -28.712  23.986 0.0000000000
39934  -27.652  -28.130  23.453 0.0000000000
40800  -28.820  -27.535  23.269 0.0000000000
121863  -29.926  -26.689  23.096 0.0000000000
117622  -30.317  -23.827  24.685 0.0000000000
43404  -29.995  -23.892  23.698 0.0000000000
42559  -30.584  -24.637  22.422 0.0000000000
120424  -31.486  -26.143  22.826 0.0000000000
41667  -32.681  -25.764  22.304 0.0000000000
41669  -34.376  -26.062  22.058 0.0000000000
41670  -35.289  -26.125  21.812 0.0000000000
43444  -35.534  -24.343  21.325 0.0000000000
41681  -35.900  -25.749  21.394 0.0000000000
41672  -37.097  -26.779  22.098 0.0000000000
41673  -38.080  -26.767  22.002 0.0000000000
41675  -39.802  -26.653  21.899 0.0000000000
39010  -21.391  -29.284  27.813 0.0000000000
53928  -42.239  -12.814  13.742 0.0000000000
57384  -37.833  -8.082  17.325 0.0000000000
58267  -38.438  -7.566  16.068 0.0000000000
58269  -39.870  -7.959  15.123 0.0000000000
126984  -39.616  -5.321  14.915 0.0000000000
126243  -40.319  -6.579  14.654 0.0000000000
57417  -41.492  -8.451  14.712 0.0000000000
57419  -43.059  -8.318  14.891 0.0000000000
62676  -48.101  -3.359  9.855 0.0000000000
62677  -48.522  -2.528  9.785 0.0000000000
64481  -48.914  -1.117  10.554 0.0000000000
29770  -7.158  -40.223  35.622 0.0000000000
28892  -6.661  -42.028  34.682 0.0000000000
28059  -8.668  -42.168  33.764 0.0000000000
28046  -8.195  -42.907  34.146 0.0000000000
27271  -7.324  -43.346  34.294 0.0000000000
25728  -7.001  -44.786  34.527 0.0000000000
43448  -42.394  -24.747  21.025 0.0000000000
43449  -43.095  -24.217  21.073 0.0000000000
118766  -43.507  -22.775  20.623 0.0000000000
111996  -41.686  -21.754  19.660 0.0000000000
119896  -42.553  -21.813  19.828 0.0000000000
45059  -43.986  -22.266  21.157 0.0000000000
46738  -43.538  -20.437  21.375 0.0000000000
47636  -43.193  -19.732  21.693 0.0000000000
48538  -41.860  -18.670  22.163 0.0000000000
111756  -36.362  -20.209  22.789 0.0000000000
47630  -36.871  -19.703  21.093 0.0000000000
48549  -34.023  -18.830  21.523 0.0000000000
47644  -35.333  -19.328  20.861 0.0000000000
47647  -38.002  -18.933  20.590 0.0000000000
48567  -39.402  -18.653  20.918 0.0000000000
48553  -39.884  -18.093  21.515 0.0000000000
112892  -37.787  -17.311  19.519 0.0000000000
50415  -39.183  -16.958  20.482 0.0000000000
50477  -41.515  -16.722  16.324 0.0000000000
51422  -40.046  -15.774  15.023 0.0000000000
52267  -39.691  -14.589  14.546 0.0000000000
52251  -37.576  -14.265  15.360 0.0000000000
53086  -38.291  -13.862  14.929 0.0000000000
53087  -38.924  -13.581  14.657 0.0000000000
53893  -38.510  -11.980  16.175 0.0000000000
54743  -38.832  -11.343  17.034 0.0000000000
37175  -24.423  -31.758  27.036 0.0000000000
36276  -24.866  -32.276  27.761 0.0000000000
37192  -27.307  -31.619  26.385 0.0000000000
117119  -9.535  -39.330  33.496 0.0000000000
33034  -10.675  -36.967  33.034 0.0000000000
31480  -10.954  -38.512  32.476 0.0000000000
29795  -10.736  -39.621  32.723 0.0000000000
29790  -12.261  -40.627  33.263 0.0000000000
33068  -14.911  -36.010  30.634 0.0000000000
32296  -14.439  -37.497  31.187 0.0000000000
31484  -14.392  -38.627  32.098 0.0000000000
24027  -4.009  -47.950  34.786 0.0000000000
24855  -2.987  -46.751  34.946 0.0000000000
25704  -2.423  -45.615  36.038 0.0000000000
41662  -42.327  -26.554  22.932 0.0000000000
36254  -22.964  -32.547  28.020 0.0000000000
40822  -40.975  -27.159  22.880 0.0000000000
37172  -21.610  -31.504  27.400 0.0000000000
38095  -20.818  -31.284  27.663 0.0000000000
36273  -21.549  -32.265  27.617 0.0000000000
55618  -39.017  -9.911  17.687 0.0000000000
122849  -38.422  -9.080  17.834 0.0000000000
63536  -42.507  -1.227  14.337 0.0000000000
63537  -43.138  -1.299  13.703 0.0000000000
64460  -43.904  -0.816  13.758 0.0000000000
53034  -33.952  -13.022  19.022 0.0000000000
116609  -30.626  -27.267  23.394 0.0000000000
129921  -31.047  -28.427  24.097 0.0000000000
108419  -14.036  -34.174  32.448 0.0000000000
34605  -14.399  -34.269  31.830 0.0000000000
63569  -49.079  -1.672  9.861 0.0000000000
44223  -45.194  -23.478  22.964 0.0000000000
45054  -45.045  -22.557  22.592 0.0000000000
124696  -44.456  -22.620  21.831 0.0000000000
40804  -35.823  -27.221  23.173 0.0000000000
120449  -35.217  -27.382  23.553 0.0000000000
40805  -36.601  -27.563  23.431 0.0000000000
37144  -18.159  -31.285  30.372 0.0000000000
36238  -17.629  -32.314  29.727 0.0000000000
36230  -17.281  -32.105  30.537 0.0000000000
35451  -17.251  -33.656  29.659 0.0000000000
35452  -17.726  -33.210  29.431 0.0000000000
43455  -38.499  -24.161  20.299 0.0000000000
40760  -23.502  -27.539  26.887 0.0000000000
42500  -28.487  -25.560  25.920 0.0000000000
41633  -27.653  -25.879  25.055 0.0000000000
42518  -28.083  -25.209  24.603 0.0000000000
42519  -28.893  -24.786  25.260 0.0000000000
44205  -32.921  -23.100  23.145 0.0000000000
44216  -34.367  -23.567  22.273 0.0000000000
43454  -37.666  -24.376  20.589 0.0000000000
42587  -38.106  -24.835  20.379 0.0000000000
52268  -40.420  -14.407  14.364 0.0000000000
113456  -40.885  -10.004  14.382 0.0000000000
55644  -41.754  -10.189  14.165 0.0000000000
56529  -41.578  -9.335  14.476 0.0000000000
60845  -39.132  -4.454  18.003 0.0000000000
60862  -38.541  -4.922  17.099 0.0000000000
59967  -41.366  -4.907  13.444 0.0000000000
59957  -41.565  -5.557  13.785 0.0000000000
59958  -42.446  -5.933  13.856 0.0000000000
123445  -42.756  -6.543  14.327 0.0000000000
108039  -47.131  -1.219  11.151 0.0000000000
30648  -9.208  -39.913  33.564 0.0000000000
29786  -8.781  -40.541  33.633 0.0000000000
44246  -40.615  -22.798  19.673 0.0000000000
46751  -39.803  -19.471  20.813 0.0000000000
49455  -35.425  -17.663  19.425 0.0000000000
49446  -34.993  -18.092  20.013 0.0000000000
49447  -36.092  -17.944  20.006 0.0000000000
49448  -36.984  -17.762  20.094 0.0000000000
49433  -38.752  -17.553  20.666 0.0000000000
50457  -37.538  -16.708  17.496 0.0000000000
50473  -37.759  -16.487  16.629 0.0000000000
50489  -38.130  -16.194  15.934 0.0000000000
38142  -25.546  -30.084  24.933 0.0000000000
37210  -26.121  -30.610  25.391 0.0000000000
31482  -12.618  -38.654  31.839 0.0000000000
30666  -13.065  -39.281  32.289 0.0000000000
30667  -13.926  -39.127  32.590 0.0000000000
125318  -17.412  -36.739  31.278 0.0000000000
33038  -17.212  -37.206  31.907 0.0000000000
28883  -6.345  -41.498  35.661 0.0000000000
28037  -6.021  -42.271  35.290 0.0000000000
43425  -44.637  -24.660  23.047 0.0000000000
34672  -21.506  -34.348  29.580 0.0000000000
34673  -22.305  -34.127  29.781 0.0000000000
124469  -24.376  -33.282  29.276 0.0000000000
40806  -38.508  -27.688  23.423 0.0000000000
129553  -20.705  -29.255  29.367 0.0000000000
39001  -20.334  -29.764  28.925 0.0000000000
37162  -19.330  -31.877  28.468 0.0000000000
36250  -19.436  -32.713  28.288 0.0000000000
35473  -21.485  -33.345  28.330 0.0000000000
43437  -38.155  -23.790  22.270 0.0000000000
43438  -38.975  -23.799  22.478 0.0000000000
43421  -38.193  -24.163  23.125 0.0000000000
120521  -39.205  -11.990  14.774 0.0000000000
56520  -38.552  -9.513  16.248 0.0000000000
125415  -39.319  -9.902  15.143 0.0000000000
56527  -39.998  -9.919  14.708 0.0000000000
62632  -40.256  -2.487  15.960 0.0000000000
63525  -40.807  -1.939  15.654 0.0000000000
110273  -41.059  -2.623  13.677 0.0000000000
127514  -41.156  -3.802  13.053 0.0000000000
60903  -42.207  -4.004  12.535 0.0000000000
61822  -44.569  -3.131  11.450 0.0000000000
111516  -44.507  -1.023  13.130 0.0000000000
63554  -45.094  -1.102  12.464 0.0000000000
46718  -39.804  -20.738  22.165 0.0000000000
122310  -38.044  -20.497  22.127 0.0000000000
52221  -33.205  -14.958  19.975 0.0000000000
51368  -33.152  -15.311  20.786 0.0000000000
119766  -33.410  -16.243  19.284 0.0000000000
50436  -33.671  -15.973  18.696 0.0000000000
52241  -34.399  -14.481  17.758 0.0000000000
52242  -34.889  -14.518  17.082 0.0000000000
51408  -35.261  -15.355  17.053 0.0000000000
53058  -35.366  -13.745  16.874 0.0000000000
53861  -35.972  -12.520  17.866 0.0000000000
39086  -28.059  -28.812  23.758 0.0000000000
38145  -28.175  -29.984  24.722 0.0000000000
39069  -28.565  -29.456  24.232 0.0000000000
39071  -30.382  -29.507  24.382 0.0000000000
38147  -29.963  -30.096  24.801 0.0000000000
33827  -13.220  -35.461  31.543 0.0000000000
33826  -12.564  -35.796  31.725 0.0000000000
32294  -12.690  -37.206  31.366 0.0000000000
26573  -6.227  -44.608  34.318 0.0000000000
26572  -5.531  -44.309  34.376 0.0000000000
25726  -5.577  -45.166  34.326 0.0000000000
24866  -4.635  -46.509  34.568 0.0000000000
25724  -4.304  -46.000  34.619 0.0000000000
25706  -3.679  -45.229  35.504 0.0000000000
25714  -3.653  -45.976  35.001 0.0000000000
45854  -45.096  -21.641  22.761 0.0000000000
46721  -45.072  -20.888  23.007 0.0000000000
46720  -44.509  -20.448  22.623 0.0000000000
40788  -33.195  -27.684  24.166 0.0000000000
36229  -16.644  -32.685  30.857 0.0000000000
36221  -16.579  -32.334  32.001 0.0000000000
35426  -16.054  -33.034  31.466 0.0000000000
35434  -15.962  -33.881  30.355 0.0000000000
33859  -16.754  -35.026  29.806 0.0000000000
33847  -17.987  -35.856  30.065 0.0000000000
34685  -19.550  -34.155  28.699 0.0000000000
34670  -18.747  -34.290  28.990 0.0000000000
33862  -19.325  -34.899  29.374 0.0000000000
33829  -19.694  -35.824  31.004 0.0000000000
33058  -19.439  -36.239  31.654 0.0000000000
41686  -40.063  -26.124  21.245 0.0000000000
129993  -40.743  -25.943  21.336 0.0000000000
45057  -39.939  -22.764  20.426 0.0000000000
111881  -39.508  -23.354  21.988 0.0000000000
44228  -39.279  -23.177  20.963 0.0000000000
45044  -40.984  -22.035  22.656 0.0000000000
45058  -40.370  -21.970  20.898 0.0000000000
112225  -22.387  -29.604  26.578 0.0000000000
39893  -23.703  -27.932  25.806 0.0000000000
39045  -23.539  -28.846  25.572 0.0000000000
39065  -24.722  -28.829  24.728 0.0000000000
40784  -26.229  -27.541  24.116 0.0000000000
110323  -26.011  -28.145  23.988 0.0000000000
39933  -26.791  -27.970  23.666 0.0000000000
39085  -27.167  -28.733  23.800 0.0000000000
40798  -27.571  -27.430  23.488 0.0000000000
41654  -28.672  -25.932  23.171 0.0000000000
40799  -28.270  -26.865  23.297 0.0000000000
116754  -29.125  -26.694  23.138 0.0000000000
44186  -32.275  -23.600  25.078 0.0000000000
43393  -32.547  -24.052  25.732 0.0000000000
43392  -31.751  -23.844  25.551 0.0000000000
111216  -30.976  -23.697  25.194 0.0000000000
44184  -30.872  -23.470  24.136 0.0000000000
43430  -31.873  -23.876  22.165 0.0000000000
43429  -31.031  -23.969  22.343 0.0000000000
42560  -31.400  -24.624  22.122 0.0000000000
42550  -31.011  -25.414  22.456 0.0000000000
42551  -31.852  -25.551  22.346 0.0000000000
41657  -32.242  -26.382  22.956 0.0000000000
42562  -33.942  -25.016  21.636 0.0000000000
41668  -33.508  -25.940  22.201 0.0000000000
43434  -35.765  -23.865  21.725 0.0000000000
43433  -34.908  -23.932  21.711 0.0000000000
42573  -36.204  -24.964  21.014 0.0000000000
41682  -36.617  -25.926  21.335 0.0000000000
41683  -37.484  -26.124  21.297 0.0000000000
41685  -39.227  -26.204  21.206 0.0000000000
39882  -22.520  -28.227  27.644 0.0000000000
39011  -21.927  -28.589  27.983 0.0000000000
39019  -22.012  -29.051  27.221 0.0000000000
39018  -21.731  -29.962  27.075 0.0000000000
117469  -42.305  -16.774  16.518 0.0000000000
52270  -42.343  -14.474  14.513 0.0000000000
51425  -43.173  -15.305  15.399 0.0000000000
53927  -40.769  -12.098  13.753 0.0000000000
53096  -41.421  -13.301  13.753 0.0000000000
53107  -41.415  -12.428  13.655 0.0000000000
109483  -38.286  -7.075  18.494 0.0000000000
58232  -38.308  -8.239  18.514 0.0000000000
59088  -38.373  -6.112  16.053 0.0000000000
114791  -38.154  -6.917  16.360 0.0000000000
58268  -39.010  -7.791  15.483 0.0000000000
61797  -39.898  -3.744  14.857 0.0000000000
127151  -39.068  -4.396  15.932 0.0000000000
60880  -39.460  -4.416  15.248 0.0000000000
59099  -40.133  -5.896  14.545 0.0000000000
58279  -40.527  -7.401  14.830 0.0000000000
58280  -41.393  -7.613  14.760 0.0000000000
57418  -42.320  -8.750  14.670 0.0000000000
110851  -42.371  -7.810  14.817 0.0000000000
58281  -43.219  -7.626  14.959 0.0000000000
129387  -45.916  -3.569  10.714 0.0000000000
62675  -46.852  -2.651  10.410 0.0000000000
63563  -48.015  -1.197  10.876 0.0000000000
63568  -48.251  -1.778  10.288 0.0000000000
29779  -7.607  -40.750  34.560 0.0000000000
109599  -6.933  -41.121  35.076 0.0000000000
28893  -7.420  -41.613  34.254 0.0000000000
28895  -9.614  -42.182  33.770 0.0000000000
28047  -9.167  -42.892  34.205 0.0000000000
27272  -8.063  -43.703  34.459 0.0000000000
26574  -7.546  -44.188  34.523 0.0000000000
123067  -6.773  -44.050  34.346 0.0000000000
25717  -7.345  -45.593  35.114 0.0000000000
42578  -42.074  -25.414  21.469 0.0000000000
44239  -42.795  -23.325  20.232 0.0000000000
126662  -43.528  -23.475  20.939 0.0000000000
45874  -40.828  -20.986  20.295 0.0000000000
46753  -41.629  -20.332  20.134 0.0000000000
45876  -42.073  -21.073  19.884 0.0000000000
45877  -42.907  -21.211  20.306 0.0000000000
45066  -43.337  -21.971  20.407 0.0000000000
45864  -43.685  -21.316  21.094 0.0000000000
46755  -43.136  -20.682  20.740 0.0000000000
113148  -41.563  -19.055  21.123 0.0000000000
46737  -42.850  -20.048  20.914 0.0000000000
47635  -42.420  -19.401  21.368 0.0000000000
47616  -42.724  -19.191  22.124 0.0000000000
47613  -34.649  -19.143  22.823 0.0000000000
122205  -35.201  -19.530  22.933 0.0000000000
47615  -35.673  -19.897  22.388 0.0000000000
46715  -36.570  -20.173  21.943 0.0000000000
47629  -35.958  -19.763  21.379 0.0000000000
49419  -33.483  -17.493  21.806 0.0000000000
48548  -33.762  -18.241  20.922 0.0000000000
48562  -35.659  -18.619  20.321 0.0000000000
47645  -36.310  -19.169  20.613 0.0000000000
48565  -38.341  -18.181  20.810 0.0000000000
48551  -38.820  -17.611  21.203 0.0000000000
48552  -39.101  -17.664  21.482 0.0000000000
48554  -40.834  -18.333  21.837 0.0000000000
48536  -40.042  -17.517  22.648 0.0000000000
50398  -38.970  -17.108  21.401 0.0000000000
107859  -36.864  -17.289  19.039 0.0000000000
129622  -36.821  -16.911  18.440 0.0000000000
113166  -38.086  -16.866  18.114 0.0000000000
108914  -38.300  -17.060  18.985 0.0000000000
114939  -40.486  -16.979  17.675 0.0000000000
50443  -40.833  -17.019  18.530 0.0000000000
114938  -41.348  -17.106  17.722 0.0000000000
50461  -41.797  -17.045  17.047 0.0000000000
50460  -40.990  -16.941  16.951 0.0000000000
50490  -39.504  -16.139  15.361 0.0000000000
50491  -40.343  -16.265  15.484 0.0000000000
51430  -39.347  -15.341  14.859 0.0000000000
53073  -36.660  -13.948  15.936 0.0000000000
126470  -37.371  -13.324  15.944 0.0000000000
53074  -37.888  -13.079  15.673 0.0000000000
126094  -38.738  -12.922  14.840 0.0000000000
37174  -23.519  -31.523  26.986 0.0000000000
123349  -25.649  -31.504  26.394 0.0000000000
37176  -25.310  -31.894  27.065 0.0000000000
36277  -25.896  -32.366  27.749 0.0000000000
119965  -26.679  -32.588  28.022 0.0000000000
37212  -28.311  -31.040  25.712 0.0000000000
37211  -27.519  -31.044  25.760 0.0000000000
116775  -28.011  -31.441  26.142 0.0000000000
39073  -32.176  -29.197  24.678 0.0000000000
31452  -9.483  -38.640  33.940 0.0000000000
129655  -11.206  -36.393  32.740 0.0000000000
30664  -11.449  -39.177  32.369 0.0000000000
29789  -11.165  -40.532  32.977 0.0000000000
33844  -15.244  -35.413  30.489 0.0000000000
33843  -14.582  -35.487  30.825 0.0000000000
32297  -15.153  -37.550  31.294 0.0000000000
32280  -14.819  -38.057  31.684 0.0000000000
31485  -15.267  -38.508  32.361 0.0000000000
64483  -50.229  -0.333  9.719 0.0000000000
24025  -2.181  -47.684  34.537 0.0000000000
24026  -2.919  -47.771  34.576 0.0000000000
24848  -2.289  -46.394  35.604 0.0000000000
35474  -22.442  -33.206  28.531 0.0000000000
128245  -23.672  -32.637  28.251 0.0000000000
40820  -39.546  -27.129  22.563 0.0000000000
38087  -20.809  -29.969  27.966 0.0000000000
129096  -20.779  -30.647  27.767 0.0000000000
36251  -20.270  -32.763  27.877 0.0000000000
36252  -21.094  -32.810  27.813 0.0000000000
43422  -39.076  -24.400  23.180 0.0000000000
55628  -38.928  -11.070  16.282 0.0000000000
54757  -39.100  -11.245  15.242 0.0000000000
55627  -38.677  -10.087  16.765 0.0000000000
56509  -38.253  -9.127  17.028 0.0000000000
63530  -41.420  -1.522  15.220 0.0000000000
107962  -42.003  -1.208  14.905 0.0000000000
63535  -41.687  -1.818  14.207 0.0000000000
63543  -41.707  -2.365  13.292 0.0000000000
62650  -42.307  -2.507  12.770 0.0000000000
62651  -43.030  -1.968  12.961 0.0000000000
115352  -43.600  -2.090  12.478 0.0000000000
46698  -38.043  -20.847  24.145 0.0000000000
46697  -37.372  -20.605  23.783 0.0000000000
52230  -33.431  -14.511  19.192 0.0000000000
51400  -33.627  -15.192  18.693 0.0000000000
53044  -33.731  -13.796  18.828 0.0000000000
53045  -34.301  -13.574  18.214 0.0000000000
53046  -35.119  -13.049  17.724 0.0000000000
53860  -34.653  -12.641  18.574 0.0000000000
39936  -29.377  -28.239  23.534 0.0000000000
39915  -29.891  -28.879  24.045 0.0000000000
38148  -30.858  -30.059  24.863 0.0000000000
33828  -13.863  -35.500  31.184 0.0000000000
25716  -6.585  -46.254  34.978 0.0000000000
24867  -5.597  -46.136  34.506 0.0000000000
24034  -5.235  -46.995  34.732 0.0000000000
128045  -4.548  -47.275  34.722 0.0000000000
40803  -34.445  -27.257  23.591 0.0000000000
40790  -34.894  -27.784  24.146 0.0000000000
114414  -36.308  -28.435  24.616 0.0000000000
37145  -18.754  -30.848  30.100 0.0000000000
110348  -18.566  -30.978  31.083 0.0000000000
36223  -17.899  -31.491  31.146 0.0000000000
35435  -16.582  -33.579  30.064 0.0000000000
34651  -20.201  -34.948  29.856 0.0000000000
33849  -20.412  -35.453  30.797 0.0000000000
43456  -39.259  -24.215  19.988 0.0000000000
39029  -22.948  -29.239  26.071 0.0000000000
40772  -24.419  -27.665  25.362 0.0000000000
41614  -26.552  -26.596  25.776 0.0000000000
41632  -27.210  -26.364  25.381 0.0000000000
41644  -27.245  -26.454  24.310 0.0000000000
41652  -27.611  -26.660  23.585 0.0000000000
42535  -28.234  -25.365  23.570 0.0000000000
42548  -28.979  -24.933  23.120 0.0000000000
43394  -33.848  -23.910  25.034 0.0000000000
118485  -32.420  -23.281  24.163 0.0000000000
44194  -31.626  -23.269  23.916 0.0000000000
44204  -32.021  -23.098  23.211 0.0000000000
44214  -32.391  -23.359  22.548 0.0000000000
43431  -32.644  -23.796  22.072 0.0000000000
120327  -33.239  -24.272  21.777 0.0000000000
42572  -34.734  -24.528  21.412 0.0000000000
42585  -36.985  -24.567  20.800 0.0000000000
42575  -37.823  -25.482  20.729 0.0000000000
51423  -40.888  -15.653  15.040 0.0000000000
51424  -41.843  -15.771  15.300 0.0000000000
52260  -41.638  -15.040  14.799 0.0000000000
54791  -41.307  -11.606  13.748 0.0000000000
55651  -41.947  -11.036  13.855 0.0000000000
59057  -38.389  -5.974  18.349 0.0000000000
59070  -37.972  -6.580  17.768 0.0000000000
59930  -38.209  -5.678  17.503 0.0000000000
59938  -38.363  -5.529  16.626 0.0000000000
59947  -38.622  -5.449  15.962 0.0000000000
117779  -42.088  -7.015  14.617 0.0000000000
110928  -45.742  -1.849  11.247 0.0000000000
114095  -47.719  -2.578  10.174 0.0000000000
30632  -8.604  -39.857  34.224 0.0000000000
130324  -7.687  -44.818  34.977 0.0000000000
43458  -41.178  -24.113  19.909 0.0000000000
44238  -41.705  -23.352  19.715 0.0000000000
45065  -42.166  -22.547  19.634 0.0000000000
47649  -41.180  -19.556  20.535 0.0000000000
48534  -34.024  -18.589  22.467 0.0000000000
49445  -33.653  -17.643  20.511 0.0000000000
122161  -34.103  -17.978  20.221 0.0000000000
48550  -38.627  -17.974  20.790 0.0000000000
49434  -38.945  -17.401  21.249 0.0000000000
108211  -38.246  -17.550  20.147 0.0000000000
126728  -36.255  -16.359  17.418 0.0000000000
109220  -36.825  -16.675  17.806 0.0000000000
114940  -38.942  -16.949  18.075 0.0000000000
50442  -39.882  -16.978  18.462 0.0000000000
50459  -39.180  -16.803  16.832 0.0000000000
119058  -38.944  -16.463  15.953 0.0000000000
127332  -38.655  -15.842  15.339 0.0000000000
53892  -38.249  -12.193  16.577 0.0000000000
38113  -24.223  -30.250  25.607 0.0000000000
37190  -25.156  -30.788  25.723 0.0000000000
37191  -26.432  -31.561  26.384 0.0000000000
32293  -11.917  -37.111  31.725 0.0000000000
31504  -11.484  -37.787  32.065 0.0000000000
30650  -12.660  -39.867  32.781 0.0000000000
33070  -16.374  -36.232  30.408 0.0000000000
125230  -15.856  -36.675  30.752 0.0000000000
128131  -44.834  -24.035  22.752 0.0000000000
34629  -21.946  -34.934  30.994 0.0000000000
34653  -22.600  -34.481  30.491 0.0000000000
35438  -23.766  -33.890  30.340 0.0000000000
35456  -22.827  -33.646  29.290 0.0000000000
125549  -37.113  -27.356  22.927 0.0000000000
125834  -19.825  -30.380  28.924 0.0000000000
38075  -19.374  -30.601  29.449 0.0000000000
37153  -18.936  -31.342  29.085 0.0000000000
35453  -18.433  -33.524  29.031 0.0000000000
36249  -18.796  -32.970  28.727 0.0000000000
34686  -20.191  -33.932  28.529 0.0000000000
116151  -20.789  -34.562  29.473 0.0000000000
44227  -38.526  -23.613  20.661 0.0000000000
43405  -35.282  -23.977  24.479 0.0000000000
44207  -34.969  -23.640  23.209 0.0000000000
43418  -35.773  -23.752  22.658 0.0000000000
120055  -36.305  -23.741  22.210 0.0000000000
109232  -36.844  -23.798  22.276 0.0000000000
43436  -37.324  -23.770  21.800 0.0000000000
53095  -40.597  -13.641  13.953 0.0000000000
118817  -40.032  -13.081  14.014 0.0000000000
53913  -40.008  -12.227  14.082 0.0000000000
55643  -40.293  -10.681  14.382 0.0000000000
61776  -39.488  -3.423  16.676 0.0000000000
62625  -39.846  -3.056  16.133 0.0000000000
61788  -40.034  -3.053  15.391 0.0000000000
62641  -40.410  -3.009  14.377 0.0000000000
60890  -40.429  -3.971  14.039 0.0000000000
60891  -40.949  -4.230  13.405 0.0000000000
59969  -42.969  -5.603  13.545 0.0000000000
60893  -42.649  -4.832  12.818 0.0000000000
62659  -42.534  -3.280  12.408 0.0000000000
112100  -43.641  -4.111  12.299 0.0000000000
61823  -45.361  -3.568  11.047 0.0000000000
121736  -45.151  -2.541  11.222 0.0000000000
63555  -45.683  -1.200  11.876 0.0000000000
29788  -10.242  -40.486  33.101 0.0000000000
126547  -10.306  -41.800  33.635 0.0000000000
125156  -40.641  -21.591  20.254 0.0000000000
45863  -40.446  -21.086  20.981 0.0000000000
112436  -39.427  -20.254  21.344 0.0000000000
46734  -38.434  -20.069  21.299 0.0000000000
125482  -33.520  -16.123  22.238 0.0000000000
50397  -33.362  -16.730  21.483 0.0000000000
120813  -33.235  -16.148  20.846 0.0000000000
50413  -33.392  -16.902  20.487 0.0000000000
49453  -33.748  -17.311  19.871 0.0000000000
50425  -34.792  -17.099  18.831 0.0000000000
50438  -35.234  -16.554  18.233 0.0000000000
51401  -34.173  -15.372  18.128 0.0000000000
50454  -34.835  -15.815  17.762 0.0000000000
50455  -35.570  -16.130  17.544 0.0000000000
51409  -36.023  -15.851  16.917 0.0000000000
51415  -36.504  -15.562  16.334 0.0000000000
52249  -36.184  -14.758  16.151 0.0000000000
53072  -35.918  -14.061  16.345 0.0000000000
53059  -36.158  -13.386  16.606 0.0000000000
53877  -36.542  -12.721  17.251 0.0000000000
53863  -37.895  -11.865  18.283 0.0000000000
39067  -26.754  -29.393  24.237 0.0000000000
38128  -26.965  -30.535  25.278 0.0000000000
38144  -27.277  -29.976  24.710 0.0000000000
38130  -28.683  -30.559  25.240 0.0000000000
33036  -11.809  -36.250  32.119 0.0000000000
33810  -12.235  -35.397  32.524 0.0000000000
31506  -13.055  -38.014  31.441 0.0000000000
33039  -18.450  -36.925  32.501 0.0000000000
128999  -5.657  -42.838  35.021 0.0000000000
27269  -5.663  -43.451  34.582 0.0000000000
26564  -4.886  -43.967  34.783 0.0000000000
27254  -4.534  -43.845  35.688 0.0000000000
26563  -4.276  -44.555  35.070 0.0000000000
26552  -3.920  -44.500  36.145 0.0000000000
26551  -3.262  -44.934  36.462 0.0000000000
125649  -39.209  -5.311  18.591 0.0000000000
60846  -39.852  -4.522  18.496 0.0000000000
61759  -39.768  -3.890  17.923 0.0000000000
110830  -31.640  -26.978  23.430 0.0000000000
40787  -32.282  -27.803  24.136 0.0000000000
121961  -32.956  -28.236  24.436 0.0000000000
39922  -36.745  -28.034  24.076 0.0000000000
35415  -15.322  -33.372  32.033 0.0000000000
129521  -14.834  -33.914  31.905 0.0000000000
34606  -14.940  -34.195  31.242 0.0000000000
33845  -16.066  -35.379  30.118 0.0000000000
34650  -16.294  -34.463  30.007 0.0000000000
33071  -17.248  -36.363  30.577 0.0000000000
113834  -18.815  -35.478  29.951 0.0000000000
112380  -41.173  -25.472  20.973 0.0000000000
42590  -40.703  -24.840  20.231 0.0000000000
38097  -21.922  -30.778  27.097 0.0000000000
37173  -22.560  -31.296  27.063 0.0000000000
113879  -23.615  -30.367  26.058 0.0000000000
125614  -23.566  -29.696  25.721 0.0000000000
39066  -25.083  -29.434  24.692 0.0000000000
114599  -25.888  -29.418  24.392 0.0000000000
40744  -25.085  -26.853  26.871 0.0000000000
40773  -25.013  -27.498  24.951 0.0000000000
40774  -25.766  -27.087  25.066 0.0000000000
39899  -24.831  -28.148  24.739 0.0000000000
39935  -28.478  -28.217  23.443 0.0000000000
118655  -28.127  -27.642  23.332 0.0000000000
112203  -29.707  -27.465  23.327 0.0000000000
42520  -29.678  -24.541  25.727 0.0000000000
43390  -29.553  -24.252  24.675 0.0000000000
43403  -29.302  -24.388  23.641 0.0000000000
43416  -29.596  -24.368  23.065 0.0000000000
44212  -30.879  -23.599  22.782 0.0000000000
43417  -30.260  -24.028  22.740 0.0000000000
42549  -29.821  -24.793  22.748 0.0000000000
116068  -30.274  -25.340  22.593 0.0000000000
41656  -30.644  -26.249  22.899 0.0000000000
41658  -33.089  -26.561  22.965 0.0000000000
41659  -33.975  -26.710  22.863 0.0000000000
40816  -35.738  -26.775  22.456 0.0000000000
42564  -35.359  -25.136  21.282 0.0000000000
41671  -36.163  -26.460  21.912 0.0000000000
41684  -38.362  -26.209  21.241 0.0000000000
41674  -38.961  -26.717  21.941 0.0000000000
117002  -21.640  -28.627  28.771 0.0000000000
127840  -21.269  -29.940  27.535 0.0000000000
120219  -42.676  -15.834  15.583 0.0000000000
53097  -42.262  -13.699  14.017 0.0000000000
57385  -38.002  -8.441  17.660 0.0000000000
57396  -37.978  -8.418  17.016 0.0000000000
109838  -37.860  -7.015  17.105 0.0000000000
58258  -37.946  -7.746  16.800 0.0000000000
57405  -38.451  -8.549  16.179 0.0000000000
57406  -39.244  -8.609  15.363 0.0000000000
57407  -39.975  -8.630  15.007 0.0000000000
60863  -38.987  -4.183  16.681 0.0000000000
59948  -39.017  -5.019  15.605 0.0000000000
59089  -38.935  -5.822  15.426 0.0000000000
127009  -39.551  -6.272  14.937 0.0000000000
59090  -39.674  -7.148  15.041 0.0000000000
57416  -40.655  -8.197  14.890 0.0000000000
62683  -48.846  -3.272  9.448 0.0000000000
64475  -49.406  -0.395  10.596 0.0000000000
28901  -9.023  -41.612  33.511 0.0000000000
28058  -7.931  -42.092  33.862 0.0000000000
28045  -7.343  -42.445  34.162 0.0000000000
109023  -6.763  -42.760  34.342 0.0000000000
27270  -6.481  -43.395  34.374 0.0000000000
41677  -42.173  -26.031  22.246 0.0000000000
43450  -43.924  -23.884  21.602 0.0000000000
44230  -44.077  -23.092  21.323 0.0000000000
46739  -44.200  -20.851  21.890 0.0000000000
47618  -43.871  -20.072  22.160 0.0000000000
46696  -36.631  -20.208  23.528 0.0000000000
47598  -35.159  -19.110  23.453 0.0000000000
47599  -35.831  -19.764  23.359 0.0000000000
47631  -37.735  -19.584  20.897 0.0000000000
47627  -34.458  -19.285  22.082 0.0000000000
47643  -34.633  -19.271  21.321 0.0000000000
47628  -35.106  -19.644  21.716 0.0000000000
47648  -38.805  -18.991  20.700 0.0000000000
48566  -38.766  -18.149  21.044 0.0000000000
48539  -42.554  -18.754  23.003 0.0000000000
50428  -38.573  -17.194  19.792 0.0000000000
50492  -41.227  -16.306  15.634 0.0000000000
50476  -40.660  -16.673  16.157 0.0000000000
51431  -40.211  -15.153  14.695 0.0000000000
52259  -39.012  -14.463  14.684 0.0000000000
124750  -39.354  -14.147  14.517 0.0000000000
116385  -38.706  -12.385  15.137 0.0000000000
36275  -23.841  -32.198  27.720 0.0000000000
36256  -25.349  -32.729  28.438 0.0000000000
121430  -26.719  -31.093  25.846 0.0000000000
123271  -26.804  -31.927  26.851 0.0000000000
36296  -28.219  -31.942  26.694 0.0000000000
36279  -27.443  -32.170  27.100 0.0000000000
36278  -26.717  -32.274  27.417 0.0000000000
39917  -31.631  -28.608  24.258 0.0000000000
39072  -31.284  -29.398  24.463 0.0000000000
30649  -9.869  -39.825  33.122 0.0000000000
33024  -10.221  -37.333  33.665 0.0000000000
32279  -10.937  -37.640  32.516 0.0000000000
32271  -10.449  -37.902  33.035 0.0000000000
31465  -10.100  -38.865  33.109 0.0000000000
28903  -11.579  -41.231  33.520 0.0000000000
34627  -14.350  -34.839  31.211 0.0000000000
120715  -14.271  -36.184  30.895 0.0000000000
33054  -15.007  -36.805  30.860 0.0000000000
111072  -14.098  -36.856  31.007 0.0000000000
31507  -13.955  -38.101  31.455 0.0000000000
32282  -17.034  -37.759  32.663 0.0000000000
31466  -14.773  -38.993  32.883 0.0000000000
23150  -4.283  -48.659  35.394 0.0000000000
24033  -3.821  -47.137  34.666 0.0000000000
113080  -3.434  -48.745  34.875 0.0000000000
24024  -1.662  -47.317  34.680 0.0000000000
24854  -1.434  -46.781  35.181 0.0000000000
24847  -1.828  -46.361  35.698 0.0000000000
39883  -23.153  -27.740  27.620 0.0000000000
44202  -30.588  -23.575  23.271 0.0000000000
44203  -31.227  -23.317  23.296 0.0000000000
48533  -33.617  -18.155  21.713 0.0000000000
51381  -33.140  -15.999  20.003 0.0000000000
52248  -35.518  -14.608  16.585 0.0000000000
58247  -37.853  -7.616  17.742 0.0000000000
59956  -40.311  -5.333  14.398 0.0000000000
60854  -38.852  -4.478  17.425 0.0000000000
61777  -40.131  -2.848  16.661 0.0000000000
