#!ascii label  , from subject sub-v1s21x0050399_ses-1 vox2ras=TkReg
1395
109250  -43.262  -17.355  18.899 0.0000000000
61792  -51.707  -3.673  15.095 0.0000000000
56511  -46.137  -9.137  16.811 0.0000000000
28869  -14.046  -42.043  37.000 0.0000000000
112529  -43.356  -19.088  23.273 0.0000000000
34599  -30.737  -35.229  33.180 0.0000000000
35463  -39.915  -34.331  28.873 0.0000000000
40766  -45.759  -27.754  26.421 0.0000000000
109356  -47.851  -23.806  26.812 0.0000000000
33831  -21.578  -35.412  31.701 0.0000000000
33773  -26.385  -35.611  35.487 0.0000000000
109162  -26.098  -33.601  29.815 0.0000000000
38116  -35.558  -30.685  26.387 0.0000000000
39036  -40.697  -29.987  26.056 0.0000000000
50330  -44.786  -16.430  26.391 0.0000000000
50365  -48.347  -16.495  23.313 0.0000000000
59940  -47.673  -5.739  15.818 0.0000000000
53077  -45.399  -13.529  16.055 0.0000000000
60931  -50.194  -4.423  10.503 0.0000000000
25699  -9.554  -45.505  37.437 0.0000000000
47563  -45.836  -18.891  27.286 0.0000000000
126237  -40.892  -16.580  22.522 0.0000000000
36282  -30.702  -32.854  27.106 0.0000000000
33874  -34.950  -35.557  29.114 0.0000000000
53838  -48.220  -12.110  21.993 0.0000000000
127333  -54.817  0.808  6.653 0.0000000000
40793  -43.470  -27.546  24.600 0.0000000000
42543  -45.403  -25.333  24.445 0.0000000000
34655  -24.134  -33.988  30.982 0.0000000000
39923  -38.800  -28.558  24.527 0.0000000000
110421  -41.152  -28.542  24.574 0.0000000000
39058  -43.096  -29.281  25.930 0.0000000000
130427  -44.488  -16.840  22.887 0.0000000000
114806  -46.986  -17.081  25.116 0.0000000000
50418  -46.311  -17.292  20.554 0.0000000000
60865  -49.328  -4.688  15.614 0.0000000000
59919  -51.048  -6.096  18.005 0.0000000000
62645  -53.747  -2.965  14.471 0.0000000000
28897  -11.966  -41.802  34.145 0.0000000000
27245  -11.908  -43.677  36.825 0.0000000000
46688  -46.523  -20.923  24.632 0.0000000000
46666  -47.549  -20.781  26.685 0.0000000000
47577  -44.739  -18.986  25.269 0.0000000000
49385  -42.387  -17.097  25.465 0.0000000000
49409  -40.770  -17.135  24.100 0.0000000000
34584  -28.345  -35.273  34.379 0.0000000000
33748  -28.979  -35.918  37.588 0.0000000000
33793  -31.406  -35.463  35.196 0.0000000000
33805  -32.919  -35.883  33.893 0.0000000000
37193  -28.674  -31.558  26.150 0.0000000000
38148  -30.858  -30.059  24.863 0.0000000000
36288  -37.741  -32.388  27.621 0.0000000000
35500  -35.530  -33.754  27.348 0.0000000000
33876  -37.142  -35.817  28.309 0.0000000000
33836  -36.902  -36.291  31.308 0.0000000000
32266  -17.826  -37.982  34.488 0.0000000000
113323  -19.191  -38.019  37.202 0.0000000000
123026  -18.694  -38.797  40.329 0.0000000000
54751  -45.784  -11.777  16.543 0.0000000000
53855  -46.847  -13.134  18.893 0.0000000000
55616  -47.259  -10.950  18.637 0.0000000000
67069  -55.480  3.225  6.412 0.0000000000
27219  -12.389  -43.574  40.195 0.0000000000
113325  -46.637  -28.839  28.950 0.0000000000
118325  -47.948  -25.967  28.610 0.0000000000
42514  -46.761  -25.761  26.221 0.0000000000
44210  -46.074  -23.123  24.036 0.0000000000
33785  -21.925  -36.212  33.992 0.0000000000
33757  -24.230  -36.279  36.121 0.0000000000
34592  -23.884  -35.137  33.156 0.0000000000
34610  -25.757  -34.678  32.398 0.0000000000
34657  -28.300  -34.680  30.863 0.0000000000
39900  -33.082  -28.863  24.917 0.0000000000
39903  -35.822  -28.871  25.181 0.0000000000
38118  -38.151  -30.284  26.378 0.0000000000
37164  -39.866  -31.875  28.371 0.0000000000
38088  -42.106  -30.868  28.119 0.0000000000
124927  -44.827  -29.895  27.876 0.0000000000
33058  -19.439  -36.239  31.654 0.0000000000
50261  -47.312  -17.248  29.478 0.0000000000
50239  -50.131  -16.142  30.902 0.0000000000
50275  -48.170  -16.322  28.833 0.0000000000
51308  -49.547  -15.259  26.923 0.0000000000
58260  -46.398  -7.444  16.455 0.0000000000
128349  -48.106  -8.873  18.772 0.0000000000
58237  -49.315  -7.398  18.677 0.0000000000
21365  -5.140  -50.579  38.911 0.0000000000
50464  -44.673  -16.236  16.989 0.0000000000
54775  -43.631  -11.670  14.246 0.0000000000
58271  -43.858  -7.209  14.997 0.0000000000
59950  -45.851  -6.278  14.890 0.0000000000
60885  -47.339  -4.949  14.622 0.0000000000
61798  -48.813  -4.257  14.024 0.0000000000
108145  -50.957  -4.086  12.861 0.0000000000
112029  -47.913  -4.590  11.411 0.0000000000
26515  -10.444  -44.697  40.605 0.0000000000
24832  -7.630  -46.742  40.303 0.0000000000
125810  -6.467  -49.150  39.794 0.0000000000
45758  -49.543  -21.396  32.569 0.0000000000
43360  -48.648  -23.857  29.510 0.0000000000
45793  -48.035  -21.125  29.838 0.0000000000
47534  -47.235  -18.633  30.210 0.0000000000
49353  -44.561  -17.158  27.427 0.0000000000
50360  -43.201  -16.454  24.269 0.0000000000
108337  -42.355  -16.802  20.916 0.0000000000
32974  -26.161  -36.548  38.484 0.0000000000
36259  -28.701  -33.016  28.230 0.0000000000
35462  -30.436  -33.975  29.182 0.0000000000
37198  -33.153  -31.770  26.312 0.0000000000
35481  -32.928  -34.142  27.867 0.0000000000
34660  -32.551  -34.837  30.579 0.0000000000
33833  -34.845  -35.518  32.049 0.0000000000
29781  -13.878  -40.523  34.271 0.0000000000
30616  -15.709  -39.490  34.869 0.0000000000
29745  -15.583  -40.378  37.335 0.0000000000
51392  -47.278  -15.628  19.769 0.0000000000
52203  -47.942  -14.443  21.947 0.0000000000
52164  -49.436  -14.678  23.875 0.0000000000
55597  -49.134  -10.264  21.778 0.0000000000
61817  -52.649  -3.411  12.283 0.0000000000
62671  -54.620  -2.461  11.137 0.0000000000
63578  -55.481  -1.019  9.748 0.0000000000
64507  -54.345  -0.888  7.412 0.0000000000
65378  -56.893  1.300  9.861 0.0000000000
40810  -42.375  -27.140  23.539 0.0000000000
41664  -44.020  -26.148  23.754 0.0000000000
41678  -42.885  -25.980  22.700 0.0000000000
39941  -40.066  -28.022  23.818 0.0000000000
40809  -41.550  -27.575  23.657 0.0000000000
40792  -42.328  -27.690  24.142 0.0000000000
125417  -44.162  -17.145  20.995 0.0000000000
50401  -45.665  -17.396  21.309 0.0000000000
50429  -44.727  -17.364  19.131 0.0000000000
61791  -50.843  -4.004  15.187 0.0000000000
60867  -51.532  -4.459  16.579 0.0000000000
61778  -51.975  -3.899  16.191 0.0000000000
61794  -53.679  -3.212  15.907 0.0000000000
62633  -52.349  -3.369  15.004 0.0000000000
28886  -13.083  -41.957  35.236 0.0000000000
28039  -11.947  -42.761  35.350 0.0000000000
27246  -12.785  -43.281  37.001 0.0000000000
47588  -45.257  -19.945  24.031 0.0000000000
126975  -45.509  -19.675  24.779 0.0000000000
47600  -43.743  -19.012  23.906 0.0000000000
48511  -43.182  -18.331  24.865 0.0000000000
48524  -41.905  -18.093  23.900 0.0000000000
32233  -21.439  -37.584  38.662 0.0000000000
110683  -29.937  -35.228  33.426 0.0000000000
34574  -29.648  -35.277  35.266 0.0000000000
34586  -30.836  -35.260  34.131 0.0000000000
34587  -31.877  -35.434  34.339 0.0000000000
34600  -31.599  -35.237  33.473 0.0000000000
35483  -38.714  -34.037  28.040 0.0000000000
35482  -37.906  -34.199  27.767 0.0000000000
34693  -38.500  -35.018  28.017 0.0000000000
33867  -38.421  -36.192  29.082 0.0000000000
107844  -20.913  -37.008  35.992 0.0000000000
32240  -20.512  -37.642  37.369 0.0000000000
108960  -20.763  -37.815  38.914 0.0000000000
46613  -50.226  -20.355  32.577 0.0000000000
127580  -45.664  -10.326  16.376 0.0000000000
54744  -46.331  -11.503  17.309 0.0000000000
55615  -46.931  -10.333  18.146 0.0000000000
40753  -46.134  -28.129  27.176 0.0000000000
41608  -47.055  -26.877  27.396 0.0000000000
41626  -45.967  -26.927  26.151 0.0000000000
43411  -45.660  -24.442  24.149 0.0000000000
45046  -45.633  -22.886  23.381 0.0000000000
116699  -45.600  -22.101  23.264 0.0000000000
33814  -21.850  -35.657  32.521 0.0000000000
33786  -22.850  -35.964  34.141 0.0000000000
33815  -22.707  -35.384  32.622 0.0000000000
35440  -25.431  -33.742  30.385 0.0000000000
34633  -25.350  -34.329  31.718 0.0000000000
35429  -26.579  -34.261  30.989 0.0000000000
122832  -27.609  -34.915  32.089 0.0000000000
34656  -27.492  -34.439  30.752 0.0000000000
40790  -34.894  -27.784  24.146 0.0000000000
39054  -39.757  -29.339  25.324 0.0000000000
39053  -38.450  -29.312  25.406 0.0000000000
38119  -39.136  -30.374  26.503 0.0000000000
38099  -38.536  -30.987  27.124 0.0000000000
38101  -40.277  -30.788  27.208 0.0000000000
37165  -41.341  -31.230  28.365 0.0000000000
38121  -41.008  -30.507  26.843 0.0000000000
114142  -44.696  -28.838  26.413 0.0000000000
39021  -44.111  -29.913  27.340 0.0000000000
39022  -44.987  -29.350  27.199 0.0000000000
39014  -46.047  -29.363  28.548 0.0000000000
33830  -20.875  -35.631  31.624 0.0000000000
50273  -46.270  -16.938  28.225 0.0000000000
51280  -47.731  -16.446  28.873 0.0000000000
50289  -46.704  -16.653  27.622 0.0000000000
50364  -47.750  -17.060  23.472 0.0000000000
50333  -48.475  -16.852  25.942 0.0000000000
50349  -48.778  -16.396  24.971 0.0000000000
51320  -49.468  -14.906  26.000 0.0000000000
127959  -48.978  -15.333  24.716 0.0000000000
59082  -47.350  -6.473  16.369 0.0000000000
58250  -48.242  -7.315  17.643 0.0000000000
59072  -48.598  -6.633  17.224 0.0000000000
59905  -52.265  -5.962  19.357 0.0000000000
59091  -45.242  -6.799  14.865 0.0000000000
114809  -44.175  -6.313  14.310 0.0000000000
126257  -45.869  -5.172  13.785 0.0000000000
60896  -45.986  -4.858  13.172 0.0000000000
113549  -47.437  -4.671  14.099 0.0000000000
110562  -47.895  -4.563  12.817 0.0000000000
60909  -48.332  -4.582  12.128 0.0000000000
109827  -10.227  -43.957  35.705 0.0000000000
25697  -8.456  -46.122  37.180 0.0000000000
27203  -11.269  -43.997  42.751 0.0000000000
27218  -11.686  -43.928  40.676 0.0000000000
116534  -10.519  -44.800  42.162 0.0000000000
24819  -8.564  -46.736  41.337 0.0000000000
23109  -7.932  -48.337  40.745 0.0000000000
23996  -7.034  -47.897  40.051 0.0000000000
23108  -7.355  -48.920  40.345 0.0000000000
114473  -6.672  -50.138  40.219 0.0000000000
43372  -47.978  -24.585  27.453 0.0000000000
42473  -48.365  -25.200  29.037 0.0000000000
44170  -48.379  -23.804  27.729 0.0000000000
46665  -47.009  -20.167  27.113 0.0000000000
46658  -47.812  -20.791  28.077 0.0000000000
46652  -47.590  -20.365  28.723 0.0000000000
121503  -47.887  -20.483  30.454 0.0000000000
47557  -46.686  -19.137  28.528 0.0000000000
48464  -45.816  -17.771  28.351 0.0000000000
48477  -45.377  -18.095  27.698 0.0000000000
130344  -41.737  -16.882  24.876 0.0000000000
50327  -42.352  -16.909  25.388 0.0000000000
50379  -41.687  -16.535  23.178 0.0000000000
50380  -43.003  -16.638  22.511 0.0000000000
126349  -41.620  -16.646  21.667 0.0000000000
33758  -25.107  -35.972  36.073 0.0000000000
32988  -25.441  -36.433  37.204 0.0000000000
33745  -26.184  -36.142  36.948 0.0000000000
36297  -29.561  -32.283  26.715 0.0000000000
123371  -28.863  -32.305  26.984 0.0000000000
36281  -29.314  -32.735  27.496 0.0000000000
112229  -29.851  -33.652  28.872 0.0000000000
35480  -30.502  -33.553  28.353 0.0000000000
38136  -34.099  -30.176  25.956 0.0000000000
38135  -33.193  -30.351  25.645 0.0000000000
37199  -34.020  -31.737  26.535 0.0000000000
34691  -35.060  -35.204  28.203 0.0000000000
35498  -33.747  -34.111  27.580 0.0000000000
34689  -33.539  -34.643  28.359 0.0000000000
34678  -33.108  -34.784  29.210 0.0000000000
121046  -33.617  -35.026  29.855 0.0000000000
34641  -33.627  -35.089  31.941 0.0000000000
33850  -34.981  -35.402  31.248 0.0000000000
36233  -42.519  -32.481  30.885 0.0000000000
31444  -16.374  -38.996  34.867 0.0000000000
30597  -16.455  -39.396  36.237 0.0000000000
29774  -15.476  -39.877  35.555 0.0000000000
31392  -18.734  -38.748  42.116 0.0000000000
51418  -45.074  -15.253  16.567 0.0000000000
51402  -45.960  -15.833  17.940 0.0000000000
52233  -46.335  -15.039  18.203 0.0000000000
53844  -47.573  -12.596  20.395 0.0000000000
53026  -47.473  -13.539  20.715 0.0000000000
53018  -47.731  -13.600  21.687 0.0000000000
130105  -48.286  -13.769  23.019 0.0000000000
53819  -48.788  -12.840  23.291 0.0000000000
57367  -49.237  -8.354  19.947 0.0000000000
117349  -48.475  -9.640  19.713 0.0000000000
56479  -49.495  -9.548  21.293 0.0000000000
60911  -50.346  -4.332  11.793 0.0000000000
61816  -51.823  -3.796  12.332 0.0000000000
127558  -51.660  -4.007  11.508 0.0000000000
116753  -53.121  -3.324  10.054 0.0000000000
62684  -53.787  -2.796  9.586 0.0000000000
63571  -55.276  -1.813  10.885 0.0000000000
63577  -55.014  -1.723  9.395 0.0000000000
65407  -53.466  0.096  6.052 0.0000000000
64506  -53.451  -1.146  6.878 0.0000000000
65397  -54.664  0.006  7.019 0.0000000000
64497  -55.463  -0.317  8.644 0.0000000000
65387  -55.736  0.619  8.372 0.0000000000
66251  -56.137  1.712  8.035 0.0000000000
67924  -56.760  3.544  6.837 0.0000000000
40776  -44.622  -27.668  25.414 0.0000000000
41636  -45.571  -26.534  25.423 0.0000000000
41647  -44.438  -26.493  24.447 0.0000000000
42553  -44.352  -25.391  23.393 0.0000000000
34630  -22.866  -34.736  31.267 0.0000000000
40806  -38.508  -27.688  23.423 0.0000000000
39924  -39.654  -28.536  24.448 0.0000000000
39078  -40.866  -28.998  24.983 0.0000000000
39037  -41.619  -29.974  26.245 0.0000000000
39905  -41.770  -28.812  25.025 0.0000000000
39927  -43.150  -28.163  24.958 0.0000000000
50346  -45.077  -16.781  24.187 0.0000000000
50331  -45.958  -16.658  25.818 0.0000000000
123178  -45.979  -17.113  23.691 0.0000000000
108401  -46.448  -17.274  22.975 0.0000000000
116322  -47.557  -16.955  21.784 0.0000000000
122158  -48.930  -5.217  16.109 0.0000000000
59931  -49.006  -5.867  16.717 0.0000000000
59943  -50.388  -5.154  16.706 0.0000000000
59935  -52.220  -5.455  17.806 0.0000000000
122760  -54.423  -2.691  14.007 0.0000000000
27257  -10.813  -43.507  35.451 0.0000000000
130306  -10.664  -44.646  37.182 0.0000000000
45032  -47.572  -22.343  25.723 0.0000000000
45026  -47.975  -22.497  26.629 0.0000000000
109442  -46.978  -20.850  25.347 0.0000000000
47579  -46.237  -19.676  25.984 0.0000000000
47568  -45.691  -19.109  26.449 0.0000000000
48484  -44.268  -18.014  26.788 0.0000000000
48497  -43.248  -17.846  25.816 0.0000000000
49397  -41.884  -17.191  25.044 0.0000000000
50358  -40.814  -16.925  24.116 0.0000000000
115365  -27.363  -35.408  34.906 0.0000000000
33761  -27.642  -35.694  36.435 0.0000000000
33776  -29.091  -35.359  35.993 0.0000000000
109143  -29.891  -35.344  36.127 0.0000000000
33780  -32.807  -36.462  34.803 0.0000000000
38131  -29.557  -30.667  25.241 0.0000000000
37195  -30.666  -31.964  26.097 0.0000000000
37179  -36.399  -31.906  27.132 0.0000000000
36303  -35.099  -32.358  27.042 0.0000000000
35501  -36.450  -33.571  27.404 0.0000000000
34705  -36.140  -34.474  27.534 0.0000000000
33875  -35.714  -35.718  28.668 0.0000000000
33864  -35.676  -35.849  29.739 0.0000000000
33852  -37.208  -36.415  30.161 0.0000000000
33026  -18.911  -36.989  33.239 0.0000000000
32256  -18.567  -37.866  35.044 0.0000000000
31429  -18.450  -38.580  37.405 0.0000000000
115911  -18.369  -38.846  38.910 0.0000000000
31421  -19.250  -38.478  38.675 0.0000000000
53904  -45.628  -12.753  16.284 0.0000000000
53063  -46.394  -13.457  17.744 0.0000000000
53882  -46.200  -12.567  17.250 0.0000000000
54730  -46.953  -12.245  18.689 0.0000000000
119715  -47.718  -11.748  20.056 0.0000000000
60939  -49.598  -4.270  9.691 0.0000000000
60932  -51.090  -4.246  10.129 0.0000000000
61841  -49.953  -3.825  9.017 0.0000000000
65420  -53.995  0.942  6.012 0.0000000000
66270  -54.792  1.667  6.348 0.0000000000
66283  -54.151  1.870  5.847 0.0000000000
67081  -53.837  2.732  5.574 0.0000000000
28854  -14.130  -42.176  38.826 0.0000000000
28009  -13.598  -42.760  39.238 0.0000000000
40694  -47.665  -27.781  30.476 0.0000000000
40737  -47.523  -27.356  28.983 0.0000000000
41609  -47.642  -26.094  27.713 0.0000000000
43386  -47.533  -24.699  26.647 0.0000000000
42529  -45.797  -25.743  25.131 0.0000000000
43400  -46.648  -24.587  25.338 0.0000000000
129884  -47.229  -23.549  25.571 0.0000000000
45833  -46.511  -21.776  24.334 0.0000000000
46721  -45.072  -20.888  23.007 0.0000000000
32999  -21.718  -36.875  36.285 0.0000000000
33000  -22.530  -36.772  36.586 0.0000000000
33769  -23.028  -36.290  35.081 0.0000000000
33770  -23.860  -36.130  35.271 0.0000000000
33789  -25.175  -35.579  34.691 0.0000000000
34608  -24.012  -34.757  32.360 0.0000000000
125666  -25.274  -34.808  32.906 0.0000000000
34582  -26.505  -35.137  34.123 0.0000000000
119649  -27.082  -34.994  33.440 0.0000000000
34613  -28.445  -35.096  32.185 0.0000000000
34614  -29.384  -35.132  31.905 0.0000000000
39901  -34.043  -28.821  25.112 0.0000000000
39051  -35.398  -29.444  25.593 0.0000000000
39074  -37.318  -28.531  24.607 0.0000000000
118079  -36.947  -29.495  25.624 0.0000000000
38117  -36.415  -30.592  26.424 0.0000000000
37180  -37.747  -31.494  27.268 0.0000000000
36260  -38.681  -32.406  28.030 0.0000000000
36261  -39.444  -32.721  28.477 0.0000000000
35464  -40.679  -33.185  29.402 0.0000000000
36242  -40.969  -32.381  29.382 0.0000000000
37155  -41.469  -31.751  29.183 0.0000000000
37156  -42.727  -31.416  29.513 0.0000000000
38103  -42.544  -30.481  27.451 0.0000000000
129006  -43.531  -30.682  28.469 0.0000000000
38078  -43.974  -30.772  29.115 0.0000000000
38080  -45.488  -30.371  29.815 0.0000000000
33027  -19.693  -36.700  33.179 0.0000000000
49300  -48.332  -17.196  30.826 0.0000000000
51237  -48.869  -16.156  30.714 0.0000000000
51269  -48.606  -15.690  30.104 0.0000000000
51270  -49.377  -15.037  29.738 0.0000000000
50313  -47.589  -16.902  26.856 0.0000000000
50291  -48.880  -16.497  27.990 0.0000000000
57399  -46.207  -8.226  16.670 0.0000000000
56500  -47.122  -9.015  17.794 0.0000000000
57387  -47.314  -8.361  17.606 0.0000000000
57375  -48.319  -8.393  18.593 0.0000000000
58227  -49.609  -7.685  19.537 0.0000000000
59061  -49.785  -6.865  18.185 0.0000000000
58228  -50.408  -7.388  19.991 0.0000000000
125207  -42.460  -17.057  17.132 0.0000000000
116901  -44.504  -16.998  17.785 0.0000000000
50479  -43.729  -16.349  16.497 0.0000000000
51426  -43.885  -15.079  15.541 0.0000000000
52263  -44.189  -14.284  15.203 0.0000000000
53090  -45.064  -12.951  15.419 0.0000000000
54758  -44.746  -11.324  15.107 0.0000000000
55638  -44.788  -10.243  15.357 0.0000000000
56524  -45.122  -9.423  15.786 0.0000000000
57397  -44.990  -7.848  15.559 0.0000000000
58273  -45.434  -7.210  15.384 0.0000000000
59092  -45.820  -6.787  15.204 0.0000000000
59951  -46.492  -5.900  15.170 0.0000000000
59960  -44.677  -5.927  14.145 0.0000000000
59962  -46.290  -5.679  14.733 0.0000000000
60874  -47.538  -5.178  15.155 0.0000000000
109528  -48.026  -4.743  14.934 0.0000000000
61789  -49.088  -4.310  14.682 0.0000000000
61800  -50.525  -4.092  14.521 0.0000000000
108044  -51.205  -3.929  13.969 0.0000000000
61805  -49.456  -4.224  13.396 0.0000000000
60910  -49.308  -4.455  12.231 0.0000000000
60919  -48.685  -4.604  11.167 0.0000000000
60937  -48.110  -4.232  10.094 0.0000000000
27226  -12.516  -43.743  39.242 0.0000000000
26534  -11.139  -44.678  38.759 0.0000000000
111370  -10.415  -45.089  38.847 0.0000000000
25668  -9.437  -45.727  41.531 0.0000000000
25677  -9.031  -45.365  40.455 0.0000000000
25690  -8.925  -45.866  38.688 0.0000000000
24839  -7.776  -46.691  38.337 0.0000000000
24014  -6.715  -47.705  38.455 0.0000000000
23134  -5.774  -48.678  38.167 0.0000000000
22252  -5.587  -49.902  39.269 0.0000000000
47503  -49.349  -19.798  32.372 0.0000000000
43355  -48.787  -24.364  30.980 0.0000000000
45014  -48.503  -22.202  28.320 0.0000000000
45008  -48.613  -22.509  29.679 0.0000000000
126793  -48.532  -21.104  31.580 0.0000000000
46633  -48.115  -20.293  31.410 0.0000000000
110892  -48.303  -18.399  31.526 0.0000000000
49309  -47.382  -17.354  29.628 0.0000000000
49335  -46.274  -17.272  28.470 0.0000000000
50287  -44.688  -16.843  27.321 0.0000000000
49372  -43.608  -17.087  26.687 0.0000000000
50309  -43.569  -16.901  26.553 0.0000000000
122028  -43.634  -16.515  25.571 0.0000000000
109254  -43.592  -16.611  23.231 0.0000000000
108340  -43.194  -16.851  21.404 0.0000000000
108332  -42.878  -17.097  19.810 0.0000000000
48537  -40.898  -17.964  22.921 0.0000000000
48522  -40.384  -17.289  23.478 0.0000000000
49421  -39.293  -16.951  22.611 0.0000000000
50399  -39.811  -16.695  22.183 0.0000000000
108335  -39.931  -16.840  20.608 0.0000000000
109252  -41.289  -16.981  19.331 0.0000000000
50444  -41.781  -17.186  18.448 0.0000000000
114831  -42.173  -17.235  17.696 0.0000000000
32990  -27.494  -36.236  37.882 0.0000000000
36257  -26.234  -32.846  28.505 0.0000000000
36258  -27.366  -32.563  27.804 0.0000000000
112864  -27.396  -33.545  29.256 0.0000000000
35460  -28.202  -33.827  29.505 0.0000000000
34674  -29.576  -34.414  30.072 0.0000000000
34659  -30.789  -34.746  30.551 0.0000000000
39047  -31.781  -29.902  25.021 0.0000000000
37216  -31.862  -31.268  25.694 0.0000000000
36300  -31.994  -32.502  26.491 0.0000000000
36302  -34.369  -32.461  26.889 0.0000000000
36283  -32.650  -33.000  26.931 0.0000000000
35496  -31.604  -33.078  27.175 0.0000000000
34687  -31.824  -34.182  28.805 0.0000000000
115833  -31.708  -34.735  30.441 0.0000000000
34639  -31.376  -34.909  31.313 0.0000000000
34617  -32.993  -35.149  32.382 0.0000000000
34602  -33.867  -35.664  32.934 0.0000000000
28898  -12.748  -41.619  34.481 0.0000000000
124756  -13.656  -41.744  35.592 0.0000000000
31467  -15.591  -38.825  33.187 0.0000000000
31466  -14.773  -38.993  32.883 0.0000000000
30634  -14.584  -39.886  34.125 0.0000000000
126858  -14.769  -40.867  36.234 0.0000000000
28870  -14.570  -41.528  37.447 0.0000000000
29725  -15.110  -40.910  38.735 0.0000000000
30556  -17.584  -39.370  40.441 0.0000000000
50447  -45.867  -16.627  18.434 0.0000000000
50432  -47.078  -16.433  19.776 0.0000000000
130213  -47.905  -15.957  20.940 0.0000000000
53035  -46.895  -13.989  19.358 0.0000000000
52214  -47.623  -15.247  20.536 0.0000000000
51359  -48.288  -15.315  22.198 0.0000000000
115385  -48.808  -14.909  24.038 0.0000000000
111704  -47.554  -10.197  18.747 0.0000000000
55604  -47.982  -11.033  20.111 0.0000000000
54709  -48.467  -11.436  21.546 0.0000000000
62652  -52.348  -3.457  13.702 0.0000000000
62662  -52.954  -3.275  13.071 0.0000000000
130519  -54.117  -2.821  12.781 0.0000000000
112369  -52.694  -3.574  10.794 0.0000000000
62670  -53.824  -2.923  11.429 0.0000000000
62665  -55.169  -2.180  12.731 0.0000000000
63564  -56.279  -1.149  12.267 0.0000000000
64476  -56.541  -0.559  11.644 0.0000000000
62692  -53.998  -2.091  8.229 0.0000000000
63584  -55.246  -1.088  8.966 0.0000000000
64492  -56.602  0.570  10.207 0.0000000000
67059  -56.650  3.074  7.241 0.0000000000
41662  -42.327  -26.554  22.932 0.0000000000
40822  -40.975  -27.159  22.880 0.0000000000
41661  -41.763  -27.003  23.112 0.0000000000
108331  -43.902  -17.343  19.488 0.0000000000
50416  -44.783  -17.384  20.056 0.0000000000
109249  -44.207  -17.349  18.610 0.0000000000
118813  -51.575  -3.832  15.583 0.0000000000
61793  -52.480  -3.495  15.615 0.0000000000
28032  -13.623  -42.378  36.573 0.0000000000
28031  -13.077  -42.739  36.434 0.0000000000
28024  -13.531  -42.746  37.279 0.0000000000
108402  -44.101  -19.644  23.057 0.0000000000
112675  -44.568  -19.505  23.853 0.0000000000
48525  -42.808  -18.542  23.970 0.0000000000
48539  -42.554  -18.754  23.003 0.0000000000
32969  -22.246  -37.250  38.916 0.0000000000
108172  -22.042  -37.192  38.038 0.0000000000
34615  -30.123  -35.198  32.513 0.0000000000
34616  -31.223  -35.101  32.398 0.0000000000
35484  -39.392  -33.741  28.424 0.0000000000
34694  -39.302  -34.735  28.355 0.0000000000
34680  -39.783  -35.156  28.946 0.0000000000
121931  -21.286  -37.468  37.706 0.0000000000
56510  -45.644  -9.613  16.331 0.0000000000
55629  -46.050  -10.034  16.897 0.0000000000
40767  -46.406  -27.339  26.824 0.0000000000
128131  -44.834  -24.035  22.752 0.0000000000
44223  -45.194  -23.478  22.964 0.0000000000
33832  -22.346  -35.170  31.869 0.0000000000
35428  -25.766  -34.048  31.088 0.0000000000
120680  -26.129  -33.901  30.522 0.0000000000
35441  -26.780  -33.990  30.284 0.0000000000
39035  -39.725  -29.837  25.876 0.0000000000
38120  -40.070  -30.439  26.578 0.0000000000
40765  -45.043  -28.103  26.067 0.0000000000
39884  -45.461  -28.566  26.757 0.0000000000
113531  -45.818  -28.950  27.592 0.0000000000
108949  -21.233  -35.728  32.182 0.0000000000
110400  -45.779  -16.547  27.330 0.0000000000
51279  -46.337  -16.741  28.009 0.0000000000
111165  -45.495  -16.464  26.694 0.0000000000
112665  -48.270  -16.800  24.149 0.0000000000
51319  -49.177  -15.636  25.453 0.0000000000
51334  -48.749  -15.946  23.991 0.0000000000
59071  -47.791  -6.861  17.057 0.0000000000
59083  -48.139  -6.197  16.568 0.0000000000
59052  -52.756  -6.397  20.337 0.0000000000
59959  -43.333  -6.173  14.071 0.0000000000
60897  -47.036  -4.728  13.051 0.0000000000
60907  -46.151  -4.710  12.209 0.0000000000
111411  -46.840  -4.666  11.946 0.0000000000
26554  -9.788  -44.630  36.189 0.0000000000
25709  -9.401  -45.239  36.650 0.0000000000
25708  -8.718  -45.597  36.371 0.0000000000
118765  -9.059  -45.697  37.050 0.0000000000
27198  -10.943  -44.608  43.148 0.0000000000
110144  -7.734  -50.038  40.604 0.0000000000
43366  -48.393  -24.523  28.292 0.0000000000
47564  -46.550  -19.415  27.633 0.0000000000
46651  -47.176  -20.059  28.071 0.0000000000
47558  -47.191  -19.694  29.026 0.0000000000
47556  -46.092  -18.557  28.093 0.0000000000
112290  -41.423  -16.702  24.238 0.0000000000
33772  -25.549  -35.737  35.400 0.0000000000
33759  -25.893  -35.828  36.146 0.0000000000
33760  -26.741  -35.762  36.277 0.0000000000
36298  -30.353  -32.412  26.603 0.0000000000
108860  -30.023  -32.687  27.102 0.0000000000
35495  -30.174  -33.061  27.663 0.0000000000
122019  -30.895  -33.262  27.658 0.0000000000
39030  -35.004  -30.060  26.058 0.0000000000
111131  -34.642  -30.936  26.387 0.0000000000
34703  -34.418  -34.633  27.893 0.0000000000
34690  -34.309  -35.079  28.646 0.0000000000
121453  -33.747  -34.982  29.082 0.0000000000
34679  -34.274  -35.264  29.547 0.0000000000
34662  -34.276  -35.178  30.563 0.0000000000
33863  -34.961  -35.485  30.194 0.0000000000
37146  -42.812  -31.808  30.297 0.0000000000
30573  -16.984  -39.450  38.411 0.0000000000
52253  -45.328  -14.327  16.278 0.0000000000
52232  -45.950  -15.104  17.609 0.0000000000
52244  -46.168  -14.330  17.635 0.0000000000
53837  -47.777  -12.744  21.368 0.0000000000
53831  -47.945  -12.879  22.301 0.0000000000
53009  -48.303  -13.143  22.936 0.0000000000
53832  -48.541  -12.423  22.745 0.0000000000
57358  -49.737  -8.782  20.855 0.0000000000
57357  -49.028  -9.147  20.294 0.0000000000
60920  -49.561  -4.531  11.194 0.0000000000
61824  -51.177  -4.122  11.914 0.0000000000
60921  -51.076  -4.270  11.082 0.0000000000
62679  -54.652  -2.277  10.077 0.0000000000
62685  -54.318  -2.279  9.051 0.0000000000
65408  -54.151  0.279  6.457 0.0000000000
65398  -55.362  0.704  7.415 0.0000000000
65409  -55.512  1.556  7.022 0.0000000000
40794  -44.177  -27.242  24.799 0.0000000000
41635  -44.863  -26.885  25.111 0.0000000000
41646  -43.707  -26.874  24.179 0.0000000000
42552  -43.614  -25.736  23.079 0.0000000000
42567  -43.992  -25.035  22.691 0.0000000000
40807  -39.356  -27.599  23.265 0.0000000000
39942  -40.947  -28.103  24.060 0.0000000000
39925  -40.463  -28.537  24.478 0.0000000000
39077  -40.089  -28.994  24.936 0.0000000000
112577  -42.879  -27.790  24.478 0.0000000000
40775  -43.882  -27.938  25.186 0.0000000000
50362  -45.355  -17.019  23.101 0.0000000000
50382  -46.099  -17.361  22.192 0.0000000000
50402  -46.847  -17.266  21.345 0.0000000000
50383  -47.090  -17.295  22.278 0.0000000000
59942  -49.624  -5.209  16.366 0.0000000000
60866  -50.189  -4.616  16.061 0.0000000000
110909  -51.957  -5.012  17.215 0.0000000000
60856  -52.925  -4.965  17.652 0.0000000000
62646  -54.860  -2.563  14.818 0.0000000000
27258  -11.542  -43.326  35.843 0.0000000000
27244  -11.020  -43.850  36.288 0.0000000000
27237  -11.192  -44.300  37.209 0.0000000000
45821  -46.911  -21.445  24.955 0.0000000000
45822  -47.380  -21.535  25.507 0.0000000000
46675  -46.286  -20.144  25.224 0.0000000000
47578  -45.617  -19.352  25.606 0.0000000000
48499  -44.936  -18.654  26.174 0.0000000000
48512  -43.889  -18.453  25.311 0.0000000000
48510  -42.177  -17.832  24.724 0.0000000000
48509  -41.443  -17.398  24.410 0.0000000000
49396  -41.263  -16.951  24.519 0.0000000000
34572  -27.886  -35.381  35.000 0.0000000000
34573  -28.699  -35.312  35.159 0.0000000000
33792  -30.458  -35.298  34.940 0.0000000000
33777  -30.588  -35.347  35.775 0.0000000000
125404  -32.458  -35.746  34.317 0.0000000000
117773  -32.201  -35.840  34.938 0.0000000000
38132  -30.431  -30.716  25.240 0.0000000000
37214  -30.017  -31.420  25.671 0.0000000000
37215  -30.969  -31.378  25.617 0.0000000000
111852  -37.140  -31.906  27.291 0.0000000000
36287  -36.821  -32.646  27.360 0.0000000000
33892  -37.581  -35.104  27.835 0.0000000000
34706  -37.031  -34.343  27.569 0.0000000000
120304  -36.693  -35.158  27.792 0.0000000000
34692  -35.867  -35.219  27.888 0.0000000000
124484  -36.383  -35.686  28.287 0.0000000000
33865  -36.547  -36.148  29.185 0.0000000000
33866  -37.578  -36.278  29.105 0.0000000000
33073  -38.146  -36.424  29.972 0.0000000000
33017  -19.365  -37.052  33.936 0.0000000000
32267  -18.554  -37.523  33.996 0.0000000000
32268  -19.164  -37.444  34.606 0.0000000000
32249  -19.498  -37.752  36.309 0.0000000000
31420  -19.053  -38.347  37.882 0.0000000000
123912  -18.596  -38.670  38.202 0.0000000000
32221  -21.180  -37.712  39.521 0.0000000000
32220  -20.460  -37.925  39.532 0.0000000000
54745  -46.765  -11.163  18.003 0.0000000000
54738  -46.985  -11.589  18.500 0.0000000000
54731  -47.415  -11.589  19.171 0.0000000000
128816  -47.732  -11.299  19.646 0.0000000000
60940  -50.439  -4.196  9.531 0.0000000000
65419  -53.088  0.730  5.563 0.0000000000
66282  -53.376  1.616  5.488 0.0000000000
28844  -13.982  -42.133  39.786 0.0000000000
27974  -12.954  -42.970  43.478 0.0000000000
39865  -46.932  -28.754  29.784 0.0000000000
40714  -47.487  -27.735  29.615 0.0000000000
40713  -47.104  -28.143  29.041 0.0000000000
42494  -47.173  -26.039  26.917 0.0000000000
42495  -47.636  -25.388  27.200 0.0000000000
122739  -47.220  -25.399  26.573 0.0000000000
41648  -45.152  -26.127  24.750 0.0000000000
43426  -46.048  -23.774  24.229 0.0000000000
43412  -46.306  -24.199  24.676 0.0000000000
118465  -46.839  -23.814  25.196 0.0000000000
44199  -46.532  -23.433  24.605 0.0000000000
45039  -46.595  -22.655  24.474 0.0000000000
45843  -45.567  -21.362  23.391 0.0000000000
33010  -22.397  -36.641  35.686 0.0000000000
33020  -22.209  -36.463  34.799 0.0000000000
33804  -23.797  -35.585  33.896 0.0000000000
33787  -23.563  -35.930  34.590 0.0000000000
33788  -24.330  -35.735  34.542 0.0000000000
34580  -24.832  -35.344  34.077 0.0000000000
34631  -23.692  -34.517  31.510 0.0000000000
34609  -24.913  -34.609  32.347 0.0000000000
34595  -26.015  -34.912  33.280 0.0000000000
34611  -26.788  -34.822  32.464 0.0000000000
34636  -27.956  -34.824  31.464 0.0000000000
34598  -29.215  -35.228  32.774 0.0000000000
109484  -28.766  -34.938  31.354 0.0000000000
39921  -35.375  -28.312  24.672 0.0000000000
39920  -34.471  -28.259  24.700 0.0000000000
39902  -34.911  -28.809  25.189 0.0000000000
112895  -38.058  -28.356  24.368 0.0000000000
122251  -38.095  -29.683  25.823 0.0000000000
120712  -37.602  -29.236  25.362 0.0000000000
39033  -37.465  -29.811  26.002 0.0000000000
39032  -36.691  -29.930  26.084 0.0000000000
38098  -37.253  -30.450  26.438 0.0000000000
37202  -36.967  -31.182  26.926 0.0000000000
123197  -37.732  -30.863  26.847 0.0000000000
37182  -39.162  -31.593  27.763 0.0000000000
37181  -38.358  -31.748  27.607 0.0000000000
128382  -39.266  -32.126  28.189 0.0000000000
36262  -40.223  -32.518  28.963 0.0000000000
37166  -42.231  -31.244  28.885 0.0000000000
39057  -42.201  -29.432  25.716 0.0000000000
39038  -42.598  -29.912  26.545 0.0000000000
39012  -44.265  -30.366  28.273 0.0000000000
127421  -44.576  -30.501  28.857 0.0000000000
38079  -44.766  -30.635  29.461 0.0000000000
39013  -45.196  -30.111  28.721 0.0000000000
39005  -46.451  -29.389  29.527 0.0000000000
33040  -19.968  -36.325  32.413 0.0000000000
33019  -21.410  -36.596  34.553 0.0000000000
50249  -47.945  -16.992  30.164 0.0000000000
50236  -48.583  -16.600  30.656 0.0000000000
50250  -48.266  -16.480  30.196 0.0000000000
111662  -48.117  -15.951  29.540 0.0000000000
51268  -48.081  -16.193  29.661 0.0000000000
52088  -49.260  -15.061  30.236 0.0000000000
51281  -48.777  -15.748  29.472 0.0000000000
50332  -47.281  -16.968  25.896 0.0000000000
51307  -49.213  -16.097  26.293 0.0000000000
50314  -48.658  -16.717  27.041 0.0000000000
50292  -49.275  -16.212  27.238 0.0000000000
51282  -49.627  -15.207  28.741 0.0000000000
52125  -49.855  -14.706  27.668 0.0000000000
52139  -50.186  -13.851  26.188 0.0000000000
58248  -46.826  -7.898  17.089 0.0000000000
58236  -48.617  -7.700  18.309 0.0000000000
58226  -48.869  -8.001  19.105 0.0000000000
59932  -49.905  -5.791  17.055 0.0000000000
59073  -49.440  -6.472  17.431 0.0000000000
59074  -50.281  -6.343  17.681 0.0000000000
59050  -50.860  -6.780  19.498 0.0000000000
127117  -5.102  -49.888  38.676 0.0000000000
22255  -4.622  -50.282  38.166 0.0000000000
52262  -43.269  -14.585  14.948 0.0000000000
52252  -44.660  -14.758  15.857 0.0000000000
53099  -43.942  -13.155  14.484 0.0000000000
53917  -44.454  -12.713  14.737 0.0000000000
53903  -44.805  -12.182  15.083 0.0000000000
54776  -44.318  -11.941  14.600 0.0000000000
55647  -44.297  -10.697  14.786 0.0000000000
56532  -44.049  -9.932  14.815 0.0000000000
56523  -44.480  -9.258  15.313 0.0000000000
57409  -44.322  -8.337  15.365 0.0000000000
58272  -44.710  -7.203  15.090 0.0000000000
59949  -45.035  -6.405  14.487 0.0000000000
59093  -46.291  -6.487  15.456 0.0000000000
60884  -46.102  -5.444  14.353 0.0000000000
118265  -46.673  -5.292  14.563 0.0000000000
60873  -46.863  -5.378  14.901 0.0000000000
60898  -47.995  -4.458  13.699 0.0000000000
60886  -48.202  -4.501  14.510 0.0000000000
61790  -49.905  -4.197  14.909 0.0000000000
61799  -49.664  -4.200  14.284 0.0000000000
61806  -50.311  -4.145  13.700 0.0000000000
25707  -7.923  -46.067  36.152 0.0000000000
28008  -13.014  -43.175  39.698 0.0000000000
28016  -13.106  -43.321  38.777 0.0000000000
26526  -11.408  -44.466  39.408 0.0000000000
26525  -10.769  -44.758  39.625 0.0000000000
26524  -9.832  -45.095  39.877 0.0000000000
24809  -10.147  -45.618  41.887 0.0000000000
24827  -8.144  -46.334  41.173 0.0000000000
25672  -8.649  -45.817  41.254 0.0000000000
25676  -8.467  -45.724  40.701 0.0000000000
120972  -8.602  -45.746  40.065 0.0000000000
25675  -7.975  -46.064  40.029 0.0000000000
25681  -8.220  -46.261  39.017 0.0000000000
24836  -7.628  -46.714  39.452 0.0000000000
23118  -6.882  -48.677  40.026 0.0000000000
24006  -6.788  -47.806  39.346 0.0000000000
23126  -6.560  -48.593  39.548 0.0000000000
24005  -6.325  -48.290  38.872 0.0000000000
23125  -6.037  -48.799  39.039 0.0000000000
22256  -5.588  -49.337  38.796 0.0000000000
23117  -6.065  -49.269  39.465 0.0000000000
21360  -6.929  -50.831  40.263 0.0000000000
45759  -49.823  -21.231  32.666 0.0000000000
46600  -50.194  -20.705  32.685 0.0000000000
126861  -49.422  -20.868  32.593 0.0000000000
115090  -47.741  -27.161  29.819 0.0000000000
126906  -47.911  -27.112  30.616 0.0000000000
41561  -48.119  -26.429  30.162 0.0000000000
124493  -48.527  -24.410  29.059 0.0000000000
42474  -48.629  -24.659  29.956 0.0000000000
113317  -48.737  -23.875  30.332 0.0000000000
128347  -48.109  -21.912  26.924 0.0000000000
45020  -48.358  -22.205  27.501 0.0000000000
45809  -47.963  -21.340  27.301 0.0000000000
45799  -47.948  -21.026  28.911 0.0000000000
45800  -48.418  -21.811  29.119 0.0000000000
45794  -48.500  -21.824  30.206 0.0000000000
45004  -48.719  -22.579  30.689 0.0000000000
45782  -48.678  -21.812  31.233 0.0000000000
46634  -48.264  -21.132  30.783 0.0000000000
47548  -47.297  -19.389  29.804 0.0000000000
47535  -47.673  -19.526  30.628 0.0000000000
47525  -48.012  -19.212  31.639 0.0000000000
48426  -47.730  -18.500  30.991 0.0000000000
48425  -47.499  -17.872  30.351 0.0000000000
48445  -46.868  -17.995  29.630 0.0000000000
48463  -45.235  -17.435  27.819 0.0000000000
126076  -45.851  -17.344  28.267 0.0000000000
50272  -45.457  -17.093  27.832 0.0000000000
48483  -43.653  -17.543  26.445 0.0000000000
49386  -42.965  -17.129  26.049 0.0000000000
50344  -42.960  -16.570  25.205 0.0000000000
50328  -43.108  -16.806  25.940 0.0000000000
50329  -43.892  -16.549  26.215 0.0000000000
50345  -43.941  -16.476  24.747 0.0000000000
108336  -43.551  -17.125  20.433 0.0000000000
48536  -40.042  -17.517  22.648 0.0000000000
48535  -39.289  -17.188  22.377 0.0000000000
116374  -39.090  -16.875  22.090 0.0000000000
108491  -39.406  -16.800  21.445 0.0000000000
109253  -40.147  -16.937  19.572 0.0000000000
108334  -40.758  -16.845  20.317 0.0000000000
108274  -23.314  -36.701  36.936 0.0000000000
127857  -23.693  -36.710  37.361 0.0000000000
108168  -24.096  -36.623  36.969 0.0000000000
126495  -25.964  -36.425  37.643 0.0000000000
33762  -28.578  -35.641  36.660 0.0000000000
33747  -28.015  -35.928  37.309 0.0000000000
36280  -28.258  -32.533  27.493 0.0000000000
128318  -27.917  -32.863  28.187 0.0000000000
35477  -28.072  -33.289  28.799 0.0000000000
35461  -29.691  -34.014  29.483 0.0000000000
34675  -30.269  -34.388  29.922 0.0000000000
34658  -29.907  -34.755  30.613 0.0000000000
39048  -32.700  -29.729  25.163 0.0000000000
38114  -32.740  -31.112  25.921 0.0000000000
38134  -32.284  -30.523  25.393 0.0000000000
37197  -32.332  -31.837  26.135 0.0000000000
36285  -34.888  -33.091  27.165 0.0000000000
113688  -33.134  -33.612  27.285 0.0000000000
35497  -32.336  -33.630  27.539 0.0000000000
116957  -31.493  -33.688  28.053 0.0000000000
117661  -32.253  -34.000  28.179 0.0000000000
113870  -32.974  -34.877  29.996 0.0000000000
34677  -32.271  -34.617  29.584 0.0000000000
128110  -32.121  -34.845  31.147 0.0000000000
109978  -32.145  -34.978  31.940 0.0000000000
34640  -32.827  -34.936  31.482 0.0000000000
34642  -34.298  -35.178  31.581 0.0000000000
129544  -33.660  -35.374  32.626 0.0000000000
34618  -34.194  -35.407  32.378 0.0000000000
119626  -36.367  -36.041  30.492 0.0000000000
33851  -35.660  -35.646  30.890 0.0000000000
117066  -36.155  -35.874  31.358 0.0000000000
35465  -41.296  -32.970  29.956 0.0000000000
28887  -13.553  -41.267  34.905 0.0000000000
32273  -17.653  -37.768  33.499 0.0000000000
32282  -17.034  -37.759  32.663 0.0000000000
125288  -17.235  -38.216  34.106 0.0000000000
31468  -16.236  -38.620  33.499 0.0000000000
123929  -15.841  -39.047  34.089 0.0000000000
30653  -15.078  -39.314  33.661 0.0000000000
30635  -15.264  -39.544  34.321 0.0000000000
29764  -15.356  -40.290  36.368 0.0000000000
29773  -14.794  -40.459  35.514 0.0000000000
29763  -14.934  -40.870  36.989 0.0000000000
28863  -14.636  -41.557  38.354 0.0000000000
29744  -15.053  -40.916  37.858 0.0000000000
31409  -18.930  -38.682  39.593 0.0000000000
31408  -18.050  -38.994  39.837 0.0000000000
49302  -50.144  -17.201  31.088 0.0000000000
109108  -45.079  -17.060  18.425 0.0000000000
50465  -45.344  -16.478  17.737 0.0000000000
51403  -46.485  -15.932  18.589 0.0000000000
50431  -46.421  -16.726  19.212 0.0000000000
51391  -46.897  -15.990  19.211 0.0000000000
51382  -47.595  -16.157  20.365 0.0000000000
127564  -46.633  -13.353  18.279 0.0000000000
108199  -46.585  -14.031  18.446 0.0000000000
108131  -47.664  -14.413  21.142 0.0000000000
117140  -47.416  -14.363  20.479 0.0000000000
110105  -47.960  -15.291  21.400 0.0000000000
52190  -48.533  -15.243  22.959 0.0000000000
52189  -48.259  -14.419  22.693 0.0000000000
52986  -48.988  -14.126  23.780 0.0000000000
56493  -47.306  -9.564  18.230 0.0000000000
56486  -47.935  -9.419  18.914 0.0000000000
56478  -48.795  -9.923  20.693 0.0000000000
55609  -48.281  -10.374  19.997 0.0000000000
55605  -48.537  -10.752  20.968 0.0000000000
113476  -48.872  -10.897  21.996 0.0000000000
128666  -51.791  -3.697  13.872 0.0000000000
61807  -51.735  -3.763  13.291 0.0000000000
61808  -52.296  -3.532  12.928 0.0000000000
62653  -53.786  -2.954  13.383 0.0000000000
62663  -53.535  -3.031  12.370 0.0000000000
61825  -51.878  -3.999  10.693 0.0000000000
61834  -52.392  -3.726  10.114 0.0000000000
62678  -53.906  -2.858  10.514 0.0000000000
116704  -53.332  -3.225  10.861 0.0000000000
62664  -54.509  -2.645  12.205 0.0000000000
62672  -55.413  -2.008  11.913 0.0000000000
63570  -55.274  -1.603  10.144 0.0000000000
129613  -55.826  -1.297  11.470 0.0000000000
64484  -55.801  -0.883  10.717 0.0000000000
119065  -57.339  0.021  11.731 0.0000000000
64485  -56.753  0.168  10.975 0.0000000000
63582  -53.741  -1.641  7.570 0.0000000000
130392  -54.367  -1.502  7.979 0.0000000000
63583  -54.673  -1.659  8.605 0.0000000000
64496  -54.896  -0.989  8.205 0.0000000000
65377  -56.070  0.431  9.361 0.0000000000
66271  -55.457  2.401  6.640 0.0000000000
67070  -55.955  2.850  6.956 0.0000000000
40811  -43.008  -27.298  24.030 0.0000000000
41663  -43.157  -26.556  23.447 0.0000000000
40808  -40.162  -27.447  23.088 0.0000000000
113068  -40.746  -27.683  23.499 0.0000000000
120531  -41.698  -28.175  24.355 0.0000000000
108264  -45.069  -17.107  22.213 0.0000000000
108509  -44.966  -17.364  20.877 0.0000000000
50417  -45.536  -17.382  20.525 0.0000000000
60877  -50.098  -4.309  15.435 0.0000000000
116880  -50.933  -4.079  15.974 0.0000000000
61779  -53.171  -3.751  16.468 0.0000000000
62627  -54.794  -3.047  16.066 0.0000000000
62634  -53.158  -3.143  15.197 0.0000000000
62644  -52.729  -3.235  14.469 0.0000000000
28885  -12.337  -42.177  34.908 0.0000000000
28040  -12.712  -42.526  35.659 0.0000000000
28030  -12.316  -43.036  36.203 0.0000000000
27239  -12.462  -43.664  37.553 0.0000000000
46687  -45.891  -20.393  24.355 0.0000000000
127399  -44.900  -19.408  24.468 0.0000000000
47587  -44.202  -18.952  24.576 0.0000000000
48523  -41.076  -17.668  23.770 0.0000000000
126545  -21.807  -37.507  39.467 0.0000000000
34597  -28.975  -35.242  33.709 0.0000000000
121192  -29.086  -35.258  34.558 0.0000000000
34585  -29.812  -35.247  34.328 0.0000000000
34588  -32.437  -35.479  33.723 0.0000000000
35503  -38.185  -33.251  27.910 0.0000000000
35502  -37.352  -33.402  27.575 0.0000000000
33877  -38.080  -35.799  28.372 0.0000000000
33079  -39.094  -36.235  29.788 0.0000000000
128499  -19.849  -37.743  37.066 0.0000000000
113565  -19.781  -37.968  37.891 0.0000000000
32232  -20.655  -37.781  38.208 0.0000000000
120964  -45.916  -10.874  16.770 0.0000000000
55621  -46.465  -10.602  17.430 0.0000000000
39877  -46.571  -28.441  28.094 0.0000000000
41587  -47.105  -27.560  28.195 0.0000000000
40754  -46.685  -27.688  27.500 0.0000000000
41627  -46.620  -26.539  26.531 0.0000000000
42554  -45.028  -24.973  23.728 0.0000000000
126879  -45.211  -24.230  23.355 0.0000000000
44209  -45.655  -23.658  23.672 0.0000000000
45047  -46.070  -22.384  23.869 0.0000000000
33802  -22.334  -35.796  33.307 0.0000000000
33803  -23.160  -35.512  33.296 0.0000000000
33816  -23.378  -35.123  32.707 0.0000000000
35427  -24.941  -33.929  31.051 0.0000000000
34632  -24.512  -34.336  31.673 0.0000000000
34634  -26.218  -34.499  31.699 0.0000000000
34635  -27.108  -34.657  31.572 0.0000000000
122213  -38.799  -28.980  25.069 0.0000000000
39075  -38.176  -28.805  24.911 0.0000000000
122140  -39.154  -29.376  25.419 0.0000000000
39034  -38.799  -29.780  25.927 0.0000000000
38100  -39.514  -30.871  27.176 0.0000000000
37183  -40.012  -31.215  27.766 0.0000000000
124764  -40.536  -31.409  28.215 0.0000000000
120699  -40.793  -30.932  27.684 0.0000000000
38102  -41.614  -30.718  27.555 0.0000000000
39894  -43.918  -29.031  26.143 0.0000000000
39039  -43.565  -29.646  26.587 0.0000000000
39040  -44.284  -29.393  26.685 0.0000000000
39023  -45.436  -29.598  27.954 0.0000000000
33813  -20.660  -35.969  32.313 0.0000000000
112304  -21.188  -35.960  32.710 0.0000000000
50260  -47.041  -17.009  28.764 0.0000000000
51267  -47.800  -16.647  29.120 0.0000000000
51266  -47.133  -16.813  28.550 0.0000000000
50274  -47.169  -16.602  28.520 0.0000000000
108110  -47.379  -17.128  24.321 0.0000000000
50348  -47.975  -17.079  25.045 0.0000000000
128241  -48.962  -16.309  25.637 0.0000000000
58261  -47.060  -7.156  16.795 0.0000000000
59060  -48.958  -7.002  17.969 0.0000000000
59920  -51.848  -5.814  18.327 0.0000000000
59063  -51.337  -6.216  18.959 0.0000000000
63557  -56.755  -1.089  13.091 0.0000000000
110655  -44.156  -11.265  14.560 0.0000000000
59100  -43.627  -6.683  14.533 0.0000000000
59101  -44.441  -6.774  14.681 0.0000000000
108759  -46.639  -4.999  14.058 0.0000000000
60899  -48.632  -4.362  13.081 0.0000000000
60908  -47.515  -4.637  12.082 0.0000000000
128501  -8.111  -46.423  37.702 0.0000000000
27211  -12.201  -43.509  41.177 0.0000000000
27210  -11.491  -43.906  41.668 0.0000000000
27209  -11.030  -44.282  41.870 0.0000000000
26509  -10.360  -44.718  41.546 0.0000000000
24820  -9.545  -46.289  41.584 0.0000000000
23975  -8.250  -47.510  41.138 0.0000000000
114395  -7.734  -46.798  40.792 0.0000000000
124133  -7.430  -47.304  40.364 0.0000000000
129079  -7.405  -47.697  40.376 0.0000000000
23986  -7.381  -48.147  40.379 0.0000000000
22249  -6.730  -49.389  40.085 0.0000000000
21355  -7.257  -49.699  40.406 0.0000000000
123798  -7.220  -50.327  40.453 0.0000000000
42481  -48.018  -25.294  28.040 0.0000000000
123863  -48.183  -25.945  29.390 0.0000000000
43367  -48.559  -23.790  28.608 0.0000000000
125901  -47.575  -20.591  27.434 0.0000000000
46644  -47.636  -20.250  29.617 0.0000000000
47547  -46.883  -18.823  29.389 0.0000000000
48465  -46.362  -18.219  28.903 0.0000000000
115251  -42.238  -16.610  24.734 0.0000000000
50359  -42.460  -16.469  23.751 0.0000000000
108341  -42.128  -16.637  22.023 0.0000000000
33001  -24.856  -36.387  36.728 0.0000000000
33002  -25.495  -36.159  36.617 0.0000000000
32989  -26.671  -36.341  37.745 0.0000000000
33749  -29.872  -36.141  37.789 0.0000000000
33739  -29.336  -36.497  38.313 0.0000000000
37194  -29.395  -31.751  26.145 0.0000000000
123357  -28.952  -31.961  26.546 0.0000000000
35478  -29.013  -33.597  28.999 0.0000000000
35479  -29.594  -33.260  28.274 0.0000000000
39049  -33.613  -29.553  25.364 0.0000000000
38115  -33.640  -30.988  26.163 0.0000000000
34704  -35.271  -34.580  27.625 0.0000000000
35499  -34.629  -33.948  27.389 0.0000000000
34688  -32.646  -34.426  28.632 0.0000000000
34661  -33.465  -34.951  30.871 0.0000000000
31446  -17.519  -38.629  35.754 0.0000000000
31454  -17.206  -38.569  34.879 0.0000000000
31445  -16.777  -38.962  35.623 0.0000000000
30617  -16.115  -39.410  35.545 0.0000000000
30596  -15.873  -39.738  36.113 0.0000000000
30583  -16.056  -39.835  36.798 0.0000000000
29726  -15.691  -40.430  38.242 0.0000000000
32192  -20.010  -38.311  41.286 0.0000000000
31401  -18.944  -38.710  41.211 0.0000000000
51410  -45.520  -15.650  17.261 0.0000000000
52222  -46.767  -15.035  19.073 0.0000000000
53036  -47.183  -13.248  19.816 0.0000000000
53008  -47.942  -13.684  22.458 0.0000000000
52175  -48.657  -13.534  23.355 0.0000000000
53813  -49.011  -13.331  23.509 0.0000000000
57366  -48.571  -8.831  19.314 0.0000000000
61826  -52.301  -3.694  11.523 0.0000000000
64533  -52.686  -0.107  5.730 0.0000000000
64520  -53.868  -0.416  6.645 0.0000000000
64508  -55.131  -0.195  7.809 0.0000000000
65388  -56.499  1.431  8.992 0.0000000000
67936  -55.531  4.076  6.184 0.0000000000
67937  -56.251  3.759  6.666 0.0000000000
40777  -45.336  -27.332  25.737 0.0000000000
42542  -44.716  -25.726  24.094 0.0000000000
43425  -44.637  -24.660  23.047 0.0000000000
35438  -23.766  -33.890  30.340 0.0000000000
35458  -25.185  -33.401  29.635 0.0000000000
36241  -25.735  -33.150  29.091 0.0000000000
125549  -37.113  -27.356  22.927 0.0000000000
39939  -38.414  -28.086  24.023 0.0000000000
39940  -39.132  -28.084  23.929 0.0000000000
39076  -39.377  -28.957  24.971 0.0000000000
39055  -40.406  -29.465  25.436 0.0000000000
39056  -41.277  -29.482  25.541 0.0000000000
39906  -42.706  -28.777  25.295 0.0000000000
39926  -42.425  -28.258  24.689 0.0000000000
39907  -43.523  -28.629  25.509 0.0000000000
39908  -44.316  -28.405  25.746 0.0000000000
119549  -44.733  -16.492  25.376 0.0000000000
50347  -46.147  -16.947  24.581 0.0000000000
50363  -46.841  -17.220  23.663 0.0000000000
49410  -47.240  -17.218  22.976 0.0000000000
50384  -47.881  -16.847  22.571 0.0000000000
59941  -48.427  -5.599  16.147 0.0000000000
59933  -50.728  -5.733  17.288 0.0000000000
127634  -50.832  -4.650  16.418 0.0000000000
60855  -51.134  -5.067  16.987 0.0000000000
59934  -51.508  -5.610  17.540 0.0000000000
59921  -52.877  -5.560  18.594 0.0000000000
128445  -55.421  -2.261  14.627 0.0000000000
123407  -55.112  -2.318  14.106 0.0000000000
28038  -11.141  -42.933  35.039 0.0000000000
27274  -10.424  -43.135  34.839 0.0000000000
26555  -10.532  -44.430  36.587 0.0000000000
26544  -10.117  -44.945  37.129 0.0000000000
113150  -47.594  -23.219  26.046 0.0000000000
127424  -47.937  -23.157  26.676 0.0000000000
45815  -47.801  -21.620  26.353 0.0000000000
125616  -47.445  -20.965  25.941 0.0000000000
46676  -46.917  -20.284  26.111 0.0000000000
47569  -46.401  -19.599  26.742 0.0000000000
48485  -45.093  -18.399  26.986 0.0000000000
48498  -44.073  -18.250  26.023 0.0000000000
48496  -42.564  -17.502  25.394 0.0000000000
50378  -40.717  -16.722  23.596 0.0000000000
33791  -26.837  -35.419  34.834 0.0000000000
33774  -27.285  -35.515  35.529 0.0000000000
33775  -28.187  -35.441  35.794 0.0000000000
33763  -29.626  -35.679  36.884 0.0000000000
33750  -30.408  -35.981  37.313 0.0000000000
33778  -32.055  -35.888  35.669 0.0000000000
37213  -29.114  -31.171  25.689 0.0000000000
116644  -30.006  -31.984  26.225 0.0000000000
37201  -36.050  -31.246  26.752 0.0000000000
120987  -35.335  -31.283  26.663 0.0000000000
37178  -35.589  -31.854  26.976 0.0000000000
36286  -35.829  -32.735  27.209 0.0000000000
118191  -37.830  -36.519  31.043 0.0000000000
32274  -18.292  -37.333  33.175 0.0000000000
124202  -17.876  -38.263  35.209 0.0000000000
31428  -17.722  -38.875  37.346 0.0000000000
31419  -17.813  -38.932  38.137 0.0000000000
32231  -20.075  -37.974  38.798 0.0000000000
31410  -19.745  -38.311  39.533 0.0000000000
31402  -19.445  -38.536  40.358 0.0000000000
53062  -45.852  -13.668  16.882 0.0000000000
53867  -46.649  -12.797  18.112 0.0000000000
123394  -46.680  -11.979  17.944 0.0000000000
53856  -47.298  -12.423  19.485 0.0000000000
54708  -47.945  -11.970  21.016 0.0000000000
60941  -51.110  -4.067  9.393 0.0000000000
67082  -54.744  2.541  6.114 0.0000000000
67080  -52.797  2.305  5.258 0.0000000000
67953  -54.774  3.519  5.948 0.0000000000
28862  -14.116  -42.171  37.871 0.0000000000
28017  -13.634  -42.802  38.306 0.0000000000
27993  -12.035  -43.510  42.211 0.0000000000
41570  -47.852  -26.603  29.191 0.0000000000
41588  -47.607  -26.778  28.302 0.0000000000
41637  -46.209  -26.163  25.805 0.0000000000
42530  -46.419  -25.385  25.529 0.0000000000
42544  -46.044  -24.948  24.857 0.0000000000
43385  -46.929  -24.984  26.065 0.0000000000
44191  -47.250  -24.099  25.937 0.0000000000
44190  -47.114  -23.028  25.180 0.0000000000
45031  -47.048  -22.142  24.999 0.0000000000
123918  -45.971  -21.757  23.757 0.0000000000
45832  -46.020  -21.139  23.999 0.0000000000
47601  -44.882  -20.154  23.335 0.0000000000
32986  -22.629  -36.883  37.464 0.0000000000
33011  -23.296  -36.512  36.015 0.0000000000
33771  -24.708  -35.915  35.335 0.0000000000
33790  -26.014  -35.444  34.763 0.0000000000
34607  -23.155  -34.924  32.069 0.0000000000
121988  -24.598  -34.889  32.987 0.0000000000
34593  -24.431  -35.233  33.602 0.0000000000
34594  -25.117  -34.991  33.511 0.0000000000
34581  -25.604  -35.172  34.090 0.0000000000
34583  -27.436  -35.247  34.315 0.0000000000
34596  -28.006  -35.160  33.600 0.0000000000
34612  -27.736  -35.011  32.797 0.0000000000
109539  -28.473  -35.177  33.002 0.0000000000
40789  -34.022  -27.716  24.206 0.0000000000
39919  -33.634  -28.268  24.594 0.0000000000
39050  -34.516  -29.461  25.532 0.0000000000
39922  -36.745  -28.034  24.076 0.0000000000
114414  -36.308  -28.435  24.616 0.0000000000
39904  -36.709  -28.977  25.194 0.0000000000
39052  -36.247  -29.462  25.597 0.0000000000
39031  -35.888  -29.992  26.079 0.0000000000
125913  -38.862  -33.208  28.196 0.0000000000
35485  -39.985  -33.381  28.950 0.0000000000
113938  -40.477  -33.978  29.279 0.0000000000
37154  -40.694  -31.824  28.800 0.0000000000
36243  -41.619  -32.246  29.839 0.0000000000
36244  -42.134  -31.747  29.677 0.0000000000
37157  -43.386  -31.222  29.787 0.0000000000
38122  -41.887  -30.347  26.909 0.0000000000
39020  -43.254  -30.088  27.129 0.0000000000
38104  -43.437  -30.417  27.792 0.0000000000
38089  -42.822  -30.770  28.284 0.0000000000
38077  -43.098  -30.993  29.009 0.0000000000
38070  -44.192  -31.021  30.102 0.0000000000
39004  -45.882  -29.851  29.345 0.0000000000
33039  -18.450  -36.925  32.501 0.0000000000
33041  -20.646  -36.415  33.208 0.0000000000
33028  -20.047  -36.760  33.852 0.0000000000
49287  -48.848  -17.770  31.472 0.0000000000
51252  -48.441  -16.136  30.288 0.0000000000
51253  -49.070  -15.696  30.608 0.0000000000
51238  -49.509  -15.625  30.764 0.0000000000
51254  -49.554  -15.248  30.630 0.0000000000
50312  -46.397  -16.661  26.708 0.0000000000
50290  -47.839  -16.747  27.908 0.0000000000
51293  -49.098  -16.039  28.668 0.0000000000
52114  -50.008  -14.425  29.153 0.0000000000
52138  -49.876  -14.188  26.646 0.0000000000
57386  -46.709  -8.711  17.254 0.0000000000
57374  -47.704  -8.808  18.271 0.0000000000
58249  -47.538  -7.616  17.360 0.0000000000
58235  -47.932  -8.021  17.982 0.0000000000
58215  -49.963  -7.993  20.481 0.0000000000
59062  -50.565  -6.599  18.520 0.0000000000
59049  -50.045  -7.074  19.077 0.0000000000
23141  -5.384  -48.738  37.101 0.0000000000
116681  -42.964  -17.228  17.529 0.0000000000
50446  -43.590  -17.378  18.034 0.0000000000
50463  -43.784  -16.919  17.235 0.0000000000
110299  -43.458  -15.776  15.886 0.0000000000
51417  -44.299  -15.615  16.191 0.0000000000
53076  -44.905  -13.904  15.579 0.0000000000
53088  -43.701  -13.805  14.608 0.0000000000
53089  -44.437  -13.489  14.942 0.0000000000
54759  -45.300  -11.995  15.680 0.0000000000
55639  -45.372  -10.952  15.956 0.0000000000
112827  -45.323  -10.119  15.953 0.0000000000
57410  -44.899  -8.689  15.652 0.0000000000
57398  -45.528  -8.632  16.152 0.0000000000
58259  -45.734  -7.676  16.042 0.0000000000
59080  -46.062  -7.066  15.768 0.0000000000
59081  -46.658  -6.786  16.122 0.0000000000
59939  -46.898  -6.158  15.713 0.0000000000
59961  -45.562  -5.928  14.482 0.0000000000
59952  -47.065  -5.635  15.321 0.0000000000
60864  -48.373  -5.043  15.510 0.0000000000
60875  -48.722  -4.519  15.024 0.0000000000
60876  -49.408  -4.357  15.092 0.0000000000
61801  -51.231  -3.873  14.687 0.0000000000
61815  -50.072  -4.216  12.821 0.0000000000
60930  -49.205  -4.491  10.387 0.0000000000
60929  -48.519  -4.457  10.374 0.0000000000
60938  -48.798  -4.257  9.863 0.0000000000
28023  -13.044  -43.313  37.861 0.0000000000
27232  -12.525  -43.766  38.329 0.0000000000
27238  -11.916  -44.039  37.782 0.0000000000
27225  -11.851  -44.032  39.728 0.0000000000
26535  -11.868  -44.219  38.757 0.0000000000
26545  -11.430  -44.490  38.061 0.0000000000
26533  -10.748  -44.829  37.869 0.0000000000
127305  -10.058  -45.340  38.033 0.0000000000
128007  -10.115  -44.844  42.636 0.0000000000
118989  -10.090  -45.098  41.847 0.0000000000
26508  -9.565  -44.956  41.076 0.0000000000
24828  -8.788  -46.146  41.431 0.0000000000
26514  -8.907  -45.394  41.119 0.0000000000
25683  -9.130  -45.614  39.568 0.0000000000
25691  -9.691  -45.526  38.869 0.0000000000
129710  -9.473  -45.660  38.143 0.0000000000
25698  -8.990  -45.856  37.754 0.0000000000
24835  -7.188  -47.228  39.809 0.0000000000
24838  -7.104  -47.141  38.930 0.0000000000
22248  -6.117  -49.829  39.866 0.0000000000
120731  -5.722  -50.390  39.529 0.0000000000
121777  -50.350  -20.969  32.703 0.0000000000
119726  -49.863  -19.855  32.451 0.0000000000
41550  -48.391  -26.779  31.152 0.0000000000
42465  -48.456  -25.562  30.046 0.0000000000
44176  -48.279  -23.077  27.247 0.0000000000
44171  -48.555  -22.977  28.169 0.0000000000
44166  -48.635  -23.156  29.123 0.0000000000
45803  -48.264  -21.539  28.178 0.0000000000
117060  -48.580  -22.530  28.871 0.0000000000
44161  -48.710  -23.226  30.095 0.0000000000
44154  -48.857  -23.469  31.103 0.0000000000
45773  -48.969  -21.564  32.188 0.0000000000
46622  -48.727  -20.655  32.143 0.0000000000
46611  -48.561  -19.796  32.117 0.0000000000
47516  -48.646  -19.006  32.002 0.0000000000
48409  -47.841  -17.897  30.871 0.0000000000
49299  -47.920  -17.234  30.400 0.0000000000
48444  -46.447  -17.544  28.903 0.0000000000
49322  -46.971  -17.211  29.004 0.0000000000
50288  -45.522  -16.753  27.641 0.0000000000
50311  -44.980  -16.547  27.069 0.0000000000
48476  -44.660  -17.694  27.334 0.0000000000
50286  -43.940  -16.943  27.106 0.0000000000
50310  -44.194  -16.662  26.851 0.0000000000
50361  -44.280  -16.667  23.721 0.0000000000
50381  -44.116  -16.875  22.331 0.0000000000
128184  -43.837  -16.924  21.737 0.0000000000
47616  -42.724  -19.191  22.124 0.0000000000
124423  -41.646  -18.251  23.175 0.0000000000
49422  -39.717  -17.009  23.125 0.0000000000
49408  -40.342  -16.987  23.664 0.0000000000
50377  -39.948  -16.809  23.106 0.0000000000
50415  -39.183  -16.958  20.482 0.0000000000
108339  -40.183  -16.737  21.173 0.0000000000
108338  -41.066  -16.702  21.261 0.0000000000
108333  -41.802  -16.894  20.098 0.0000000000
50442  -39.882  -16.978  18.462 0.0000000000
109251  -42.296  -17.172  19.135 0.0000000000
50445  -42.682  -17.361  18.293 0.0000000000
32971  -23.541  -36.842  38.554 0.0000000000
32987  -24.769  -36.600  37.457 0.0000000000
33746  -27.110  -35.998  37.089 0.0000000000
35459  -26.579  -33.321  29.137 0.0000000000
123116  -26.867  -33.724  29.667 0.0000000000
35442  -27.504  -33.976  29.956 0.0000000000
109045  -28.250  -34.332  30.230 0.0000000000
35444  -28.963  -34.168  29.797 0.0000000000
35443  -29.032  -34.682  30.559 0.0000000000
34637  -29.477  -34.956  31.177 0.0000000000
34638  -30.317  -35.003  31.486 0.0000000000
38133  -31.360  -30.653  25.267 0.0000000000
37196  -31.496  -31.930  26.070 0.0000000000
36299  -31.138  -32.507  26.538 0.0000000000
37200  -34.843  -31.757  26.759 0.0000000000
36301  -33.453  -32.557  26.709 0.0000000000
36284  -33.923  -33.298  27.111 0.0000000000
127711  -33.290  -33.127  27.001 0.0000000000
122066  -32.718  -32.359  26.477 0.0000000000
127237  -31.090  -33.950  28.804 0.0000000000
34676  -31.201  -34.397  29.609 0.0000000000
110065  -32.295  -35.183  32.892 0.0000000000
34601  -33.173  -35.549  33.172 0.0000000000
28877  -13.912  -41.869  36.233 0.0000000000
32265  -16.628  -38.616  34.150 0.0000000000
30633  -13.902  -39.961  33.669 0.0000000000
29782  -14.497  -40.305  34.769 0.0000000000
30615  -15.020  -39.885  34.886 0.0000000000
29772  -14.189  -40.753  35.042 0.0000000000
28888  -14.233  -41.240  35.713 0.0000000000
28878  -14.455  -41.440  36.598 0.0000000000
31391  -18.089  -38.964  41.726 0.0000000000
50430  -45.534  -17.218  19.129 0.0000000000
108934  -45.912  -17.290  19.870 0.0000000000
117069  -46.602  -16.973  19.939 0.0000000000
50419  -47.077  -16.861  20.472 0.0000000000
50403  -47.586  -16.647  21.074 0.0000000000
51369  -48.061  -16.242  21.758 0.0000000000
116599  -47.195  -13.943  20.058 0.0000000000
52213  -47.189  -14.695  19.874 0.0000000000
50385  -48.414  -16.109  22.643 0.0000000000
51347  -48.615  -15.887  23.283 0.0000000000
121022  -48.662  -15.209  23.592 0.0000000000
52176  -48.602  -14.378  23.370 0.0000000000
52163  -49.243  -14.721  24.433 0.0000000000
56499  -46.662  -9.631  17.515 0.0000000000
126804  -47.970  -10.064  19.355 0.0000000000
55608  -47.756  -10.792  19.355 0.0000000000
124310  -48.111  -11.376  20.718 0.0000000000
130702  -48.874  -11.545  22.521 0.0000000000
62643  -51.896  -3.606  14.440 0.0000000000
113229  -53.087  -3.133  13.816 0.0000000000
62654  -54.642  -2.531  13.232 0.0000000000
61818  -53.056  -3.313  11.539 0.0000000000
63556  -55.891  -1.658  12.873 0.0000000000
113191  -57.246  -0.497  12.457 0.0000000000
111229  -55.632  -0.469  9.350 0.0000000000
64491  -55.992  -0.192  10.063 0.0000000000
66258  -56.129  2.462  7.386 0.0000000000
23987  -7.676  -47.506  40.734 0.0000000000
25663  -10.455  -45.305  42.560 0.0000000000
25671  -7.951  -46.145  40.800 0.0000000000
25682  -8.541  -45.916  39.471 0.0000000000
25689  -8.436  -46.231  38.106 0.0000000000
26501  -10.666  -45.036  43.138 0.0000000000
26505  -10.502  -44.982  42.571 0.0000000000
26507  -9.416  -45.407  41.473 0.0000000000
26516  -11.220  -44.393  40.198 0.0000000000
27202  -10.793  -44.574  42.560 0.0000000000
27217  -10.983  -44.307  41.140 0.0000000000
28876  -13.359  -42.228  35.948 0.0000000000
31400  -18.097  -38.997  40.792 0.0000000000
33794  -32.663  -36.116  34.568 0.0000000000
33801  -21.530  -36.063  33.269 0.0000000000
39866  -47.323  -28.202  29.935 0.0000000000
44971  -50.121  -21.823  32.648 0.0000000000
46599  -49.570  -20.494  32.557 0.0000000000
46612  -49.116  -20.281  32.497 0.0000000000
46701  -45.498  -20.626  23.651 0.0000000000
48475  -43.997  -17.348  27.046 0.0000000000
49301  -48.794  -17.118  31.111 0.0000000000
50235  -48.242  -16.823  30.426 0.0000000000
50400  -44.644  -17.165  21.562 0.0000000000
51251  -47.988  -16.492  29.988 0.0000000000
51294  -49.497  -15.776  27.887 0.0000000000
52079  -50.096  -14.998  30.609 0.0000000000
52102  -49.950  -14.456  29.801 0.0000000000
52152  -49.366  -14.799  25.187 0.0000000000
52243  -45.685  -14.725  17.020 0.0000000000
60848  -53.665  -5.207  18.371 0.0000000000
65372  -57.361  1.018  10.639 0.0000000000
110819  -48.980  -21.028  32.450 0.0000000000
119592  -7.958  -46.953  41.137 0.0000000000
123747  -13.480  -42.682  40.058 0.0000000000
125562  -23.329  -36.802  37.738 0.0000000000
127961  -24.347  -35.476  34.023 0.0000000000
128006  -23.724  -36.546  36.500 0.0000000000
128600  -48.767  -19.544  32.224 0.0000000000
129784  -40.067  -35.314  29.388 0.0000000000
129930  -10.321  -43.556  35.198 0.0000000000
130587  -10.065  -45.228  41.831 0.0000000000
