#!ascii label  , from subject sub-v1s21x0050399_ses-1 vox2ras=TkReg
383
67090  31.069  1.710  -38.064 0.0000000000
58897  27.107  -7.044  -32.209 0.0000000000
72525  25.037  7.905  -40.302 0.0000000000
79291  23.815  13.740  -39.018 0.0000000000
126024  25.443  -8.520  -31.259 0.0000000000
74257  27.153  9.932  -38.839 0.0000000000
108148  27.498  11.403  -35.035 0.0000000000
67075  29.755  1.614  -34.917 0.0000000000
64336  29.624  -1.320  -33.226 0.0000000000
64373  32.220  -0.645  -35.264 0.0000000000
68043  32.914  2.710  -39.834 0.0000000000
64385  35.148  -0.194  -37.295 0.0000000000
68955  27.896  3.877  -40.574 0.0000000000
122708  28.723  6.489  -38.597 0.0000000000
79235  25.449  15.738  -35.226 0.0000000000
120886  27.449  15.326  -35.853 0.0000000000
113880  28.974  -5.938  -32.789 0.0000000000
72472  26.857  7.889  -35.348 0.0000000000
75087  26.658  10.676  -34.783 0.0000000000
66162  29.753  1.016  -36.799 0.0000000000
66154  30.731  0.463  -35.160 0.0000000000
66160  31.479  0.625  -37.142 0.0000000000
128842  26.434  -8.157  -31.861 0.0000000000
69863  25.624  4.797  -40.612 0.0000000000
70740  27.852  5.008  -39.321 0.0000000000
71600  26.345  6.500  -39.653 0.0000000000
74243  28.353  9.584  -36.853 0.0000000000
73395  28.316  9.309  -39.052 0.0000000000
79280  21.905  13.518  -37.537 0.0000000000
79236  24.421  16.141  -35.490 0.0000000000
80021  25.030  15.962  -37.625 0.0000000000
80829  26.029  17.692  -41.061 0.0000000000
80803  26.313  18.406  -38.879 0.0000000000
80791  26.506  17.469  -37.343 0.0000000000
80005  27.717  17.513  -37.359 0.0000000000
79247  28.353  15.440  -36.512 0.0000000000
63383  30.757  -2.533  -33.495 0.0000000000
62452  29.139  -3.390  -32.640 0.0000000000
57084  25.167  -9.938  -30.954 0.0000000000
108631  25.855  8.844  -39.779 0.0000000000
107605  26.750  8.570  -37.715 0.0000000000
74233  27.500  9.719  -36.238 0.0000000000
75085  28.063  11.160  -35.890 0.0000000000
65237  27.957  -0.809  -32.635 0.0000000000
66141  30.069  0.163  -33.847 0.0000000000
109138  31.276  -0.742  -34.367 0.0000000000
63399  31.981  -1.740  -34.457 0.0000000000
67097  32.101  2.160  -38.692 0.0000000000
110981  33.042  0.911  -38.011 0.0000000000
66173  34.907  1.210  -38.832 0.0000000000
68033  28.764  2.567  -37.344 0.0000000000
68932  27.658  3.271  -38.617 0.0000000000
68047  29.429  3.156  -38.372 0.0000000000
119868  30.177  3.764  -38.348 0.0000000000
69850  30.268  4.861  -38.342 0.0000000000
70727  30.745  5.559  -38.262 0.0000000000
109266  27.275  8.239  -39.252 0.0000000000
122801  29.654  7.754  -39.277 0.0000000000
108062  25.154  13.858  -35.435 0.0000000000
80032  25.553  15.598  -40.010 0.0000000000
80792  25.937  17.196  -37.145 0.0000000000
79234  26.562  15.452  -35.368 0.0000000000
76863  26.824  13.448  -35.316 0.0000000000
77680  27.496  13.501  -35.554 0.0000000000
77679  28.284  13.198  -35.627 0.0000000000
60669  26.845  -5.646  -31.942 0.0000000000
129577  28.175  -2.440  -32.258 0.0000000000
118342  33.163  -0.521  -36.363 0.0000000000
63417  33.463  -1.936  -35.897 0.0000000000
128055  25.888  9.863  -34.732 0.0000000000
122908  25.772  11.473  -34.739 0.0000000000
67084  30.339  1.503  -37.485 0.0000000000
66161  30.598  0.720  -37.074 0.0000000000
67083  31.026  1.140  -37.505 0.0000000000
55315  24.405  -11.381  -30.029 0.0000000000
56204  24.605  -10.528  -30.428 0.0000000000
110917  27.109  -8.079  -32.221 0.0000000000
71594  24.368  5.960  -40.920 0.0000000000
70730  25.549  5.752  -40.716 0.0000000000
72524  25.630  7.400  -40.811 0.0000000000
74218  28.430  10.603  -36.285 0.0000000000
78488  22.755  12.949  -38.474 0.0000000000
79261  23.573  15.270  -37.378 0.0000000000
79278  24.392  14.872  -38.430 0.0000000000
80802  27.066  18.154  -37.789 0.0000000000
80004  28.664  17.209  -37.711 0.0000000000
62471  31.180  -3.173  -33.583 0.0000000000
62472  30.429  -3.277  -33.221 0.0000000000
59767  25.706  -6.632  -31.586 0.0000000000
107604  26.424  7.732  -38.073 0.0000000000
124958  27.295  6.473  -35.458 0.0000000000
73362  26.924  8.895  -35.495 0.0000000000
73361  27.316  8.402  -36.112 0.0000000000
111948  27.260  9.991  -35.400 0.0000000000
74219  27.822  10.526  -36.229 0.0000000000
75086  27.633  10.804  -35.542 0.0000000000
78502  21.006  14.034  -39.838 0.0000000000
66142  29.203  0.448  -33.453 0.0000000000
67059  29.550  1.065  -34.174 0.0000000000
65273  31.977  -0.167  -35.748 0.0000000000
65266  31.172  -0.096  -34.704 0.0000000000
64363  31.949  -0.999  -34.736 0.0000000000
64352  31.367  -1.310  -34.193 0.0000000000
129756  32.324  -1.331  -34.882 0.0000000000
57969  24.957  -8.948  -30.906 0.0000000000
68044  32.479  2.518  -38.709 0.0000000000
66174  33.637  1.451  -38.612 0.0000000000
67095  34.102  1.892  -39.478 0.0000000000
68028  29.081  3.163  -36.214 0.0000000000
68950  27.105  3.750  -40.215 0.0000000000
68939  27.708  3.316  -39.599 0.0000000000
68048  28.829  2.885  -39.079 0.0000000000
124478  28.315  3.598  -38.989 0.0000000000
108658  29.319  3.811  -38.368 0.0000000000
68953  28.770  4.254  -38.378 0.0000000000
70720  28.238  5.914  -39.140 0.0000000000
69851  29.560  5.119  -38.286 0.0000000000
107627  29.442  5.862  -38.275 0.0000000000
70717  30.479  5.347  -38.296 0.0000000000
108235  29.901  5.867  -38.294 0.0000000000
74258  26.663  9.569  -39.009 0.0000000000
116227  26.924  8.758  -39.425 0.0000000000
73404  27.360  9.356  -39.611 0.0000000000
107630  29.097  8.655  -39.189 0.0000000000
107624  30.469  7.041  -39.024 0.0000000000
79980  25.321  16.487  -35.643 0.0000000000
78446  24.871  14.882  -35.278 0.0000000000
78445  26.052  14.903  -35.147 0.0000000000
80818  26.159  18.158  -39.811 0.0000000000
80052  25.729  16.708  -41.544 0.0000000000
80031  26.295  16.095  -39.363 0.0000000000
80804  26.253  17.506  -37.963 0.0000000000
79990  27.317  17.039  -36.671 0.0000000000
80779  26.561  17.156  -36.602 0.0000000000
126924  26.953  16.016  -35.687 0.0000000000
78444  27.056  14.356  -35.492 0.0000000000
126550  28.716  14.593  -36.515 0.0000000000
77693  27.876  13.848  -35.815 0.0000000000
77692  28.655  13.866  -36.176 0.0000000000
76843  28.202  12.412  -35.378 0.0000000000
60670  26.457  -5.044  -31.720 0.0000000000
64337  28.830  -1.114  -32.935 0.0000000000
64319  28.312  -1.594  -32.573 0.0000000000
64318  29.039  -1.783  -32.776 0.0000000000
61578  29.222  -4.352  -32.753 0.0000000000
61579  28.510  -3.952  -32.423 0.0000000000
60689  28.554  -5.078  -32.567 0.0000000000
60690  27.666  -5.561  -32.261 0.0000000000
65288  34.529  0.404  -36.965 0.0000000000
66158  33.563  0.613  -37.116 0.0000000000
65279  34.512  -0.197  -36.929 0.0000000000
71544  26.946  7.082  -34.859 0.0000000000
130519  26.289  8.141  -34.868 0.0000000000
74220  26.478  9.394  -34.981 0.0000000000
67079  29.366  1.635  -35.899 0.0000000000
66155  29.935  0.901  -35.715 0.0000000000
118818  30.595  0.520  -36.152 0.0000000000
65282  31.362  0.256  -36.434 0.0000000000
57983  26.046  -8.739  -31.701 0.0000000000
57102  26.405  -9.700  -31.821 0.0000000000
57101  27.336  -9.914  -32.170 0.0000000000
68944  33.287  3.109  -40.168 0.0000000000
67102  34.424  2.481  -40.259 0.0000000000
111681  25.760  4.142  -40.285 0.0000000000
69870  26.837  4.216  -40.565 0.0000000000
112584  27.891  4.347  -39.716 0.0000000000
70742  26.609  5.043  -40.637 0.0000000000
71593  27.267  6.065  -39.252 0.0000000000
72522  27.324  6.868  -39.299 0.0000000000
116100  27.265  9.884  -37.957 0.0000000000
128630  27.746  9.717  -38.869 0.0000000000
73373  27.996  9.764  -37.668 0.0000000000
73372  28.889  9.081  -37.213 0.0000000000
79992  25.173  16.940  -36.027 0.0000000000
80006  25.169  16.813  -36.673 0.0000000000
80790  27.004  17.516  -37.139 0.0000000000
78463  28.019  14.533  -36.088 0.0000000000
79989  28.306  16.574  -36.959 0.0000000000
79260  28.993  15.821  -37.045 0.0000000000
64335  30.286  -1.899  -33.366 0.0000000000
63369  29.202  -2.498  -32.680 0.0000000000
62473  29.681  -3.048  -32.870 0.0000000000
62451  29.826  -3.816  -32.946 0.0000000000
57085  24.452  -9.466  -30.442 0.0000000000
57970  24.254  -8.553  -30.452 0.0000000000
58898  25.724  -7.740  -31.455 0.0000000000
120111  26.445  -7.335  -31.886 0.0000000000
59766  26.556  -6.440  -31.922 0.0000000000
122933  25.053  7.999  -39.531 0.0000000000
108764  25.246  8.617  -40.810 0.0000000000
108220  25.657  8.515  -39.466 0.0000000000
108200  26.271  8.815  -38.791 0.0000000000
74251  26.813  9.499  -38.352 0.0000000000
72480  27.271  7.254  -35.861 0.0000000000
74245  27.033  9.178  -37.277 0.0000000000
74244  27.665  9.585  -37.022 0.0000000000
74232  28.071  10.193  -36.764 0.0000000000
78489  21.472  12.975  -38.391 0.0000000000
77711  22.214  13.033  -39.281 0.0000000000
77720  22.611  13.419  -40.021 0.0000000000
65236  29.429  -0.508  -33.302 0.0000000000
65257  30.087  -0.704  -33.597 0.0000000000
66151  30.632  0.192  -34.448 0.0000000000
65256  30.675  -0.406  -34.061 0.0000000000
64353  30.535  -1.234  -33.707 0.0000000000
63400  31.117  -1.858  -33.821 0.0000000000
62492  31.734  -2.644  -33.986 0.0000000000
67089  31.851  1.677  -38.290 0.0000000000
66169  31.703  1.165  -37.693 0.0000000000
67088  32.621  1.607  -38.475 0.0000000000
66167  34.092  0.665  -38.027 0.0000000000
66166  35.061  0.295  -38.073 0.0000000000
67094  35.201  1.853  -39.902 0.0000000000
65287  35.870  -0.307  -38.074 0.0000000000
67080  29.171  2.612  -35.898 0.0000000000
67085  29.536  1.758  -37.228 0.0000000000
67091  29.890  2.050  -38.045 0.0000000000
68041  28.253  2.899  -37.949 0.0000000000
68039  29.370  2.576  -38.252 0.0000000000
67099  30.660  2.462  -38.236 0.0000000000
123580  31.016  2.736  -38.310 0.0000000000
68056  30.975  3.265  -38.240 0.0000000000
68055  31.779  2.969  -38.206 0.0000000000
69868  28.335  4.633  -38.874 0.0000000000
68938  30.305  4.313  -38.353 0.0000000000
68946  31.734  3.587  -38.279 0.0000000000
68945  32.379  3.694  -38.309 0.0000000000
69860  32.156  4.012  -38.183 0.0000000000
113921  26.282  7.616  -39.951 0.0000000000
114721  26.605  7.310  -39.333 0.0000000000
72531  27.785  7.122  -39.298 0.0000000000
73403  28.312  9.155  -39.449 0.0000000000
123450  28.698  7.678  -39.361 0.0000000000
122935  29.006  6.686  -38.651 0.0000000000
108060  30.168  6.518  -38.364 0.0000000000
107590  25.198  12.406  -35.124 0.0000000000
78499  24.027  13.969  -40.158 0.0000000000
116685  24.606  15.051  -40.671 0.0000000000
79290  24.701  14.764  -39.560 0.0000000000
79277  25.556  15.505  -38.918 0.0000000000
119429  25.795  16.832  -37.429 0.0000000000
80780  25.901  17.082  -36.582 0.0000000000
79249  26.217  16.257  -35.542 0.0000000000
126143  26.097  13.369  -35.238 0.0000000000
108098  26.476  11.954  -34.804 0.0000000000
76844  27.440  12.174  -35.069 0.0000000000
76862  27.505  12.880  -35.334 0.0000000000
75990  28.100  11.763  -35.260 0.0000000000
116990  28.501  11.479  -35.342 0.0000000000
59765  27.184  -6.266  -32.179 0.0000000000
62454  27.642  -2.672  -32.006 0.0000000000
62453  28.468  -2.925  -32.305 0.0000000000
61580  27.860  -3.562  -32.010 0.0000000000
114466  27.860  -4.504  -32.153 0.0000000000
66159  32.468  0.696  -37.263 0.0000000000
65281  32.255  0.089  -36.495 0.0000000000
65272  32.666  -0.710  -35.846 0.0000000000
64379  33.845  -1.175  -36.945 0.0000000000
64380  33.383  -1.334  -36.274 0.0000000000
120569  32.972  -1.354  -35.682 0.0000000000
63409  32.768  -1.740  -35.145 0.0000000000
57103  25.631  -9.372  -31.402 0.0000000000
63384  29.964  -2.495  -33.066 0.0000000000
64364  31.748  -0.371  -34.986 0.0000000000
64372  32.492  -1.102  -35.247 0.0000000000
65274  31.333  0.133  -35.503 0.0000000000
65280  33.730  -0.093  -36.729 0.0000000000
66152  30.172  0.748  -34.672 0.0000000000
66168  32.307  1.149  -37.951 0.0000000000
67086  28.896  2.214  -36.798 0.0000000000
67096  32.875  2.095  -39.311 0.0000000000
67098  31.394  2.258  -38.376 0.0000000000
67103  33.587  2.454  -39.896 0.0000000000
68032  29.216  2.252  -37.683 0.0000000000
68038  30.073  2.795  -38.226 0.0000000000
68040  28.714  2.702  -38.313 0.0000000000
68045  31.661  2.593  -38.390 0.0000000000
68046  30.174  3.109  -38.273 0.0000000000
68049  28.116  2.902  -38.955 0.0000000000
68053  33.640  2.923  -40.506 0.0000000000
68054  32.675  2.975  -38.718 0.0000000000
68057  28.281  3.098  -39.567 0.0000000000
68060  28.655  4.054  -38.403 0.0000000000
68931  29.831  4.731  -38.320 0.0000000000
68936  31.635  4.244  -38.145 0.0000000000
68937  30.830  4.302  -38.327 0.0000000000
68947  30.867  3.661  -38.296 0.0000000000
68948  29.527  4.297  -38.270 0.0000000000
68949  28.054  3.482  -40.180 0.0000000000
68951  24.640  4.092  -40.110 0.0000000000
68954  28.207  3.949  -39.520 0.0000000000
69849  30.727  4.953  -38.328 0.0000000000
69861  31.317  4.988  -38.220 0.0000000000
69862  29.071  4.821  -38.278 0.0000000000
69864  24.531  4.627  -40.499 0.0000000000
69869  27.371  4.529  -40.175 0.0000000000
70718  29.026  5.523  -38.330 0.0000000000
70719  28.593  5.813  -38.452 0.0000000000
70728  28.478  5.296  -38.542 0.0000000000
70729  28.041  5.680  -39.238 0.0000000000
70739  29.609  6.474  -38.401 0.0000000000
70741  27.102  5.346  -39.536 0.0000000000
71557  27.229  6.575  -34.994 0.0000000000
71589  28.761  6.380  -38.526 0.0000000000
71599  30.064  6.077  -38.297 0.0000000000
71601  25.441  6.591  -40.522 0.0000000000
71606  26.104  7.605  -41.135 0.0000000000
72463  26.559  7.314  -34.837 0.0000000000
72471  27.129  7.273  -35.294 0.0000000000
72509  31.033  6.663  -38.030 0.0000000000
72510  27.794  6.320  -39.233 0.0000000000
72515  30.769  6.146  -38.199 0.0000000000
72516  25.072  6.783  -40.111 0.0000000000
72523  26.087  7.097  -40.382 0.0000000000
72532  26.108  7.542  -40.920 0.0000000000
72533  25.778  7.683  -41.177 0.0000000000
73374  27.046  8.095  -36.676 0.0000000000
73384  28.359  9.415  -38.310 0.0000000000
73385  27.617  9.786  -38.413 0.0000000000
73408  27.883  8.581  -39.261 0.0000000000
73409  26.191  8.986  -39.968 0.0000000000
73416  27.334  7.665  -39.289 0.0000000000
73417  26.483  8.042  -39.363 0.0000000000
73418  25.530  8.063  -41.174 0.0000000000
73427  26.257  7.880  -40.595 0.0000000000
73428  26.191  8.357  -40.883 0.0000000000
74256  27.596  9.626  -39.218 0.0000000000
74264  26.920  9.606  -39.314 0.0000000000
74270  26.203  8.468  -40.371 0.0000000000
77681  26.039  14.095  -35.316 0.0000000000
77721  21.820  13.511  -40.015 0.0000000000
78478  20.919  13.869  -37.793 0.0000000000
78490  20.806  13.819  -38.785 0.0000000000
78500  23.190  13.319  -39.580 0.0000000000
78501  21.390  13.336  -39.238 0.0000000000
78512  23.191  13.811  -40.526 0.0000000000
79248  27.554  16.202  -36.266 0.0000000000
79279  23.165  13.917  -37.842 0.0000000000
79991  25.990  16.886  -35.991 0.0000000000
81546  26.777  18.628  -38.597 0.0000000000
107616  25.474  8.796  -40.275 0.0000000000
107620  25.842  8.928  -40.828 0.0000000000
107621  26.107  8.018  -41.237 0.0000000000
107623  26.214  7.826  -41.039 0.0000000000
107628  29.286  6.258  -38.306 0.0000000000
107629  29.033  8.588  -39.652 0.0000000000
107631  29.219  8.279  -39.257 0.0000000000
107970  24.424  13.469  -35.542 0.0000000000
107972  25.681  12.947  -35.136 0.0000000000
108008  29.727  6.862  -39.040 0.0000000000
108087  25.113  8.377  -40.011 0.0000000000
108150  25.067  7.088  -39.752 0.0000000000
108257  26.351  9.151  -39.326 0.0000000000
108402  26.552  9.238  -39.580 0.0000000000
108448  28.883  6.209  -38.365 0.0000000000
108917  29.878  5.381  -38.252 0.0000000000
110247  26.457  5.802  -39.662 0.0000000000
115599  26.776  16.653  -36.069 0.0000000000
115810  32.938  0.140  -36.796 0.0000000000
116707  27.083  7.357  -36.859 0.0000000000
117694  29.649  -1.904  -33.016 0.0000000000
120591  26.164  8.069  -40.001 0.0000000000
122685  29.312  7.292  -39.290 0.0000000000
122778  28.470  7.027  -39.194 0.0000000000
122779  29.307  6.663  -38.805 0.0000000000
122800  29.239  6.940  -39.130 0.0000000000
122907  26.693  12.763  -35.056 0.0000000000
122909  29.488  8.326  -39.729 0.0000000000
122910  29.296  6.731  -38.959 0.0000000000
122911  28.018  7.431  -39.256 0.0000000000
122934  28.089  6.714  -39.286 0.0000000000
123548  27.937  8.041  -39.224 0.0000000000
126070  29.221  1.783  -36.585 0.0000000000
126196  28.538  -2.206  -32.475 0.0000000000
126711  31.156  -3.770  -33.404 0.0000000000
126926  28.738  3.709  -38.413 0.0000000000
127320  24.977  8.069  -40.148 0.0000000000
129205  30.560  1.908  -38.115 0.0000000000
129346  27.335  -4.077  -31.825 0.0000000000
129534  25.875  8.593  -41.304 0.0000000000
130111  29.979  -1.580  -33.273 0.0000000000
130627  28.539  8.171  -39.334 0.0000000000
131040  32.975  3.426  -39.386 0.0000000000
