#!ascii label  , from subject sub-v1s21x0050417_ses-1 vox2ras=TkReg
830
13266  -40.307  -69.980  -33.114 0.5000000000
14060  -39.903  -68.918  -34.319 0.8000000119
14048  -38.898  -68.926  -32.392 0.8000000119
14054  -40.021  -68.834  -34.619 0.8000000119
12469  -40.326  -71.367  -31.796 0.5000000000
13281  -40.338  -70.078  -34.244 0.5000000000
14056  -41.192  -69.310  -33.991 0.6000000238
14810  -38.879  -68.067  -30.742 0.6999999881
123119  -39.245  -68.465  -31.824 0.6999999881
14825  -40.944  -68.958  -34.729 0.8000000119
14826  -41.684  -68.670  -34.299 0.6999999881
12454  -40.785  -70.961  -31.030 0.6000000238
13267  -40.262  -70.496  -31.651 0.5000000000
14049  -40.568  -69.734  -31.951 0.6000000238
15601  -37.948  -67.459  -29.425 0.6999999881
14812  -41.589  -68.698  -31.043 0.6000000238
16400  -38.293  -66.771  -29.855 0.6999999881
14809  -38.249  -68.602  -29.965 0.6999999881
14811  -40.089  -68.099  -32.868 0.6999999881
14819  -41.686  -69.053  -32.885 0.6000000238
14813  -42.248  -67.829  -31.113 0.6000000238
15623  -41.362  -68.619  -34.360 0.8000000119
15624  -42.965  -67.921  -34.316 0.8000000119
14820  -42.626  -68.262  -32.742 0.6999999881
13246  -41.279  -70.545  -30.362 0.4000000060
13245  -40.573  -70.097  -30.830 0.6000000238
16399  -37.580  -66.690  -29.382 0.6999999881
17132  -38.260  -65.911  -30.220 0.6999999881
16409  -38.958  -66.439  -30.929 0.6999999881
15608  -39.586  -67.263  -31.452 0.6999999881
15615  -40.891  -67.404  -33.337 0.6999999881
16416  -42.065  -66.572  -34.240 0.6000000238
15617  -43.222  -67.711  -33.842 0.6999999881
17150  -41.611  -64.814  -31.578 0.5000000000
16410  -40.372  -66.348  -32.454 0.6000000238
17168  -43.175  -65.277  -34.229 0.6000000238
17945  -43.104  -64.359  -34.027 0.6000000238
17961  -42.797  -64.535  -34.314 0.6000000238
17944  -42.248  -63.950  -33.170 0.5000000000
13230  -41.745  -70.223  -29.692 0.4000000060
13229  -41.067  -69.818  -30.098 0.5000000000
17146  -37.021  -64.637  -31.237 0.6999999881
14028  -41.243  -69.111  -29.941 0.6000000238
14804  -41.598  -68.200  -29.650 0.6000000238
17148  -38.871  -65.443  -31.271 0.6999999881
134896  -41.739  -67.408  -30.132 0.6000000238
17149  -39.772  -65.380  -32.216 0.6999999881
15602  -41.511  -66.644  -30.074 0.5000000000
16402  -41.104  -65.696  -30.181 0.6000000238
17160  -41.291  -64.979  -33.823 0.6999999881
17134  -40.698  -64.703  -30.400 0.5000000000
124762  -41.331  -63.721  -32.937 0.5000000000
17144  -34.468  -65.070  -30.896 0.6000000238
118130  -34.765  -62.974  -31.615 0.6000000238
14019  -42.600  -69.520  -28.495 0.5000000000
14005  -42.246  -68.896  -28.056 0.5000000000
17145  -35.378  -64.853  -31.127 0.6999999881
124840  -36.212  -65.039  -30.652 0.6999999881
14029  -41.593  -69.567  -29.406 0.5000000000
14794  -41.322  -68.132  -28.527 0.5000000000
14777  -41.227  -68.102  -27.743 0.4000000060
123187  -40.860  -67.721  -28.106 0.5000000000
17147  -38.151  -64.803  -31.359 0.6999999881
126631  -38.373  -63.978  -32.716 0.6999999881
15594  -41.150  -67.369  -29.001 0.5000000000
17159  -39.129  -64.366  -32.413 0.6999999881
120289  -40.171  -64.201  -33.113 0.6000000238
16387  -40.735  -66.400  -29.089 0.5000000000
17956  -41.120  -64.047  -33.418 0.6000000238
16401  -40.347  -65.493  -29.268 0.5000000000
18811  -40.163  -63.357  -32.605 0.5000000000
17943  -40.582  -63.164  -31.900 0.5000000000
17931  -40.379  -63.752  -30.609 0.5000000000
18783  -39.297  -63.015  -28.840 0.3000000119
14764  -42.189  -67.942  -26.843 0.3000000119
18805  -33.214  -63.788  -31.603 0.6000000238
18806  -34.405  -63.820  -31.708 0.6000000238
14778  -41.826  -68.354  -27.527 0.4000000060
15581  -41.385  -67.849  -26.991 0.4000000060
17954  -35.842  -64.053  -31.974 0.6000000238
138185  -36.694  -63.894  -32.147 0.6999999881
17942  -37.385  -64.014  -32.253 0.6999999881
16386  -40.084  -66.041  -28.297 0.5000000000
17115  -39.828  -65.282  -28.580 0.5000000000
17955  -39.389  -63.666  -33.009 0.5000000000
17905  -39.486  -64.608  -28.436 0.4000000060
17133  -40.009  -64.623  -29.402 0.3000000119
17917  -39.121  -63.844  -28.217 0.4000000060
18793  -40.169  -63.013  -30.770 0.5000000000
18792  -39.942  -62.591  -29.950 0.4000000060
19745  -32.772  -62.935  -31.633 0.6000000238
19746  -33.815  -63.022  -31.635 0.6000000238
136933  -34.213  -62.434  -31.359 0.6000000238
20661  -34.903  -62.251  -31.111 0.6000000238
19732  -35.630  -62.088  -30.515 0.6000000238
16371  -40.287  -67.113  -27.138 0.3000000119
15579  -40.399  -67.042  -28.043 0.4000000060
18808  -36.532  -63.435  -32.095 0.6000000238
17091  -39.583  -65.934  -26.644 0.3000000119
131603  -37.339  -63.204  -32.268 0.6000000238
126335  -38.249  -63.556  -32.816 0.6999999881
17090  -39.170  -65.139  -26.731 0.3000000119
17103  -39.492  -65.487  -27.638 0.3000000119
19749  -37.662  -62.845  -31.921 0.6000000238
17887  -38.778  -64.367  -26.593 0.3000000119
17904  -39.042  -64.577  -27.485 0.3000000119
126735  -38.303  -62.495  -30.946 0.5000000000
18809  -38.022  -63.191  -32.598 0.5000000000
18810  -38.962  -63.280  -32.680 0.5000000000
138270  -38.809  -63.279  -27.925 0.3000000119
18771  -38.665  -63.822  -27.302 0.3000000119
18797  -39.611  -62.825  -31.669 0.5000000000
19701  -38.874  -62.549  -28.166 0.3000000119
116063  -39.275  -62.420  -30.950 0.5000000000
20633  -39.951  -61.232  -29.432 0.4000000060
134461  -39.679  -62.083  -29.270 0.3000000119
122629  -32.741  -61.356  -31.037 0.5000000000
132096  -33.533  -61.405  -30.773 0.6000000238
20651  -34.171  -61.811  -30.852 0.5000000000
19720  -36.152  -61.979  -29.993 0.6000000238
20639  -35.670  -61.570  -29.614 0.5000000000
19686  -38.202  -62.791  -26.248 0.3000000119
19748  -36.788  -62.845  -31.736 0.6000000238
19669  -38.157  -61.938  -26.071 0.3000000119
115790  -38.417  -63.054  -27.200 0.3000000119
19734  -37.257  -62.518  -30.818 0.6000000238
21525  -39.405  -60.675  -30.151 0.5000000000
19722  -39.918  -61.918  -30.024 0.4000000060
22328  -40.041  -59.712  -29.770 0.4000000060
20650  -33.211  -60.790  -30.347 0.5000000000
21511  -33.632  -60.391  -29.540 0.5000000000
21512  -34.352  -60.597  -29.251 0.5000000000
121919  -34.901  -61.660  -30.219 0.5000000000
21513  -34.921  -61.053  -29.403 0.5000000000
20569  -38.712  -61.698  -24.783 0.3000000119
20590  -38.344  -61.642  -25.366 0.3000000119
20640  -36.360  -61.644  -29.566 0.6000000238
20641  -37.103  -61.300  -29.426 0.6000000238
20652  -37.841  -61.919  -30.159 0.5000000000
20653  -39.017  -61.688  -30.390 0.5000000000
133154  -39.716  -60.862  -28.831 0.4000000060
23080  -40.103  -59.128  -29.626 0.4000000060
22324  -33.290  -59.647  -29.174 0.5000000000
22325  -34.129  -60.013  -28.829 0.5000000000
22311  -34.783  -59.605  -28.441 0.5000000000
128477  -39.296  -62.001  -24.556 0.4000000060
21443  -38.622  -60.373  -24.654 0.4000000060
21503  -35.621  -60.808  -29.018 0.5000000000
21504  -36.449  -60.562  -29.019 0.5000000000
21465  -38.356  -60.850  -25.057 0.4000000060
123746  -38.072  -60.178  -25.710 0.3000000119
126929  -36.288  -59.108  -28.675 0.4000000060
20622  -38.212  -60.485  -26.690 0.3000000119
22313  -36.636  -59.829  -28.894 0.5000000000
22326  -37.640  -60.236  -29.368 0.4000000060
23091  -38.508  -59.254  -29.915 0.4000000060
23092  -40.157  -59.124  -30.034 0.4000000060
23075  -33.457  -58.448  -28.623 0.5000000000
23076  -34.199  -58.278  -28.445 0.5000000000
135339  -34.690  -58.862  -28.357 0.5000000000
21444  -39.135  -60.384  -24.391 0.4000000060
23077  -35.405  -59.009  -28.395 0.5000000000
23841  -35.461  -57.405  -28.663 0.4000000060
21442  -38.285  -59.921  -24.929 0.4000000060
129325  -37.992  -59.250  -25.520 0.4000000060
23078  -35.898  -58.256  -28.613 0.4000000060
21482  -38.125  -59.401  -26.610 0.4000000060
22314  -37.312  -59.220  -29.235 0.4000000060
23090  -38.034  -58.390  -29.900 0.4000000060
23100  -39.327  -58.307  -30.564 0.4000000060
22337  -39.384  -59.237  -30.219 0.4000000060
138869  -40.102  -57.622  -30.655 0.4000000060
23856  -39.999  -57.654  -29.948 0.4000000060
23857  -40.113  -58.437  -30.096 0.4000000060
24606  -33.461  -56.701  -28.718 0.5000000000
24607  -34.297  -56.428  -28.780 0.4000000060
23036  -38.949  -59.063  -24.239 0.4000000060
22265  -38.737  -59.753  -24.479 0.4000000060
23840  -34.441  -57.308  -28.552 0.5000000000
24608  -35.072  -56.574  -28.840 0.4000000060
23842  -36.370  -57.512  -29.070 0.4000000060
23061  -37.812  -58.489  -26.144 0.4000000060
23854  -37.348  -57.602  -29.907 0.4000000060
137637  -39.479  -57.859  -29.105 0.3000000119
115993  -39.979  -58.079  -30.542 0.4000000060
25340  -33.831  -55.820  -28.987 0.4000000060
25341  -34.700  -55.826  -29.149 0.4000000060
23035  -38.145  -58.165  -24.661 0.4000000060
24622  -35.515  -56.008  -29.510 0.4000000060
24609  -35.908  -56.774  -29.246 0.4000000060
25361  -35.963  -55.448  -30.328 0.4000000060
24623  -36.365  -56.303  -30.118 0.4000000060
125063  -36.696  -56.983  -29.793 0.4000000060
24624  -37.628  -56.764  -31.120 0.4000000060
23855  -38.544  -57.671  -30.900 0.4000000060
23862  -39.411  -57.590  -31.277 0.4000000060
24625  -39.857  -56.627  -30.124 0.4000000060
25374  -40.915  -56.075  -32.083 0.4000000060
24626  -40.349  -56.805  -31.068 0.4000000060
25359  -34.262  -55.081  -29.376 0.4000000060
26156  -34.739  -54.396  -29.930 0.4000000060
25360  -35.136  -55.208  -29.739 0.4000000060
26157  -35.668  -54.532  -30.446 0.4000000060
25371  -36.794  -55.794  -30.958 0.4000000060
24611  -38.785  -56.344  -29.021 0.4000000060
25372  -37.826  -55.493  -31.780 0.4000000060
24637  -40.106  -56.015  -32.724 0.4000000060
25383  -39.259  -55.244  -32.539 0.4000000060
25384  -40.235  -55.404  -32.878 0.4000000060
25373  -40.951  -55.427  -32.178 0.4000000060
123934  -34.408  -53.567  -29.996 0.4000000060
27059  -35.100  -52.784  -30.214 0.4000000060
27060  -35.381  -53.654  -30.388 0.4000000060
27073  -36.232  -52.950  -30.722 0.4000000060
26169  -36.397  -53.712  -30.987 0.4000000060
28004  -37.071  -52.430  -30.816 0.4000000060
26158  -36.806  -54.693  -31.209 0.4000000060
122885  -37.374  -53.718  -31.501 0.4000000060
27075  -38.230  -53.196  -31.796 0.4000000060
25342  -39.450  -55.611  -30.152 0.3000000119
26171  -38.993  -55.220  -31.631 0.4000000060
119939  -40.113  -55.048  -31.174 0.4000000060
27995  -34.384  -52.148  -29.985 0.4000000060
28921  -34.676  -51.578  -29.722 0.4000000060
29846  -34.937  -50.584  -28.798 0.4000000060
28929  -35.384  -52.045  -30.053 0.4000000060
28905  -35.867  -51.104  -29.255 0.4000000060
27074  -37.267  -53.005  -31.270 0.4000000060
135033  -37.550  -51.924  -30.705 0.4000000060
127293  -38.294  -55.419  -28.808 0.4000000060
28013  -38.179  -53.358  -31.807 0.4000000060
26160  -39.324  -54.239  -30.734 0.5000000000
27076  -38.597  -53.761  -31.222 0.5000000000
134875  -34.899  -49.221  -27.804 0.4000000060
31595  -35.712  -49.071  -27.828 0.4000000060
128607  -35.428  -49.846  -28.166 0.4000000060
31575  -36.819  -47.985  -28.086 0.4000000060
28005  -37.699  -52.682  -31.215 0.4000000060
27062  -38.338  -53.645  -30.263 0.5000000000
32456  -36.100  -47.273  -27.571 0.4000000060
31574  -35.940  -48.182  -27.641 0.4000000060
31576  -37.163  -47.367  -28.231 0.4000000060
127395  -37.126  -51.858  -30.306 0.4000000060
117253  -38.309  -51.724  -29.221 0.5000000000
33401  -36.958  -46.517  -27.875 0.4000000060
33416  -37.481  -46.664  -28.461 0.4000000060
33424  -38.072  -46.485  -29.919 0.4000000060
29850  -38.512  -50.135  -30.298 0.5000000000
35086  -37.762  -44.879  -29.139 0.4000000060
34202  -37.222  -45.758  -27.970 0.4000000060
34219  -37.617  -45.665  -28.648 0.4000000060
34232  -38.184  -45.724  -30.467 0.4000000060
33436  -38.654  -46.517  -31.508 0.5000000000
34218  -36.923  -45.139  -27.679 0.4000000060
20654  -39.658  -61.551  -30.202 0.5000000000
21515  -39.843  -60.408  -29.923 0.5000000000
21505  -40.034  -60.302  -29.482 0.4000000060
12486  -39.608  -71.122  -33.473 0.5000000000
14053  -38.807  -69.045  -33.540 0.8000000119
14047  -37.984  -69.439  -31.135 0.8000000119
14038  -37.882  -69.244  -30.125 0.6999999881
12488  -40.624  -72.120  -32.418 0.5000000000
14802  -37.642  -68.858  -29.185 0.6999999881
12471  -42.363  -71.644  -31.803 0.5000000000
15600  -37.357  -67.607  -28.932 0.6999999881
13247  -42.170  -70.774  -30.171 0.4000000060
12455  -41.715  -71.235  -30.856 0.4000000060
17131  -37.281  -65.522  -30.033 0.6999999881
17940  -35.080  -64.446  -31.532 0.6999999881
13218  -42.969  -70.070  -28.928 0.4000000060
14020  -43.418  -69.630  -28.434 0.4000000060
17939  -33.969  -64.720  -31.241 0.6000000238
14765  -43.069  -67.973  -26.895 0.4000000060
18804  -32.049  -63.826  -31.571 0.6000000238
20659  -32.286  -62.075  -31.527 0.5000000000
21524  -32.286  -60.617  -30.598 0.5000000000
21510  -32.799  -60.092  -29.892 0.5000000000
23074  -32.820  -58.152  -28.813 0.4000000060
25358  -33.343  -55.101  -29.233 0.4000000060
26155  -33.750  -54.244  -29.567 0.4000000060
117660  -33.255  -52.931  -29.726 0.4000000060
136905  -33.631  -52.332  -29.816 0.4000000060
29860  -34.232  -50.933  -29.439 0.4000000060
30746  -34.428  -49.700  -28.418 0.4000000060
32455  -35.249  -47.510  -27.229 0.4000000060
33399  -35.458  -46.626  -27.169 0.4000000060
35085  -37.429  -44.758  -28.158 0.4000000060
125369  -39.562  -68.853  -34.847 0.8000000119
14818  -39.873  -68.553  -33.431 0.8000000119
14039  -38.552  -68.819  -30.859 0.6999999881
14040  -40.934  -69.461  -30.947 0.6000000238
15609  -42.330  -66.918  -31.222 0.6999999881
16421  -43.049  -66.902  -34.333 0.6999999881
16411  -42.034  -65.891  -31.337 0.6000000238
17162  -43.329  -65.328  -33.670 0.6000000238
17941  -36.164  -64.353  -31.685 0.6999999881
18807  -35.429  -63.581  -31.869 0.6000000238
14006  -43.007  -69.111  -27.912 0.5000000000
14004  -41.660  -68.589  -28.238 0.5000000000
15563  -40.850  -67.316  -26.608 0.3000000119
19723  -39.956  -62.694  -30.745 0.5000000000
21514  -38.413  -60.994  -29.892 0.5000000000
19736  -39.725  -62.429  -30.608 0.5000000000
23101  -39.865  -58.898  -30.238 0.4000000060
22327  -38.942  -60.021  -30.144 0.4000000060
22315  -39.937  -59.637  -29.180 0.4000000060
23868  -40.522  -56.533  -32.270 0.4000000060
119711  -38.820  -56.199  -32.239 0.4000000060
27994  -34.048  -52.850  -29.952 0.4000000060
26181  -39.244  -55.042  -32.441 0.4000000060
33417  -37.774  -46.321  -29.140 0.4000000060
116834  -28.638  -75.314  -33.567 0.4000000060
9498  -29.677  -74.973  -32.624 0.4000000060
10188  -30.212  -74.350  -32.291 0.4000000060
10177  -31.603  -74.044  -31.725 0.4000000060
10186  -28.779  -73.793  -33.175 0.4000000060
10937  -29.975  -73.326  -32.703 0.4000000060
10938  -31.337  -73.097  -32.471 0.4000000060
135921  -30.558  -72.979  -32.870 0.4000000060
11676  -32.800  -72.759  -32.422 0.5000000000
10953  -29.420  -72.999  -33.656 0.4000000060
11687  -30.173  -72.921  -34.086 0.4000000060
117203  -30.993  -72.798  -34.152 0.5000000000
124326  -32.437  -72.624  -33.628 0.5000000000
11706  -33.462  -73.056  -35.149 0.6000000238
11699  -27.928  -72.214  -33.700 0.4000000060
11701  -29.467  -72.298  -34.173 0.4000000060
11702  -30.614  -72.605  -34.773 0.4000000060
123769  -33.345  -72.625  -33.376 0.5000000000
12456  -42.776  -71.255  -30.886 0.3000000119
13248  -43.110  -70.749  -30.120 0.4000000060
14007  -43.838  -69.101  -27.985 0.3000000119
11688  -34.104  -72.690  -33.923 0.5000000000
11711  -41.105  -73.158  -34.243 0.5000000000
12489  -41.916  -72.140  -32.718 0.4000000060
13275  -29.415  -70.414  -33.228 0.4000000060
11703  -31.355  -72.624  -35.082 0.5000000000
11705  -32.613  -72.981  -34.944 0.5000000000
12500  -28.380  -71.120  -33.547 0.4000000060
12502  -30.144  -71.844  -34.494 0.4000000060
11707  -34.238  -73.067  -35.074 0.6000000238
11708  -35.290  -72.931  -34.980 0.6000000238
135452  -35.773  -72.748  -35.636 0.6999999881
11691  -40.169  -72.459  -33.323 0.5000000000
10964  -36.531  -73.372  -35.096 0.6999999881
10977  -38.853  -73.819  -36.088 0.6999999881
11722  -39.662  -73.156  -35.049 0.6999999881
11721  -36.977  -73.250  -36.017 0.6999999881
11725  -38.661  -73.084  -36.376 0.6999999881
11717  -31.825  -72.317  -35.288 0.5000000000
11718  -32.136  -72.610  -35.265 0.6000000238
12506  -32.976  -72.764  -35.492 0.6000000238
12513  -34.903  -72.348  -35.529 0.6000000238
13289  -29.850  -70.833  -33.820 0.4000000060
13276  -31.202  -70.635  -34.061 0.5000000000
12505  -32.508  -71.700  -35.251 0.6000000238
11720  -34.413  -72.760  -35.437 0.6000000238
12514  -36.084  -71.994  -35.778 0.6000000238
11723  -36.881  -72.505  -36.123 0.6000000238
14780  -43.487  -68.547  -27.469 0.3000000119
11724  -37.719  -72.875  -36.317 0.6999999881
11709  -39.504  -72.274  -34.729 0.6000000238
12487  -39.821  -71.721  -32.625 0.5000000000
12463  -30.672  -70.947  -32.562 0.6000000238
12484  -31.849  -70.783  -33.443 0.6000000238
12485  -32.776  -70.879  -32.858 0.6999999881
13292  -33.204  -71.164  -34.907 0.6000000238
13293  -34.159  -70.829  -34.745 0.6000000238
13304  -35.542  -71.285  -35.287 0.6000000238
12482  -30.384  -70.605  -33.553 0.5000000000
12504  -32.022  -71.470  -34.972 0.6000000238
12516  -37.382  -71.317  -35.979 0.6000000238
12517  -37.944  -71.843  -36.297 0.6999999881
13309  -39.338  -70.582  -36.155 0.6999999881
12519  -39.373  -71.708  -36.144 0.6999999881
11690  -39.524  -72.014  -33.561 0.6000000238
12515  -39.593  -71.240  -35.816 0.6999999881
12465  -32.289  -71.261  -31.933 0.6000000238
13261  -33.645  -70.859  -32.457 0.6999999881
13277  -33.939  -70.578  -33.575 0.6999999881
13294  -35.153  -70.647  -34.589 0.6000000238
120067  -40.027  -70.088  -35.366 0.5000000000
13305  -36.770  -70.711  -35.393 0.6999999881
13308  -38.745  -70.663  -36.184 0.6999999881
12507  -39.526  -71.077  -34.611 0.6000000238
13263  -35.735  -70.568  -32.274 0.6999999881
13280  -37.667  -69.621  -33.067 0.6999999881
13262  -34.675  -70.780  -32.147 0.6999999881
13279  -36.663  -70.096  -32.720 0.6000000238
127616  -37.046  -69.677  -33.964 0.5000000000
13278  -34.895  -70.482  -33.503 0.6999999881
128932  -35.913  -70.186  -33.629 0.6000000238
13296  -37.589  -69.664  -34.982 0.6999999881
14059  -39.165  -69.108  -35.275 0.5000000000
13295  -36.279  -70.244  -34.669 0.6000000238
13297  -38.720  -69.286  -35.394 0.6999999881
13298  -39.513  -70.008  -35.567 0.6000000238
13265  -37.311  -69.985  -31.257 0.6999999881
121080  -37.943  -69.577  -32.144 0.6999999881
118844  -38.520  -69.129  -34.580 0.6000000238
10187  -29.381  -74.036  -32.680 0.4000000060
131823  -31.906  -72.589  -32.996 0.4000000060
11700  -28.785  -71.972  -33.931 0.4000000060
11686  -30.059  -72.583  -34.427 0.4000000060
124827  -30.828  -72.029  -34.838 0.4000000060
12501  -29.320  -71.372  -33.952 0.4000000060
10978  -39.274  -73.444  -36.064 0.6999999881
118176  -39.546  -72.624  -35.906 0.6999999881
133789  -33.673  -72.024  -35.488 0.6000000238
13303  -34.496  -71.691  -35.316 0.6000000238
13291  -32.459  -70.730  -34.283 0.6000000238
12466  -33.164  -71.200  -31.500 0.5000000000
13260  -29.852  -70.652  -32.669 0.4000000060
12448  -30.948  -71.509  -31.401 0.5000000000
12467  -34.065  -71.122  -31.150 0.6000000238
13258  -28.224  -70.272  -32.074 0.4000000060
12446  -28.717  -71.117  -31.134 0.5000000000
12449  -31.768  -71.457  -30.980 0.5000000000
12451  -33.544  -71.666  -30.312 0.5000000000
12452  -34.410  -71.612  -30.045 0.5000000000
136766  -35.352  -70.833  -31.512 0.6000000238
116771  -35.929  -70.773  -30.998 0.5000000000
13242  -35.878  -70.872  -29.773 0.6999999881
12453  -35.085  -71.287  -29.715 0.6000000238
13228  -36.642  -70.347  -29.183 0.6000000238
13240  -28.166  -71.044  -30.483 0.5000000000
12436  -29.582  -71.497  -30.118 0.5000000000
12438  -32.064  -71.812  -29.869 0.5000000000
12440  -33.872  -71.964  -29.305 0.5000000000
12439  -32.949  -71.957  -29.592 0.5000000000
13243  -36.770  -70.362  -30.351 0.6000000238
12442  -35.427  -71.209  -28.994 0.6000000238
14027  -37.007  -69.619  -28.777 0.5000000000
120313  -37.684  -68.093  -29.104 0.6000000238
12435  -28.703  -71.311  -29.936 0.5000000000
121796  -31.452  -71.914  -29.224 0.5000000000
12420  -31.779  -71.815  -28.387 0.5000000000
12421  -33.136  -72.039  -28.772 0.5000000000
128048  -34.329  -71.731  -28.694 0.5000000000
14037  -37.290  -69.756  -29.580 0.6000000238
12424  -35.593  -70.785  -28.367 0.5000000000
14015  -36.611  -69.369  -28.362 0.6000000238
12417  -28.630  -71.199  -29.038 0.5000000000
116562  -29.893  -71.615  -28.991 0.5000000000
12419  -30.766  -71.701  -28.504 0.5000000000
13198  -32.771  -70.840  -27.167 0.5000000000
13182  -33.106  -70.115  -26.836 0.6000000238
12404  -33.239  -71.519  -27.891 0.4000000060
119118  -33.556  -68.536  -27.356 0.4000000060
13199  -33.676  -70.736  -27.316 0.5000000000
13200  -34.489  -70.497  -27.478 0.5000000000
12405  -34.240  -71.242  -27.984 0.4000000060
15578  -34.008  -67.960  -27.741 0.5000000000
14002  -34.722  -69.705  -27.431 0.5000000000
15590  -33.257  -67.268  -28.131 0.4000000060
14003  -35.360  -69.827  -27.706 0.6000000238
14014  -35.895  -69.632  -28.060 0.6000000238
15599  -36.913  -67.098  -28.865 0.6000000238
16398  -36.661  -66.324  -29.196 0.6000000238
14775  -34.501  -68.812  -27.503 0.5000000000
16383  -33.638  -66.618  -28.702 0.5000000000
17114  -34.541  -66.086  -29.247 0.5000000000
14790  -35.019  -68.264  -27.906 0.5000000000
17128  -32.487  -65.991  -30.227 0.4000000060
16396  -33.378  -66.210  -29.603 0.5000000000
16384  -35.037  -66.661  -28.575 0.6000000238
15592  -35.584  -67.591  -28.267 0.6000000238
16397  -35.656  -66.113  -29.136 0.6000000238
17129  -33.908  -65.761  -30.218 0.5000000000
19744  -31.710  -62.923  -31.621 0.3000000119
118886  -31.592  -65.786  -30.838 0.4000000060
17938  -32.651  -65.035  -31.053 0.5000000000
17130  -35.215  -65.381  -30.037 0.6000000238
23838  -32.723  -57.336  -28.789 0.3000000119
23087  -32.279  -58.588  -29.335 0.3000000119
22323  -32.485  -59.338  -29.578 0.4000000060
20649  -31.721  -61.314  -31.203 0.4000000060
25357  -32.454  -55.178  -29.236 0.3000000119
27057  -33.022  -53.676  -29.568 0.3000000119
29859  -33.301  -50.681  -29.514 0.3000000119
29845  -33.902  -50.130  -29.150 0.3000000119
31594  -34.124  -48.900  -28.001 0.3000000119
32454  -34.474  -47.623  -27.315 0.3000000119
33398  -34.609  -46.835  -27.119 0.3000000119
34201  -36.649  -45.788  -27.529 0.3000000119
17951  -32.356  -64.610  -31.347 0.5000000000
24605  -32.497  -56.550  -28.916 0.3000000119
116376  -31.188  -71.699  -30.243 0.5000000000
13215  -35.014  -70.738  -27.937 0.5000000000
16385  -36.122  -66.915  -28.659 0.6000000238
11692  -41.474  -72.640  -33.580 0.3000000119
125781  -39.420  -74.169  -35.217 0.6000000238
10972  -39.617  -73.650  -35.305 0.6000000238
13250  -45.849  -70.512  -30.764 0.3000000119
138812  -44.841  -71.026  -31.658 0.3000000119
12457  -43.934  -71.064  -31.007 0.3000000119
12473  -44.434  -71.401  -32.403 0.3000000119
12472  -43.459  -71.560  -32.002 0.3000000119
10205  -40.314  -74.186  -34.695 0.6000000238
10973  -40.561  -73.705  -34.660 0.5000000000
14042  -46.552  -69.753  -30.542 0.3000000119
13234  -45.354  -70.208  -30.075 0.3000000119
13233  -44.682  -70.182  -29.635 0.3000000119
119614  -43.964  -70.552  -29.927 0.3000000119
128332  -44.069  -71.833  -33.326 0.3000000119
11693  -42.769  -72.524  -33.926 0.3000000119
10974  -41.749  -73.685  -34.484 0.4000000060
123248  -28.626  -70.268  -32.883 0.4000000060
14814  -46.781  -68.877  -30.257 0.3000000119
14032  -46.154  -69.291  -29.742 0.3000000119
14805  -45.677  -68.867  -28.990 0.3000000119
14031  -45.362  -69.656  -29.422 0.3000000119
10170  -33.180  -74.472  -30.924 0.5000000000
10172  -34.361  -74.265  -30.245 0.5000000000
9499  -30.516  -75.296  -32.354 0.4000000060
9496  -31.901  -75.185  -31.616 0.4000000060
10178  -32.481  -74.352  -31.319 0.4000000060
126976  -33.445  -75.769  -30.493 0.5000000000
10942  -35.936  -73.265  -32.258 0.5000000000
139005  -35.141  -73.475  -30.871 0.5000000000
10179  -33.056  -73.816  -31.180 0.5000000000
128775  -34.210  -73.761  -30.697 0.5000000000
10955  -37.472  -74.204  -33.050 0.6000000238
10943  -36.759  -73.673  -32.579 0.6000000238
11679  -35.123  -73.131  -31.808 0.5000000000
10939  -32.291  -73.285  -31.747 0.3000000119
122967  -33.106  -73.219  -31.608 0.4000000060
10941  -34.435  -73.311  -31.276 0.5000000000
10191  -38.957  -74.863  -33.431 0.6000000238
10965  -37.454  -73.959  -34.245 0.6000000238
10954  -36.064  -73.216  -33.625 0.6000000238
11678  -34.309  -72.789  -32.491 0.4000000060
11689  -35.064  -72.777  -33.376 0.5000000000
10201  -39.648  -74.752  -34.232 0.6000000238
12508  -43.843  -72.340  -34.055 0.3000000119
10207  -41.973  -74.003  -34.514 0.4000000060
10966  -38.150  -74.191  -34.666 0.6000000238
12491  -44.965  -71.746  -33.721 0.3000000119
13268  -45.610  -70.824  -31.790 0.3000000119
10975  -42.876  -73.287  -34.513 0.3000000119
10206  -41.287  -74.100  -34.538 0.5000000000
10970  -37.605  -73.754  -35.381 0.6000000238
10200  -38.881  -74.555  -34.548 0.6000000238
10190  -38.189  -74.522  -33.727 0.6000000238
11713  -43.454  -72.920  -34.430 0.3000000119
10180  -38.237  -74.662  -32.571 0.5000000000
10181  -39.032  -74.919  -32.314 0.5000000000
10192  -39.708  -74.904  -33.191 0.5000000000
10182  -39.779  -74.714  -32.157 0.4000000060
10183  -40.509  -74.778  -32.988 0.5000000000
137684  -39.173  -74.561  -31.589 0.5000000000
10945  -38.376  -74.480  -31.372 0.5000000000
118141  -39.802  -74.092  -31.249 0.4000000060
10946  -40.693  -74.197  -31.811 0.4000000060
10956  -41.384  -74.510  -32.839 0.4000000060
124121  -40.359  -74.840  -33.956 0.5000000000
121338  -36.664  -73.749  -31.476 0.5000000000
10944  -37.510  -74.228  -31.815 0.5000000000
10194  -41.785  -74.430  -33.730 0.4000000060
6816  -36.248  -79.888  -34.897 0.3000000119
6147  -37.059  -80.316  -34.870 0.3000000119
6137  -36.877  -80.585  -33.963 0.3000000119
6124  -36.682  -80.577  -32.221 0.3000000119
6125  -37.545  -80.818  -32.102 0.4000000060
6136  -36.342  -80.445  -33.058 0.3000000119
6123  -35.839  -80.133  -32.298 0.3000000119
6093  -37.610  -80.477  -30.692 0.4000000060
6092  -36.881  -80.323  -30.620 0.4000000060
124058  -36.251  -80.326  -31.630 0.3000000119
135914  -35.329  -79.773  -32.056 0.3000000119
6747  -37.572  -79.712  -29.381 0.4000000060
127906  -37.046  -79.197  -28.722 0.4000000060
6106  -36.252  -80.186  -30.918 0.4000000060
6785  -35.564  -79.857  -31.431 0.4000000060
7424  -34.250  -78.805  -31.342 0.4000000060
6762  -34.933  -79.286  -30.903 0.4000000060
8741  -38.217  -76.655  -26.830 0.3000000119
7363  -37.410  -78.657  -28.158 0.4000000060
7344  -36.987  -78.175  -27.804 0.4000000060
7362  -36.594  -78.579  -28.257 0.4000000060
7385  -35.400  -78.776  -29.220 0.4000000060
7384  -34.673  -78.394  -29.647 0.4000000060
7405  -34.424  -78.658  -30.459 0.4000000060
10886  -37.799  -73.903  -26.825 0.3000000119
8739  -36.732  -76.712  -27.387 0.4000000060
8767  -36.096  -77.048  -27.892 0.4000000060
136508  -36.498  -77.318  -27.617 0.4000000060
8059  -35.575  -77.494  -28.374 0.4000000060
129037  -35.505  -76.589  -28.458 0.4000000060
8078  -35.071  -77.979  -28.960 0.4000000060
8058  -34.871  -77.048  -28.907 0.4000000060
8077  -34.395  -77.578  -29.456 0.4000000060
8100  -34.072  -77.941  -30.164 0.4000000060
9442  -36.759  -75.100  -27.417 0.4000000060
10151  -36.685  -74.566  -28.034 0.4000000060
9478  -35.350  -75.189  -29.273 0.4000000060
8789  -34.829  -75.981  -29.136 0.4000000060
8099  -33.451  -77.369  -30.698 0.4000000060
8788  -34.204  -76.660  -29.496 0.4000000060
8115  -33.201  -77.786  -31.451 0.4000000060
10152  -37.134  -74.297  -28.789 0.4000000060
9479  -36.046  -75.290  -28.986 0.4000000060
9477  -34.540  -75.003  -29.708 0.4000000060
9489  -33.718  -74.915  -30.382 0.4000000060
10917  -37.475  -74.092  -29.604 0.4000000060
10926  -36.518  -73.998  -30.545 0.4000000060
10925  -35.821  -73.559  -31.133 0.4000000060
127085  -39.045  -73.984  -30.887 0.4000000060
10927  -37.198  -74.124  -30.175 0.4000000060
135897  -37.782  -74.331  -31.098 0.4000000060
118142  -41.229  -73.682  -31.077 0.3000000119
126707  -42.632  -74.018  -31.723 0.3000000119
10914  -34.806  -73.760  -30.420 0.4000000060
116752  -42.380  -74.328  -33.027 0.3000000119
6765  -37.209  -80.078  -30.062 0.4000000060
6746  -36.668  -79.644  -29.429 0.4000000060
6745  -35.835  -79.476  -29.630 0.4000000060
7406  -35.103  -79.098  -30.010 0.4000000060
8740  -37.475  -76.500  -26.954 0.4000000060
8038  -37.610  -77.217  -27.144 0.4000000060
9418  -38.257  -75.316  -26.510 0.3000000119
7361  -35.797  -78.343  -28.501 0.4000000060
10899  -37.430  -73.594  -27.452 0.3000000119
9443  -37.086  -75.830  -27.067 0.4000000060
120507  -36.532  -75.840  -27.561 0.4000000060
9465  -36.322  -75.402  -28.223 0.4000000060
10906  -37.382  -73.586  -28.205 0.4000000060
10916  -36.703  -74.367  -29.674 0.4000000060
9476  -34.034  -75.773  -29.854 0.4000000060
10915  -35.650  -73.982  -30.229 0.4000000060
136049  -38.436  -74.017  -30.516 0.4000000060
7365  -39.100  -78.435  -28.412 0.3000000119
118956  -39.751  -79.841  -31.012 0.3000000119
6786  -39.506  -80.265  -31.722 0.3000000119
138201  -39.148  -80.252  -31.068 0.3000000119
7387  -38.737  -78.971  -28.905 0.3000000119
6109  -38.737  -80.626  -31.568 0.3000000119
6766  -38.092  -80.142  -30.074 0.3000000119
8060  -38.635  -78.120  -27.813 0.3000000119
6730  -37.911  -79.201  -28.705 0.3000000119
7345  -37.767  -78.051  -27.572 0.3000000119
11650  -37.864  -73.136  -27.769 0.3000000119
10907  -38.023  -73.345  -28.645 0.3000000119
117541  -38.919  -73.514  -30.058 0.3000000119
10929  -39.697  -73.550  -30.377 0.3000000119
8039  -38.650  -77.455  -27.285 0.3000000119
132337  -37.645  -73.852  -29.002 0.3000000119
6094  -38.465  -80.425  -30.829 0.3000000119
6107  -37.009  -80.582  -31.344 0.4000000060
6108  -37.960  -80.753  -31.404 0.4000000060
6748  -38.443  -79.573  -29.476 0.3000000119
6763  -35.629  -79.717  -30.469 0.4000000060
6764  -36.393  -79.939  -30.178 0.4000000060
6767  -39.108  -79.789  -30.322 0.3000000119
6784  -34.799  -79.397  -31.876 0.3000000119
7364  -38.252  -78.611  -28.191 0.3000000119
7386  -36.181  -79.054  -28.890 0.4000000060
8037  -36.332  -77.815  -27.930 0.4000000060
8076  -33.964  -77.216  -30.005 0.4000000060
8719  -37.817  -75.899  -26.659 0.3000000119
8787  -33.667  -76.515  -30.235 0.4000000060
9417  -37.491  -74.929  -26.760 0.3000000119
9464  -35.681  -75.799  -28.669 0.4000000060
10136  -37.099  -74.266  -27.332 0.4000000060
10162  -35.065  -74.343  -29.782 0.4000000060
10163  -35.943  -74.667  -29.495 0.4000000060
10164  -36.596  -74.899  -28.938 0.4000000060
10171  -33.707  -74.102  -30.727 0.5000000000
10176  -30.791  -73.672  -32.254 0.4000000060
10189  -31.036  -74.711  -31.979 0.4000000060
10193  -41.095  -74.694  -33.806 0.5000000000
10195  -42.415  -74.119  -34.237 0.4000000060
10202  -40.830  -74.512  -34.332 0.5000000000
10203  -41.573  -74.305  -34.289 0.4000000060
10898  -37.023  -73.954  -27.907 0.4000000060
10918  -38.145  -73.733  -29.657 0.3000000119
10928  -37.841  -74.174  -30.465 0.4000000060
10940  -33.687  -73.509  -31.168 0.5000000000
10947  -41.729  -74.135  -31.824 0.3000000119
10971  -38.562  -74.056  -35.494 0.6000000238
10976  -38.062  -73.588  -36.083 0.6999999881
11659  -38.748  -73.164  -29.091 0.3000000119
11677  -33.626  -72.927  -31.941 0.4000000060
11704  -31.820  -72.734  -34.648 0.5000000000
11710  -39.980  -72.882  -34.325 0.6999999881
11712  -42.359  -73.124  -34.364 0.4000000060
11719  -33.721  -72.998  -35.579 0.6000000238
11726  -39.260  -72.635  -36.264 0.6999999881
11727  -38.398  -72.306  -36.385 0.6999999881
11728  -38.953  -72.222  -36.417 0.6999999881
12402  -31.333  -71.408  -27.668 0.5000000000
12403  -32.251  -71.472  -27.693 0.4000000060
12422  -33.783  -71.809  -28.531 0.5000000000
12423  -34.916  -71.271  -28.471 0.5000000000
12437  -30.544  -71.725  -29.579 0.5000000000
12441  -34.695  -71.651  -29.201 0.6000000238
12447  -29.598  -71.286  -31.481 0.5000000000
12450  -32.642  -71.552  -30.614 0.5000000000
12464  -31.446  -71.235  -32.306 0.6000000238
12468  -39.823  -70.867  -32.479 0.5000000000
12470  -41.239  -71.610  -31.670 0.5000000000
12483  -31.080  -70.695  -33.397 0.5000000000
12490  -43.100  -72.039  -32.975 0.3000000119
12503  -31.420  -71.525  -34.730 0.6000000238
12511  -32.194  -72.396  -35.440 0.6000000238
12512  -33.916  -72.681  -35.675 0.6000000238
12518  -38.891  -71.456  -36.351 0.6999999881
13201  -35.072  -70.240  -27.660 0.5000000000
13216  -35.577  -70.270  -27.967 0.5000000000
13217  -42.203  -69.878  -29.087 0.4000000060
13227  -36.026  -70.755  -28.866 0.5000000000
13231  -42.553  -70.383  -29.519 0.4000000060
13232  -43.289  -70.405  -29.455 0.4000000060
13241  -35.047  -71.041  -30.720 0.6000000238
13244  -37.462  -69.819  -30.450 0.6000000238
13249  -44.910  -70.675  -30.600 0.3000000119
13259  -29.032  -70.541  -32.379 0.4000000060
13264  -36.611  -70.396  -31.583 0.6999999881
13288  -29.031  -70.547  -33.403 0.4000000060
13290  -30.677  -71.103  -34.287 0.5000000000
13306  -38.099  -70.106  -35.640 0.6999999881
13307  -39.072  -69.697  -35.949 0.6000000238
14001  -33.916  -69.966  -27.092 0.5000000000
14016  -37.143  -69.007  -28.609 0.6000000238
14017  -41.474  -68.882  -29.015 0.5000000000
14018  -41.925  -69.252  -28.710 0.5000000000
14041  -45.983  -70.022  -30.163 0.3000000119
14055  -40.641  -69.452  -34.609 0.6000000238
14776  -35.317  -69.183  -27.701 0.6000000238
14779  -42.602  -68.517  -27.419 0.5000000000
14781  -44.335  -68.471  -27.703 0.3000000119
14791  -36.017  -68.675  -28.163 0.6000000238
14792  -36.811  -68.684  -28.433 0.6000000238
14793  -37.270  -68.362  -28.704 0.6000000238
14803  -38.187  -68.095  -29.642 0.6999999881
14827  -42.612  -68.315  -34.008 0.8000000119
15580  -40.736  -67.606  -27.418 0.5000000000
15591  -34.463  -67.346  -28.182 0.5000000000
15593  -36.650  -67.847  -28.484 0.6000000238
15607  -38.624  -67.373  -30.147 0.6999999881
15610  -43.062  -67.346  -32.622 0.6999999881
15616  -42.352  -68.060  -34.393 0.8000000119
16370  -39.866  -66.463  -27.358 0.3000000119
16395  -32.147  -66.422  -29.466 0.4000000060
16412  -43.030  -66.155  -32.571 0.6000000238
16417  -43.381  -66.503  -33.728 0.6000000238
17143  -33.193  -65.346  -30.729 0.6000000238
17151  -42.788  -64.905  -32.900 0.6000000238
17161  -42.667  -65.242  -34.422 0.6000000238
17167  -42.265  -64.406  -34.285 0.6000000238
17932  -41.163  -63.690  -31.926 0.5000000000
17952  -33.593  -64.413  -31.444 0.6000000238
17953  -34.512  -64.297  -31.580 0.6000000238
17957  -42.363  -64.058  -33.989 0.5000000000
18760  -38.429  -63.608  -26.416 0.3000000119
19721  -36.810  -61.996  -30.010 0.6000000238
19733  -36.373  -62.385  -30.715 0.6000000238
19735  -38.642  -62.861  -31.907 0.5000000000
19747  -35.747  -62.758  -31.529 0.6000000238
20589  -38.150  -61.089  -25.871 0.3000000119
20632  -36.208  -61.222  -29.240 0.5000000000
20638  -34.112  -61.100  -30.038 0.5000000000
20642  -39.953  -61.067  -29.750 0.4000000060
20660  -33.385  -62.110  -31.361 0.6000000238
21502  -34.902  -60.400  -28.755 0.5000000000
22264  -38.296  -59.018  -24.698 0.4000000060
22266  -39.459  -59.698  -24.205 0.4000000060
22310  -33.878  -59.139  -28.569 0.5000000000
22312  -35.702  -59.942  -28.595 0.5000000000
22316  -40.137  -59.600  -29.691 0.4000000060
22338  -39.766  -59.693  -30.134 0.4000000060
23088  -32.988  -58.909  -28.922 0.4000000060
23089  -36.875  -58.328  -29.101 0.4000000060
23839  -33.511  -57.697  -28.594 0.5000000000
23843  -39.097  -57.236  -28.934 0.3000000119
23844  -39.731  -58.428  -29.271 0.4000000060
23863  -39.979  -57.398  -31.395 0.4000000060
24631  -39.416  -57.032  -31.966 0.4000000060
24632  -40.242  -57.015  -31.406 0.4000000060
25339  -32.942  -55.862  -28.963 0.3000000119
25363  -40.592  -55.797  -31.403 0.4000000060
25385  -40.836  -55.691  -32.760 0.4000000060
26154  -32.811  -54.440  -29.406 0.3000000119
26170  -38.313  -54.225  -32.099 0.4000000060
26182  -40.135  -55.733  -32.771 0.4000000060
27058  -33.684  -53.448  -29.738 0.4000000060
27085  -38.534  -53.937  -32.024 0.4000000060
27997  -37.584  -53.403  -30.530 0.5000000000
28003  -36.100  -52.432  -30.343 0.4000000060
28904  -35.015  -51.192  -29.361 0.4000000060
28920  -33.657  -51.589  -29.709 0.4000000060
28922  -35.668  -51.597  -29.677 0.4000000060
28924  -38.010  -51.183  -29.896 0.4000000060
29847  -36.181  -50.503  -28.732 0.4000000060
30764  -38.546  -49.702  -29.306 0.5000000000
31573  -34.893  -48.424  -27.435 0.4000000060
32457  -36.717  -47.084  -27.841 0.4000000060
33400  -36.318  -46.487  -27.486 0.4000000060
34226  -37.894  -45.661  -29.564 0.4000000060
35094  -37.992  -44.984  -30.068 0.4000000060
117368  -27.908  -70.986  -29.681 0.5000000000
118654  -36.231  -65.588  -29.670 0.6999999881
119261  -36.143  -76.233  -28.030 0.4000000060
121680  -39.730  -63.647  -29.448 0.3000000119
123610  -32.331  -72.098  -29.007 0.5000000000
124729  -35.098  -64.113  -31.793 0.6000000238
125013  -45.340  -71.282  -32.879 0.3000000119
125236  -29.229  -71.450  -29.274 0.5000000000
125466  -36.268  -70.183  -28.438 0.5000000000
125633  -37.189  -69.958  -32.092 0.6000000238
126349  -38.792  -60.904  -24.603 0.4000000060
127249  -37.433  -63.527  -32.469 0.6999999881
128538  -37.726  -57.799  -24.920 0.4000000060
128896  -35.041  -58.188  -28.367 0.5000000000
130968  -33.196  -70.615  -33.651 0.6999999881
131055  -30.358  -71.586  -30.716 0.5000000000
131753  -36.819  -73.693  -33.671 0.6000000238
132595  -42.475  -73.632  -34.527 0.4000000060
133269  -40.142  -74.559  -34.498 0.6000000238
133761  -38.233  -61.322  -26.701 0.3000000119
133782  -28.345  -70.398  -33.102 0.4000000060
133866  -37.280  -74.136  -30.885 0.4000000060
134427  -36.954  -77.588  -27.488 0.4000000060
134465  -40.174  -62.894  -31.586 0.5000000000
134528  -31.795  -70.767  -34.345 0.6000000238
137540  -44.638  -72.188  -34.109 0.3000000119
138279  -32.547  -71.843  -28.347 0.5000000000
138292  -39.309  -58.543  -28.612 0.3000000119
138649  -30.271  -71.357  -31.752 0.5000000000
138905  -34.018  -69.265  -27.255 0.5000000000
