#!ascii label  , from subject sub-v1s21x0050417_ses-1 vox2ras=TkReg
1532
34628  4.074  -43.627  45.356 0.0000000000
51311  40.252  -23.829  23.568 0.0000000000
38126  24.984  -40.179  36.812 0.0000000000
39908  35.223  -38.298  38.876 0.0000000000
108645  16.930  -40.213  37.809 0.0000000000
34605  12.790  -44.298  47.511 0.0000000000
57003  51.923  -17.961  17.076 0.0000000000
52260  50.379  -23.348  24.734 0.0000000000
46385  33.726  -30.216  30.720 0.0000000000
59753  57.293  -15.414  7.912 0.0000000000
36351  23.989  -42.915  42.903 0.0000000000
37180  7.611  -41.567  46.032 0.0000000000
55129  51.677  -20.413  21.991 0.0000000000
53259  47.723  -22.715  20.363 0.0000000000
48502  41.055  -27.218  28.064 0.0000000000
50326  45.303  -25.199  28.326 0.0000000000
47703  37.425  -28.260  27.231 0.0000000000
40903  32.040  -37.183  33.486 0.0000000000
38104  30.275  -40.514  37.510 0.0000000000
37197  19.667  -41.454  43.490 0.0000000000
35396  17.284  -43.470  48.659 0.0000000000
35521  15.153  -43.219  42.426 0.0000000000
36410  10.457  -42.218  41.348 0.0000000000
39025  21.196  -39.837  37.154 0.0000000000
59665  56.596  -15.808  18.421 0.0000000000
56016  55.619  -19.241  22.873 0.0000000000
53207  46.194  -22.694  25.453 0.0000000000
48440  33.706  -26.584  32.596 0.0000000000
43459  35.451  -34.162  34.495 0.0000000000
57992  55.683  -17.955  12.366 0.0000000000
60560  60.063  -14.383  13.629 0.0000000000
130377  61.357  -17.139  9.667 0.0000000000
35455  23.853  -43.388  45.866 0.0000000000
37182  6.488  -41.400  45.583 0.0000000000
37164  6.358  -41.196  48.652 0.0000000000
36296  4.405  -42.348  48.119 0.0000000000
129104  47.598  -21.316  18.577 0.0000000000
49406  40.344  -26.441  30.225 0.0000000000
50279  42.968  -25.328  30.899 0.0000000000
31073  0.257  -48.299  48.607 0.0000000000
48597  37.077  -27.190  24.172 0.0000000000
129007  26.064  -38.745  34.802 0.0000000000
39945  28.270  -38.802  35.212 0.0000000000
39023  27.668  -39.928  37.124 0.0000000000
38048  18.446  -40.379  40.460 0.0000000000
36355  17.469  -42.106  43.660 0.0000000000
115283  16.352  -41.487  40.112 0.0000000000
39027  19.283  -39.390  37.891 0.0000000000
38046  20.307  -40.639  40.500 0.0000000000
34602  15.110  -44.137  47.904 0.0000000000
58819  53.852  -16.512  17.201 0.0000000000
56937  55.505  -18.325  21.154 0.0000000000
56954  53.595  -17.709  20.147 0.0000000000
54187  50.457  -21.239  24.566 0.0000000000
54177  53.210  -20.839  25.189 0.0000000000
52306  41.857  -22.923  21.670 0.0000000000
52304  43.602  -23.178  21.929 0.0000000000
52265  43.489  -22.982  24.410 0.0000000000
47674  31.768  -27.901  29.304 0.0000000000
48483  32.911  -27.523  29.729 0.0000000000
47644  31.723  -27.037  32.088 0.0000000000
40850  33.613  -37.819  36.347 0.0000000000
41823  33.937  -35.926  33.940 0.0000000000
41785  35.568  -36.552  36.629 0.0000000000
56112  51.807  -19.768  14.282 0.0000000000
57052  53.334  -18.784  12.497 0.0000000000
56097  54.032  -19.121  14.854 0.0000000000
58841  55.504  -16.254  14.783 0.0000000000
60611  61.242  -14.519  8.149 0.0000000000
61530  60.298  -14.203  9.287 0.0000000000
114765  60.544  -16.048  11.552 0.0000000000
59728  58.591  -15.240  10.499 0.0000000000
37277  24.608  -41.609  39.688 0.0000000000
123655  27.225  -41.402  39.385 0.0000000000
36373  26.799  -42.658  42.406 0.0000000000
112049  9.778  -43.179  46.801 0.0000000000
116424  10.818  -44.379  49.947 0.0000000000
35387  9.074  -43.087  49.598 0.0000000000
129764  49.988  -19.702  16.664 0.0000000000
56059  51.157  -19.441  19.432 0.0000000000
55155  50.114  -20.469  18.482 0.0000000000
53257  49.953  -22.455  20.714 0.0000000000
53221  49.009  -21.926  23.687 0.0000000000
50365  40.493  -24.687  26.200 0.0000000000
52240  43.165  -22.854  27.342 0.0000000000
49436  43.263  -25.946  28.596 0.0000000000
44928  33.635  -32.002  29.969 0.0000000000
41736  36.402  -37.035  40.768 0.0000000000
33792  2.569  -45.585  44.994 0.0000000000
123884  2.501  -44.730  48.076 0.0000000000
32865  1.536  -46.844  47.876 0.0000000000
131266  38.602  -24.768  22.720 0.0000000000
129618  38.745  -26.416  25.103 0.0000000000
48543  39.094  -27.952  26.848 0.0000000000
49426  38.890  -26.877  30.025 0.0000000000
40906  29.355  -37.333  32.663 0.0000000000
39942  31.191  -38.707  35.214 0.0000000000
39017  33.187  -39.583  37.512 0.0000000000
37274  29.812  -41.623  39.618 0.0000000000
126779  32.611  -41.685  39.840 0.0000000000
116407  21.083  -42.831  45.926 0.0000000000
35393  20.311  -42.979  49.715 0.0000000000
36315  18.554  -42.543  46.029 0.0000000000
126386  16.270  -43.680  46.024 0.0000000000
34626  13.875  -44.194  45.685 0.0000000000
36442  14.061  -42.466  39.619 0.0000000000
36408  12.603  -42.847  41.783 0.0000000000
35500  11.400  -43.143  44.255 0.0000000000
36360  9.221  -42.061  43.682 0.0000000000
38026  6.862  -40.928  42.568 0.0000000000
36386  5.666  -42.767  42.049 0.0000000000
39083  23.670  -39.042  34.835 0.0000000000
39085  21.864  -39.043  34.882 0.0000000000
38128  23.322  -40.184  36.756 0.0000000000
124933  22.472  -41.488  40.464 0.0000000000
36378  21.908  -42.142  43.134 0.0000000000
55134  55.191  -20.098  20.840 0.0000000000
56019  53.309  -19.150  23.676 0.0000000000
53262  44.635  -22.390  20.594 0.0000000000
52287  46.710  -23.470  23.081 0.0000000000
53182  48.229  -21.975  25.420 0.0000000000
51281  45.740  -23.347  26.796 0.0000000000
51279  47.497  -24.020  26.096 0.0000000000
109386  34.632  -28.382  26.170 0.0000000000
48481  36.541  -27.688  29.605 0.0000000000
49364  37.541  -26.136  32.222 0.0000000000
43518  34.146  -34.297  31.804 0.0000000000
44892  35.092  -32.091  33.110 0.0000000000
43430  36.992  -34.178  38.074 0.0000000000
44870  36.280  -32.295  35.836 0.0000000000
46982  34.819  -29.773  34.050 0.0000000000
47608  33.611  -27.278  34.690 0.0000000000
49325  35.236  -26.316  35.121 0.0000000000
58875  56.576  -17.017  10.252 0.0000000000
59718  57.169  -15.787  12.978 0.0000000000
60534  57.612  -15.168  15.657 0.0000000000
118878  24.344  -43.598  47.823 0.0000000000
35465  4.833  -42.876  45.388 0.0000000000
36306  5.346  -42.040  46.722 0.0000000000
34618  4.290  -43.194  46.150 0.0000000000
50302  40.109  -25.727  30.925 0.0000000000
51215  41.391  -24.373  31.239 0.0000000000
30123  -0.975  -48.996  46.761 0.0000000000
39066  25.993  -39.184  35.470 0.0000000000
39065  26.934  -39.232  35.685 0.0000000000
39024  26.791  -40.021  36.988 0.0000000000
38066  17.277  -40.391  39.174 0.0000000000
37279  16.963  -40.883  39.860 0.0000000000
130812  16.659  -40.787  39.152 0.0000000000
39053  18.455  -38.891  36.617 0.0000000000
38114  17.626  -39.711  37.753 0.0000000000
110143  18.772  -39.776  38.921 0.0000000000
34604  13.574  -44.413  48.241 0.0000000000
34590  13.226  -44.576  49.166 0.0000000000
57959  52.659  -17.850  16.947 0.0000000000
57942  53.600  -17.058  18.560 0.0000000000
57943  52.719  -17.532  18.245 0.0000000000
53202  50.092  -22.031  25.532 0.0000000000
110503  51.963  -22.575  24.502 0.0000000000
51320  40.606  -23.485  22.919 0.0000000000
119422  42.294  -23.315  23.164 0.0000000000
112358  41.601  -23.341  23.738 0.0000000000
46399  32.962  -30.044  29.387 0.0000000000
47029  31.760  -28.097  29.647 0.0000000000
47663  31.826  -27.517  30.221 0.0000000000
47006  32.237  -28.035  31.006 0.0000000000
40831  34.632  -37.947  37.467 0.0000000000
41786  34.776  -36.855  36.278 0.0000000000
40830  35.432  -37.706  38.033 0.0000000000
118664  52.220  -19.883  15.706 0.0000000000
56110  53.459  -19.502  14.659 0.0000000000
57016  53.136  -18.647  16.440 0.0000000000
57968  54.169  -17.586  15.775 0.0000000000
60612  59.756  -14.171  8.496 0.0000000000
60598  58.603  -14.840  9.027 0.0000000000
60592  59.082  -14.823  9.909 0.0000000000
59734  58.193  -15.338  9.486 0.0000000000
36425  23.979  -42.023  40.792 0.0000000000
121967  25.644  -42.250  40.687 0.0000000000
36375  25.136  -42.763  42.224 0.0000000000
36292  9.058  -42.685  47.060 0.0000000000
35421  9.539  -43.195  47.772 0.0000000000
36278  8.347  -42.269  48.148 0.0000000000
37157  5.419  -41.144  51.283 0.0000000000
37155  7.049  -41.352  51.762 0.0000000000
55177  48.938  -20.140  16.541 0.0000000000
56076  49.952  -19.890  17.251 0.0000000000
55162  49.064  -20.165  17.239 0.0000000000
54228  47.603  -21.611  19.144 0.0000000000
127300  49.093  -21.652  19.249 0.0000000000
53258  48.569  -22.760  20.384 0.0000000000
53242  49.594  -22.671  21.486 0.0000000000
52285  48.264  -23.258  22.090 0.0000000000
50342  40.696  -26.073  26.846 0.0000000000
50341  41.837  -25.277  27.468 0.0000000000
49437  42.457  -26.459  28.626 0.0000000000
55192  50.014  -20.255  15.316 0.0000000000
32887  2.228  -45.936  46.574 0.0000000000
32019  1.421  -47.328  46.768 0.0000000000
50390  37.781  -25.636  22.478 0.0000000000
50378  38.512  -25.717  23.765 0.0000000000
49480  38.119  -26.266  23.886 0.0000000000
47758  36.978  -27.700  25.033 0.0000000000
109220  38.197  -27.509  25.483 0.0000000000
47702  38.287  -28.178  26.970 0.0000000000
48504  39.398  -27.752  28.312 0.0000000000
48505  38.295  -27.891  28.482 0.0000000000
121820  28.065  -37.643  33.217 0.0000000000
39042  29.259  -39.669  36.578 0.0000000000
39943  30.265  -38.716  35.109 0.0000000000
39040  31.227  -39.588  36.327 0.0000000000
39039  32.068  -39.412  36.653 0.0000000000
39019  31.585  -40.009  37.043 0.0000000000
36421  27.870  -42.330  41.094 0.0000000000
117238  28.046  -41.456  39.592 0.0000000000
36420  28.870  -42.205  41.055 0.0000000000
37224  31.848  -42.133  41.190 0.0000000000
37269  33.935  -41.300  40.027 0.0000000000
37185  20.417  -42.158  44.476 0.0000000000
113355  19.915  -42.669  46.733 0.0000000000
36337  19.167  -41.933  44.855 0.0000000000
36380  16.425  -42.438  42.450 0.0000000000
36339  17.022  -42.678  44.307 0.0000000000
109303  15.957  -43.572  44.675 0.0000000000
109781  15.278  -43.809  45.011 0.0000000000
35496  14.626  -43.765  43.656 0.0000000000
124210  14.123  -41.942  38.382 0.0000000000
36446  10.876  -42.127  39.913 0.0000000000
36430  11.654  -42.356  40.149 0.0000000000
36409  11.732  -42.607  41.731 0.0000000000
35512  12.135  -43.086  43.195 0.0000000000
36383  10.730  -42.586  43.097 0.0000000000
116252  10.013  -42.455  43.618 0.0000000000
36384  9.760  -42.132  42.787 0.0000000000
114929  6.347  -41.742  42.860 0.0000000000
39990  24.440  -38.355  33.578 0.0000000000
39991  23.570  -38.395  33.503 0.0000000000
39051  20.496  -39.274  36.668 0.0000000000
39050  21.381  -39.516  36.420 0.0000000000
39049  22.917  -39.781  36.143 0.0000000000
38111  21.955  -40.259  37.579 0.0000000000
37303  23.180  -41.066  38.799 0.0000000000
38086  21.702  -40.543  38.528 0.0000000000
109628  20.048  -40.859  41.943 0.0000000000
37229  21.506  -41.474  41.723 0.0000000000
37195  21.129  -41.922  43.430 0.0000000000
36334  21.810  -42.753  44.607 0.0000000000
36269  18.971  -43.021  49.432 0.0000000000
33728  1.594  -44.594  50.410 0.0000000000
34586  2.618  -43.506  49.932 0.0000000000
56990  56.608  -18.361  19.090 0.0000000000
56032  55.919  -18.923  21.780 0.0000000000
56043  55.811  -19.137  21.219 0.0000000000
113301  55.685  -20.367  21.865 0.0000000000
55127  55.532  -20.913  22.531 0.0000000000
56044  51.704  -19.580  20.499 0.0000000000
56955  52.501  -18.861  21.031 0.0000000000
55128  52.361  -19.703  22.823 0.0000000000
54176  53.984  -20.845  24.578 0.0000000000
52275  45.145  -23.482  23.674 0.0000000000
127649  45.131  -23.600  22.492 0.0000000000
52274  46.109  -23.341  23.835 0.0000000000
53223  48.009  -22.200  24.190 0.0000000000
53183  47.589  -22.307  25.746 0.0000000000
127925  44.223  -24.070  27.666 0.0000000000
52231  44.295  -23.413  27.271 0.0000000000
50338  45.781  -24.835  27.716 0.0000000000
47725  33.595  -28.361  26.788 0.0000000000
48467  33.531  -27.295  30.444 0.0000000000
48482  34.587  -27.793  29.594 0.0000000000
48452  35.701  -27.189  31.059 0.0000000000
48451  36.801  -26.921  31.087 0.0000000000
49365  36.077  -26.643  32.726 0.0000000000
41842  30.796  -36.956  32.110 0.0000000000
41840  32.321  -36.338  32.521 0.0000000000
42667  35.191  -35.058  34.795 0.0000000000
42702  34.138  -34.934  32.619 0.0000000000
43475  35.114  -34.042  33.655 0.0000000000
121507  34.717  -32.944  32.277 0.0000000000
44188  35.403  -33.390  33.989 0.0000000000
128897  36.892  -35.869  39.914 0.0000000000
112297  36.623  -30.914  36.488 0.0000000000
45629  35.743  -30.888  34.961 0.0000000000
46335  35.634  -29.761  35.193 0.0000000000
47607  34.186  -28.149  34.980 0.0000000000
46945  34.840  -28.040  36.279 0.0000000000
57063  54.373  -18.537  11.918 0.0000000000
58007  56.123  -17.598  10.893 0.0000000000
58868  57.325  -16.517  10.929 0.0000000000
121836  56.556  -16.780  12.120 0.0000000000
59681  55.320  -15.615  16.632 0.0000000000
60554  56.998  -14.982  15.389 0.0000000000
59671  56.988  -15.784  17.513 0.0000000000
57949  58.432  -17.966  17.582 0.0000000000
59738  61.385  -15.934  8.907 0.0000000000
59715  60.315  -15.414  12.669 0.0000000000
57980  60.169  -18.095  13.933 0.0000000000
116075  60.089  -17.111  15.041 0.0000000000
36332  23.319  -43.116  44.208 0.0000000000
35494  25.170  -43.189  43.743 0.0000000000
35454  24.727  -43.409  45.869 0.0000000000
37181  6.944  -41.070  45.564 0.0000000000
125451  7.050  -41.155  47.240 0.0000000000
37173  5.954  -41.486  47.193 0.0000000000
37161  5.602  -41.315  49.130 0.0000000000
36273  3.943  -41.851  50.700 0.0000000000
54242  46.945  -21.374  18.592 0.0000000000
115152  45.833  -21.737  19.386 0.0000000000
48477  40.954  -27.248  28.666 0.0000000000
49422  42.337  -26.610  29.166 0.0000000000
50300  41.781  -26.022  30.407 0.0000000000
51214  42.242  -24.366  30.983 0.0000000000
31080  0.842  -48.079  46.561 0.0000000000
127974  -0.370  -48.718  46.453 0.0000000000
30115  -1.073  -49.289  48.282 0.0000000000
48598  36.808  -26.870  23.242 0.0000000000
109710  36.235  -28.064  25.257 0.0000000000
40883  27.518  -37.886  33.426 0.0000000000
120358  27.113  -38.591  34.654 0.0000000000
39043  28.217  -39.555  36.519 0.0000000000
39021  29.396  -40.193  37.331 0.0000000000
130968  18.877  -40.929  42.464 0.0000000000
37198  18.822  -41.278  43.178 0.0000000000
37211  17.725  -41.371  42.309 0.0000000000
37233  16.757  -41.737  41.269 0.0000000000
36405  15.544  -42.566  41.296 0.0000000000
112627  9.174  -41.393  40.861 0.0000000000
37262  8.647  -41.020  40.456 0.0000000000
39052  19.483  -38.883  36.618 0.0000000000
38113  20.068  -39.673  38.020 0.0000000000
127535  20.939  -40.479  38.821 0.0000000000
38063  19.510  -40.023  39.314 0.0000000000
38047  19.450  -40.305  40.294 0.0000000000
35397  16.479  -43.738  48.737 0.0000000000
58818  54.560  -16.055  17.674 0.0000000000
57920  55.654  -17.561  19.733 0.0000000000
57941  54.498  -16.809  18.923 0.0000000000
57922  54.852  -17.624  20.419 0.0000000000
56939  55.305  -18.373  22.028 0.0000000000
54186  51.191  -20.824  24.044 0.0000000000
55111  52.090  -20.584  24.463 0.0000000000
120124  51.640  -21.110  24.910 0.0000000000
53200  52.679  -21.510  25.060 0.0000000000
53248  43.335  -22.854  21.238 0.0000000000
52305  42.734  -23.077  21.790 0.0000000000
52277  43.185  -23.331  23.383 0.0000000000
52264  44.621  -23.028  24.444 0.0000000000
50325  46.692  -25.250  28.465 0.0000000000
47707  32.427  -27.916  28.207 0.0000000000
47690  33.009  -27.861  28.458 0.0000000000
48509  32.340  -27.660  29.094 0.0000000000
48468  31.973  -27.159  30.706 0.0000000000
49366  32.452  -26.596  32.158 0.0000000000
40861  32.534  -37.679  35.106 0.0000000000
40879  32.763  -36.912  33.947 0.0000000000
40868  33.709  -36.847  35.152 0.0000000000
41800  35.199  -36.165  35.877 0.0000000000
42651  35.524  -35.412  35.551 0.0000000000
56125  51.491  -19.159  13.614 0.0000000000
57053  52.581  -18.413  12.374 0.0000000000
56135  52.923  -19.108  13.006 0.0000000000
56133  54.024  -19.079  13.397 0.0000000000
57040  55.202  -18.445  13.030 0.0000000000
57982  55.660  -17.497  13.415 0.0000000000
57974  54.775  -17.781  14.961 0.0000000000
121170  54.616  -16.170  16.203 0.0000000000
112457  59.616  -14.020  7.443 0.0000000000
61529  60.757  -14.241  9.216 0.0000000000
59733  61.069  -15.323  10.130 0.0000000000
58867  61.036  -16.509  11.043 0.0000000000
60590  60.213  -14.869  10.653 0.0000000000
60583  59.765  -14.728  11.341 0.0000000000
112876  59.592  -14.533  12.334 0.0000000000
38083  25.299  -41.018  38.334 0.0000000000
125010  25.891  -40.779  38.109 0.0000000000
124090  25.572  -41.515  39.383 0.0000000000
36422  26.895  -42.410  40.992 0.0000000000
36372  27.625  -42.569  42.531 0.0000000000
35419  11.210  -43.876  47.307 0.0000000000
109471  12.025  -44.454  48.732 0.0000000000
35399  10.207  -43.647  48.306 0.0000000000
34583  10.140  -44.058  50.484 0.0000000000
36271  7.701  -41.805  49.707 0.0000000000
36260  8.364  -42.550  51.566 0.0000000000
111976  51.025  -19.379  16.724 0.0000000000
56992  51.607  -18.509  17.962 0.0000000000
56075  50.702  -19.618  17.637 0.0000000000
56066  50.678  -19.834  18.520 0.0000000000
55136  50.665  -21.172  19.967 0.0000000000
55149  49.359  -20.916  18.471 0.0000000000
54227  49.994  -21.810  19.976 0.0000000000
128417  50.782  -21.631  21.518 0.0000000000
54196  50.438  -21.564  22.337 0.0000000000
54188  49.623  -21.499  24.293 0.0000000000
53203  49.416  -21.885  25.400 0.0000000000
52252  40.358  -23.968  25.057 0.0000000000
52251  41.086  -23.417  25.266 0.0000000000
51282  41.039  -24.052  26.671 0.0000000000
51269  42.600  -24.397  27.620 0.0000000000
50327  44.720  -25.530  28.783 0.0000000000
49403  42.920  -26.254  29.715 0.0000000000
50297  44.320  -25.595  30.312 0.0000000000
50296  45.276  -25.316  30.264 0.0000000000
45668  33.773  -31.172  30.384 0.0000000000
39889  36.032  -37.766  40.339 0.0000000000
56126  50.504  -18.929  13.476 0.0000000000
56113  50.932  -19.636  14.170 0.0000000000
55191  50.932  -20.212  15.232 0.0000000000
61565  57.514  -14.010  6.833 0.0000000000
61566  56.821  -14.121  7.246 0.0000000000
34629  3.501  -44.386  45.343 0.0000000000
35445  3.372  -44.077  46.800 0.0000000000
119098  2.626  -45.141  46.646 0.0000000000
33741  2.162  -45.291  48.316 0.0000000000
32843  1.403  -45.489  49.808 0.0000000000
31072  0.900  -47.476  48.621 0.0000000000
51321  39.630  -23.872  22.906 0.0000000000
51322  38.805  -24.260  22.555 0.0000000000
51312  39.533  -24.391  23.620 0.0000000000
51305  39.406  -24.793  24.302 0.0000000000
50366  39.838  -25.281  25.666 0.0000000000
49454  40.287  -26.848  26.822 0.0000000000
49472  37.919  -26.750  24.360 0.0000000000
48562  39.163  -27.484  26.182 0.0000000000
48523  40.372  -27.404  27.508 0.0000000000
48478  40.064  -27.423  28.886 0.0000000000
49425  39.725  -26.977  29.747 0.0000000000
50282  39.322  -25.523  31.488 0.0000000000
40880  30.616  -37.714  33.395 0.0000000000
39986  29.170  -38.030  33.928 0.0000000000
39985  30.075  -37.997  33.940 0.0000000000
39961  31.275  -38.210  34.471 0.0000000000
39941  32.495  -38.103  35.657 0.0000000000
39924  33.541  -38.932  37.281 0.0000000000
39005  34.202  -39.691  38.445 0.0000000000
38081  27.500  -40.694  38.332 0.0000000000
38079  29.109  -40.805  38.446 0.0000000000
38078  30.058  -40.930  38.389 0.0000000000
37225  30.850  -42.148  41.140 0.0000000000
37273  30.830  -41.658  39.494 0.0000000000
126305  31.756  -41.038  38.543 0.0000000000
37293  32.690  -40.791  38.479 0.0000000000
38058  34.320  -40.532  39.414 0.0000000000
38997  34.839  -39.521  39.374 0.0000000000
35436  22.039  -42.947  47.966 0.0000000000
36288  20.557  -42.796  47.617 0.0000000000
36289  19.696  -42.743  47.839 0.0000000000
36291  18.118  -42.914  47.291 0.0000000000
36338  17.852  -42.190  44.479 0.0000000000
108934  17.444  -42.992  46.074 0.0000000000
35416  17.389  -43.311  47.475 0.0000000000
35418  15.713  -43.932  47.439 0.0000000000
34614  14.195  -44.279  46.492 0.0000000000
124581  13.521  -44.210  46.316 0.0000000000
37305  15.437  -41.668  38.920 0.0000000000
36441  14.819  -42.295  39.783 0.0000000000
36406  14.772  -42.806  41.154 0.0000000000
36444  12.283  -42.280  39.387 0.0000000000
108702  13.101  -42.721  41.027 0.0000000000
35510  13.833  -43.439  42.497 0.0000000000
35482  13.307  -43.717  44.080 0.0000000000
35483  12.612  -43.581  44.408 0.0000000000
35462  11.633  -43.538  45.472 0.0000000000
35463  10.836  -43.336  45.701 0.0000000000
36319  9.422  -42.558  45.307 0.0000000000
126226  7.749  -41.376  44.344 0.0000000000
37214  8.605  -41.253  42.065 0.0000000000
37201  7.851  -41.277  43.240 0.0000000000
37190  7.031  -40.931  44.475 0.0000000000
36342  6.388  -41.528  44.538 0.0000000000
114744  5.759  -42.338  44.008 0.0000000000
35501  5.154  -43.085  43.493 0.0000000000
34644  3.919  -44.102  43.517 0.0000000000
33826  2.868  -44.988  43.619 0.0000000000
114696  25.177  -38.320  33.639 0.0000000000
108989  24.893  -38.591  34.225 0.0000000000
39047  24.581  -39.742  36.143 0.0000000000
39084  22.789  -39.087  34.828 0.0000000000
39048  23.733  -39.782  36.124 0.0000000000
38127  24.132  -40.221  36.739 0.0000000000
37302  23.963  -41.078  38.463 0.0000000000
37255  23.847  -41.667  40.074 0.0000000000
36402  23.411  -42.043  41.364 0.0000000000
38045  21.095  -40.964  40.202 0.0000000000
37228  22.491  -41.714  41.330 0.0000000000
36377  22.709  -42.380  42.841 0.0000000000
36333  22.687  -43.058  44.730 0.0000000000
121144  22.496  -43.199  46.238 0.0000000000
35403  3.277  -43.394  48.604 0.0000000000
35388  3.501  -42.456  50.101 0.0000000000
56057  55.677  -18.588  20.447 0.0000000000
116895  52.020  -18.173  19.408 0.0000000000
129182  53.233  -18.518  21.853 0.0000000000
56017  55.002  -19.172  23.523 0.0000000000
55998  53.434  -19.887  24.793 0.0000000000
55109  54.346  -19.980  24.537 0.0000000000
55118  55.456  -20.616  23.332 0.0000000000
54230  45.068  -21.645  19.056 0.0000000000
53261  45.784  -22.559  20.684 0.0000000000
53247  44.176  -22.886  21.312 0.0000000000
53245  46.019  -23.270  21.430 0.0000000000
121733  46.883  -23.452  21.555 0.0000000000
128865  47.884  -23.174  22.636 0.0000000000
53222  48.631  -21.971  24.313 0.0000000000
52246  48.958  -22.267  25.218 0.0000000000
53188  42.871  -22.429  26.185 0.0000000000
53170  44.446  -22.880  26.906 0.0000000000
53168  46.086  -23.057  26.464 0.0000000000
50337  46.573  -24.773  27.396 0.0000000000
51280  46.548  -23.834  26.535 0.0000000000
52249  47.076  -22.481  25.994 0.0000000000
51289  48.145  -23.726  25.752 0.0000000000
51288  48.837  -24.145  25.572 0.0000000000
47745  34.729  -28.332  25.219 0.0000000000
47724  35.561  -28.331  26.487 0.0000000000
118647  34.010  -28.121  28.046 0.0000000000
47688  36.146  -28.213  28.116 0.0000000000
47687  37.236  -28.158  28.136 0.0000000000
48480  37.395  -27.432  29.770 0.0000000000
49386  37.968  -26.318  31.522 0.0000000000
49363  38.372  -25.697  32.038 0.0000000000
41839  33.016  -36.021  32.822 0.0000000000
44234  34.066  -33.166  30.828 0.0000000000
116270  34.464  -31.893  31.521 0.0000000000
45658  34.503  -31.177  31.908 0.0000000000
123809  36.591  -36.651  38.844 0.0000000000
42620  36.717  -35.629  37.683 0.0000000000
43440  36.550  -34.490  36.598 0.0000000000
44177  36.756  -33.225  36.910 0.0000000000
44183  36.006  -32.963  35.238 0.0000000000
45630  35.545  -31.631  34.290 0.0000000000
45638  35.138  -31.390  33.553 0.0000000000
46362  34.325  -30.208  32.333 0.0000000000
47643  32.472  -27.803  32.482 0.0000000000
47609  32.945  -27.294  33.756 0.0000000000
130187  32.962  -26.746  33.623 0.0000000000
48387  34.513  -26.809  37.154 0.0000000000
49311  34.272  -26.445  35.750 0.0000000000
109167  35.221  -26.517  34.239 0.0000000000
129566  36.729  -26.139  33.615 0.0000000000
59754  56.542  -15.464  7.999 0.0000000000
58882  57.184  -16.031  8.822 0.0000000000
58874  57.257  -16.432  9.931 0.0000000000
117930  57.899  -15.742  11.655 0.0000000000
59705  58.558  -14.734  13.435 0.0000000000
58847  56.154  -16.517  13.477 0.0000000000
59697  57.390  -15.103  14.514 0.0000000000
60544  59.378  -14.661  15.005 0.0000000000
57956  57.677  -17.196  15.544 0.0000000000
35413  22.943  -43.319  48.867 0.0000000000
35412  23.670  -43.511  48.167 0.0000000000
35487  4.441  -43.418  44.719 0.0000000000
51217  39.745  -24.772  31.910 0.0000000000
51216  40.535  -24.542  31.607 0.0000000000
39046  25.480  -39.688  36.179 0.0000000000
39045  26.403  -39.642  36.266 0.0000000000
38125  25.891  -40.118  36.890 0.0000000000
38090  17.459  -40.041  38.479 0.0000000000
38091  16.791  -40.520  38.538 0.0000000000
109564  12.687  -44.463  48.499 0.0000000000
57951  52.615  -17.650  17.318 0.0000000000
57944  51.992  -17.897  17.576 0.0000000000
113223  50.882  -22.245  24.962 0.0000000000
51302  50.920  -24.449  24.539 0.0000000000
130656  40.949  -23.510  23.486 0.0000000000
46386  33.367  -30.153  30.023 0.0000000000
119858  32.748  -29.255  29.711 0.0000000000
47018  32.784  -28.917  30.301 0.0000000000
47017  33.336  -29.359  31.046 0.0000000000
39922  34.851  -38.321  38.134 0.0000000000
56085  51.899  -19.442  16.447 0.0000000000
56084  52.720  -19.396  16.060 0.0000000000
57017  52.238  -18.579  16.802 0.0000000000
60613  58.115  -14.987  7.954 0.0000000000
59740  57.883  -15.340  8.645 0.0000000000
121462  24.155  -42.337  41.472 0.0000000000
36401  24.784  -42.535  41.652 0.0000000000
36376  24.270  -42.657  42.214 0.0000000000
36304  8.412  -42.133  46.531 0.0000000000
36293  8.353  -42.183  47.343 0.0000000000
36305  7.637  -41.592  46.890 0.0000000000
55178  48.206  -20.335  16.875 0.0000000000
54213  47.174  -22.051  19.856 0.0000000000
54212  48.219  -22.062  19.766 0.0000000000
52317  48.282  -23.226  21.075 0.0000000000
49447  40.950  -26.807  27.449 0.0000000000
125288  41.398  -26.068  27.360 0.0000000000
49446  41.745  -26.604  27.995 0.0000000000
32018  1.768  -46.811  46.100 0.0000000000
50396  37.477  -25.286  21.708 0.0000000000
49487  37.993  -25.990  23.233 0.0000000000
49488  37.320  -26.315  22.814 0.0000000000
47722  37.582  -28.176  26.386 0.0000000000
48526  38.051  -28.193  27.700 0.0000000000
120585  29.990  -40.022  36.938 0.0000000000
39041  30.275  -39.654  36.366 0.0000000000
39020  30.746  -40.103  36.895 0.0000000000
129687  31.125  -40.519  37.379 0.0000000000
128123  28.522  -42.393  41.684 0.0000000000
36396  29.387  -42.435  41.983 0.0000000000
36336  19.972  -42.255  45.048 0.0000000000
37186  19.763  -41.831  44.293 0.0000000000
36357  15.865  -43.063  42.828 0.0000000000
35495  15.899  -43.281  43.518 0.0000000000
110149  15.269  -43.504  43.208 0.0000000000
35480  15.452  -43.648  44.065 0.0000000000
36431  10.576  -42.146  40.576 0.0000000000
110460  11.218  -42.390  40.978 0.0000000000
109615  11.248  -42.609  42.365 0.0000000000
113793  10.477  -42.342  42.184 0.0000000000
36411  9.829  -42.006  41.813 0.0000000000
111965  20.914  -39.100  35.927 0.0000000000
130988  21.844  -39.915  36.836 0.0000000000
37209  19.608  -41.008  42.650 0.0000000000
37208  20.421  -41.402  42.953 0.0000000000
37196  20.409  -41.807  43.814 0.0000000000
35395  18.196  -43.159  49.085 0.0000000000
33729  1.056  -44.900  51.233 0.0000000000
121596  57.293  -16.315  18.532 0.0000000000
118121  57.381  -18.187  18.702 0.0000000000
58800  56.507  -17.228  19.098 0.0000000000
129108  55.938  -19.219  22.252 0.0000000000
110693  55.937  -19.523  21.691 0.0000000000
55126  55.788  -20.000  22.639 0.0000000000
55135  51.538  -20.457  20.968 0.0000000000
56034  52.095  -19.647  21.587 0.0000000000
52263  45.595  -23.007  24.551 0.0000000000
52262  46.435  -22.887  24.682 0.0000000000
53206  47.132  -22.485  25.315 0.0000000000
51254  45.022  -24.502  27.644 0.0000000000
47726  32.725  -28.299  26.545 0.0000000000
128605  33.257  -26.596  31.944 0.0000000000
109676  34.471  -27.175  30.974 0.0000000000
48453  34.505  -26.829  31.747 0.0000000000
48438  36.081  -26.812  31.848 0.0000000000
48439  35.145  -26.775  32.452 0.0000000000
40904  31.277  -37.287  32.888 0.0000000000
41841  31.592  -36.658  32.301 0.0000000000
125511  31.963  -36.807  32.880 0.0000000000
42684  34.879  -34.758  34.020 0.0000000000
44197  35.154  -33.400  33.263 0.0000000000
44187  35.692  -33.382  34.644 0.0000000000
45612  36.845  -30.609  37.297 0.0000000000
46334  36.209  -30.314  35.819 0.0000000000
46956  35.855  -29.182  36.020 0.0000000000
124909  35.072  -28.744  35.423 0.0000000000
46944  35.851  -28.577  37.011 0.0000000000
57050  55.101  -18.442  12.102 0.0000000000
57062  54.913  -18.150  11.352 0.0000000000
58001  55.552  -17.979  11.469 0.0000000000
58008  55.387  -17.699  10.771 0.0000000000
58000  56.159  -17.439  11.764 0.0000000000
59673  55.996  -15.534  17.545 0.0000000000
111059  56.397  -15.310  16.736 0.0000000000
59664  57.090  -15.776  18.274 0.0000000000
59663  57.506  -16.232  17.923 0.0000000000
58880  61.359  -16.696  9.382 0.0000000000
113476  61.457  -16.852  8.603 0.0000000000
58013  61.438  -17.435  9.192 0.0000000000
130982  61.422  -17.942  9.439 0.0000000000
59704  60.306  -15.153  13.381 0.0000000000
58846  60.410  -16.104  13.043 0.0000000000
58839  60.358  -16.072  13.983 0.0000000000
116085  60.188  -17.079  14.595 0.0000000000
59696  60.156  -15.132  14.345 0.0000000000
35478  23.365  -43.285  45.056 0.0000000000
35477  24.041  -43.366  44.907 0.0000000000
37176  6.709  -41.244  46.597 0.0000000000
37177  6.044  -41.576  46.435 0.0000000000
36295  5.151  -41.856  47.595 0.0000000000
36280  4.991  -41.703  48.585 0.0000000000
36272  4.797  -41.597  49.732 0.0000000000
36281  4.206  -42.071  49.247 0.0000000000
111866  45.954  -21.426  18.598 0.0000000000
54229  46.614  -21.678  19.292 0.0000000000
49424  40.689  -27.004  29.426 0.0000000000
49405  41.254  -26.501  29.942 0.0000000000
31089  -0.126  -48.362  45.700 0.0000000000
126723  -0.717  -49.136  47.298 0.0000000000
30116  -1.508  -49.351  47.610 0.0000000000
39966  26.534  -38.536  34.412 0.0000000000
39947  26.669  -38.817  35.055 0.0000000000
39044  27.305  -39.590  36.403 0.0000000000
39064  27.813  -39.222  35.799 0.0000000000
39022  28.543  -39.973  37.217 0.0000000000
38035  18.920  -40.515  41.161 0.0000000000
37231  18.392  -40.841  41.881 0.0000000000
38036  18.174  -40.661  41.120 0.0000000000
37258  16.916  -41.380  40.647 0.0000000000
36404  16.261  -42.251  41.620 0.0000000000
37259  16.104  -42.000  40.745 0.0000000000
129367  18.432  -39.120  37.165 0.0000000000
115827  18.987  -39.065  37.242 0.0000000000
39026  19.820  -39.278  37.340 0.0000000000
38088  19.465  -39.708  38.553 0.0000000000
38064  18.673  -40.053  39.684 0.0000000000
35398  15.830  -43.904  48.333 0.0000000000
34588  15.210  -44.096  49.032 0.0000000000
58811  54.927  -16.304  18.473 0.0000000000
58812  54.006  -16.499  18.051 0.0000000000
57934  53.306  -17.461  19.152 0.0000000000
57933  54.152  -17.277  19.512 0.0000000000
56953  54.525  -17.921  21.194 0.0000000000
53250  41.702  -22.644  20.915 0.0000000000
53249  42.530  -22.746  21.095 0.0000000000
115982  42.434  -23.161  24.022 0.0000000000
47708  32.106  -28.242  27.675 0.0000000000
47691  32.069  -27.932  28.691 0.0000000000
125769  32.214  -27.736  28.837 0.0000000000
48485  31.863  -27.711  29.267 0.0000000000
47655  31.740  -27.153  31.308 0.0000000000
48484  31.845  -27.628  29.735 0.0000000000
48455  31.821  -26.872  31.734 0.0000000000
40860  33.198  -37.546  35.582 0.0000000000
112465  32.983  -37.191  34.746 0.0000000000
40859  34.016  -37.178  35.923 0.0000000000
42634  35.892  -35.787  36.290 0.0000000000
56124  52.412  -19.388  13.703 0.0000000000
56123  53.335  -19.373  13.731 0.0000000000
56122  54.043  -19.215  14.100 0.0000000000
57041  54.593  -18.805  13.611 0.0000000000
57033  55.108  -18.209  13.996 0.0000000000
57034  54.544  -18.684  14.511 0.0000000000
120795  53.666  -17.397  16.354 0.0000000000
57957  53.991  -16.710  16.381 0.0000000000
58825  54.486  -16.040  16.896 0.0000000000
60596  61.048  -14.728  9.569 0.0000000000
61523  60.507  -14.584  9.871 0.0000000000
60589  60.808  -14.957  10.262 0.0000000000
119029  59.437  -14.791  10.701 0.0000000000
60584  59.216  -14.891  11.434 0.0000000000
37301  24.744  -41.312  38.827 0.0000000000
128904  25.362  -41.279  38.778 0.0000000000
36400  25.548  -42.537  41.477 0.0000000000
36423  26.165  -42.432  41.029 0.0000000000
36399  26.424  -42.568  41.644 0.0000000000
36398  27.238  -42.514  41.742 0.0000000000
35442  10.589  -43.469  46.565 0.0000000000
34606  10.784  -43.861  47.989 0.0000000000
35420  10.337  -43.555  47.425 0.0000000000
35400  9.613  -43.385  48.804 0.0000000000
111235  9.508  -43.531  50.374 0.0000000000
35373  9.569  -43.751  51.446 0.0000000000
35374  9.043  -43.072  50.958 0.0000000000
37171  7.038  -41.200  48.146 0.0000000000
36279  7.679  -41.737  48.635 0.0000000000
37163  6.970  -41.282  49.212 0.0000000000
121277  50.380  -19.474  16.904 0.0000000000
56086  51.091  -19.080  17.056 0.0000000000
115206  50.544  -19.478  16.934 0.0000000000
55156  49.579  -20.347  17.815 0.0000000000
56067  50.222  -20.060  17.890 0.0000000000
115545  50.639  -20.378  19.271 0.0000000000
54241  47.450  -21.018  17.966 0.0000000000
55163  48.255  -20.644  17.613 0.0000000000
54240  48.345  -21.210  18.492 0.0000000000
54211  49.206  -22.307  20.132 0.0000000000
54210  50.720  -21.840  20.747 0.0000000000
53241  50.299  -22.157  21.463 0.0000000000
53233  49.043  -22.519  22.436 0.0000000000
127946  49.416  -21.741  23.231 0.0000000000
54179  49.892  -21.620  25.176 0.0000000000
54180  49.249  -21.794  24.795 0.0000000000
131285  40.213  -24.468  25.553 0.0000000000
114891  40.693  -23.945  25.848 0.0000000000
50340  42.500  -25.830  27.994 0.0000000000
50339  43.332  -25.055  28.022 0.0000000000
51256  44.010  -25.365  28.431 0.0000000000
50328  43.951  -25.932  29.074 0.0000000000
50299  42.603  -25.999  30.337 0.0000000000
50298  43.441  -25.857  30.339 0.0000000000
50277  44.904  -24.909  31.005 0.0000000000
51228  45.941  -24.599  30.900 0.0000000000
124485  33.209  -31.879  29.185 0.0000000000
45677  33.335  -31.077  29.673 0.0000000000
56114  50.009  -19.607  14.141 0.0000000000
56102  49.643  -20.061  16.157 0.0000000000
56101  50.410  -19.889  16.150 0.0000000000
124854  3.100  -44.882  44.535 0.0000000000
33773  3.066  -44.619  46.197 0.0000000000
33774  2.612  -45.418  45.875 0.0000000000
32888  1.796  -46.585  46.961 0.0000000000
32864  1.967  -45.972  47.582 0.0000000000
32854  1.746  -45.913  48.615 0.0000000000
32855  1.231  -46.447  49.192 0.0000000000
31075  0.486  -48.498  47.382 0.0000000000
32004  1.056  -47.770  47.505 0.0000000000
52294  40.166  -23.217  22.289 0.0000000000
51328  39.213  -23.490  22.224 0.0000000000
50395  38.199  -24.837  22.261 0.0000000000
51329  38.451  -23.988  21.937 0.0000000000
50388  38.972  -24.604  23.085 0.0000000000
50382  38.954  -25.037  23.679 0.0000000000
49471  38.540  -26.208  24.531 0.0000000000
50377  38.953  -25.462  24.386 0.0000000000
49470  39.104  -25.890  25.161 0.0000000000
117632  39.531  -26.162  25.771 0.0000000000
49481  37.547  -26.570  23.612 0.0000000000
48581  37.711  -27.311  24.949 0.0000000000
48563  38.675  -27.358  25.677 0.0000000000
48542  39.755  -27.485  26.832 0.0000000000
48524  39.664  -27.775  27.551 0.0000000000
48503  40.327  -27.579  28.134 0.0000000000
48479  38.970  -27.457  29.243 0.0000000000
49407  39.335  -26.333  30.639 0.0000000000
40905  30.296  -37.364  32.703 0.0000000000
40881  29.719  -37.658  33.331 0.0000000000
39965  27.795  -38.500  34.585 0.0000000000
39987  28.161  -38.050  33.874 0.0000000000
39964  28.694  -38.419  34.558 0.0000000000
39963  29.645  -38.374  34.530 0.0000000000
128245  30.851  -38.540  34.787 0.0000000000
39984  30.803  -38.040  33.960 0.0000000000
39960  31.905  -38.121  35.102 0.0000000000
115237  31.872  -38.646  35.697 0.0000000000
39018  32.431  -39.823  37.282 0.0000000000
39038  32.831  -39.157  36.935 0.0000000000
39016  33.753  -39.381  37.795 0.0000000000
37299  26.499  -41.292  39.031 0.0000000000
38082  26.627  -40.801  38.325 0.0000000000
128086  27.140  -41.063  38.788 0.0000000000
37275  28.923  -41.524  39.648 0.0000000000
37297  28.596  -41.119  39.015 0.0000000000
37296  29.436  -41.226  39.030 0.0000000000
37295  30.199  -41.369  39.037 0.0000000000
37246  32.285  -41.895  40.421 0.0000000000
37247  31.306  -41.909  40.337 0.0000000000
37272  31.845  -41.715  39.675 0.0000000000
131293  31.562  -41.451  39.092 0.0000000000
37271  32.440  -41.367  39.170 0.0000000000
38059  33.416  -41.065  39.148 0.0000000000
36300  21.725  -42.984  46.707 0.0000000000
36287  21.275  -42.882  47.448 0.0000000000
36314  19.324  -42.391  45.798 0.0000000000
36302  18.928  -42.655  46.882 0.0000000000
36290  18.781  -42.874  48.217 0.0000000000
37199  17.964  -41.543  43.082 0.0000000000
37188  18.283  -41.730  43.828 0.0000000000
36317  16.584  -43.219  44.894 0.0000000000
36316  17.424  -42.756  45.216 0.0000000000
35457  16.776  -43.308  45.681 0.0000000000
131088  17.579  -43.089  46.757 0.0000000000
35437  16.865  -43.460  46.599 0.0000000000
35417  16.518  -43.692  47.665 0.0000000000
35438  16.014  -43.833  46.702 0.0000000000
35459  14.329  -44.003  44.982 0.0000000000
35439  14.734  -44.118  45.786 0.0000000000
36454  14.583  -42.106  39.008 0.0000000000
36427  14.402  -42.633  40.393 0.0000000000
36457  11.929  -41.905  38.518 0.0000000000
109192  12.170  -42.555  40.984 0.0000000000
36429  12.671  -42.502  40.218 0.0000000000
35523  13.494  -43.139  41.803 0.0000000000
35497  13.733  -43.640  43.347 0.0000000000
35511  12.973  -43.199  42.665 0.0000000000
36358  11.408  -42.950  43.600 0.0000000000
35499  12.018  -43.275  43.958 0.0000000000
35484  11.851  -43.420  44.697 0.0000000000
35461  12.439  -43.701  45.213 0.0000000000
35485  11.111  -43.204  44.889 0.0000000000
36340  9.711  -42.519  44.396 0.0000000000
36341  8.649  -41.958  44.604 0.0000000000
36361  8.268  -41.567  43.764 0.0000000000
37235  8.560  -41.084  41.274 0.0000000000
38025  7.129  -40.796  42.388 0.0000000000
38018  7.213  -40.917  43.161 0.0000000000
37202  7.404  -41.060  43.788 0.0000000000
38013  7.041  -40.878  43.730 0.0000000000
37191  6.801  -41.016  43.968 0.0000000000
37203  6.687  -41.139  43.087 0.0000000000
36385  6.122  -42.130  42.361 0.0000000000
36363  5.844  -42.477  42.986 0.0000000000
35514  4.514  -43.688  43.041 0.0000000000
124817  3.873  -44.144  42.639 0.0000000000
34645  3.444  -44.548  43.855 0.0000000000
117239  3.351  -44.575  43.109 0.0000000000
39968  24.053  -38.643  34.220 0.0000000000
39082  24.530  -38.983  34.839 0.0000000000
39948  25.019  -39.312  35.485 0.0000000000
39067  24.142  -39.389  35.475 0.0000000000
39970  22.261  -38.676  34.175 0.0000000000
38109  23.712  -40.510  37.368 0.0000000000
124261  24.027  -40.773  37.869 0.0000000000
117618  22.975  -41.389  39.730 0.0000000000
37227  23.196  -41.718  40.623 0.0000000000
38062  20.427  -40.488  39.592 0.0000000000
38061  21.416  -40.796  39.353 0.0000000000
37207  21.297  -41.662  42.616 0.0000000000
37206  22.151  -41.898  42.288 0.0000000000
36352  22.467  -42.694  43.778 0.0000000000
36312  21.705  -42.945  45.598 0.0000000000
35435  22.751  -43.166  47.447 0.0000000000
112884  20.991  -42.897  49.432 0.0000000000
34582  11.580  -44.510  49.505 0.0000000000
124929  12.113  -44.965  50.314 0.0000000000
33755  2.853  -44.519  47.266 0.0000000000
35423  3.341  -43.788  47.585 0.0000000000
34594  2.782  -44.064  48.383 0.0000000000
35378  2.143  -43.091  52.106 0.0000000000
35389  2.779  -42.751  51.071 0.0000000000
36274  3.159  -42.198  51.869 0.0000000000
35377  2.478  -42.697  52.891 0.0000000000
56974  55.926  -18.216  19.632 0.0000000000
56952  55.566  -18.157  20.382 0.0000000000
55133  55.715  -19.294  20.864 0.0000000000
56976  51.551  -18.589  18.964 0.0000000000
56991  51.981  -17.957  18.579 0.0000000000
56956  51.835  -18.741  19.929 0.0000000000
56940  52.860  -19.005  22.314 0.0000000000
56018  53.657  -18.618  22.781 0.0000000000
56929  54.675  -18.587  22.833 0.0000000000
121551  54.142  -18.883  23.513 0.0000000000
55110  52.752  -20.321  25.018 0.0000000000
55119  52.608  -19.934  24.088 0.0000000000
55102  52.990  -20.517  25.209 0.0000000000
124470  54.384  -20.367  24.393 0.0000000000
55108  54.959  -20.202  23.957 0.0000000000
54185  54.730  -20.928  23.721 0.0000000000
54194  55.196  -21.261  23.023 0.0000000000
53283  44.457  -21.981  19.700 0.0000000000
124122  44.254  -21.764  18.980 0.0000000000
53282  45.329  -21.981  19.941 0.0000000000
52288  45.681  -23.688  22.896 0.0000000000
52302  45.476  -23.497  22.038 0.0000000000
52301  46.368  -23.624  22.191 0.0000000000
52286  47.364  -23.487  22.324 0.0000000000
52272  47.585  -23.021  23.227 0.0000000000
116219  48.351  -21.960  24.896 0.0000000000
53204  48.836  -21.963  25.047 0.0000000000
52250  42.231  -22.836  26.725 0.0000000000
115540  41.883  -22.820  25.683 0.0000000000
125143  42.956  -22.543  26.875 0.0000000000
52230  44.944  -23.506  26.997 0.0000000000
53159  44.753  -23.351  26.961 0.0000000000
53169  45.248  -23.026  26.696 0.0000000000
52229  45.656  -23.267  26.721 0.0000000000
116513  47.408  -24.761  27.111 0.0000000000
52238  47.061  -22.861  26.148 0.0000000000
52248  47.642  -22.490  25.860 0.0000000000
47744  35.492  -28.268  25.629 0.0000000000
47672  33.975  -27.948  28.837 0.0000000000
115589  35.749  -27.866  29.421 0.0000000000
48508  35.400  -28.062  28.812 0.0000000000
48507  36.458  -27.969  28.837 0.0000000000
48506  37.358  -27.802  29.013 0.0000000000
49387  37.172  -26.561  31.676 0.0000000000
49409  37.567  -26.676  31.099 0.0000000000
50267  37.751  -25.620  32.818 0.0000000000
41824  33.262  -36.290  33.565 0.0000000000
42686  33.700  -35.650  33.142 0.0000000000
42716  33.757  -34.956  31.919 0.0000000000
43531  33.881  -33.972  30.973 0.0000000000
44221  34.248  -33.582  31.425 0.0000000000
117532  35.049  -32.802  32.826 0.0000000000
44906  34.439  -32.781  31.592 0.0000000000
44893  34.751  -32.148  32.279 0.0000000000
45649  34.760  -31.270  32.768 0.0000000000
40807  36.330  -37.153  39.522 0.0000000000
42619  36.997  -35.018  38.401 0.0000000000
42606  36.886  -35.933  38.814 0.0000000000
43431  36.828  -34.773  37.404 0.0000000000
42633  36.457  -35.328  36.789 0.0000000000
126380  36.548  -31.746  36.343 0.0000000000
44864  36.866  -32.549  37.529 0.0000000000
44865  36.667  -32.443  36.613 0.0000000000
44178  36.365  -33.183  36.079 0.0000000000
44874  35.947  -31.971  35.046 0.0000000000
46343  35.332  -30.126  34.570 0.0000000000
113800  35.241  -30.737  34.114 0.0000000000
46352  34.683  -30.302  33.308 0.0000000000
46993  33.888  -29.093  32.780 0.0000000000
46983  34.263  -29.209  33.533 0.0000000000
116622  33.512  -27.821  34.258 0.0000000000
48424  32.503  -26.905  33.260 0.0000000000
48406  33.676  -26.919  34.709 0.0000000000
47587  34.902  -27.421  37.443 0.0000000000
48378  34.867  -26.850  38.001 0.0000000000
49295  34.456  -26.516  36.672 0.0000000000
49326  34.241  -26.543  34.873 0.0000000000
49347  36.126  -26.479  33.531 0.0000000000
50241  36.330  -26.176  34.299 0.0000000000
60615  55.882  -14.931  8.037 0.0000000000
58003  52.735  -17.873  11.800 0.0000000000
57064  53.472  -18.405  11.887 0.0000000000
58883  56.571  -16.527  9.399 0.0000000000
59741  56.205  -16.118  8.774 0.0000000000
58857  57.123  -16.199  12.061 0.0000000000
59717  57.851  -15.477  12.679 0.0000000000
59716  58.781  -15.012  12.315 0.0000000000
58848  55.715  -16.658  14.040 0.0000000000
58840  56.054  -15.961  14.239 0.0000000000
60546  57.467  -14.954  15.638 0.0000000000
60553  57.882  -14.663  15.148 0.0000000000
60563  58.281  -14.583  14.418 0.0000000000
60545  58.471  -14.939  15.216 0.0000000000
58833  59.536  -15.826  15.274 0.0000000000
59678  58.293  -16.138  15.587 0.0000000000
57000  58.473  -18.464  17.563 0.0000000000
61544  60.942  -13.900  7.852 0.0000000000
60625  61.264  -14.283  7.367 0.0000000000
118985  5.686  -42.183  44.982 0.0000000000
36321  5.557  -42.122  45.902 0.0000000000
36322  4.898  -42.602  46.226 0.0000000000
36307  4.536  -42.670  47.042 0.0000000000
50301  40.965  -25.901  30.653 0.0000000000
50281  40.764  -25.130  31.139 0.0000000000
38065  17.833  -40.368  39.824 0.0000000000
38049  17.640  -40.770  40.564 0.0000000000
37280  16.199  -41.308  39.427 0.0000000000
39029  17.875  -39.307  37.103 0.0000000000
39028  18.438  -39.353  37.718 0.0000000000
38089  18.824  -39.530  38.323 0.0000000000
127703  18.167  -39.668  38.409 0.0000000000
111034  18.013  -39.970  39.111 0.0000000000
34603  14.339  -44.292  47.481 0.0000000000
34589  14.471  -44.297  48.598 0.0000000000
110963  13.974  -44.528  49.471 0.0000000000
34580  13.398  -44.820  50.016 0.0000000000
57958  53.290  -17.194  16.890 0.0000000000
57950  53.303  -17.057  17.612 0.0000000000
56975  52.625  -17.786  19.294 0.0000000000
111171  50.729  -21.577  25.026 0.0000000000
52259  51.310  -23.661  24.344 0.0000000000
52293  41.178  -23.148  22.300 0.0000000000
52292  42.092  -23.208  22.395 0.0000000000
52278  41.467  -23.366  22.986 0.0000000000
47039  32.245  -28.820  29.207 0.0000000000
47673  31.720  -27.763  29.627 0.0000000000
47654  31.957  -27.553  31.694 0.0000000000
39931  33.906  -38.205  37.062 0.0000000000
40849  34.348  -37.540  36.678 0.0000000000
40848  35.119  -37.259  37.065 0.0000000000
41769  35.873  -36.897  37.484 0.0000000000
55190  51.939  -20.223  15.040 0.0000000000
56111  52.672  -19.754  14.464 0.0000000000
56099  52.812  -19.777  15.251 0.0000000000
56098  53.543  -19.185  15.567 0.0000000000
57026  54.223  -18.545  15.322 0.0000000000
57027  53.739  -18.260  16.053 0.0000000000
112868  53.324  -17.870  16.594 0.0000000000
125948  58.965  -14.554  8.520 0.0000000000
60597  59.520  -14.489  9.288 0.0000000000
60591  59.934  -14.533  10.186 0.0000000000
37254  24.479  -41.882  40.352 0.0000000000
37253  25.157  -41.906  40.199 0.0000000000
36424  24.815  -42.246  40.940 0.0000000000
36374  25.967  -42.740  42.276 0.0000000000
35443  9.236  -42.621  46.212 0.0000000000
126530  8.871  -42.677  47.746 0.0000000000
36270  8.384  -42.377  49.091 0.0000000000
37160  6.135  -41.086  49.985 0.0000000000
37159  6.984  -41.293  50.468 0.0000000000
56087  49.786  -19.768  16.873 0.0000000000
128934  48.326  -21.650  19.155 0.0000000000
119343  49.174  -22.928  20.817 0.0000000000
53243  48.899  -23.014  21.547 0.0000000000
50353  40.400  -25.425  26.388 0.0000000000
50352  41.020  -25.056  26.925 0.0000000000
131200  41.896  -26.035  27.688 0.0000000000
32909  2.161  -46.186  45.540 0.0000000000
50389  38.451  -25.256  23.012 0.0000000000
47742  37.656  -27.851  25.618 0.0000000000
118437  38.423  -27.902  26.153 0.0000000000
48525  38.829  -28.000  27.638 0.0000000000
125015  38.059  -27.585  29.288 0.0000000000
40907  28.429  -37.349  32.642 0.0000000000
39063  28.744  -39.171  35.870 0.0000000000
39944  29.215  -38.753  35.198 0.0000000000
39062  29.736  -39.162  35.828 0.0000000000
39061  30.684  -39.188  35.756 0.0000000000
39933  31.801  -39.093  36.152 0.0000000000
37251  27.327  -41.922  40.215 0.0000000000
37250  28.390  -41.877  40.312 0.0000000000
37249  29.331  -41.876  40.328 0.0000000000
37223  32.780  -42.061  41.290 0.0000000000
37270  33.162  -41.495  39.683 0.0000000000
36301  20.799  -42.829  46.661 0.0000000000
36313  20.326  -42.611  45.841 0.0000000000
36356  16.587  -42.691  43.392 0.0000000000
35479  16.257  -43.215  44.141 0.0000000000
35458  16.096  -43.653  45.346 0.0000000000
124938  14.741  -43.864  44.371 0.0000000000
35481  14.007  -43.926  44.199 0.0000000000
36455  13.725  -42.219  38.885 0.0000000000
36445  11.399  -42.071  39.282 0.0000000000
130380  11.059  -42.289  40.390 0.0000000000
36382  12.052  -42.852  42.454 0.0000000000
123918  11.530  -42.810  42.944 0.0000000000
36359  10.668  -42.835  44.134 0.0000000000
37213  9.273  -41.715  42.220 0.0000000000
36412  6.015  -42.137  41.676 0.0000000000
39070  21.608  -39.280  35.654 0.0000000000
39069  22.445  -39.409  35.516 0.0000000000
125974  22.138  -39.663  36.235 0.0000000000
38129  22.518  -40.086  36.821 0.0000000000
38110  22.915  -40.409  37.479 0.0000000000
110187  22.584  -40.633  38.273 0.0000000000
38060  22.315  -40.942  39.101 0.0000000000
38034  19.795  -40.597  41.194 0.0000000000
37257  20.729  -41.014  41.205 0.0000000000
123516  20.679  -41.249  42.138 0.0000000000
36353  21.661  -42.402  43.813 0.0000000000
36354  21.053  -42.287  44.193 0.0000000000
36335  20.907  -42.577  45.070 0.0000000000
34595  2.231  -44.465  49.280 0.0000000000
120309  1.851  -43.762  51.121 0.0000000000
56031  55.677  -18.659  21.284 0.0000000000
120414  54.937  -20.869  21.492 0.0000000000
53199  53.515  -21.586  24.629 0.0000000000
116642  43.791  -22.276  20.152 0.0000000000
52289  44.747  -23.655  22.911 0.0000000000
52303  44.567  -23.339  22.079 0.0000000000
52273  47.147  -22.781  24.210 0.0000000000
53205  47.900  -22.084  25.135 0.0000000000
52232  43.738  -23.269  27.497 0.0000000000
109541  44.036  -23.584  27.606 0.0000000000
51267  44.510  -23.791  27.389 0.0000000000
51266  45.179  -24.001  27.042 0.0000000000
51278  48.470  -24.461  26.179 0.0000000000
109385  33.695  -28.417  25.714 0.0000000000
110860  34.588  -28.358  27.224 0.0000000000
48466  35.388  -27.593  30.239 0.0000000000
48465  36.601  -27.336  30.381 0.0000000000
112397  36.826  -26.483  32.272 0.0000000000
42668  34.558  -35.508  34.362 0.0000000000
42685  34.332  -35.236  33.540 0.0000000000
43476  34.650  -34.517  33.239 0.0000000000
43499  34.542  -34.136  32.562 0.0000000000
44207  34.501  -33.544  32.049 0.0000000000
43498  34.860  -33.915  33.074 0.0000000000
44882  35.320  -32.739  33.534 0.0000000000
41752  36.698  -36.488  39.770 0.0000000000
41735  36.777  -36.190  41.017 0.0000000000
42605  36.959  -35.195  39.580 0.0000000000
43422  36.958  -34.346  39.214 0.0000000000
45625  36.223  -31.382  35.733 0.0000000000
46966  34.923  -29.245  34.706 0.0000000000
46967  34.212  -28.714  34.147 0.0000000000
130083  34.495  -28.053  35.613 0.0000000000
47597  34.122  -27.389  35.734 0.0000000000
121528  53.890  -18.765  12.360 0.0000000000
119294  55.820  -17.333  10.284 0.0000000000
58869  56.713  -17.026  11.289 0.0000000000
127471  55.627  -15.848  15.348 0.0000000000
59699  56.147  -15.584  15.161 0.0000000000
59691  56.520  -15.177  15.933 0.0000000000
60536  56.940  -15.097  16.158 0.0000000000
59680  56.974  -15.730  16.386 0.0000000000
58824  57.280  -16.666  16.060 0.0000000000
58816  57.795  -16.979  17.425 0.0000000000
59752  61.305  -14.940  8.888 0.0000000000
59751  61.417  -15.376  8.179 0.0000000000
58856  60.410  -16.123  12.256 0.0000000000
58845  60.405  -16.907  12.557 0.0000000000
57039  59.623  -18.739  13.732 0.0000000000
114001  24.704  -43.004  42.912 0.0000000000
36331  24.188  -43.199  43.752 0.0000000000
35476  24.906  -43.326  44.763 0.0000000000
35433  24.533  -43.507  46.935 0.0000000000
126816  7.056  -41.152  46.468 0.0000000000
37172  6.533  -41.228  47.645 0.0000000000
37165  5.773  -41.376  48.095 0.0000000000
126402  5.351  -41.270  50.165 0.0000000000
37158  4.617  -41.444  51.093 0.0000000000
36268  3.761  -41.679  52.445 0.0000000000
49438  41.687  -26.880  28.621 0.0000000000
49423  41.552  -26.877  29.216 0.0000000000
49404  42.108  -26.431  29.758 0.0000000000
120140  42.198  -25.439  30.695 0.0000000000
50280  41.546  -25.196  30.855 0.0000000000
32029  1.059  -47.596  45.717 0.0000000000
31088  0.439  -48.176  45.852 0.0000000000
31081  0.208  -48.566  46.432 0.0000000000
30114  -0.241  -48.917  47.889 0.0000000000
128461  -0.547  -48.961  46.839 0.0000000000
114077  -1.701  -49.050  49.593 0.0000000000
47743  36.894  -28.115  25.797 0.0000000000
39988  27.187  -38.300  33.987 0.0000000000
37210  18.360  -41.135  42.598 0.0000000000
37232  17.517  -41.197  41.400 0.0000000000
36379  17.152  -41.929  42.837 0.0000000000
36381  15.731  -42.765  42.059 0.0000000000
37283  10.549  -41.721  39.161 0.0000000000
37260  10.157  -41.817  40.015 0.0000000000
36432  9.835  -41.827  40.892 0.0000000000
37261  9.430  -41.435  40.201 0.0000000000
127297  20.519  -39.652  37.445 0.0000000000
38112  20.944  -40.134  38.024 0.0000000000
38087  20.238  -40.084  38.727 0.0000000000
37230  19.274  -40.730  41.899 0.0000000000
58817  55.524  -15.857  18.097 0.0000000000
58809  56.530  -16.413  18.900 0.0000000000
58810  55.959  -16.382  18.783 0.0000000000
58801  55.783  -17.010  19.364 0.0000000000
57921  55.529  -17.812  20.381 0.0000000000
57932  55.179  -17.252  19.685 0.0000000000
57910  55.291  -18.054  21.180 0.0000000000
56928  55.412  -18.794  22.734 0.0000000000
54195  51.049  -20.939  22.463 0.0000000000
55120  51.803  -20.357  23.291 0.0000000000
54178  52.482  -20.915  25.235 0.0000000000
53201  51.720  -21.432  24.956 0.0000000000
52291  42.961  -23.295  22.546 0.0000000000
52290  43.863  -23.460  22.731 0.0000000000
52276  44.159  -23.416  23.557 0.0000000000
53208  45.186  -22.641  25.374 0.0000000000
50313  46.569  -25.294  29.406 0.0000000000
114457  46.011  -25.358  28.672 0.0000000000
124927  32.550  -28.098  27.386 0.0000000000
48454  32.820  -26.734  31.389 0.0000000000
40869  32.149  -37.615  34.339 0.0000000000
41815  33.480  -36.562  34.346 0.0000000000
41814  34.177  -36.206  34.734 0.0000000000
41801  34.449  -36.503  35.518 0.0000000000
41813  34.843  -35.805  35.142 0.0000000000
43448  35.730  -34.585  35.318 0.0000000000
57042  52.058  -18.708  13.111 0.0000000000
56134  53.674  -19.001  12.937 0.0000000000
57051  54.445  -18.774  12.738 0.0000000000
57973  55.295  -17.210  14.352 0.0000000000
58835  54.545  -16.792  15.628 0.0000000000
58834  55.109  -16.037  15.600 0.0000000000
59674  55.092  -15.688  17.383 0.0000000000
61563  60.456  -13.795  7.173 0.0000000000
61545  60.630  -13.929  8.382 0.0000000000
114714  61.070  -14.222  8.745 0.0000000000
59739  61.229  -15.363  9.476 0.0000000000
58881  61.252  -16.005  9.764 0.0000000000
58872  61.260  -16.767  10.148 0.0000000000
58873  61.122  -15.954  10.443 0.0000000000
59727  60.555  -15.453  10.929 0.0000000000
60582  60.043  -14.863  11.629 0.0000000000
120044  59.655  -14.682  12.323 0.0000000000
60571  59.875  -14.200  13.062 0.0000000000
38107  25.353  -40.572  37.603 0.0000000000
37300  25.877  -41.151  38.639 0.0000000000
37276  26.479  -41.683  39.767 0.0000000000
116643  25.842  -41.912  40.102 0.0000000000
37252  26.384  -42.159  40.448 0.0000000000
36397  27.923  -42.468  41.896 0.0000000000
111187  25.551  -42.967  42.951 0.0000000000
36350  26.388  -42.850  43.077 0.0000000000
36330  26.855  -42.976  44.032 0.0000000000
36349  27.247  -42.723  43.275 0.0000000000
38115  16.427  -40.461  37.228 0.0000000000
34617  12.084  -43.972  46.927 0.0000000000
109756  12.003  -44.267  47.844 0.0000000000
34591  11.373  -44.186  48.309 0.0000000000
34592  10.798  -44.108  48.832 0.0000000000
35385  10.206  -43.857  49.273 0.0000000000
36294  7.658  -41.647  47.720 0.0000000000
36266  8.387  -42.477  50.246 0.0000000000
36267  7.749  -41.833  50.957 0.0000000000
57018  51.526  -18.636  17.033 0.0000000000
57004  51.639  -18.483  17.203 0.0000000000
57005  51.220  -19.070  17.405 0.0000000000
56977  51.169  -19.165  18.321 0.0000000000
56045  51.094  -20.333  20.136 0.0000000000
129710  51.070  -21.077  20.603 0.0000000000
110944  48.923  -20.624  17.883 0.0000000000
55148  49.984  -21.071  19.202 0.0000000000
54203  51.154  -21.149  21.286 0.0000000000
121844  50.543  -21.036  23.454 0.0000000000
53232  49.792  -22.017  22.309 0.0000000000
54197  49.962  -21.352  23.447 0.0000000000
52261  49.612  -22.890  25.071 0.0000000000
52268  40.828  -23.594  24.270 0.0000000000
51290  41.353  -23.362  26.219 0.0000000000
52241  41.653  -23.498  26.911 0.0000000000
51270  41.687  -24.207  27.207 0.0000000000
110659  43.110  -23.406  27.575 0.0000000000
51268  43.946  -24.393  27.926 0.0000000000
51255  44.541  -24.700  27.976 0.0000000000
49421  43.118  -26.256  29.156 0.0000000000
50316  43.741  -26.012  29.686 0.0000000000
50315  44.611  -25.669  29.595 0.0000000000
50314  45.570  -25.496  29.359 0.0000000000
50295  46.276  -25.113  30.175 0.0000000000
45691  32.936  -30.894  28.943 0.0000000000
39891  35.132  -38.793  39.415 0.0000000000
39890  35.590  -38.384  39.855 0.0000000000
55204  51.238  -20.068  14.696 0.0000000000
55205  50.462  -20.102  14.705 0.0000000000
56100  51.409  -19.959  15.875 0.0000000000
60628  57.129  -14.722  7.124 0.0000000000
59763  56.965  -15.194  7.422 0.0000000000
34637  3.835  -44.061  44.471 0.0000000000
34619  3.695  -43.907  46.115 0.0000000000
33756  2.409  -45.273  47.387 0.0000000000
127463  1.889  -45.190  49.205 0.0000000000
32844  0.857  -45.883  50.573 0.0000000000
52307  40.836  -22.832  21.509 0.0000000000
51304  39.999  -24.176  24.282 0.0000000000
51291  39.774  -24.569  25.002 0.0000000000
51292  39.355  -25.155  24.935 0.0000000000
50354  40.071  -26.111  26.268 0.0000000000
48580  38.406  -26.892  25.093 0.0000000000
49461  39.058  -26.746  25.575 0.0000000000
49455  39.676  -26.854  26.211 0.0000000000
41843  29.894  -37.023  32.003 0.0000000000
40882  28.815  -37.628  33.306 0.0000000000
40870  31.385  -37.717  33.729 0.0000000000
39940  32.997  -38.099  36.123 0.0000000000
128026  32.482  -38.711  36.265 0.0000000000
39932  33.232  -38.474  36.669 0.0000000000
39923  34.252  -38.774  37.798 0.0000000000
39909  34.760  -38.895  38.634 0.0000000000
38106  26.291  -40.442  37.599 0.0000000000
113914  27.147  -40.350  37.700 0.0000000000
121798  27.988  -40.339  37.773 0.0000000000
37298  27.803  -41.063  38.922 0.0000000000
38080  28.292  -40.719  38.399 0.0000000000
38105  28.798  -40.425  37.845 0.0000000000
126425  29.522  -40.573  37.900 0.0000000000
37226  29.833  -42.196  41.098 0.0000000000
37248  30.294  -41.903  40.306 0.0000000000
37294  30.911  -41.313  38.707 0.0000000000
38103  31.007  -40.883  38.000 0.0000000000
38102  31.934  -40.460  37.816 0.0000000000
38101  32.908  -40.181  37.912 0.0000000000
38077  33.587  -40.438  38.501 0.0000000000
36275  21.310  -42.826  48.537 0.0000000000
36276  20.429  -42.770  48.739 0.0000000000
36277  19.638  -42.823  49.002 0.0000000000
35415  17.956  -43.110  48.114 0.0000000000
37187  19.032  -41.650  44.022 0.0000000000
121230  18.557  -41.892  44.503 0.0000000000
115527  18.401  -42.272  45.268 0.0000000000
125996  17.983  -42.656  45.803 0.0000000000
36303  18.093  -42.772  46.458 0.0000000000
116104  15.591  -43.905  45.918 0.0000000000
34613  15.101  -44.097  46.785 0.0000000000
34615  13.563  -44.312  47.092 0.0000000000
34616  12.873  -44.123  46.600 0.0000000000
37304  16.303  -40.793  37.889 0.0000000000
126978  16.174  -41.090  38.648 0.0000000000
130066  15.102  -42.025  39.379 0.0000000000
37281  15.586  -41.876  39.851 0.0000000000
36426  15.212  -42.411  40.521 0.0000000000
129431  15.112  -42.917  41.773 0.0000000000
36456  12.868  -42.116  38.726 0.0000000000
36443  13.205  -42.407  39.511 0.0000000000
36428  13.581  -42.636  40.294 0.0000000000
36407  13.969  -42.941  41.073 0.0000000000
35522  14.404  -43.216  41.921 0.0000000000
35509  14.509  -43.539  42.834 0.0000000000
35498  12.801  -43.427  43.600 0.0000000000
35460  13.359  -43.890  44.900 0.0000000000
34627  13.045  -43.975  45.782 0.0000000000
35440  12.232  -43.835  46.039 0.0000000000
35441  11.412  -43.682  46.320 0.0000000000
35464  10.028  -43.066  45.931 0.0000000000
36318  10.295  -42.941  45.059 0.0000000000
36320  8.505  -42.059  45.640 0.0000000000
37189  7.668  -41.431  45.102 0.0000000000
37234  9.247  -41.554  41.517 0.0000000000
37200  8.736  -41.602  42.907 0.0000000000
38037  7.772  -40.815  41.812 0.0000000000
38024  7.844  -41.076  42.597 0.0000000000
120918  6.921  -41.002  44.842 0.0000000000
36362  6.350  -41.662  43.580 0.0000000000
35486  5.057  -42.930  44.424 0.0000000000
35502  4.471  -43.553  43.949 0.0000000000
33806  2.429  -45.569  44.123 0.0000000000
32931  1.975  -46.230  44.624 0.0000000000
40885  25.850  -38.068  33.233 0.0000000000
39989  25.762  -38.491  34.140 0.0000000000
39967  25.378  -38.874  34.831 0.0000000000
39969  23.179  -38.696  34.181 0.0000000000
39068  23.290  -39.440  35.471 0.0000000000
38108  24.469  -40.547  37.404 0.0000000000
38084  24.631  -40.886  38.089 0.0000000000
38085  23.397  -40.719  38.057 0.0000000000
37278  23.875  -41.397  39.243 0.0000000000
126314  23.654  -42.347  41.924 0.0000000000
37256  21.988  -41.216  39.914 0.0000000000
115270  21.712  -41.334  40.789 0.0000000000
36403  22.983  -42.133  42.054 0.0000000000
123437  23.479  -42.557  42.529 0.0000000000
120208  23.342  -42.813  43.310 0.0000000000
36311  22.319  -43.079  45.322 0.0000000000
35456  23.028  -43.275  45.664 0.0000000000
34581  12.560  -44.677  49.581 0.0000000000
35444  3.851  -43.471  46.893 0.0000000000
35422  3.815  -43.045  47.777 0.0000000000
35402  3.714  -42.708  48.806 0.0000000000
114931  3.202  -43.007  49.586 0.0000000000
56951  56.000  -17.693  19.493 0.0000000000
109980  52.592  -18.231  20.163 0.0000000000
114510  53.365  -18.220  21.060 0.0000000000
56033  54.142  -18.300  21.970 0.0000000000
55101  53.713  -20.373  24.932 0.0000000000
56006  54.211  -19.398  24.192 0.0000000000
128725  54.865  -19.758  24.059 0.0000000000
55117  55.410  -19.850  23.570 0.0000000000
53281  46.233  -22.040  19.969 0.0000000000
53260  46.775  -22.625  20.451 0.0000000000
111562  43.817  -22.596  20.774 0.0000000000
53246  45.098  -22.936  21.340 0.0000000000
130874  46.545  -23.042  21.011 0.0000000000
53244  47.310  -23.173  20.974 0.0000000000
52300  47.651  -23.429  21.598 0.0000000000
53234  48.324  -22.523  23.170 0.0000000000
52267  41.677  -23.103  24.628 0.0000000000
52266  42.534  -22.691  25.029 0.0000000000
53171  43.616  -22.578  26.960 0.0000000000
53187  43.866  -22.321  26.244 0.0000000000
53210  43.366  -22.507  25.437 0.0000000000
53209  44.204  -22.568  25.343 0.0000000000
53185  45.752  -22.641  26.204 0.0000000000
124305  45.888  -24.180  26.987 0.0000000000
50324  47.557  -25.100  28.297 0.0000000000
52239  46.481  -23.001  26.324 0.0000000000
53184  46.814  -22.702  26.038 0.0000000000
52247  48.465  -22.909  25.409 0.0000000000
123634  49.238  -23.620  25.162 0.0000000000
51303  50.086  -24.102  24.905 0.0000000000
47759  35.526  -28.098  24.788 0.0000000000
109921  36.169  -28.233  25.949 0.0000000000
47723  36.603  -28.286  26.664 0.0000000000
47706  33.285  -28.095  27.694 0.0000000000
47689  35.041  -28.277  28.068 0.0000000000
47705  35.798  -28.329  27.340 0.0000000000
47704  36.667  -28.278  27.501 0.0000000000
48463  38.193  -27.180  29.918 0.0000000000
48464  37.499  -27.029  30.497 0.0000000000
49408  38.311  -26.638  30.712 0.0000000000
49385  38.669  -26.103  31.280 0.0000000000
41825  32.579  -36.602  33.202 0.0000000000
42703  33.456  -35.459  32.361 0.0000000000
44916  33.764  -32.751  30.260 0.0000000000
44915  34.161  -32.160  30.766 0.0000000000
45667  34.216  -31.165  31.110 0.0000000000
46373  34.072  -30.219  31.461 0.0000000000
40808  35.817  -37.755  39.162 0.0000000000
40829  36.140  -37.124  38.450 0.0000000000
41768  36.488  -36.430  37.986 0.0000000000
41784  36.232  -36.143  37.078 0.0000000000
42650  36.112  -34.970  36.034 0.0000000000
43447  36.165  -34.042  35.909 0.0000000000
44163  36.897  -33.539  38.809 0.0000000000
44858  36.852  -32.744  38.575 0.0000000000
44171  36.899  -33.373  37.793 0.0000000000
120580  36.573  -33.786  36.513 0.0000000000
43458  35.877  -33.783  35.190 0.0000000000
44875  35.623  -32.595  34.356 0.0000000000
120719  35.379  -32.096  33.760 0.0000000000
47005  33.374  -28.934  31.785 0.0000000000
47626  33.176  -28.094  33.490 0.0000000000
47627  32.175  -27.189  32.944 0.0000000000
48441  31.965  -26.809  32.503 0.0000000000
124814  32.651  -26.647  32.960 0.0000000000
49348  33.509  -26.616  33.532 0.0000000000
47588  34.391  -27.173  36.609 0.0000000000
48388  34.215  -26.831  36.277 0.0000000000
49296  34.125  -26.669  35.892 0.0000000000
48397  33.906  -26.913  35.445 0.0000000000
49327  33.554  -26.733  34.324 0.0000000000
119931  34.178  -26.580  34.114 0.0000000000
48423  34.907  -26.700  33.330 0.0000000000
49346  36.963  -26.197  32.977 0.0000000000
123480  37.256  -25.699  33.715 0.0000000000
60629  56.550  -14.820  7.495 0.0000000000
59735  57.823  -15.798  9.882 0.0000000000
59729  57.907  -15.871  10.684 0.0000000000
121985  58.503  -15.381  11.313 0.0000000000
60572  59.418  -14.263  13.259 0.0000000000
57981  56.149  -17.069  12.665 0.0000000000
58858  56.642  -16.328  12.843 0.0000000000
59698  56.666  -15.491  14.596 0.0000000000
59707  56.786  -15.762  13.735 0.0000000000
59706  57.669  -15.265  13.624 0.0000000000
60562  59.050  -14.119  14.089 0.0000000000
60550  59.861  -14.447  14.494 0.0000000000
59689  60.004  -15.171  15.139 0.0000000000
57967  58.812  -16.683  15.089 0.0000000000
57948  57.123  -17.430  16.686 0.0000000000
57015  57.166  -18.069  16.641 0.0000000000
30122  -0.155  -48.909  46.991 0.0000000000
32030  0.293  -47.936  45.152 0.0000000000
33791  2.958  -44.969  45.384 0.0000000000
35386  9.694  -43.604  49.639 0.0000000000
35401  8.978  -42.870  48.491 0.0000000000
37212  16.949  -41.775  42.003 0.0000000000
38019  6.949  -40.901  43.174 0.0000000000
39946  27.423  -38.838  35.181 0.0000000000
39962  30.507  -38.337  34.443 0.0000000000
43439  36.835  -33.971  37.177 0.0000000000
44206  34.818  -33.459  32.665 0.0000000000
48407  33.184  -26.963  34.010 0.0000000000
49312  33.930  -26.731  35.201 0.0000000000
50266  38.356  -25.192  32.698 0.0000000000
52233  42.361  -23.403  27.336 0.0000000000
53160  44.021  -23.127  27.274 0.0000000000
53186  44.793  -22.462  26.209 0.0000000000
55103  52.472  -20.747  25.164 0.0000000000
56927  55.785  -18.801  22.226 0.0000000000
56938  55.724  -18.532  21.700 0.0000000000
56973  56.748  -17.994  19.173 0.0000000000
57066  61.335  -18.529  9.767 0.0000000000
57931  56.154  -17.057  19.165 0.0000000000
57940  57.322  -17.188  18.780 0.0000000000
58802  55.385  -16.777  19.103 0.0000000000
58808  56.731  -16.610  18.906 0.0000000000
58823  57.991  -16.732  15.581 0.0000000000
58832  60.137  -16.098  15.017 0.0000000000
58842  54.952  -16.759  15.011 0.0000000000
59670  56.995  -16.345  16.800 0.0000000000
59672  56.733  -15.541  17.678 0.0000000000
59679  57.816  -15.802  15.798 0.0000000000
59690  59.080  -15.367  15.256 0.0000000000
59692  55.843  -15.510  15.924 0.0000000000
59714  60.238  -15.389  11.926 0.0000000000
60535  57.073  -15.209  16.102 0.0000000000
60551  59.306  -14.272  14.399 0.0000000000
60552  58.672  -14.429  14.843 0.0000000000
60561  59.670  -14.047  13.798 0.0000000000
60570  60.111  -14.647  12.695 0.0000000000
60610  61.409  -14.942  7.628 0.0000000000
112007  43.478  -23.915  27.686 0.0000000000
113459  56.745  -15.520  16.777 0.0000000000
117464  60.369  -16.974  13.469 0.0000000000
118148  57.006  -17.501  16.538 0.0000000000
118430  40.075  -25.110  31.407 0.0000000000
120708  58.043  -14.728  15.286 0.0000000000
124215  33.545  -39.883  38.005 0.0000000000
124362  31.349  -39.065  35.826 0.0000000000
127496  11.011  -42.455  41.726 0.0000000000
127962  56.875  -16.049  18.689 0.0000000000
128455  36.097  -33.497  35.610 0.0000000000
129369  0.751  -48.080  47.982 0.0000000000
130834  20.174  -41.078  42.429 0.0000000000
